1 1 1 1 1 0 0 0 0 1 0 1 1 1 1 0 1 1 0 1 0 1 0 1 1 1 1 1 1 1 0 0 1 0 1 1 0 1 0 0 0 1 0 0 1 1 1 1 1 1 32
0 1 1 1 1 0 1 1 1 0 0 0 0 0 1 1 1 0 0 0 1 1 0 0 1 0 1 1 0 0 0 0 1 0 1 0 0 1 0 0 0 1 0 0 0 1 1 1 1 1 24
1 1 0 1 1 0 0 0 1 1 0 0 0 1 1 1 0 1 0 1 1 1 0 0 0 0 0 1 1 0 0 0 1 0 1 1 0 1 1 1 0 1 1 0 0 1 1 1 1 1 28
1 1 0 1 1 0 0 1 1 1 0 0 0 0 1 1 0 1 0 0 0 1 1 0 1 1 0 1 0 0 0 0 1 1 0 0 0 0 1 0 0 1 0 0 0 1 1 1 1 1 24
0 1 0 1 1 0 0 0 1 1 0 1 0 0 1 1 1 0 1 1 1 0 0 1 0 1 1 1 0 0 0 0 1 0 0 1 0 1 0 0 0 1 0 0 0 1 1 1 1 1 25
1 1 0 0 1 0 1 1 1 0 0 0 0 0 1 1 0 1 0 0 0 1 0 0 0 0 0 1 0 0 0 0 0 0 1 0 0 1 1 0 0 1 0 0 1 1 1 1 1 1 21
1 1 0 1 1 0 1 0 0 1 0 0 0 0 1 1 0 0 0 1 1 1 0 0 1 0 1 1 1 0 0 0 0 0 0 1 1 0 0 0 0 1 0 0 0 1 1 1 1 1 23
1 1 1 1 1 0 1 0 1 1 0 0 0 0 1 1 1 0 0 0 0 1 0 0 1 1 0 1 1 0 0 0 1 0 1 1 0 0 1 0 0 1 0 1 1 1 1 1 1 1 28
0 1 1 1 0 0 1 0 0 0 0 0 0 0 1 1 0 0 0 1 1 0 0 0 1 0 0 0 1 0 0 0 1 0 0 1 1 0 0 0 0 0 0 0 0 1 1 1 1 1 18
0 1 0 1 1 1 0 0 1 0 0 1 0 0 1 1 0 0 1 0 0 0 0 0 1 1 0 1 1 0 0 1 0 0 1 1 1 0 1 0 0 0 0 0 1 1 1 1 1 1 24
0 1 1 1 1 0 1 0 1 0 0 0 0 1 0 0 0 1 0 1 1 0 0 1 1 1 1 0 1 0 0 0 0 0 1 0 0 0 1 0 0 1 0 0 0 1 1 1 1 1 23
0 1 0 1 1 0 1 0 1 0 0 1 0 0 1 1 0 0 0 1 0 1 0 0 0 0 0 1 0 1 0 0 0 1 1 0 1 0 1 1 1 1 1 1 0 1 1 1 1 1 26
1 1 0 1 1 0 1 0 0 0 0 0 0 1 1 0 0 1 0 0 0 1 0 1 1 0 0 1 1 0 0 0 1 0 0 1 0 0 0 0 1 1 1 0 0 1 1 1 1 1 23
1 0 0 1 1 0 1 1 0 1 0 1 0 0 1 1 1 0 1 0 1 1 0 0 0 0 1 1 1 0 0 1 0 0 1 0 1 1 0 0 0 0 0 0 1 1 1 1 1 1 26
0 1 1 1 0 0 0 1 1 1 0 0 0 0 0 1 0 1 0 1 0 1 1 0 1 0 1 0 1 0 0 0 1 0 1 0 0 0 1 0 0 1 0 0 0 1 1 1 1 1 23
1 1 0 1 0 0 0 0 1 0 0 0 0 1 1 1 1 0 0 1 0 1 0 1 0 1 1 1 0 0 0 0 1 0 0 1 1 0 0 1 0 0 1 0 1 1 1 1 1 1 25
0 1 1 1 1 0 1 0 1 1 0 1 0 1 1 1 0 0 1 1 1 1 0 0 1 1 0 1 1 0 0 0 0 1 0 1 1 0 1 0 1 1 0 0 0 1 1 1 1 1 30
1 1 1 1 1 0 1 0 1 1 1 0 0 0 0 1 1 1 0 0 0 0 0 0 1 0 1 1 0 0 0 0 1 0 0 0 0 0 1 0 1 1 1 1 0 1 1 1 1 1 26
0 1 0 1 1 0 0 0 0 1 0 1 0 0 1 1 0 1 1 1 0 1 0 0 0 0 0 1 1 0 0 0 0 0 1 1 0 0 0 1 0 1 0 1 1 1 1 1 1 1 24
1 1 1 1 1 0 1 0 1 1 0 1 0 0 1 0 1 1 0 0 1 0 0 0 1 0 1 1 1 0 0 0 1 0 1 1 0 0 1 0 0 1 1 0 0 1 1 1 1 1 28
0 1 0 1 1 0 1 0 1 1 0 0 0 0 1 1 1 0 1 0 1 0 0 0 1 0 0 1 0 0 0 1 1 1 0 0 0 0 0 0 1 1 0 0 0 1 1 1 1 1 23
1 1 1 1 0 0 1 1 1 1 0 0 1 0 1 1 1 0 1 1 0 1 0 0 1 1 1 1 1 0 0 0 1 0 1 1 0 0 1 0 0 0 1 0 0 1 1 1 1 1 30
1 1 0 1 0 0 0 0 0 1 0 0 0 0 1 1 1 0 0 1 0 1 0 1 0 1 0 1 1 0 0 0 1 0 0 1 1 1 0 0 0 1 0 1 0 1 1 1 1 1 24
0 1 0 0 1 0 1 0 1 1 0 0 1 0 0 1 0 1 1 1 1 1 0 1 0 0 1 1 0 0 0 0 0 1 1 1 0 1 1 0 0 0 1 1 0 1 1 1 1 1 27
0 1 0 0 1 0 0 0 0 1 0 0 0 0 1 1 1 0 1 1 0 1 0 0 1 0 1 1 0 0 0 0 1 1 0 1 1 0 1 0 0 1 0 1 1 1 1 1 1 1 25
1 1 1 1 1 0 1 0 0 1 0 0 1 0 1 1 0 0 0 1 1 0 0 0 1 1 0 1 0 0 0 1 1 0 1 1 0 0 1 0 1 1 1 0 1 1 1 1 1 1 29
0 1 1 1 1 0 1 0 1 1 0 0 0 1 1 1 0 0 0 0 0 1 0 1 1 1 1 1 0 0 0 0 1 0 1 1 0 1 1 0 0 0 0 1 0 1 1 1 1 1 27
1 1 0 1 1 1 1 0 1 0 0 0 0 1 0 1 0 1 0 1 1 0 0 0 0 0 0 1 0 1 0 0 1 0 0 0 0 1 0 1 0 0 1 0 1 1 1 1 1 1 24
0 1 1 1 0 1 1 0 1 0 1 0 0 0 1 0 0 0 0 0 0 0 0 0 0 0 1 1 1 0 0 0 0 1 1 1 1 1 1 0 0 1 1 0 1 1 1 1 1 1 25
0 1 0 1 1 0 1 0 1 1 0 0 0 0 1 1 0 0 0 0 0 1 0 0 0 0 1 1 0 0 0 0 0 0 1 1 0 0 1 0 0 0 0 0 1 1 1 1 1 1 20
0 1 0 0 1 0 1 0 1 1 0 0 0 1 0 1 0 1 0 1 0 1 0 1 1 0 1 1 1 1 0 0 0 1 1 0 0 0 0 0 1 1 0 0 0 1 1 1 1 1 25
1 1 0 1 1 0 0 0 0 1 0 0 0 0 1 1 0 0 0 0 1 1 0 1 1 1 0 1 0 0 0 1 0 0 1 0 1 0 0 0 1 1 1 0 1 1 1 1 1 1 25
1 1 1 1 1 1 0 0 0 1 0 0 0 0 0 1 0 0 0 0 1 1 0 0 1 1 1 1 0 1 0 0 0 1 0 0 0 0 0 0 0 1 1 0 0 1 1 1 1 1 23
1 1 0 1 1 0 1 0 1 1 0 0 0 0 1 1 0 1 0 1 1 0 0 0 1 1 0 1 1 0 0 1 1 1 0 0 0 0 1 0 0 1 0 1 0 1 1 1 1 1 27
0 1 1 1 1 0 1 0 1 1 0 0 0 1 1 1 0 0 0 1 0 1 0 1 1 0 0 1 0 0 0 0 1 0 0 1 1 0 1 1 0 0 0 0 0 1 1 1 1 1 25
1 1 1 1 1 0 0 0 1 1 0 0 0 0 1 1 0 1 1 0 0 1 0 1 1 0 0 1 1 0 0 0 1 0 1 1 0 0 0 0 1 1 0 1 0 1 1 1 1 1 27
1 1 0 1 0 0 1 0 0 1 0 0 0 1 1 1 0 0 0 1 1 1 0 0 1 0 1 1 0 0 0 0 0 0 1 1 0 0 1 1 0 1 1 1 0 1 1 1 1 1 26
1 0 1 1 1 0 0 0 1 1 0 0 0 0 0 1 0 0 1 1 0 1 0 0 0 0 1 1 0 0 0 0 1 0 1 1 1 0 0 0 0 0 1 0 0 1 1 1 1 1 22
0 1 0 0 1 0 1 0 0 1 0 0 0 0 1 1 0 0 0 1 1 0 0 0 0 0 1 1 0 0 0 0 1 1 0 1 1 0 1 0 0 1 1 0 0 1 1 1 1 1 22
0 1 1 1 0 0 1 0 0 1 0 0 0 0 1 1 0 0 1 0 0 0 0 1 1 0 0 1 1 0 0 0 1 0 1 0 0 1 0 1 0 1 1 0 0 1 1 1 1 1 23
0 1 0 1 1 0 0 0 0 1 0 0 0 0 1 1 1 0 1 0 0 1 0 0 1 0 1 1 0 0 0 1 1 0 1 0 0 1 0 0 1 1 0 1 0 1 1 1 1 1 24
1 0 1 0 1 0 1 0 0 1 0 0 0 0 1 1 0 1 1 1 0 1 0 1 0 0 0 1 1 0 0 0 0 0 1 1 1 1 0 0 0 1 1 1 1 1 1 1 1 1 27
0 0 1 1 1 0 0 0 0 0 0 0 0 0 0 1 1 0 0 1 0 1 0 1 1 1 1 1 0 0 0 0 1 0 1 1 1 0 0 0 0 1 1 0 1 1 1 1 1 1 24
0 1 1 1 1 0 0 0 0 1 0 0 0 0 0 1 0 0 0 1 0 0 1 0 1 1 1 1 0 0 0 0 1 0 0 1 0 0 1 1 0 1 0 0 0 1 1 1 1 1 22
0 0 1 0 1 1 0 0 1 1 0 0 0 0 1 1 0 1 1 0 1 1 0 1 1 0 0 1 1 0 0 0 1 0 0 1 1 0 1 0 0 1 1 0 1 1 1 1 1 1 27
1 1 1 1 1 0 0 0 1 1 0 0 0 1 1 1 0 0 0 1 0 1 0 0 0 1 0 1 0 0 0 0 0 0 1 0 0 0 0 0 0 0 0 1 1 1 1 1 1 1 22
0 1 1 1 1 0 1 0 1 1 0 0 0 0 0 1 1 0 0 0 0 0 0 0 0 0 1 1 0 0 0 0 1 1 1 1 0 0 1 0 0 0 1 0 0 1 1 1 1 1 22
0 1 1 1 1 0 0 0 1 1 0 0 0 1 1 1 0 0 0 0 1 1 0 1 1 0 1 1 0 0 0 0 0 0 0 1 0 1 1 0 0 1 0 0 1 1 1 1 1 1 25
0 0 1 1 1 0 1 0 0 1 0 0 0 0 1 1 0 1 1 1 0 1 0 0 1 0 1 0 1 0 0 0 0 0 1 1 1 1 1 0 0 1 1 1 1 1 1 1 1 1 28
1 1 0 1 1 1 1 0 1 1 0 0 0 0 1 1 0 0 0 1 0 1 0 0 1 0 0 1 0 0 0 1 1 1 1 1 1 1 1 0 0 1 1 0 1 1 1 1 1 1 30
0 1 0 0 0 0 1 0 1 1 0 0 0 1 0 1 1 0 0 1 0 0 1 0 1 1 0 1 1 0 0 0 1 0 0 1 1 0 1 0 0 1 0 0 0 1 1 1 1 1 23
0 1 0 0 1 0 1 0 0 1 0 0 0 1 0 1 0 1 0 1 1 0 0 1 0 0 0 1 1 0 0 0 0 0 1 1 1 1 1 1 0 1 0 0 0 1 1 1 1 1 24
0 1 1 1 1 0 0 0 1 0 0 0 0 1 1 1 0 0 0 0 0 1 0 0 0 1 0 1 1 0 0 0 0 1 0 0 1 0 1 0 0 1 0 0 1 1 1 1 1 1 22
0 1 1 1 1 0 1 0 0 1 0 0 0 0 1 1 0 0 0 1 0 1 0 0 1 0 1 1 1 0 0 0 1 0 0 0 0 0 0 0 0 1 1 0 0 1 1 1 1 1 22
1 1 0 1 0 0 0 0 0 1 0 1 0 0 1 1 0 0 1 1 1 1 0 0 1 0 0 0 1 0 1 0 1 0 1 0 0 0 1 0 0 1 0 0 1 1 1 1 1 1 24
0 1 1 1 1 0 1 0 1 1 0 0 0 0 1 1 0 0 0 1 0 1 0 0 1 0 1 1 1 0 0 1 0 0 1 1 0 0 1 0 0 1 1 0 0 1 1 1 1 1 26
1 1 1 1 1 1 1 0 1 0 0 1 0 1 1 1 0 0 0 0 0 1 0 1 0 0 0 1 1 0 0 0 1 1 0 1 0 0 0 0 0 1 1 0 1 1 1 1 1 1 27
1 0 0 1 0 0 1 0 1 1 1 0 0 1 1 1 1 1 0 1 1 1 0 1 0 0 0 1 1 1 0 0 1 0 0 1 1 0 1 0 0 1 0 1 1 1 1 1 1 1 30
0 1 0 1 1 0 0 1 1 1 0 0 0 0 1 1 1 1 0 1 1 1 0 0 0 0 1 1 1 1 1 0 1 0 1 1 0 0 1 0 0 1 0 1 1 1 1 1 1 1 30
0 1 1 1 1 0 1 0 0 1 0 0 0 0 1 1 0 1 1 1 1 0 0 1 0 0 0 1 0 1 0 0 1 0 0 1 1 0 1 0 0 1 0 0 0 1 1 1 1 1 25
1 1 1 1 1 0 0 0 0 0 0 1 1 0 1 1 1 1 0 0 1 1 0 0 1 0 0 0 0 0 1 0 0 0 0 0 0 1 1 0 0 1 1 0 1 1 1 1 1 1 25
0 1 1 1 1 0 0 0 0 1 0 0 0 1 0 1 0 0 0 1 1 1 0 0 0 0 1 0 1 0 0 0 1 1 1 0 0 0 1 0 0 1 1 0 0 1 1 1 1 1 23
1 0 1 1 1 0 1 1 0 1 0 0 0 0 0 1 0 0 0 1 1 1 0 0 1 1 0 1 0 0 1 0 1 0 1 1 1 1 0 0 0 0 0 0 0 1 1 1 1 1 25
1 1 0 1 1 0 1 0 1 1 0 0 0 1 1 1 0 0 0 0 1 0 0 0 1 0 0 0 0 0 0 0 1 0 1 0 0 0 0 0 0 0 1 1 0 1 1 1 1 1 21
0 1 1 1 1 0 0 0 1 1 0 0 0 0 1 1 0 1 0 1 1 1 0 0 0 1 1 1 0 0 0 0 1 0 0 1 0 0 0 1 0 1 0 0 1 1 1 1 1 1 25
0 1 1 1 0 0 1 0 1 1 0 0 0 0 1 1 1 0 0 1 1 1 0 0 0 0 0 1 0 0 0 1 1 0 1 0 1 0 1 0 0 1 0 0 0 1 1 1 1 1 24
1 1 1 1 1 1 0 0 1 1 0 1 0 0 1 1 0 0 1 0 0 1 0 0 0 0 1 1 1 0 0 0 0 0 1 0 1 0 1 0 0 1 0 0 1 1 1 1 1 1 26
0 1 1 1 1 1 1 1 1 1 0 0 0 0 1 0 0 0 0 1 0 1 0 0 1 0 1 1 0 0 0 0 1 0 1 1 1 1 1 0 1 1 0 0 1 1 1 1 1 1 29
0 0 1 1 1 0 0 0 1 1 0 0 0 1 1 1 0 1 0 1 0 0 0 0 1 1 1 1 0 0 0 0 1 0 1 1 0 1 1 0 1 0 1 0 1 1 1 1 1 1 27
1 1 0 1 1 0 0 0 0 0 0 1 0 1 1 1 0 0 0 0 0 1 0 0 1 1 1 1 0 0 0 0 1 0 1 1 0 0 1 0 0 1 0 0 0 1 1 1 1 1 23
1 1 0 1 1 0 1 0 1 0 0 1 0 0 1 1 0 1 1 0 1 0 0 0 1 0 0 1 0 0 0 0 1 0 1 1 0 0 1 0 0 1 0 0 0 1 1 1 1 1 24
1 1 0 1 1 0 1 0 1 1 0 1 0 0 1 1 0 0 0 1 0 1 0 1 1 0 0 1 1 1 0 0 1 1 1 0 0 0 0 0 1 1 0 0 1 1 1 1 1 1 28
0 1 1 1 1 0 0 1 1 1 0 0 0 0 0 1 0 0 0 0 0 1 0 0 0 0 0 1 0 0 0 0 1 0 0 1 0 0 1 1 0 1 1 0 1 1 1 1 1 1 22
1 1 1 0 1 0 1 0 1 1 0 0 0 0 1 1 0 0 0 1 1 1 0 1 1 1 0 1 0 0 0 0 1 0 1 0 0 1 0 0 0 0 0 0 1 1 1 1 1 1 25
0 1 1 1 1 0 1 0 0 1 0 0 0 1 1 1 1 0 0 1 0 1 0 0 1 0 1 1 1 0 0 1 1 0 0 1 0 1 1 1 0 1 0 0 0 1 1 1 1 1 28
1 1 1 1 1 0 1 0 0 1 0 0 0 0 1 1 1 1 1 1 0 1 0 0 0 0 1 1 0 0 0 1 0 0 0 1 0 0 1 0 0 1 1 1 0 1 1 1 1 1 27
1 1 0 1 0 0 0 0 1 0 0 0 0 0 1 1 0 0 0 1 0 0 0 0 0 1 0 0 1 0 0 0 1 0 1 1 1 0 1 0 0 0 1 0 0 1 1 1 1 1 20
1 1 1 1 1 0 1 1 1 0 0 0 0 0 1 1 1 0 0 1 1 0 0 1 0 0 0 1 0 0 0 0 1 1 1 1 0 0 1 0 0 1 0 0 0 1 1 1 1 1 26
0 1 0 1 1 0 0 0 1 1 0 0 0 0 0 1 1 1 0 1 0 1 1 1 0 0 1 0 0 0 0 0 1 0 1 1 0 0 1 0 0 1 0 1 1 1 1 1 1 1 25
1 1 0 1 1 0 1 1 1 1 0 1 0 1 1 1 0 1 0 0 1 1 0 1 1 1 0 1 0 0 0 1 0 0 1 0 0 0 1 0 0 1 1 0 1 1 1 1 1 1 30
1 1 0 1 1 0 0 0 1 0 0 0 1 1 0 1 0 0 0 1 1 1 0 0 1 0 1 1 0 0 0 0 0 0 0 1 0 0 1 0 0 1 0 0 0 1 1 1 1 1 22
0 1 1 1 1 0 1 1 1 1 0 0 0 0 1 0 0 0 1 1 1 0 0 1 0 0 1 1 0 0 0 0 0 0 1 1 0 1 1 0 0 1 0 0 1 1 1 1 1 1 26
1 1 1 1 0 0 0 0 0 0 0 0 0 1 0 1 0 1 1 0 1 0 0 0 1 1 1 1 0 1 0 0 1 0 0 1 1 1 1 0 0 1 0 0 0 1 1 1 1 1 25
0 0 0 1 1 1 0 0 0 0 0 0 0 1 1 1 0 1 0 1 0 0 0 0 0 0 0 1 0 0 0 0 1 1 1 0 0 1 1 0 0 1 0 0 1 1 1 1 1 1 21
1 1 0 1 1 0 0 0 1 0 1 0 1 0 1 1 0 0 1 1 0 0 0 0 1 0 0 1 1 0 0 0 1 0 0 1 1 0 0 0 0 1 0 0 1 1 1 1 1 1 24
1 1 1 1 1 0 1 0 0 0 0 0 0 0 0 1 1 1 0 0 0 1 0 0 0 1 0 1 0 0 0 0 1 0 1 1 0 1 1 0 0 1 0 0 1 1 1 1 1 1 24
0 1 1 1 1 0 0 0 1 1 0 0 0 0 1 1 0 1 0 1 0 0 0 1 0 1 0 1 0 0 0 0 1 0 1 1 0 0 1 0 0 1 0 1 0 1 1 1 1 1 24
0 1 1 1 1 1 0 0 1 1 0 0 0 0 0 1 0 1 1 0 0 0 0 0 1 0 1 1 0 0 0 0 1 0 1 0 0 0 0 0 0 1 0 0 0 1 1 1 1 1 21
0 1 1 1 1 0 1 0 0 0 0 0 0 0 1 1 0 0 0 1 1 1 0 1 1 0 1 1 1 0 0 0 1 0 1 0 0 0 1 0 0 1 0 0 0 1 1 1 1 1 24
1 1 0 1 1 0 1 0 1 1 0 0 0 0 1 1 0 0 0 1 1 0 0 0 0 1 0 1 1 1 0 0 0 0 0 1 0 1 0 0 0 1 0 0 0 1 1 1 1 1 23
1 1 1 0 1 1 1 0 1 0 0 0 0 0 1 1 0 1 1 1 1 1 0 0 0 0 0 1 0 0 0 0 1 0 1 0 1 1 1 0 0 0 0 0 0 1 1 1 1 1 25
1 1 0 0 0 0 1 0 1 1 0 0 0 0 0 1 1 1 0 1 0 1 0 0 0 1 1 1 1 0 0 0 1 0 1 1 0 0 0 0 1 1 0 1 0 1 1 1 1 1 25
1 1 0 1 1 0 1 0 1 0 0 0 0 0 1 1 1 1 0 1 0 0 0 0 0 0 0 1 0 0 0 0 1 1 0 0 1 1 1 0 1 1 1 0 1 1 1 1 1 1 26
0 1 1 0 1 0 1 1 0 0 0 0 0 0 1 1 0 1 0 1 0 0 0 0 1 0 1 1 0 0 0 0 1 0 1 1 0 0 0 1 1 1 0 0 1 1 1 1 1 1 24
1 1 0 1 1 1 1 0 1 1 0 0 0 0 1 1 1 0 0 1 1 0 0 0 0 0 0 1 1 0 0 0 1 0 1 1 0 1 0 0 0 0 0 0 0 1 1 1 1 1 24
0 1 1 1 1 0 1 0 1 1 0 1 0 0 0 0 0 1 1 1 1 0 0 0 1 1 0 1 1 0 0 0 1 0 1 0 0 1 0 0 0 1 1 0 0 1 1 1 1 1 26
1 1 1 1 1 0 1 0 0 0 0 0 0 1 0 1 0 0 0 1 1 0 0 0 1 0 1 1 1 0 0 1 1 0 1 1 0 1 1 0 0 1 1 0 0 1 1 1 1 1 27
1 1 0 1 1 0 1 0 1 1 0 0 0 0 1 1 0 1 1 1 0 1 0 0 1 0 0 1 0 0 0 0 1 0 1 1 1 0 1 0 0 1 1 0 1 1 1 1 1 1 28
1 1 0 0 1 1 0 0 0 1 0 0 0 1 1 1 0 0 0 0 0 1 0 0 0 1 1 1 1 0 0 0 1 0 0 0 0 1 1 0 0 1 1 1 1 1 1 1 1 1 25
1 1 1 1 1 0 1 0 1 1 0 0 0 1 1 1 0 1 1 1 1 1 0 0 0 0 1 1 1 1 0 0 1 0 1 1 0 0 0 0 0 1 0 0 0 1 1 1 1 1 29
52 90 55 86 85 14 61 14 64 72 4 17 7 30 76 92 28 41 29 66 45 65 5 29 57 34 49 90 46 12 4 14 71 20 64 65 34 35 63 14 16 80 39 23 43 100 100 100 100 100 2500
