0 0 0 0 1 1 1 1 0 0 1 0 1 0 1 0 0 0 1 1 0 1 1 1 0 1 0 0 1 1 0 1 0 0 1 1 1 0 0 1 0 0 0 0 1 0 1 0 0 1 0 0 0 0 0 0 0 1 0 1 1 1 1 0 1 1 0 1 1 0 1 1 1 1 1 0 0 1 0 1 0 0 1 1 1 0 0 0 1 0 1 0 1 0 0 1 1 0 1 1 49
1 1 0 0 1 1 1 1 1 1 1 0 1 1 0 0 0 1 1 1 0 0 0 0 0 0 1 0 1 0 1 0 0 0 1 0 1 1 1 1 1 0 0 0 1 0 0 1 0 0 1 0 1 0 1 0 0 1 1 0 0 1 1 0 0 0 0 0 1 1 1 1 1 1 1 0 0 1 1 1 1 1 1 1 0 1 0 0 0 1 1 0 1 1 0 1 1 0 1 1 55
0 0 0 1 1 1 0 1 0 1 1 1 0 0 0 0 0 0 1 1 0 0 0 1 0 1 1 1 1 0 0 1 0 0 1 1 1 0 1 0 0 0 0 0 0 0 0 1 1 1 1 1 1 0 1 0 0 1 0 1 1 0 1 0 1 0 0 0 1 0 0 0 0 1 1 0 1 1 0 1 0 1 1 1 0 1 0 0 0 1 1 0 1 0 1 1 1 0 1 1 49
1 0 0 0 1 1 1 1 0 1 1 0 1 0 0 0 0 0 1 1 1 0 0 0 0 0 1 0 1 1 1 0 1 0 1 0 0 0 1 0 0 0 0 1 1 1 0 0 0 0 1 1 1 0 0 0 0 1 1 1 0 1 1 0 1 1 0 1 1 1 1 1 1 1 1 0 0 1 0 1 0 1 0 1 0 1 0 1 0 0 0 0 1 1 1 0 1 0 1 1 51
1 1 0 0 1 1 0 1 1 1 1 0 1 0 0 1 0 0 1 1 1 1 1 0 0 1 1 1 1 1 1 0 0 0 1 0 1 1 1 0 0 0 0 0 0 0 0 0 1 0 1 1 0 0 1 0 0 0 1 0 0 0 1 1 0 0 0 0 1 1 1 1 1 1 0 1 0 1 0 1 1 0 1 1 1 0 0 0 0 0 1 0 1 0 0 0 1 0 1 1 50
0 0 0 1 1 1 1 1 0 1 1 0 1 0 1 0 0 1 1 0 0 1 1 0 1 1 1 0 0 1 0 0 0 0 1 0 1 1 1 0 1 0 0 0 0 0 0 0 1 1 0 1 0 1 1 0 0 1 1 1 0 0 1 0 1 0 0 0 1 1 1 1 1 1 1 1 1 1 0 1 0 1 0 1 0 0 0 0 1 1 1 0 1 0 0 0 1 0 1 1 52
1 1 0 1 1 1 1 1 0 1 1 0 1 0 0 0 0 0 1 1 0 1 0 0 1 1 1 0 0 1 0 1 1 0 1 0 0 1 0 0 0 0 0 0 0 0 1 0 1 0 0 1 0 0 1 0 0 1 1 1 0 1 1 0 0 0 0 1 1 1 0 1 0 1 1 0 0 1 0 1 0 1 1 1 0 1 0 1 1 0 1 0 1 1 0 1 1 1 1 1 52
0 0 0 0 1 1 1 1 0 1 1 0 1 0 1 0 0 0 1 1 0 0 0 1 0 1 1 0 1 1 0 0 1 0 1 0 1 0 1 1 0 0 0 0 1 0 0 0 0 0 1 1 0 0 1 1 0 1 1 1 1 0 0 0 0 0 0 1 1 1 1 1 0 1 1 1 0 1 0 0 0 1 1 1 1 1 0 0 0 1 1 0 1 0 0 1 1 0 1 1 50
0 0 0 1 1 1 1 1 1 1 1 0 1 0 1 1 0 0 0 1 0 0 0 0 1 1 1 0 1 1 1 0 0 0 1 1 0 0 0 0 1 0 0 0 1 0 0 0 1 1 0 0 1 0 1 1 0 1 1 1 1 1 1 0 0 1 0 0 1 1 0 1 1 1 1 0 1 1 0 1 0 0 1 1 1 0 1 0 0 0 1 1 0 0 0 1 1 0 1 1 53
0 1 0 0 1 1 1 1 1 1 1 0 1 0 1 0 0 1 1 1 0 1 1 0 0 1 1 0 1 0 1 0 0 0 1 0 1 1 1 1 0 0 0 0 1 0 0 0 0 1 0 1 0 1 1 0 0 1 1 0 1 1 1 0 1 0 0 0 0 0 0 1 1 1 1 1 0 1 0 1 0 0 1 1 0 0 0 0 0 0 1 0 0 0 0 0 1 0 1 1 48
0 0 0 1 1 1 1 1 0 1 0 1 1 0 1 0 0 1 1 1 0 1 0 0 0 1 1 0 1 0 0 1 1 0 1 0 0 0 1 0 1 0 0 0 1 0 0 0 1 1 1 1 1 0 1 0 0 1 1 1 1 1 1 0 1 0 0 0 1 0 0 0 0 1 1 0 1 1 0 1 0 1 0 1 0 0 0 0 0 1 1 1 1 0 0 1 1 1 1 1 52
0 0 0 0 1 1 1 1 0 1 1 0 0 0 0 0 0 0 1 1 0 0 1 0 0 0 1 1 1 0 1 1 1 0 1 1 0 0 0 1 0 0 0 0 0 0 0 0 0 1 1 0 1 0 0 0 0 1 1 1 1 1 1 0 1 1 0 1 1 0 0 1 1 1 0 0 1 1 0 1 1 1 1 1 0 1 0 0 1 0 1 0 1 0 0 1 1 0 1 1 49
1 0 0 1 1 1 0 1 0 1 1 0 1 0 0 0 0 0 1 1 0 0 1 0 0 0 1 1 1 1 0 1 0 0 1 1 1 0 1 0 0 0 0 1 0 0 0 0 0 0 1 1 0 0 1 0 0 1 1 0 0 1 1 1 1 0 1 1 0 1 1 1 1 1 1 1 1 1 0 1 1 0 1 1 1 0 0 0 0 0 0 0 1 1 0 1 1 0 1 1 52
0 0 0 0 1 1 1 1 0 1 1 0 1 0 0 0 0 0 1 1 1 1 1 0 0 0 0 0 1 0 0 0 1 0 1 1 1 1 0 1 0 0 0 1 0 0 0 0 1 1 1 1 1 0 1 0 1 1 1 0 0 0 1 0 0 1 0 1 1 1 0 1 0 1 1 1 0 1 0 1 1 0 1 1 0 0 0 0 0 1 0 0 1 0 0 1 1 0 1 1 49
0 0 1 0 1 1 1 1 1 1 1 0 0 0 1 1 0 0 0 1 0 1 0 0 0 1 1 1 0 1 1 0 1 0 1 0 0 0 1 1 1 0 0 1 1 0 0 0 0 0 1 1 0 0 1 0 0 1 1 1 0 0 1 0 0 1 0 0 1 1 1 1 1 1 1 1 0 1 0 1 1 1 1 1 0 0 0 0 0 0 0 0 1 1 0 0 1 0 1 0 50
1 0 0 1 1 1 1 1 0 1 1 0 1 0 0 0 0 0 1 1 1 1 0 0 1 1 0 1 1 1 1 0 1 0 1 1 0 0 1 0 0 0 0 0 1 0 0 0 0 0 1 1 1 1 1 0 0 1 1 1 0 0 1 1 0 1 0 0 1 0 1 1 0 1 0 1 1 1 0 1 1 0 0 1 1 1 0 0 0 1 1 1 1 1 0 1 1 0 1 1 56
1 0 0 1 1 1 1 1 0 0 1 0 1 0 1 0 0 0 1 1 0 1 0 1 1 1 1 0 1 1 1 1 0 0 1 1 1 0 0 0 0 0 0 0 1 0 0 0 0 1 1 1 0 1 1 0 0 1 1 1 0 0 1 0 0 0 1 0 0 1 0 1 0 1 1 1 1 1 0 1 1 1 1 1 0 1 0 0 0 1 1 0 1 0 0 1 1 0 1 1 54
1 0 0 0 1 1 1 1 1 1 1 1 1 1 0 0 0 0 1 0 0 0 1 0 0 1 1 0 0 1 1 0 0 0 1 0 1 1 1 0 0 0 0 0 0 0 0 0 0 0 1 1 1 0 0 0 1 0 0 1 0 0 1 0 1 1 0 0 0 1 0 1 0 1 1 0 1 1 0 1 1 0 1 1 0 1 1 0 0 1 1 0 0 0 0 1 1 1 1 1 48
1 0 0 0 1 1 1 1 0 1 1 1 1 0 0 1 0 0 1 1 0 1 0 0 0 0 1 0 1 0 0 0 1 0 1 0 1 0 1 1 0 0 0 0 0 0 0 0 1 1 1 1 1 0 1 0 0 1 1 0 0 1 1 0 0 1 1 0 1 1 1 1 0 1 1 0 0 1 0 1 0 1 0 1 0 1 0 0 0 1 0 0 1 0 0 1 1 0 1 1 49
1 0 0 0 1 1 0 1 0 1 1 0 0 1 1 0 0 0 1 1 1 1 0 1 0 1 1 1 0 1 1 0 1 0 1 0 1 0 0 0 0 0 0 0 0 0 1 0 1 0 1 1 1 0 1 0 0 1 1 1 0 0 1 0 0 0 1 0 1 0 1 1 1 1 1 0 0 1 0 1 1 1 1 1 1 1 0 0 1 1 1 0 1 1 0 1 1 0 1 0 54
0 0 0 0 1 1 1 0 0 1 1 0 0 0 0 1 0 0 1 1 0 0 1 0 1 1 1 1 1 0 0 0 1 0 1 0 1 0 1 0 0 0 0 1 0 0 0 1 1 1 1 1 0 0 1 0 0 1 0 1 0 0 1 0 1 1 0 0 0 1 1 0 0 1 1 0 0 1 0 1 1 1 1 1 0 1 0 0 1 1 1 0 1 0 0 1 1 1 1 1 50
1 0 0 1 1 1 0 1 0 1 1 0 1 0 0 0 0 0 1 1 0 0 0 0 0 0 1 0 0 1 1 1 1 0 1 0 1 1 1 1 0 0 0 0 1 1 1 1 1 0 1 1 0 1 1 1 0 1 1 1 0 1 1 1 0 1 0 0 1 0 0 1 0 1 1 1 1 1 0 1 1 1 1 1 1 0 0 0 1 0 1 0 1 0 0 0 1 1 1 1 57
1 0 0 0 1 1 0 1 0 1 1 0 1 0 1 0 0 0 1 0 1 0 1 0 0 0 1 0 1 1 0 0 1 1 1 0 1 1 0 0 1 0 0 0 1 1 0 0 1 0 1 0 0 0 1 0 0 1 1 1 0 1 1 1 1 0 0 1 0 1 0 1 0 1 1 1 1 1 0 1 1 1 1 1 0 0 0 0 0 1 1 0 1 0 0 1 1 1 1 1 53
1 0 0 0 1 1 1 1 0 1 1 0 1 1 0 0 0 0 1 0 0 1 0 0 1 1 1 1 1 1 0 1 0 1 1 1 0 1 0 1 1 0 0 0 0 1 0 0 1 0 1 1 1 0 1 0 0 1 1 1 0 0 1 0 1 1 0 0 0 1 1 1 0 1 1 1 0 1 0 0 1 1 1 1 0 0 0 0 0 0 1 0 1 0 0 0 1 0 1 1 52
1 0 0 1 1 1 0 1 1 1 1 0 1 0 0 1 0 0 1 1 1 1 0 0 0 0 1 0 1 1 1 1 1 0 1 0 1 1 0 0 1 0 0 0 0 0 0 0 0 0 1 0 0 0 1 0 0 1 1 1 0 1 1 1 1 1 0 0 0 0 0 1 0 1 1 1 1 1 0 1 0 1 1 1 0 1 0 0 0 0 0 0 1 0 0 1 1 0 1 1 50
1 0 0 0 0 0 1 1 1 1 1 0 0 0 0 0 0 0 1 1 1 1 1 0 0 1 1 0 1 1 1 0 0 0 1 0 1 0 1 0 0 0 0 0 0 0 0 0 0 1 1 1 1 0 1 0 0 1 1 0 0 0 1 1 0 1 0 0 0 0 0 1 1 1 1 0 0 1 1 1 0 1 1 1 0 0 0 0 0 0 0 0 1 0 0 1 1 0 1 1 44
1 0 0 0 1 1 0 0 0 1 1 0 1 0 1 0 0 0 0 1 0 1 1 0 0 1 1 1 1 0 1 0 0 0 1 0 1 0 1 0 1 0 0 1 1 1 0 0 1 0 1 1 0 0 1 0 0 1 1 0 1 0 1 1 0 0 1 1 1 0 0 0 0 1 0 0 0 1 0 0 1 0 1 1 0 0 0 0 0 0 1 0 1 0 0 0 1 0 1 1 44
1 0 0 0 1 1 0 1 0 1 1 0 1 0 0 0 0 0 1 1 0 1 1 0 0 1 1 1 1 0 1 0 0 0 1 0 0 0 1 0 1 0 0 0 0 1 0 0 1 0 1 1 1 0 1 0 0 0 1 1 1 1 0 0 0 0 0 0 1 1 1 1 0 1 1 0 1 1 0 1 1 1 1 0 0 0 1 0 1 1 1 1 1 1 0 1 1 0 1 1 52
0 0 0 1 1 1 1 1 0 1 1 0 1 0 1 0 0 1 1 1 0 0 0 0 0 0 0 1 1 0 0 0 0 0 1 0 1 0 1 0 0 0 0 0 1 0 0 0 1 0 1 1 0 0 1 0 0 1 1 1 0 1 1 0 1 1 0 0 1 0 0 1 1 1 1 1 1 1 1 1 0 1 1 1 0 1 0 0 1 1 1 0 1 0 0 1 1 0 1 1 51
0 0 0 1 1 1 0 1 1 1 1 0 1 1 1 0 0 0 1 1 0 1 1 0 0 1 1 0 1 1 1 1 1 0 1 0 0 0 1 0 0 0 0 0 0 0 0 0 0 0 1 1 1 1 1 0 0 1 1 1 0 0 1 0 1 0 1 0 1 1 0 1 1 1 1 1 1 1 0 1 1 0 1 1 0 1 0 0 0 1 1 1 1 0 0 1 1 0 1 1 56
1 0 1 0 1 1 1 1 0 1 1 0 1 0 0 0 0 0 1 1 1 1 1 1 0 0 1 0 1 1 0 0 0 0 1 0 1 0 0 1 0 0 0 0 1 0 1 0 1 1 1 1 0 0 1 0 0 0 1 1 0 1 1 1 0 1 0 1 1 0 1 1 0 1 0 1 0 1 0 1 0 1 1 1 0 0 0 0 0 1 0 0 1 1 0 1 1 0 1 1 52
1 0 0 0 1 1 1 1 0 1 1 0 1 1 1 0 0 1 1 1 0 1 0 0 0 1 1 1 1 1 1 0 1 0 1 1 0 1 0 0 1 0 0 0 0 0 1 0 0 1 1 1 1 0 1 0 0 1 1 1 0 0 1 0 0 0 1 0 1 0 1 1 0 1 1 0 1 1 0 0 1 1 1 1 0 0 0 0 0 0 1 0 1 1 0 1 1 0 1 1 54
1 0 0 1 1 1 0 1 1 1 1 0 1 0 0 0 0 0 1 1 0 1 1 1 0 0 1 1 1 1 0 0 1 0 1 0 1 0 1 0 0 0 0 0 1 0 0 0 0 1 1 1 0 0 0 0 0 1 1 1 1 1 0 0 1 0 0 1 1 1 0 1 1 1 1 1 1 1 0 1 1 1 1 1 1 1 0 0 0 1 1 0 1 1 0 1 1 0 1 1 57
1 0 0 0 0 1 0 0 0 1 1 1 1 0 1 0 0 0 1 1 0 1 1 0 1 0 1 0 0 1 1 1 0 0 1 1 1 1 0 0 1 0 0 1 0 1 0 0 0 0 1 0 0 1 1 0 0 1 1 0 0 0 1 0 0 0 0 0 0 0 1 1 1 1 1 1 0 1 0 1 0 0 1 1 0 1 0 0 0 0 1 0 1 0 0 1 0 1 1 1 46
1 1 0 0 1 1 1 1 0 1 1 0 1 1 1 0 0 0 1 1 0 1 1 0 1 0 1 0 1 1 1 1 0 0 1 1 1 0 1 0 1 0 0 0 1 0 0 0 1 0 1 1 1 0 0 0 0 1 1 1 0 0 1 1 0 0 1 1 1 1 0 1 0 1 1 0 1 0 1 1 1 1 0 1 1 0 0 0 0 0 0 0 1 1 0 1 1 0 1 1 56
1 0 0 0 1 0 0 1 0 1 1 0 1 0 0 0 0 0 1 1 1 1 1 0 0 0 1 0 1 1 1 0 1 0 1 1 0 0 0 1 0 1 0 0 0 0 0 0 1 0 1 0 1 0 1 0 0 0 1 1 0 1 1 1 0 1 1 0 1 1 1 1 0 1 0 1 0 1 0 1 1 0 0 1 1 0 0 0 1 0 0 0 1 0 0 1 0 0 1 1 47
0 0 1 0 1 1 1 1 0 1 1 0 1 0 0 0 0 0 1 1 0 1 0 0 0 1 0 1 0 0 1 0 1 0 1 1 0 0 0 0 0 0 0 0 1 0 1 0 0 0 1 1 0 0 0 0 0 1 1 1 0 1 1 1 0 0 1 0 1 0 0 1 0 1 1 1 1 1 0 1 1 1 0 1 0 0 0 0 0 1 1 0 0 0 0 1 1 0 1 1 45
0 0 0 0 1 1 1 1 0 1 1 0 1 1 1 0 0 0 1 1 0 0 0 0 0 1 1 0 0 0 0 0 1 0 1 0 1 1 1 0 1 0 0 0 1 0 0 0 0 0 1 1 0 1 0 0 0 1 1 1 0 0 1 1 1 0 0 0 0 1 1 1 0 1 1 1 1 1 0 1 0 0 1 1 0 1 0 1 0 1 1 0 0 0 0 1 1 0 1 0 47
1 0 0 0 1 1 1 1 0 1 1 0 0 0 1 0 0 1 1 0 0 1 0 1 0 1 1 1 0 1 1 0 0 0 1 0 1 1 1 0 1 1 0 0 1 0 0 0 1 0 1 1 1 0 0 0 0 1 1 1 0 0 1 0 1 0 0 0 1 1 0 0 0 0 1 1 1 1 0 1 1 1 1 1 1 1 0 0 0 0 1 1 1 1 0 1 1 0 1 1 54
0 0 0 1 1 0 1 1 0 1 1 0 1 0 0 0 0 0 1 1 0 0 1 0 0 1 1 0 1 0 0 1 0 0 1 0 1 1 0 1 0 0 0 0 0 0 0 1 0 1 1 0 1 0 1 0 0 1 1 1 0 1 1 0 1 0 0 0 1 1 0 1 1 1 1 0 0 1 0 1 0 0 1 1 1 1 0 0 0 0 0 1 1 0 0 1 1 0 1 1 47
1 0 1 1 1 1 1 1 0 1 1 1 1 1 1 0 1 0 1 1 0 1 1 0 0 1 0 0 1 1 1 1 1 0 1 1 1 0 1 0 1 0 0 0 1 0 0 0 0 1 1 1 0 0 1 0 0 1 0 0 0 0 1 0 0 0 0 1 1 1 0 1 0 1 0 1 0 1 0 1 0 1 1 1 0 0 0 0 0 0 1 0 1 1 0 0 1 1 1 1 54
1 0 0 1 1 1 1 1 0 1 1 1 0 1 0 0 0 0 1 1 0 1 0 0 1 1 1 0 1 0 1 1 1 0 1 0 0 0 0 0 0 0 0 0 1 0 0 0 1 0 1 1 1 0 1 0 0 1 1 1 0 0 1 0 1 0 0 0 1 0 1 0 0 1 1 1 1 1 1 1 1 0 1 0 0 1 0 0 0 1 0 0 1 0 0 1 1 0 1 1 50
1 0 1 1 1 1 0 1 0 1 1 0 0 0 1 0 0 0 1 1 0 1 0 0 0 1 1 0 1 1 0 1 0 0 1 1 0 0 1 1 0 0 0 0 1 0 0 0 1 0 0 1 0 0 1 0 0 1 0 0 0 0 1 1 0 0 0 0 1 1 0 1 1 1 1 1 1 1 0 0 0 0 1 1 1 1 0 0 0 1 1 1 1 0 1 1 1 0 1 1 50
1 0 0 0 1 1 0 0 0 1 1 0 1 0 0 0 1 0 0 0 0 0 1 0 0 0 1 1 1 0 1 0 1 0 1 1 1 1 0 0 1 0 0 0 0 0 0 0 1 0 0 1 1 0 0 1 0 1 1 0 0 0 1 0 0 0 0 0 0 1 0 1 1 1 1 1 1 1 0 1 1 0 0 0 1 1 0 0 0 1 1 0 1 1 0 0 1 0 1 1 44
1 0 0 1 1 1 0 0 0 1 1 1 0 1 1 0 0 0 1 1 1 1 1 0 1 0 0 0 0 1 1 0 1 0 1 1 0 1 1 1 0 0 0 0 1 0 0 0 0 0 1 1 0 1 1 0 0 1 1 1 0 1 1 1 0 0 0 0 0 1 0 1 0 1 1 0 0 1 0 1 1 1 0 1 0 0 0 0 0 1 0 0 1 1 0 1 1 0 1 1 50
0 0 0 1 1 1 1 1 1 1 1 0 1 0 0 1 0 0 1 1 0 1 0 0 0 0 0 0 1 1 0 0 1 0 1 1 1 0 1 1 1 0 0 0 1 1 0 0 1 0 1 1 1 0 1 0 0 1 1 1 0 1 1 0 1 0 1 0 1 0 0 1 1 1 0 1 0 1 0 1 1 0 0 1 1 1 0 0 0 1 0 1 1 0 0 1 1 0 1 1 54
1 0 0 0 1 1 1 1 0 1 1 0 1 0 1 0 0 0 1 1 1 1 1 0 0 1 1 0 1 1 1 0 0 0 1 0 1 1 1 0 0 0 0 0 1 0 1 0 1 0 0 1 0 0 1 0 0 1 1 1 1 1 1 0 0 0 0 0 1 1 0 1 0 1 1 1 1 1 0 1 0 0 1 1 0 1 0 0 1 1 1 0 1 0 0 1 1 1 1 1 55
1 0 0 1 1 1 1 1 0 1 1 0 1 0 0 0 0 0 1 1 0 0 0 0 0 1 1 1 1 1 1 0 0 0 1 1 1 1 0 0 0 0 1 0 1 0 0 0 1 1 0 1 0 0 1 0 0 1 1 1 0 0 1 1 0 0 0 0 0 0 0 1 1 1 1 0 1 1 0 1 1 0 0 0 0 0 0 0 0 1 1 0 1 1 0 1 1 0 1 1 48
1 0 1 1 1 1 1 1 0 1 1 0 1 0 1 0 0 0 1 1 0 0 1 0 1 0 1 1 0 1 0 0 1 0 1 0 1 1 0 0 0 0 0 0 0 0 1 0 0 0 1 1 0 0 1 0 0 1 1 0 0 0 1 0 1 0 0 1 1 1 1 1 0 1 1 1 0 1 0 1 1 1 1 1 1 1 0 0 0 1 1 0 0 0 0 1 1 0 1 1 52
1 1 0 1 1 1 1 1 0 1 1 0 0 0 0 0 0 1 1 1 0 0 0 0 1 0 1 1 0 1 0 0 1 0 1 1 1 1 0 0 1 1 0 1 1 0 0 0 1 0 0 1 0 0 0 0 0 0 1 1 0 0 1 1 1 0 0 0 1 0 0 1 0 1 1 1 0 1 0 1 0 0 1 1 0 0 0 0 0 0 1 0 1 0 0 0 0 0 1 1 45
0 0 0 0 0 1 1 1 0 1 1 0 0 0 0 0 0 0 1 0 0 0 0 0 0 1 1 0 0 0 0 0 1 0 1 0 1 0 1 0 1 0 0 0 0 0 0 0 0 0 1 0 0 0 1 0 0 1 1 1 0 0 1 1 0 1 0 0 1 0 0 1 0 1 1 0 1 1 0 1 0 1 1 1 0 0 0 1 0 1 1 0 1 1 0 1 0 0 1 1 39
0 0 0 1 0 1 1 1 0 1 1 0 1 0 0 1 0 0 1 1 0 1 1 0 0 0 1 0 1 0 1 0 1 0 1 1 0 0 1 1 1 0 0 0 0 0 0 0 1 0 1 1 0 0 1 0 0 1 1 0 0 0 0 1 1 1 1 1 1 0 1 1 0 1 1 1 1 1 0 1 1 0 1 1 0 1 0 0 0 1 1 0 1 0 0 1 1 1 1 1 53
1 0 0 1 1 0 1 1 0 1 1 0 1 0 1 0 0 0 1 1 0 1 0 1 1 0 1 1 1 1 1 1 1 0 1 0 0 1 0 0 0 0 0 0 1 1 1 0 1 1 0 1 0 0 1 0 0 1 0 1 0 1 1 1 1 1 1 1 1 1 0 1 1 1 1 1 0 1 0 1 0 1 1 1 0 0 0 0 0 1 1 0 1 1 0 0 1 0 1 1 58
0 0 0 1 1 1 0 1 1 1 1 0 0 0 0 0 0 0 1 0 0 1 0 1 0 1 1 1 1 0 1 0 0 0 1 0 0 1 1 0 0 0 0 0 1 1 0 0 0 0 1 1 0 1 1 0 0 1 0 1 0 0 1 0 1 0 0 0 1 1 0 1 0 1 1 1 0 1 0 1 1 1 0 1 0 1 0 0 0 0 1 0 1 0 0 1 1 1 1 1 47
1 1 0 1 1 1 0 1 1 1 1 1 1 0 1 0 0 0 1 0 0 1 1 1 0 1 0 0 1 1 1 1 1 0 1 1 0 0 0 0 0 0 0 0 0 0 0 0 0 0 1 1 1 0 1 0 0 1 1 1 0 0 1 0 1 0 1 0 1 0 1 1 1 1 1 0 1 1 0 0 0 0 1 1 0 1 0 0 1 0 1 0 1 0 0 0 1 0 1 1 51
0 0 0 0 1 1 0 0 0 1 1 0 1 0 0 0 0 0 1 1 1 0 0 0 1 1 1 1 1 1 1 0 0 0 0 0 1 0 0 0 0 0 0 0 1 0 0 0 1 0 1 1 0 0 1 0 0 0 1 1 0 1 1 1 1 1 0 0 1 1 0 1 0 1 0 0 0 1 0 1 0 1 0 1 0 1 0 1 0 0 0 0 1 0 0 1 1 0 1 1 43
0 0 1 0 1 1 0 1 0 1 1 0 1 1 1 0 0 0 1 1 0 0 1 0 0 1 1 1 1 1 0 0 1 0 1 0 1 0 0 0 0 0 0 0 1 0 0 0 0 0 1 1 1 0 0 0 0 1 1 0 0 1 1 0 0 0 0 0 1 1 0 1 1 1 1 1 0 1 0 1 0 0 1 1 1 1 0 0 0 1 1 0 1 1 0 1 1 1 1 1 50
0 0 0 1 1 1 0 0 0 1 1 0 1 0 1 0 0 0 1 1 0 0 0 1 1 1 1 0 1 1 1 0 1 0 0 0 1 1 0 1 0 0 0 1 0 0 0 0 1 0 1 1 0 0 1 1 0 1 1 1 0 0 1 0 1 0 0 1 0 0 0 0 1 1 1 1 0 1 0 1 1 0 0 1 0 0 0 0 0 1 0 0 1 0 0 1 1 0 1 1 46
1 1 0 1 1 1 0 1 0 1 1 0 1 1 1 0 0 0 1 1 0 0 1 0 0 0 1 1 0 1 1 1 1 0 0 1 0 1 0 0 1 0 0 0 1 0 0 0 0 0 0 1 0 0 1 0 0 1 1 1 0 0 1 1 1 0 0 0 1 1 1 1 0 1 1 0 0 1 0 1 0 0 0 1 0 1 0 0 0 1 0 1 1 1 0 1 1 0 1 1 50
1 1 0 0 1 1 1 0 0 1 1 0 1 0 0 0 0 0 1 0 0 0 0 0 0 0 0 1 1 0 1 1 1 0 1 1 1 1 1 0 0 0 0 1 1 0 1 0 0 1 1 1 0 1 1 0 0 1 1 1 0 0 1 1 0 0 0 0 1 1 1 0 0 1 1 1 1 1 0 1 0 0 1 1 0 1 0 0 1 1 1 0 1 0 0 1 1 0 1 1 52
1 0 0 1 1 1 1 1 1 1 1 0 1 0 1 0 0 0 1 1 0 0 0 0 1 0 1 0 0 0 0 0 1 0 1 0 1 1 1 1 1 0 0 0 0 0 0 0 1 0 1 1 1 0 1 0 0 1 1 1 0 0 1 1 1 0 0 1 1 1 0 1 1 1 1 1 0 1 0 1 1 0 0 1 0 1 0 0 0 0 0 0 1 0 1 1 1 0 1 1 52
1 0 1 1 1 1 1 0 0 1 1 1 1 0 1 0 0 0 1 0 0 1 0 0 0 1 1 0 1 1 1 1 1 0 1 0 1 0 1 1 1 0 0 1 1 1 0 0 0 0 1 1 0 0 1 0 0 0 0 1 0 1 1 0 1 1 1 0 1 1 0 1 0 1 1 0 0 1 0 1 0 0 1 1 1 1 0 0 0 1 0 0 1 0 0 0 1 0 1 1 53
0 0 0 1 1 1 0 1 1 1 1 1 1 1 0 1 0 1 1 1 0 1 0 1 0 1 1 1 1 1 0 0 1 0 1 0 1 1 1 1 0 0 0 1 0 0 0 0 1 0 1 1 1 0 1 0 0 1 1 1 0 1 1 0 1 1 0 0 1 0 1 1 0 1 1 1 1 1 0 1 1 1 1 1 0 0 0 0 0 1 1 1 1 0 0 0 0 0 1 0 58
0 0 0 0 1 1 1 1 0 1 1 0 0 1 1 0 0 0 1 1 0 1 0 0 1 0 1 0 0 1 0 0 0 0 1 0 0 0 1 0 1 0 0 0 0 0 1 0 0 1 1 0 1 0 0 0 0 1 0 1 1 1 1 1 1 1 0 0 1 0 0 1 1 1 1 1 1 1 0 1 0 0 1 1 0 0 0 0 0 0 0 0 1 1 0 1 1 0 1 1 46
1 1 0 0 1 1 1 1 0 1 1 0 1 0 0 0 0 0 1 1 0 1 1 0 0 0 1 0 0 1 1 1 1 0 1 0 0 1 0 0 0 0 0 0 1 0 1 0 0 0 0 0 1 0 1 0 0 1 1 1 0 0 1 0 0 0 0 1 0 0 0 1 0 1 1 0 1 0 0 0 0 1 1 1 0 1 0 0 0 1 0 0 1 1 0 0 1 0 1 1 43
1 0 0 1 1 1 1 1 0 1 1 0 1 0 0 0 0 0 1 1 0 1 1 0 0 1 1 0 0 1 0 0 0 0 1 0 1 1 1 0 1 0 0 0 0 0 0 1 1 0 0 1 0 0 1 0 0 1 1 1 1 0 1 0 1 1 1 1 1 1 0 1 1 1 1 0 0 1 0 1 1 1 0 1 0 0 0 0 1 0 1 1 0 0 0 1 1 1 1 1 53
0 0 0 0 1 1 1 1 0 1 1 0 1 0 1 0 0 0 1 1 1 1 1 1 1 0 1 0 0 1 1 0 1 0 1 1 1 0 1 0 1 0 1 1 1 0 1 1 1 1 1 1 0 0 1 0 0 0 1 1 1 0 1 0 1 0 1 1 1 1 1 1 1 1 1 1 0 1 0 0 0 1 0 1 1 1 0 0 0 0 1 1 1 0 0 1 1 0 1 1 61
1 0 0 1 1 1 0 1 0 0 1 0 1 0 1 0 0 0 1 1 0 1 1 0 0 0 0 1 1 0 1 0 0 1 1 1 1 0 0 0 0 0 0 0 1 1 0 1 0 1 0 1 0 0 0 0 0 1 1 0 0 0 1 1 1 0 0 0 0 0 0 1 0 1 1 1 1 1 0 1 1 0 1 1 0 1 0 0 0 0 1 1 1 0 0 0 1 0 1 1 46
1 1 0 0 1 1 0 1 0 0 1 0 1 1 1 0 0 0 1 1 1 1 1 0 0 1 1 1 1 1 0 1 1 0 1 0 1 1 0 1 0 0 0 0 1 0 0 0 1 1 0 1 0 1 1 0 0 1 0 1 0 0 1 0 1 0 1 0 0 1 0 1 0 1 1 1 1 1 0 1 0 0 0 1 1 0 0 0 0 1 1 0 1 0 0 1 1 0 1 1 53
0 1 0 0 1 1 1 1 0 1 1 0 0 1 0 1 0 0 1 1 0 0 0 0 0 0 0 0 0 0 0 0 1 0 1 0 1 0 1 0 1 0 0 0 1 0 1 0 0 1 1 1 0 0 1 0 0 1 1 1 0 0 1 1 0 0 0 0 1 1 1 1 1 1 1 0 1 1 0 1 0 0 0 1 0 0 0 0 0 0 1 0 1 0 0 0 1 0 1 1 43
1 0 0 1 1 1 1 1 0 1 1 0 1 0 0 0 0 0 1 1 0 0 0 0 0 0 1 0 1 1 0 0 1 0 1 1 1 1 1 0 1 0 0 0 1 0 0 1 0 0 1 1 1 0 1 0 0 1 1 1 1 1 1 1 0 0 0 1 1 1 1 1 1 1 1 1 1 1 0 1 1 1 1 1 1 0 0 0 1 0 0 0 1 0 0 0 1 0 1 1 56
1 0 0 1 1 1 0 1 0 1 1 0 1 0 1 0 0 1 1 1 0 0 0 1 1 1 0 1 1 0 1 0 1 0 1 0 1 0 0 1 0 0 0 0 1 1 0 1 0 1 1 1 0 0 0 0 0 1 1 1 0 0 1 1 1 0 1 1 1 0 0 1 0 1 1 1 1 1 0 1 1 0 1 1 0 0 0 1 0 0 0 0 1 0 0 1 1 0 1 1 53
1 0 0 1 1 1 0 0 0 1 1 0 1 0 0 1 0 0 1 1 0 1 1 0 0 1 1 0 0 0 1 0 1 0 1 1 0 0 1 0 0 0 0 0 1 0 0 0 1 0 1 1 1 1 0 0 0 1 1 0 0 0 1 0 0 0 0 1 1 1 0 1 0 1 1 0 1 1 0 1 1 0 0 1 0 1 0 0 0 0 0 0 1 0 0 1 1 0 1 1 45
0 0 0 1 1 1 0 1 0 1 1 0 1 0 1 0 0 0 1 1 1 1 0 1 0 1 0 1 1 0 1 1 1 0 1 1 0 1 1 1 0 1 0 0 1 0 0 0 0 1 1 0 1 1 1 0 1 1 1 1 0 1 1 1 0 0 0 0 0 1 0 1 0 1 1 0 0 1 0 1 1 0 1 1 0 0 0 0 0 0 1 0 1 1 0 1 1 0 1 1 54
1 0 1 0 1 1 0 1 0 1 1 0 1 0 1 0 0 0 1 1 1 1 0 0 1 1 1 0 1 0 1 0 1 0 1 0 1 1 0 0 0 0 0 1 1 1 0 0 1 1 1 1 0 0 1 0 0 1 1 1 0 0 1 1 1 0 0 0 1 0 0 0 1 1 1 0 0 1 0 1 0 0 0 1 1 1 0 0 0 1 1 0 1 1 0 1 1 0 1 1 53
1 0 1 0 1 1 1 1 0 0 1 0 0 0 0 0 0 0 1 1 0 0 0 0 0 0 1 1 0 1 1 0 0 0 1 0 0 1 0 0 0 0 0 0 0 0 0 0 0 0 1 1 0 0 1 0 0 1 1 1 1 1 1 1 0 0 0 1 0 1 0 1 1 1 1 1 0 1 0 1 1 1 1 1 1 0 0 0 1 0 0 0 1 0 0 0 1 0 1 1 44
1 0 0 1 1 1 0 1 0 1 1 0 0 0 1 1 0 0 1 1 1 1 0 1 0 0 1 0 1 1 1 0 0 0 1 1 0 0 0 1 0 0 0 1 1 0 0 1 1 1 1 1 0 0 1 0 0 1 1 0 0 0 1 0 1 1 0 0 0 0 1 1 0 1 1 1 1 1 1 0 1 1 1 1 0 0 0 0 0 0 0 0 1 1 0 1 1 1 1 1 53
0 0 0 1 1 1 1 1 0 1 1 0 0 1 1 0 0 1 1 1 0 1 0 1 0 1 1 1 1 1 0 1 1 0 1 1 1 0 1 1 0 0 0 0 0 1 0 1 1 0 1 1 1 1 1 0 0 1 1 1 0 1 1 1 1 0 1 0 1 0 1 1 1 1 1 1 0 1 0 1 0 1 0 1 0 0 0 0 0 0 1 1 1 0 0 1 1 0 0 1 59
1 1 0 1 1 1 0 1 1 1 1 0 0 0 1 1 0 0 1 1 0 1 0 0 0 0 1 1 1 1 1 0 1 0 1 0 0 0 1 0 0 0 0 0 1 0 1 0 0 0 1 1 1 1 0 0 0 1 1 1 0 0 1 0 0 0 0 0 1 1 1 1 1 1 1 1 0 1 0 0 0 0 0 1 1 0 0 0 1 0 1 1 1 0 0 0 1 1 1 1 51
1 1 0 1 1 1 1 0 0 1 1 0 1 0 1 0 0 0 1 1 1 0 0 0 0 1 1 0 1 1 0 0 1 0 1 1 0 1 1 0 1 0 1 0 0 1 1 0 1 0 1 1 0 0 1 0 0 1 1 1 0 0 1 0 0 0 0 0 1 1 1 1 0 1 1 1 0 1 0 1 1 1 0 1 1 1 0 0 0 0 1 0 1 1 0 1 1 0 1 1 55
0 1 0 0 1 1 1 1 0 1 1 1 1 0 1 0 0 1 1 0 0 0 1 0 0 0 1 0 1 0 0 0 0 0 1 0 0 1 1 0 0 0 0 0 0 0 0 0 0 1 1 0 0 0 1 0 0 1 0 1 0 0 1 1 1 0 0 0 1 0 0 1 0 1 0 1 0 1 0 1 0 1 1 1 0 0 0 0 0 1 1 0 1 0 0 1 1 0 1 1 42
0 0 0 1 1 1 0 1 0 0 1 0 0 0 0 0 0 0 1 1 0 1 1 1 0 1 1 0 0 1 1 1 0 0 1 1 0 0 1 0 1 0 0 1 1 0 0 0 0 1 1 1 1 0 1 0 0 1 1 1 0 0 1 1 0 0 0 1 0 1 0 1 0 1 1 1 0 1 0 1 1 1 1 0 0 1 0 0 0 0 1 0 1 1 0 1 1 0 1 1 50
1 0 0 0 1 1 1 1 0 1 1 0 0 0 1 0 1 0 1 1 0 1 0 0 0 1 1 0 1 1 1 0 0 0 1 1 0 0 1 0 1 0 0 0 0 1 1 0 1 0 1 1 0 0 0 1 0 1 1 0 0 1 1 0 1 0 0 1 0 0 0 1 1 1 1 1 0 1 0 1 1 0 1 1 1 0 0 0 0 0 1 0 1 0 0 1 1 1 1 1 51
0 0 0 1 1 1 1 1 0 1 1 1 1 0 1 0 0 0 1 1 0 1 0 1 1 0 0 1 1 1 1 0 1 0 1 0 1 1 1 1 1 0 0 0 0 0 0 0 0 1 1 1 1 0 0 0 0 1 0 0 0 1 1 0 0 0 0 0 1 0 0 1 0 1 1 1 0 1 0 1 0 1 1 1 0 1 0 0 1 0 1 0 1 1 0 0 1 1 1 1 52
1 1 0 0 0 1 0 1 1 1 1 0 1 0 1 0 1 0 1 1 1 0 0 1 1 1 0 1 1 1 1 1 0 0 1 0 1 0 1 0 0 0 0 1 1 0 0 0 0 1 1 1 0 0 1 0 0 1 1 1 0 0 1 1 1 0 1 0 1 1 0 1 0 1 1 1 0 1 0 1 1 0 0 1 1 1 0 0 0 1 1 1 1 1 0 1 1 0 1 1 58
1 0 0 1 1 0 0 1 0 1 1 0 0 0 1 1 0 0 0 1 0 0 1 1 0 0 1 0 0 1 0 1 1 0 1 1 1 1 1 1 1 0 0 0 1 0 0 1 1 0 1 1 0 1 1 0 0 1 1 1 0 1 1 0 0 1 0 0 1 1 0 1 1 1 1 0 1 1 0 0 0 0 1 1 0 1 0 0 0 0 1 0 1 1 0 1 1 0 1 1 53
0 1 0 0 1 1 0 0 0 1 1 1 0 0 0 0 0 1 1 1 0 1 0 0 0 1 0 1 1 1 1 0 0 0 1 0 0 0 1 0 1 0 0 0 1 0 0 0 1 1 1 1 1 0 1 0 0 1 1 0 1 0 1 0 1 0 0 0 1 1 0 1 0 1 1 0 0 1 0 0 0 1 1 1 0 1 0 0 1 0 1 0 1 0 1 1 0 0 1 1 47
1 0 0 1 1 1 1 1 0 1 1 1 1 0 1 0 0 0 1 1 0 0 0 0 0 0 1 1 1 1 0 0 1 0 1 1 0 0 1 0 1 0 0 0 0 0 0 0 1 1 1 1 1 0 1 0 0 1 1 0 1 1 1 1 0 0 0 1 1 1 1 1 1 1 1 0 0 1 0 0 1 1 0 1 0 1 0 0 0 0 0 1 1 0 0 1 1 0 1 1 53
0 0 0 0 1 1 0 1 1 1 1 0 1 1 0 0 0 0 1 0 0 1 0 0 0 1 1 1 0 0 0 0 0 0 1 0 1 0 1 0 0 0 0 0 1 0 1 0 0 1 1 1 1 0 1 0 0 1 1 1 0 0 1 0 0 0 0 0 1 1 0 1 0 1 1 0 0 1 0 1 0 0 0 1 1 1 0 0 0 0 1 1 1 1 0 0 1 0 1 1 44
1 0 0 1 1 1 1 1 0 1 1 0 0 0 0 0 0 1 1 1 0 0 0 0 0 0 1 0 1 1 1 0 0 0 1 1 1 0 1 0 0 0 0 0 1 0 0 0 0 0 1 1 0 0 0 0 0 0 0 0 0 0 1 0 0 0 0 0 1 0 0 1 0 1 1 1 1 0 0 1 1 1 1 1 1 0 0 0 0 1 1 1 1 0 0 1 1 0 1 1 43
0 0 0 1 1 1 1 1 0 1 1 0 1 0 0 1 1 0 1 1 0 0 0 1 1 0 1 0 1 1 0 1 0 0 1 1 1 0 0 0 0 1 0 1 0 0 0 1 0 0 1 1 0 0 1 0 0 1 0 1 0 0 1 1 1 0 0 0 0 0 0 1 1 1 1 1 0 1 0 0 0 0 1 1 1 0 0 0 0 1 1 0 1 1 0 1 1 0 1 1 49
1 0 0 1 1 1 1 1 0 1 1 0 1 0 0 0 0 0 1 1 1 1 0 0 1 1 1 1 0 0 1 0 0 0 1 1 1 0 1 0 1 0 0 0 0 0 1 0 0 0 1 0 1 1 1 0 0 1 0 1 0 1 1 1 1 1 0 0 1 0 0 1 1 1 1 1 1 1 0 1 1 0 0 1 0 0 0 0 0 1 1 0 1 1 0 1 1 0 1 1 54
1 0 0 1 1 0 1 1 1 1 1 0 1 0 0 0 0 0 1 1 0 0 0 0 0 1 1 1 1 1 1 1 1 0 1 0 1 1 1 1 1 0 0 0 1 0 0 0 1 0 1 1 1 0 1 0 0 1 1 1 0 1 1 1 0 0 1 0 1 1 1 1 1 1 1 1 0 1 0 1 0 0 1 1 1 0 0 0 0 1 0 0 1 1 0 0 1 0 1 1 57
0 1 1 0 1 1 1 0 1 1 1 0 0 0 0 0 0 0 0 1 0 0 1 1 0 1 1 0 0 1 1 0 1 0 1 1 1 0 0 0 0 0 0 0 1 0 0 0 1 0 1 1 0 0 0 0 0 1 0 0 0 0 1 0 1 1 0 0 1 1 0 0 0 1 1 0 1 1 0 1 1 1 1 1 0 0 0 0 0 1 1 1 0 0 0 1 1 0 1 1 45
0 0 0 0 0 1 1 1 0 1 1 0 0 0 0 0 0 0 1 1 0 1 1 1 0 1 1 0 1 1 1 0 1 0 1 1 0 0 0 0 0 0 0 0 0 1 1 0 0 0 1 1 0 1 0 0 0 1 1 1 0 1 1 0 1 0 0 0 1 1 0 1 1 1 1 1 1 1 0 1 0 1 1 1 0 0 0 0 0 0 0 0 1 1 0 1 1 0 1 1 48
0 0 0 1 1 1 0 1 0 1 1 0 1 0 1 0 1 1 1 1 0 1 0 1 0 1 1 0 1 1 0 1 1 0 1 1 1 1 1 1 1 0 0 0 1 1 0 0 0 1 1 0 0 0 0 0 0 1 1 1 0 0 1 1 0 1 0 0 1 1 1 1 0 1 1 1 1 0 1 1 0 1 1 1 0 1 0 0 0 1 1 0 0 0 0 1 1 0 1 1 57
1 1 0 1 1 1 1 0 1 1 1 0 1 0 1 0 0 0 1 1 0 0 1 0 0 1 0 0 1 1 1 0 1 0 1 0 0 1 0 1 0 0 0 1 1 0 0 1 1 1 1 1 0 0 1 0 0 1 0 0 0 1 1 1 1 0 0 0 1 1 0 1 0 1 1 1 1 1 0 1 0 0 1 0 0 0 0 0 0 0 1 0 1 0 0 0 1 0 1 1 50
0 0 1 0 0 1 1 1 1 0 1 0 0 0 1 1 0 0 1 0 0 1 0 0 0 1 0 1 0 1 1 0 1 0 1 1 0 1 1 1 0 0 0 1 0 0 0 0 0 0 1 0 1 0 1 0 0 1 1 1 0 0 1 0 1 0 1 1 1 1 0 1 1 1 1 1 1 1 0 0 0 1 1 1 0 1 0 0 0 1 1 0 0 1 0 1 1 0 1 1 51
1 0 0 0 1 1 0 1 1 1 1 0 1 0 1 0 0 0 1 1 0 1 1 1 0 0 1 0 0 1 0 1 1 0 0 0 1 0 1 1 1 0 0 0 0 0 0 0 0 0 1 0 0 1 1 0 0 1 1 1 0 1 1 0 0 0 0 0 1 1 0 1 1 1 1 1 1 1 0 0 0 0 0 1 0 1 0 0 0 0 0 0 1 1 0 1 1 0 1 1 47
0 1 0 1 1 1 1 1 1 1 1 0 1 0 0 0 0 0 1 0 0 0 0 0 0 1 0 0 1 1 0 0 0 0 1 1 0 0 0 0 1 0 1 0 0 0 0 0 1 0 1 1 1 1 1 1 0 1 1 1 0 1 1 1 0 0 1 0 1 1 0 1 0 1 1 1 0 1 0 1 1 1 1 1 0 0 0 0 0 0 1 0 1 1 0 1 1 0 1 1 51
0 0 1 1 1 1 1 1 0 1 1 0 0 0 1 1 0 0 1 1 0 0 0 0 0 0 1 0 1 0 1 1 1 0 1 0 1 1 1 1 1 0 0 0 1 0 0 0 1 0 1 1 1 1 0 0 1 1 0 1 1 1 1 0 0 0 0 1 1 1 1 1 0 1 1 1 0 1 0 1 1 1 0 1 0 0 0 0 0 0 0 0 0 0 0 1 1 1 1 1 53
1 0 0 0 1 1 0 1 0 1 1 0 1 0 1 0 0 0 1 1 0 0 0 0 0 0 1 1 1 1 1 0 0 0 1 1 1 0 1 1 1 0 0 0 0 0 1 0 0 0 1 1 0 1 1 0 0 0 0 1 0 1 1 1 1 0 0 0 0 1 0 1 0 1 1 0 0 1 0 0 0 0 1 1 0 1 0 0 0 0 1 0 0 1 0 0 0 1 1 1 44
1 0 0 1 1 1 1 0 1 1 1 0 1 0 1 0 0 1 0 1 0 0 0 1 1 1 1 1 0 1 1 0 0 0 1 0 0 0 0 0 0 0 0 1 1 0 1 0 0 0 1 1 1 1 0 0 1 1 1 1 0 0 1 0 0 0 1 0 0 1 0 0 1 1 1 1 0 1 0 1 0 1 1 1 0 0 0 0 0 0 1 1 1 1 0 1 0 0 1 1 50
1 0 0 0 1 1 1 1 0 1 1 0 0 1 0 0 0 0 1 1 0 0 1 0 0 0 1 0 1 0 1 0 0 0 1 1 1 0 1 0 1 0 0 1 1 1 0 1 1 0 0 1 0 1 1 1 0 1 1 1 0 0 1 1 0 0 0 0 0 1 0 1 1 1 1 1 0 1 0 1 0 0 1 1 0 0 0 0 0 1 0 1 1 0 0 1 1 0 1 1 50
1 1 0 0 1 1 0 1 1 0 1 0 0 0 1 0 0 0 0 1 1 1 0 0 0 0 1 1 1 1 1 1 1 0 1 1 1 1 1 0 0 0 0 0 0 0 1 0 1 1 1 1 0 0 0 0 0 1 0 1 1 0 1 0 0 0 1 0 1 1 0 1 1 1 1 0 0 1 0 1 0 0 1 1 0 1 0 0 0 0 1 0 1 0 0 0 1 1 1 1 50
1 0 0 1 1 1 0 1 1 1 1 0 1 0 0 0 0 1 1 1 0 1 0 0 0 0 1 0 1 1 0 0 0 0 1 0 1 0 1 1 1 0 0 0 1 0 0 0 0 0 1 1 0 1 0 0 0 1 1 1 0 0 1 1 1 1 0 0 1 1 0 1 0 1 1 1 0 1 0 1 0 1 1 1 0 0 0 0 1 1 0 0 1 1 1 1 1 0 1 1 52
1 0 1 0 1 1 1 1 1 1 1 0 1 0 0 0 0 0 1 1 0 0 0 1 0 1 1 1 1 1 1 0 0 0 1 1 0 1 1 0 0 1 0 0 1 0 0 0 0 1 1 1 1 0 1 0 0 1 1 1 0 0 1 1 0 0 0 1 1 0 0 0 1 1 1 1 0 1 0 1 1 1 1 1 1 1 0 0 0 1 1 0 1 0 0 1 1 0 1 1 56
0 0 0 0 1 1 0 1 0 1 1 0 1 0 1 0 0 1 1 1 0 0 1 0 0 1 1 1 1 1 0 1 0 0 1 1 0 1 1 1 0 0 0 1 1 0 0 0 1 1 1 1 0 0 0 0 0 1 1 0 0 0 1 1 0 1 0 0 1 1 0 1 0 1 1 1 0 1 0 1 0 1 1 1 1 0 0 0 0 0 1 1 1 1 0 0 1 1 1 1 53
1 0 0 0 1 1 0 1 0 1 1 0 1 0 1 1 0 0 1 1 0 1 0 0 0 0 1 0 1 0 0 0 0 0 1 0 1 0 0 0 0 1 0 0 1 1 0 0 1 1 1 1 0 0 0 0 0 1 0 1 1 0 1 0 1 0 0 0 1 0 0 1 1 0 1 1 0 1 0 1 0 0 0 1 0 0 0 0 0 1 1 0 1 1 0 1 1 0 1 1 44
0 0 0 1 1 1 0 1 0 1 1 0 1 0 1 0 0 0 1 1 0 0 0 0 1 0 1 0 1 1 1 0 1 0 1 1 1 0 1 1 0 0 0 0 1 0 0 0 1 0 1 1 1 1 1 1 0 1 1 1 0 1 1 0 1 0 1 0 1 0 1 1 1 1 1 1 1 1 0 1 1 0 0 1 0 0 0 0 0 1 0 0 1 1 0 1 0 1 1 1 55
0 0 0 1 1 1 1 1 0 1 1 0 1 0 1 0 0 1 1 1 1 0 1 0 1 0 0 1 0 0 0 0 1 0 1 0 1 1 0 1 0 1 0 0 0 1 0 0 0 1 1 1 0 1 1 0 0 1 1 1 0 1 1 0 1 0 0 1 0 1 1 1 0 1 1 0 1 1 0 1 1 1 1 1 0 0 0 0 1 0 0 0 1 1 0 0 0 1 1 1 53
1 0 0 0 1 1 1 1 0 1 1 0 1 0 1 1 0 0 1 1 0 0 0 0 1 0 0 1 1 1 1 0 1 0 1 1 0 0 1 0 1 0 0 0 1 0 0 0 0 0 1 1 0 0 0 0 0 1 0 1 1 1 1 1 0 0 0 0 0 1 0 1 0 0 1 1 0 1 0 0 0 1 0 1 0 0 0 0 0 1 1 0 1 0 0 1 1 0 1 1 45
1 0 0 1 1 1 1 1 0 1 1 0 1 0 1 0 0 0 1 1 0 0 0 0 0 1 1 0 1 0 1 0 0 0 1 0 0 0 0 0 1 0 0 0 0 0 0 0 1 0 1 1 1 0 1 0 0 1 1 1 1 1 1 0 1 0 0 0 0 0 0 1 1 0 0 1 0 1 0 1 0 1 1 1 0 1 0 0 0 1 0 0 1 0 0 0 1 1 1 1 45
0 0 0 0 1 1 1 0 1 1 1 0 1 0 0 0 1 0 1 0 0 0 0 1 0 1 0 0 1 1 1 1 0 0 1 0 1 0 0 0 1 0 0 0 1 0 0 1 1 1 1 1 0 0 0 0 0 0 1 1 0 0 1 1 0 1 0 1 1 0 1 1 1 1 1 1 1 1 0 1 0 1 1 1 0 0 0 1 0 1 1 0 1 1 0 0 1 1 1 1 52
1 1 0 0 1 1 0 1 0 1 1 0 1 0 1 0 0 0 1 0 0 0 0 1 0 0 0 0 0 1 1 0 1 0 1 0 1 1 0 0 0 0 0 1 0 0 0 1 1 1 1 1 0 0 1 0 0 1 1 0 0 1 1 0 0 0 0 0 0 1 0 1 1 1 1 1 0 1 0 1 0 1 1 1 0 1 0 0 0 1 1 0 1 0 0 1 1 0 1 1 47
0 0 0 0 1 1 0 1 0 1 1 0 0 0 1 0 0 0 1 1 0 0 0 0 1 1 1 0 1 1 0 0 0 0 1 1 1 1 0 1 1 0 0 0 0 0 0 0 0 0 1 1 1 0 0 0 0 1 0 1 0 1 1 0 0 0 0 0 1 0 0 1 1 1 0 1 1 1 0 1 0 0 1 1 1 1 0 0 1 1 1 0 1 0 0 1 1 0 1 1 46
0 0 0 1 1 1 1 1 0 1 1 0 0 1 0 1 0 0 1 1 0 0 0 0 0 0 0 0 1 1 1 1 1 0 1 1 0 0 1 0 1 0 0 0 1 0 1 0 1 0 1 0 1 0 1 0 0 1 1 1 1 0 1 0 1 0 0 0 1 1 1 1 0 1 1 0 0 1 0 1 0 1 1 1 0 0 0 0 0 1 1 0 1 0 0 0 0 0 0 1 47
0 0 0 1 1 1 1 1 0 1 1 0 0 0 0 0 1 0 1 0 0 0 0 1 0 1 0 0 1 0 1 1 1 0 1 1 1 1 1 1 1 0 0 0 1 0 0 0 0 0 1 0 0 0 1 0 0 1 1 1 1 1 1 0 1 0 0 0 1 0 1 1 1 1 1 1 1 1 0 0 0 0 1 1 0 0 0 0 0 1 1 0 1 0 0 1 1 0 1 1 50
1 0 0 0 1 1 0 0 0 1 1 0 0 1 0 0 0 0 1 1 0 1 0 0 0 1 1 0 1 0 1 1 0 0 1 0 0 0 0 1 0 0 0 0 1 0 0 0 0 1 1 1 0 0 1 0 0 1 1 1 0 0 1 1 1 0 0 0 1 0 0 1 1 1 1 1 0 1 0 1 0 0 0 1 0 1 0 0 0 0 0 0 1 0 0 1 1 0 1 1 42
0 0 0 1 1 1 0 1 0 1 1 0 1 0 1 0 0 0 1 1 0 0 1 1 0 0 1 0 1 1 1 1 0 0 1 0 1 0 1 1 1 0 1 0 0 0 1 0 0 1 1 1 0 0 0 0 0 1 1 1 0 0 1 0 1 0 0 0 1 1 1 1 1 1 1 0 1 1 0 1 0 0 1 1 1 0 0 0 0 1 1 0 1 0 0 0 1 0 1 1 51
0 0 1 0 1 0 0 1 1 1 1 1 1 0 1 0 0 0 1 1 1 1 1 0 0 1 1 0 1 0 0 0 0 0 1 1 1 1 0 1 1 0 0 0 1 0 0 0 1 0 1 1 0 1 0 0 0 1 1 0 0 1 1 0 1 0 0 0 1 1 0 1 1 1 1 0 0 1 0 0 0 1 0 1 0 0 0 0 0 1 0 0 1 0 0 0 1 0 1 1 47
0 0 0 0 1 1 1 1 0 1 1 0 0 0 1 0 0 0 1 1 0 0 0 0 0 0 1 1 1 0 0 1 0 1 1 1 0 0 0 0 0 0 0 0 1 1 0 0 1 0 0 0 0 0 0 0 0 1 0 1 0 1 1 0 0 1 0 0 1 0 0 1 0 1 1 0 1 1 1 0 0 1 0 1 1 0 0 0 0 0 1 0 1 0 0 0 0 0 1 1 38
0 1 0 1 1 0 0 1 0 1 1 1 0 0 1 0 0 0 1 1 0 0 1 0 0 1 1 0 1 1 1 1 0 0 1 0 0 0 1 0 0 0 0 0 0 0 0 0 1 1 0 1 1 0 0 0 0 1 0 1 0 0 1 0 1 0 0 0 1 0 0 0 0 1 1 0 1 1 0 1 0 1 0 1 0 1 0 0 0 1 1 0 1 1 0 0 1 0 1 1 43
1 0 0 1 1 1 1 1 1 1 1 0 1 0 1 0 0 1 0 1 0 0 0 0 0 0 1 1 0 0 0 0 1 0 1 0 0 0 1 0 1 0 0 0 1 0 0 0 1 0 1 1 1 0 1 0 0 1 0 1 0 0 1 0 1 0 0 1 1 1 0 1 1 1 1 1 1 1 0 0 1 0 0 1 0 1 0 0 0 0 0 0 1 0 0 1 1 0 0 1 46
0 0 0 1 1 1 1 1 0 1 1 0 0 0 1 0 1 0 1 1 0 1 1 0 0 1 1 1 1 1 0 1 1 0 1 0 0 0 0 0 1 0 0 0 1 0 0 0 0 0 0 0 0 0 1 0 0 1 0 1 0 0 1 0 1 1 0 0 1 1 0 1 1 1 1 1 1 1 0 0 1 0 1 1 0 0 0 0 1 0 0 0 1 1 0 1 1 0 1 1 48
1 0 0 0 1 1 1 1 0 1 1 0 1 1 0 0 0 0 0 1 0 0 1 0 1 1 1 1 1 1 1 1 1 0 1 1 0 1 1 0 0 0 0 0 1 0 0 0 1 1 1 1 0 0 0 0 0 1 0 0 1 0 1 1 0 0 0 0 0 1 1 1 0 1 1 1 1 1 0 1 0 0 0 1 0 1 0 0 0 0 1 0 1 1 0 0 1 0 1 1 50
1 0 0 1 1 1 0 1 0 1 1 1 0 0 1 0 0 1 1 1 1 1 0 1 0 0 0 0 1 1 1 0 1 0 1 0 0 0 0 0 1 0 0 0 1 0 1 0 0 0 1 0 0 1 1 0 0 1 0 1 1 0 1 0 0 0 0 0 1 0 0 1 0 1 1 1 1 1 0 1 1 0 1 1 0 0 0 0 0 1 1 0 1 0 0 1 1 0 1 1 48
1 0 0 1 1 1 0 1 0 1 1 0 1 0 1 0 1 0 1 1 1 0 1 0 0 0 1 0 1 1 1 0 1 0 1 0 1 1 1 1 1 0 0 0 1 0 1 1 1 1 1 0 1 0 1 0 0 1 1 0 0 1 1 0 0 0 1 1 1 1 1 1 0 0 1 1 1 1 0 1 1 0 1 1 0 1 0 0 0 0 1 0 1 1 0 1 1 0 1 1 59
1 0 0 0 1 1 1 1 0 0 1 0 0 1 0 0 0 0 1 1 0 0 0 0 0 1 0 1 1 1 1 1 0 0 1 0 0 1 1 1 0 0 0 1 1 0 1 0 1 0 0 0 1 1 0 0 0 0 1 0 0 1 1 0 0 1 0 0 1 0 0 1 0 1 1 1 1 1 0 1 0 0 0 1 0 0 0 0 0 1 0 0 1 0 0 0 1 0 1 1 43
0 0 0 0 1 1 0 0 0 1 1 0 0 0 0 0 0 0 1 1 1 0 0 0 0 1 1 0 0 1 0 1 1 1 1 1 0 0 1 0 0 0 0 0 0 0 0 0 1 1 1 0 0 1 0 0 0 1 1 1 0 1 1 0 0 1 0 0 0 0 0 1 1 1 1 0 0 1 0 1 0 0 1 1 0 0 0 0 0 1 1 0 1 0 1 0 1 1 1 1 42
0 0 0 1 1 1 1 1 0 1 1 1 1 0 0 0 0 0 1 1 1 1 1 0 0 1 1 0 1 1 1 1 0 0 1 0 0 0 0 1 1 0 0 0 0 1 0 0 1 0 1 0 0 0 0 0 0 1 1 1 0 0 1 0 1 0 0 0 1 1 0 1 1 1 1 0 0 1 0 0 1 1 1 1 0 0 0 0 0 0 0 0 1 0 0 0 1 1 1 1 47
0 0 1 1 1 0 0 1 0 1 1 0 0 0 1 0 0 0 1 1 1 1 0 0 0 1 0 1 0 1 0 0 1 0 1 1 1 0 1 0 0 0 0 0 1 0 0 0 1 0 1 1 0 0 1 0 0 1 0 1 0 0 1 0 0 0 0 0 0 1 1 1 1 1 1 1 1 1 0 1 1 0 0 1 0 0 0 0 1 1 0 0 0 1 0 1 1 0 1 1 46
1 0 0 1 1 0 1 1 0 1 1 0 0 0 1 0 0 1 1 1 0 1 0 1 0 0 1 0 1 1 0 1 0 0 1 0 1 1 1 0 1 0 0 1 1 1 1 0 1 0 1 0 0 0 1 0 0 1 1 1 0 0 1 0 0 0 0 0 1 0 0 0 1 1 1 1 1 1 0 1 1 1 1 1 0 0 0 0 0 0 1 1 1 0 0 1 1 0 1 1 52
1 0 1 0 1 1 0 1 0 1 1 0 1 0 0 0 0 0 1 1 0 1 0 0 0 1 1 0 1 1 1 1 0 0 1 0 0 1 0 0 0 0 0 1 1 0 0 0 0 0 0 1 1 0 1 0 0 0 1 1 0 1 1 0 1 1 1 0 1 0 0 1 0 1 1 1 1 1 0 1 0 0 1 1 0 0 0 0 0 0 1 0 1 0 0 1 1 1 1 1 48
1 0 0 0 1 1 1 1 1 0 1 0 1 0 0 1 0 0 1 1 0 1 1 1 0 1 1 0 1 0 1 0 1 0 1 0 1 1 0 0 1 0 0 0 1 0 0 0 0 0 1 1 0 0 0 0 0 1 1 1 0 1 1 0 1 1 1 0 0 1 1 1 0 1 1 0 1 1 0 1 0 1 0 0 1 1 0 0 0 0 1 0 1 0 0 1 1 0 1 1 51
1 0 1 0 1 1 1 1 1 1 1 0 1 0 1 1 0 1 1 1 0 1 1 0 0 0 1 1 1 1 1 0 0 0 1 1 1 1 1 1 0 0 1 0 1 0 0 0 1 0 1 1 1 1 1 0 0 0 1 1 0 1 1 0 1 0 0 1 0 0 0 1 1 1 1 0 0 1 0 0 0 0 0 1 1 0 1 0 0 0 0 0 1 0 1 1 1 0 1 1 56
1 1 0 0 1 1 1 1 0 1 1 0 1 0 0 0 0 0 1 1 0 1 0 0 0 0 1 1 0 1 1 1 1 0 1 0 0 0 1 1 0 1 0 1 1 0 0 0 1 1 1 0 0 0 0 0 0 0 1 1 1 0 1 1 1 0 0 1 1 1 0 1 0 1 1 0 1 1 0 0 0 0 1 1 0 1 0 1 0 0 0 0 1 1 0 1 1 0 1 1 51
0 0 0 1 1 1 1 0 1 1 1 0 0 0 1 0 0 0 1 1 0 0 1 0 0 1 1 0 1 1 1 0 0 1 1 1 0 0 1 0 0 0 0 0 1 1 1 0 1 0 1 0 1 0 1 0 0 1 1 0 0 0 1 1 0 0 0 0 0 1 0 1 0 1 1 0 0 1 0 1 0 1 0 1 0 0 0 0 0 0 0 0 1 0 0 1 1 0 1 1 44
0 1 0 1 1 0 1 1 1 1 1 0 1 0 0 0 0 0 1 1 0 0 0 0 1 0 1 1 0 1 1 1 1 1 1 0 0 0 1 0 1 0 0 0 0 0 0 0 0 1 1 1 0 0 1 0 0 1 1 1 1 0 1 1 1 0 1 0 1 0 0 1 0 1 0 0 1 1 0 1 0 1 0 1 0 1 0 1 0 1 1 0 1 0 0 1 1 1 1 1 52
1 0 0 1 1 0 1 1 0 1 1 0 0 0 0 0 0 0 1 1 0 1 1 1 0 1 1 1 0 1 1 1 1 0 1 1 0 0 0 0 1 0 0 0 0 1 0 0 1 0 1 1 0 0 1 0 0 1 1 0 0 1 1 0 0 0 0 0 1 1 0 1 1 1 0 0 1 1 0 0 0 0 1 1 0 0 0 0 0 0 0 0 1 1 0 1 1 0 1 1 46
1 0 0 0 1 1 0 1 0 1 1 0 1 1 1 0 0 1 1 0 0 1 0 0 0 0 0 1 1 1 1 1 0 0 1 1 1 1 1 0 1 0 0 0 1 1 1 0 1 0 1 1 1 1 1 0 0 1 0 1 0 0 1 1 1 0 0 1 1 1 1 1 1 1 1 1 1 1 0 1 0 1 1 1 0 0 0 0 0 1 0 1 0 0 0 1 1 0 1 1 58
1 0 0 0 1 1 1 0 0 1 1 0 0 0 1 0 0 1 1 1 0 0 1 0 0 0 1 1 1 0 1 0 1 0 1 0 1 0 0 0 1 0 0 0 1 1 0 0 1 0 1 1 0 0 1 0 0 1 0 1 0 0 1 1 1 0 0 0 1 1 0 1 0 1 1 0 1 0 0 1 1 1 1 1 0 0 0 0 0 1 1 0 0 0 0 0 1 0 1 1 46
1 0 0 1 1 1 1 1 0 1 1 0 1 1 0 0 0 1 1 1 0 0 1 0 0 1 0 1 1 1 1 0 0 0 1 0 1 0 0 1 0 0 0 0 1 0 0 0 0 1 1 0 1 0 0 0 0 1 1 0 0 0 1 0 1 1 0 0 1 0 0 1 0 1 1 1 1 1 0 1 0 0 1 1 0 0 0 0 0 0 1 1 1 1 0 1 1 0 1 1 49
1 0 0 0 1 1 1 0 0 1 1 0 1 1 0 0 0 1 1 0 0 0 1 1 0 1 1 1 1 1 0 0 1 0 1 0 1 0 1 1 1 0 0 0 1 0 0 0 0 0 1 1 0 1 1 0 0 0 1 1 0 0 1 0 0 0 0 0 1 1 0 1 1 1 1 0 1 1 0 1 0 1 0 1 1 0 0 0 0 0 1 0 1 0 0 1 1 1 1 1 50
1 0 0 1 1 0 1 1 0 1 1 0 1 0 1 0 0 0 1 1 0 1 0 0 0 1 0 1 1 1 1 0 1 1 1 0 0 0 1 0 0 0 0 0 1 0 0 0 1 0 1 1 0 1 1 0 0 1 0 1 0 1 1 0 1 0 0 1 1 0 0 1 1 1 1 1 1 1 1 1 0 0 1 1 0 0 0 0 0 0 0 0 1 0 0 1 1 0 1 1 50
1 0 0 0 1 0 0 1 0 1 1 0 0 0 1 0 0 0 1 1 0 0 0 0 0 1 0 1 1 1 1 0 1 0 1 0 1 0 0 1 0 0 0 0 0 1 0 0 1 0 0 0 0 0 1 0 0 1 1 1 0 0 1 0 1 1 0 1 0 0 0 1 1 1 1 1 0 1 0 1 0 0 1 1 0 0 0 0 0 0 1 0 1 1 0 1 1 0 1 1 43
1 0 0 1 1 1 1 1 1 1 1 0 0 0 1 1 0 0 1 1 1 1 1 0 0 0 1 0 1 1 1 0 0 0 1 0 1 1 1 1 0 0 1 1 0 0 0 0 0 1 1 1 1 0 1 0 1 1 1 1 0 0 1 1 0 0 0 0 0 1 0 1 0 1 1 0 1 1 0 1 1 0 0 1 1 0 0 0 0 1 1 0 1 0 0 1 1 0 1 1 55
1 0 1 0 1 0 1 1 0 0 1 0 0 0 1 0 0 0 1 1 0 1 0 0 0 1 1 1 1 1 1 0 1 0 1 1 0 1 1 0 0 0 0 1 1 0 1 0 0 1 0 0 0 0 1 0 0 1 1 1 0 0 1 0 0 0 0 0 1 0 1 1 1 1 1 1 1 1 0 1 1 1 1 1 0 1 0 0 1 1 1 0 0 0 0 1 1 0 1 1 52
0 0 0 1 1 0 1 1 0 1 1 0 0 0 1 0 0 1 1 0 1 1 0 1 0 0 0 0 1 1 1 0 1 1 1 1 0 0 0 1 0 0 0 1 0 0 0 0 1 1 1 1 0 0 1 0 0 1 1 1 0 0 1 1 1 1 0 0 0 1 0 1 1 1 1 0 0 1 0 1 1 0 1 1 1 0 0 0 0 1 0 0 1 1 0 0 1 0 1 1 50
0 0 0 1 1 1 1 1 1 1 1 1 1 1 0 0 0 0 1 1 0 0 0 0 0 1 1 0 1 0 1 1 1 0 1 0 1 0 0 0 0 0 0 1 1 0 0 0 1 0 1 1 0 0 1 0 0 1 1 0 1 0 1 1 0 1 0 0 1 0 1 1 1 1 1 0 1 1 0 1 1 1 1 1 1 0 0 1 0 0 0 0 0 0 0 1 1 0 1 1 52
0 0 0 1 1 1 0 1 0 1 1 0 1 0 1 0 0 0 0 1 0 0 1 0 0 1 1 0 1 1 1 1 1 0 1 0 1 0 0 0 0 0 0 0 0 0 0 0 0 0 1 1 0 0 1 0 0 1 1 1 0 0 1 1 1 0 0 1 1 1 0 0 0 1 1 0 0 1 0 0 0 0 0 1 0 0 0 0 0 0 1 1 1 0 0 0 1 0 1 1 41
0 0 0 0 1 1 1 1 0 1 1 0 1 1 0 0 0 0 1 1 1 1 0 0 0 0 0 0 1 0 1 0 1 0 1 0 1 0 0 0 0 0 0 0 1 0 0 0 1 0 1 1 0 0 1 0 0 1 0 1 0 1 1 1 1 0 0 0 1 0 0 1 0 1 1 1 1 1 0 0 1 0 1 1 0 0 0 0 0 1 1 0 1 0 0 1 1 0 1 1 45
1 0 0 1 1 0 1 0 0 1 1 0 1 0 0 0 0 0 1 1 0 1 0 1 0 0 0 1 1 0 1 0 1 1 1 1 1 0 1 0 0 0 0 0 1 1 1 0 1 0 0 1 0 0 0 0 0 1 1 1 0 1 1 0 0 0 1 1 1 1 0 1 0 1 1 1 0 1 0 1 0 1 1 1 0 0 0 0 0 1 0 0 1 1 0 1 1 0 1 1 50
0 1 1 1 0 1 1 1 0 1 1 0 0 0 1 1 0 0 1 1 0 1 1 1 0 0 1 1 1 1 1 0 0 0 1 0 0 0 1 0 1 0 0 0 0 0 0 0 0 1 0 1 0 0 1 0 0 1 1 1 0 1 1 1 1 0 0 0 1 0 0 1 1 1 1 0 1 1 0 1 0 1 1 1 1 1 0 0 0 1 0 0 1 0 0 1 1 0 1 1 52
0 0 0 1 1 0 0 1 0 1 1 0 1 0 1 0 0 0 1 0 0 0 0 1 0 0 1 0 0 1 1 0 1 0 1 1 0 0 1 0 0 0 0 0 1 0 0 0 1 1 0 1 0 0 1 0 0 1 1 0 0 1 1 1 1 1 0 1 0 1 1 1 0 1 0 1 0 1 0 1 0 0 0 1 0 0 0 0 0 1 1 0 1 0 0 1 1 0 1 0 43
1 0 0 0 1 1 0 1 1 1 1 0 1 0 1 0 0 0 1 0 0 1 0 0 0 1 0 0 0 0 1 1 1 0 1 1 0 0 1 1 0 0 0 0 0 0 1 1 0 1 1 1 0 0 0 0 0 0 1 0 0 0 1 1 0 0 0 1 1 1 1 1 0 1 1 1 1 1 0 1 1 0 0 1 1 0 0 0 0 1 1 0 1 1 0 1 0 0 1 1 48
1 0 0 1 1 1 1 1 0 1 1 0 0 0 1 0 0 0 0 1 0 0 0 0 0 0 1 0 0 1 1 1 1 0 1 1 1 0 1 0 0 0 0 0 0 1 0 0 1 1 0 1 0 0 0 0 0 1 1 0 0 0 1 0 1 0 0 0 0 0 0 1 1 1 1 0 1 1 0 1 1 0 0 1 0 0 0 0 0 1 1 0 1 1 0 1 1 0 1 0 43
1 0 0 1 1 1 0 1 1 1 1 0 1 0 0 0 0 0 1 1 0 1 0 0 0 1 1 1 0 0 0 0 1 0 1 0 0 1 1 1 1 0 0 0 0 0 0 0 1 0 1 0 0 0 0 0 0 1 1 1 0 1 1 1 0 0 0 0 1 0 0 1 0 1 1 1 1 1 0 1 0 1 0 1 1 1 0 0 1 1 0 0 1 0 0 1 0 0 1 1 47
1 0 0 0 1 0 0 0 0 1 1 1 1 1 1 0 0 0 1 1 0 1 1 0 0 1 0 1 1 0 1 0 1 0 1 0 1 0 1 0 1 0 0 1 1 1 0 0 1 0 1 1 0 0 1 0 0 0 0 1 0 0 1 1 1 0 0 0 0 1 0 1 0 1 0 0 0 1 0 1 0 1 1 1 0 1 0 0 0 1 1 0 1 1 0 1 1 0 1 1 49
1 0 0 1 1 1 0 1 0 1 1 1 0 0 1 0 0 0 1 1 0 1 0 0 0 1 0 0 0 1 0 0 1 0 1 0 1 0 1 0 1 0 0 0 1 1 0 0 1 0 1 1 0 0 0 0 0 0 1 1 0 0 1 0 1 0 1 1 1 0 0 1 0 1 1 0 0 1 0 1 0 0 1 1 0 1 0 0 0 0 1 0 1 1 0 1 1 0 1 1 46
0 0 0 0 1 1 1 1 0 1 1 0 1 0 0 0 0 0 1 1 1 1 0 1 1 1 1 0 1 0 1 0 0 0 1 1 1 1 1 1 1 0 0 0 0 0 0 0 0 1 0 1 0 0 0 0 0 1 1 1 0 1 1 0 0 1 0 0 0 1 1 1 0 1 1 0 1 0 1 0 0 1 1 1 0 1 0 0 0 0 1 1 1 0 0 1 1 0 1 1 50
0 0 0 0 1 1 1 0 0 0 1 0 1 0 1 0 0 0 1 1 0 1 0 0 1 0 1 0 0 0 1 1 1 0 1 1 1 0 1 0 0 0 0 0 1 0 0 0 0 0 1 1 0 0 1 1 0 1 1 1 0 1 1 0 0 1 0 1 1 1 0 1 0 1 0 1 0 1 0 1 1 1 1 1 0 0 0 0 0 1 1 0 1 1 0 1 1 0 1 1 49
1 1 0 0 1 1 1 1 1 1 1 0 0 0 1 0 0 0 1 1 0 0 0 0 1 0 0 1 1 1 1 0 0 0 1 0 1 1 1 0 1 0 0 1 0 0 0 1 0 0 1 1 1 1 1 0 0 1 1 1 0 0 1 0 0 1 0 0 1 1 0 1 1 1 1 1 0 1 1 1 0 1 0 1 0 1 0 0 0 1 1 0 1 0 0 1 1 0 1 1 54
1 1 1 0 1 1 0 1 0 1 1 0 0 0 1 0 0 0 1 1 0 0 0 0 0 1 1 1 1 0 1 0 1 0 1 1 1 0 1 0 1 0 0 0 1 0 0 0 1 0 0 1 0 1 1 0 0 1 1 1 0 0 1 0 1 1 0 0 0 1 0 1 1 1 1 1 0 1 0 1 0 1 0 1 1 1 0 0 0 1 1 0 1 0 0 1 1 0 1 1 52
0 0 0 1 1 0 0 1 1 1 1 0 1 0 0 0 0 1 1 1 0 1 1 0 0 0 0 0 1 1 1 1 1 0 1 1 0 1 1 1 1 0 0 0 0 1 1 1 1 1 1 1 0 0 1 0 0 1 1 1 0 1 1 0 0 0 1 0 1 0 0 1 0 1 1 0 0 1 0 1 1 1 1 1 0 1 0 0 1 1 1 1 1 1 0 1 1 0 1 1 58
0 0 0 0 1 1 0 1 0 1 1 0 1 1 1 0 0 0 1 1 0 1 1 0 0 1 1 0 1 1 0 0 1 0 0 0 0 0 0 0 1 0 0 0 1 0 1 0 0 0 1 1 0 1 0 0 0 1 0 1 0 1 1 1 0 1 0 0 1 1 0 1 1 1 1 1 1 1 0 1 0 1 1 1 0 1 0 0 0 1 1 0 1 1 0 1 1 1 1 1 52
0 0 0 0 1 1 1 1 0 1 1 0 1 0 0 0 0 0 0 1 1 1 1 0 1 0 0 1 0 1 1 1 1 0 1 0 1 1 1 1 0 0 0 0 1 0 0 0 0 1 1 1 0 0 1 0 0 1 1 1 0 1 1 0 0 0 0 0 0 1 1 1 0 1 1 0 0 1 0 1 1 0 0 1 0 0 0 0 0 0 0 0 1 0 0 1 1 0 1 1 46
1 0 0 1 1 1 1 1 0 1 1 0 0 0 1 0 1 1 1 1 0 1 0 0 0 1 1 0 1 1 0 1 1 0 1 1 1 1 1 0 0 0 0 0 1 0 0 0 0 1 1 1 0 0 1 0 0 0 1 1 0 1 1 0 0 0 0 0 0 1 1 1 1 1 1 1 1 1 0 0 0 0 1 1 0 1 0 0 0 1 1 0 1 1 0 1 1 1 1 1 55
0 0 0 0 1 1 1 1 0 1 1 0 1 0 0 0 0 0 1 1 0 0 0 0 0 1 1 1 1 0 1 0 1 0 1 0 1 0 1 0 0 0 0 0 0 0 0 0 0 0 0 0 0 1 1 0 0 1 1 1 0 1 1 0 1 0 1 0 1 1 1 1 1 1 1 1 0 1 0 1 1 1 1 1 0 1 0 0 1 0 1 0 1 1 0 1 1 0 1 1 50
1 1 0 0 1 1 0 1 0 1 1 1 1 1 1 0 0 0 1 1 0 1 0 0 0 0 1 1 0 1 0 1 1 0 1 1 1 1 1 0 1 0 0 0 0 1 0 0 0 1 1 1 1 0 1 1 0 1 0 1 1 1 1 1 1 0 1 1 1 0 0 1 0 1 1 1 0 1 0 1 0 1 1 1 0 0 0 0 0 1 0 0 1 0 0 1 1 0 1 1 57
1 0 0 1 1 1 0 1 1 1 1 0 0 0 1 0 0 1 1 1 1 1 0 0 1 0 1 0 0 1 0 1 0 0 1 0 0 0 1 1 0 0 0 0 1 0 0 0 0 0 1 1 1 0 1 0 0 1 1 1 1 1 1 1 0 0 1 0 1 1 1 1 1 1 0 1 1 1 1 1 0 1 0 1 0 1 0 0 0 1 0 1 1 1 1 1 0 1 1 1 57
0 0 1 0 1 1 0 1 0 1 1 1 0 0 1 0 1 0 0 1 0 0 0 0 0 1 1 1 1 0 0 0 0 1 1 1 0 0 1 0 0 0 0 0 1 0 0 0 1 1 1 1 0 0 0 0 0 1 1 1 0 0 1 0 0 1 0 0 0 1 1 1 0 1 1 1 0 1 1 1 0 0 1 1 1 0 0 0 0 0 1 0 1 1 0 1 1 0 1 1 47
0 0 0 0 1 1 0 1 0 1 1 0 1 0 1 0 0 1 1 0 0 0 0 0 0 0 1 1 1 1 1 0 0 0 1 0 1 0 1 0 1 0 0 0 1 0 0 0 1 1 1 1 0 0 1 0 0 1 1 1 0 1 1 1 0 0 0 0 0 0 1 1 1 1 1 0 1 1 0 1 0 1 0 1 1 0 0 0 0 1 1 0 1 0 0 0 1 1 1 1 48
0 0 0 1 1 1 1 1 1 1 1 0 1 0 0 0 1 0 1 1 1 1 0 0 0 0 0 0 0 1 1 1 1 0 1 0 0 0 1 0 1 0 0 0 1 0 0 0 0 1 1 0 1 1 1 0 0 1 1 1 0 1 1 0 0 0 0 0 0 0 0 0 1 1 1 1 1 1 0 1 0 0 0 1 0 1 0 0 0 1 1 0 1 0 0 1 0 0 1 1 47
0 0 0 1 1 1 1 1 0 1 1 0 1 0 0 0 0 0 1 1 0 1 1 0 0 0 1 1 0 1 1 0 0 0 1 1 1 0 0 0 0 0 0 0 1 0 0 0 0 0 1 1 1 1 1 0 0 1 1 0 0 1 1 0 1 0 0 1 0 0 0 1 1 1 1 1 0 1 0 1 0 1 0 1 0 0 0 0 0 1 1 0 1 0 0 0 1 0 1 1 46
1 0 0 1 1 1 1 1 0 1 1 1 0 0 0 0 0 0 1 1 0 1 1 0 0 1 0 1 0 1 1 0 0 1 1 1 0 1 1 0 0 0 0 0 0 0 1 0 0 1 1 1 1 1 1 0 0 1 1 0 0 0 1 0 0 1 1 0 1 1 1 1 0 1 1 1 1 1 0 0 1 0 1 1 0 1 0 0 0 0 0 1 1 0 0 1 1 1 1 1 54
0 0 0 0 0 1 0 1 0 1 1 0 1 0 1 0 0 0 1 0 0 1 1 0 0 1 0 1 1 0 1 0 1 0 1 0 1 0 0 0 1 0 0 1 0 1 0 0 1 0 1 1 1 0 1 0 0 1 1 1 0 0 1 0 1 0 0 1 1 1 0 1 0 1 1 1 1 1 0 1 1 1 1 1 1 0 0 0 1 0 1 1 1 0 0 1 1 0 1 1 52
1 1 0 1 1 1 0 1 0 1 1 1 1 0 1 0 0 0 1 1 0 1 0 0 0 0 1 1 1 0 0 0 1 0 1 1 1 0 0 1 0 0 0 0 1 0 0 1 0 0 1 1 0 0 0 0 0 1 1 1 0 0 1 0 0 1 0 0 1 1 0 1 1 1 1 1 1 1 0 0 1 0 0 1 0 0 0 0 0 1 0 0 1 0 0 1 1 0 1 1 48
1 0 0 1 0 0 0 1 0 1 1 0 1 0 1 0 0 0 1 1 0 0 0 0 0 1 0 1 0 1 0 0 0 0 1 1 1 0 0 0 0 0 0 0 1 0 0 0 0 0 1 1 1 0 0 0 0 1 1 1 1 1 1 1 0 1 0 0 0 1 0 1 0 1 1 1 1 1 0 1 1 1 0 1 1 1 0 0 0 1 1 0 1 0 0 1 1 0 1 1 47
1 0 0 0 1 1 1 1 0 1 1 0 0 0 1 1 0 0 1 1 0 1 1 0 0 1 0 0 1 1 1 0 1 0 1 1 1 0 0 0 0 1 0 0 0 1 0 0 1 0 1 1 1 0 1 0 0 0 1 0 0 0 1 1 0 0 0 0 0 1 1 1 1 1 1 0 0 1 0 0 0 0 1 0 0 1 0 1 1 1 1 0 1 0 0 1 1 0 1 1 49
1 0 0 1 0 1 0 0 1 1 1 1 1 0 0 0 0 0 1 1 1 0 1 0 0 1 0 1 1 1 0 0 0 0 0 0 1 0 0 0 1 0 0 0 0 0 1 0 0 0 1 1 0 0 1 0 0 1 1 1 0 0 1 1 0 0 0 1 1 1 1 1 0 1 1 0 1 1 0 1 0 0 1 1 0 1 0 0 0 1 1 0 1 0 0 1 0 1 1 1 47
1 1 0 0 1 1 0 1 0 1 1 0 1 0 1 0 0 0 1 1 0 1 0 1 0 1 0 1 1 1 1 1 0 0 1 1 1 1 1 0 0 0 0 0 1 0 0 0 1 1 1 1 0 0 1 0 1 1 1 1 0 1 1 1 1 0 0 0 1 1 0 1 1 1 1 1 1 1 0 1 0 1 1 1 0 1 0 0 0 0 1 0 1 0 0 1 0 0 1 1 57
1 0 0 0 1 1 0 1 0 1 1 0 0 0 0 0 0 0 1 1 1 1 0 0 0 1 1 0 1 1 0 0 0 0 1 0 1 1 1 0 1 0 0 0 1 0 0 1 0 1 0 1 1 0 1 0 0 1 1 1 0 0 1 0 0 0 0 0 1 0 1 1 0 1 1 1 0 1 0 1 0 1 1 1 0 0 0 0 0 1 1 0 0 1 0 0 1 0 1 1 46
0 1 0 1 1 1 1 1 0 1 1 0 1 0 1 0 0 0 1 1 0 0 0 0 1 1 1 1 0 1 1 0 1 0 1 1 1 1 1 1 0 0 0 1 1 0 1 0 1 1 1 1 0 0 0 1 0 1 1 0 1 1 1 1 1 1 1 0 1 1 1 1 1 1 1 0 1 1 0 1 0 1 1 1 0 0 0 0 0 1 0 0 1 1 0 1 0 0 1 1 61
0 0 0 1 1 1 0 1 0 1 1 0 1 0 0 0 0 1 1 1 0 0 0 1 0 1 1 1 1 1 1 0 0 0 1 0 0 1 0 1 1 0 0 0 0 0 0 0 1 0 0 1 0 0 1 0 0 1 0 1 0 1 1 0 1 0 1 0 1 1 0 0 0 1 1 1 1 1 0 0 0 0 1 1 0 1 0 0 1 1 0 0 1 1 0 0 1 0 1 1 47
0 0 0 0 1 1 1 1 0 1 1 1 1 0 0 0 0 0 1 1 1 1 0 1 1 1 1 1 0 0 1 1 1 0 1 0 0 0 1 0 0 0 0 0 1 0 0 0 0 0 1 1 1 1 1 0 0 1 1 0 0 1 1 0 0 0 1 0 1 0 0 1 1 0 1 0 0 1 0 1 1 1 0 1 1 1 0 0 0 0 1 0 1 0 0 1 1 0 1 1 50
0 0 0 1 1 1 1 1 0 1 1 0 1 0 0 0 0 0 1 1 1 1 0 1 1 0 1 1 1 0 0 1 1 0 1 0 1 1 1 0 1 0 0 0 1 1 0 0 0 1 0 0 0 1 1 0 0 1 1 0 0 0 1 0 0 0 0 1 0 1 0 1 0 1 1 1 0 1 0 1 0 1 1 1 1 0 0 0 1 1 1 0 1 0 0 0 1 0 1 0 50
0 0 0 1 1 1 1 1 1 1 1 0 0 0 1 0 0 0 0 1 1 1 0 0 0 0 0 1 1 0 1 1 0 0 0 0 1 0 0 0 1 1 0 1 1 0 0 0 1 0 1 1 1 0 0 1 0 0 1 0 1 1 1 1 0 0 1 0 1 0 0 0 0 1 1 1 1 1 0 1 1 0 0 1 1 1 0 0 0 1 0 0 1 0 0 1 1 0 1 1 49
1 0 0 1 1 1 1 0 0 1 1 0 0 1 1 0 0 0 0 0 0 1 1 1 0 0 0 0 0 1 0 1 1 0 1 0 1 1 1 0 0 0 0 0 1 1 0 0 1 1 1 1 0 0 1 0 0 1 1 0 0 1 1 0 1 0 0 0 1 1 0 1 1 1 1 0 0 1 0 0 0 1 0 1 1 1 0 0 0 1 1 0 1 0 1 1 1 0 1 1 50
1 0 0 0 1 1 0 1 0 1 1 0 1 0 1 0 0 0 1 1 0 0 0 0 0 0 1 0 0 1 1 0 1 0 1 1 1 0 1 0 1 0 0 0 0 0 0 0 1 0 1 1 0 0 1 0 0 1 1 1 0 1 1 0 1 0 0 0 1 1 0 1 1 1 1 1 1 1 0 1 1 0 0 1 0 0 0 0 0 0 1 0 1 0 0 1 1 1 1 1 48
1 0 0 1 0 1 1 1 0 1 1 0 0 1 1 0 0 0 1 1 1 1 0 0 0 0 1 0 1 1 0 0 1 0 1 0 1 1 1 0 1 0 0 0 1 0 0 0 0 0 1 0 0 1 0 0 0 1 1 1 0 0 1 0 0 0 0 1 1 0 0 1 0 1 1 0 0 1 0 1 1 1 1 1 0 0 0 0 0 0 1 1 1 1 0 1 0 1 1 1 48
1 0 0 1 1 1 1 1 0 1 1 0 0 0 1 1 0 0 1 1 1 1 0 0 0 1 1 0 0 1 1 0 1 0 1 0 0 0 1 0 0 0 0 0 1 0 0 1 0 0 0 1 0 0 0 0 0 1 1 0 0 0 1 0 1 0 0 0 0 1 1 1 0 1 1 0 1 1 0 1 1 1 1 1 0 1 0 0 1 0 1 0 0 1 0 1 0 0 1 1 47
1 0 0 0 1 1 1 1 1 1 1 0 1 0 1 0 0 0 1 1 0 1 0 0 1 0 0 1 1 1 0 1 0 0 1 0 1 1 1 0 1 0 0 1 0 0 0 0 0 1 1 1 0 0 0 0 0 1 1 1 0 0 1 1 0 1 0 0 0 0 0 1 1 1 1 1 1 1 0 1 1 0 1 1 1 0 0 0 0 0 1 1 1 0 0 1 1 0 0 1 51
0 0 0 0 1 1 1 1 0 1 1 0 1 0 1 0 0 0 1 1 0 1 0 0 1 0 1 1 1 1 0 1 1 0 1 0 1 1 0 0 0 0 0 0 1 0 0 0 0 0 1 1 1 0 1 0 0 0 1 1 0 1 1 0 1 0 0 1 0 1 1 1 1 1 1 0 0 1 0 1 0 0 1 1 0 0 1 0 0 0 0 0 0 1 0 1 1 0 1 1 48
0 0 0 0 1 1 1 1 0 1 1 0 1 0 1 0 0 0 1 1 0 1 0 0 0 0 1 0 1 1 0 0 1 0 1 0 0 0 0 1 1 0 0 0 1 0 0 0 0 1 1 1 0 0 1 0 0 1 1 1 0 1 1 0 1 1 0 0 1 1 0 1 0 1 1 1 1 1 0 1 1 1 1 1 0 0 0 0 0 0 0 0 1 1 0 1 1 0 1 1 49
1 0 0 1 1 1 0 1 1 1 1 0 1 0 0 0 0 0 1 1 0 0 0 0 1 1 1 1 1 1 0 1 0 0 1 1 0 0 1 0 1 0 0 0 0 0 0 0 0 0 1 1 1 1 1 0 0 0 0 1 0 1 1 0 1 0 0 0 1 0 0 1 1 1 1 1 1 1 0 1 0 0 1 1 0 0 0 0 1 0 0 0 0 1 0 1 0 1 1 1 48
0 0 0 0 1 1 0 0 0 1 1 0 1 1 1 0 0 0 1 1 0 1 1 0 0 1 1 1 1 1 1 0 1 1 1 0 1 0 1 1 0 0 0 1 0 0 0 0 1 1 1 1 1 0 0 0 0 1 1 1 0 0 1 1 0 0 0 1 1 1 0 1 0 1 1 1 1 1 0 1 1 1 0 1 0 0 0 0 0 0 1 0 1 0 0 0 0 0 1 1 51
1 0 0 1 1 1 1 1 0 1 1 0 1 0 1 0 0 0 1 1 0 1 1 0 1 1 0 0 1 1 1 0 1 0 1 0 0 1 1 1 1 1 0 0 0 0 0 0 1 1 1 0 0 0 1 0 0 1 1 0 1 0 1 0 1 0 0 0 1 0 1 1 0 1 1 1 1 1 0 1 0 1 1 1 0 1 0 0 0 1 1 1 1 1 0 1 1 0 1 1 57
0 0 0 1 1 1 1 1 0 1 1 0 1 1 1 0 0 0 1 1 0 1 0 1 0 1 1 0 1 1 1 1 0 0 1 0 0 0 0 0 0 0 0 0 0 1 0 0 1 1 1 0 1 1 1 0 0 1 1 1 0 0 1 0 0 0 0 1 1 0 1 1 0 1 1 1 0 1 0 1 0 1 1 1 0 1 0 0 0 1 1 1 1 0 0 0 1 0 1 1 52
1 1 0 0 1 1 1 1 0 1 1 0 0 0 1 0 0 0 1 1 0 1 1 0 1 0 1 0 0 0 0 1 1 0 1 1 0 1 1 1 0 0 0 0 1 1 0 1 0 0 1 1 0 1 0 0 0 0 1 1 0 0 1 0 1 0 1 0 0 1 1 1 1 1 1 1 0 1 0 1 0 1 1 1 0 1 0 0 1 1 0 0 1 1 0 1 1 1 1 1 55
116 33 22 103 188 179 120 173 47 188 199 28 135 36 116 26 13 33 184 174 43 116 75 49 45 111 147 93 142 141 128 75 119 13 193 87 120 82 126 67 89 12 7 39 121 42 40 26 102 80 165 160 76 49 140 13 7 174 160 152 36 90 196 79 101 56 43 55 142 122 69 182 95 194 182 126 105 194 13 164 86 107 132 192 56 92 5 11 35 106 134 37 179 79 10 150 177 40 196 193 10000
