0 0 0 0 0 0 0 0 0 0 0 0 0 0 0 0 0 0 0 0 0 0 0 0 0 0 0 0 0 0 0 0 1 0 0 0 0 0 0 0 0 0 0 0 0 0 0 0 0 0 1
0 0 0 0 0 1 0 0 0 0 0 0 0 0 0 0 0 0 0 0 0 0 0 0 0 0 0 0 0 0 0 0 0 0 0 0 0 0 0 0 0 0 0 0 0 0 0 0 0 0 1
0 0 0 0 0 0 0 0 0 0 0 0 0 0 0 0 0 0 0 0 0 0 0 0 0 0 1 0 0 0 0 0 0 0 0 0 0 0 0 0 0 0 0 0 0 0 0 0 0 0 1
0 0 0 0 0 0 0 0 0 0 0 0 0 0 0 0 0 0 0 0 0 0 0 0 0 0 0 0 0 0 0 0 1 0 0 0 0 0 0 0 0 0 0 0 0 0 0 0 0 0 1
0 0 0 0 0 0 0 0 0 0 0 0 0 0 0 0 0 0 0 0 0 1 0 0 0 0 0 0 0 0 0 0 0 0 0 0 0 0 0 0 0 0 0 0 0 0 0 0 0 0 1
0 0 0 0 0 0 0 0 0 0 0 0 0 0 0 0 0 0 0 0 0 0 0 0 0 0 0 0 0 0 0 0 0 0 0 1 0 0 0 0 0 0 0 0 0 0 0 0 0 0 1
0 0 0 0 0 0 0 0 0 0 0 0 0 0 0 0 1 0 0 0 0 0 0 0 0 0 0 0 0 0 0 0 0 0 0 0 0 0 0 0 0 0 0 0 0 0 0 0 0 0 1
0 0 0 0 0 0 0 0 0 0 0 0 0 0 0 0 0 0 1 0 0 0 0 0 0 0 0 0 0 0 0 0 0 0 0 0 0 0 0 0 0 0 0 0 0 0 0 0 0 0 1
0 0 0 0 0 0 0 0 0 0 0 0 0 0 0 0 0 0 0 0 0 0 0 0 0 0 0 0 0 0 0 0 0 0 0 0 0 0 0 0 0 0 0 0 0 0 0 0 1 0 1
0 0 0 0 0 0 0 0 0 0 0 0 0 0 0 0 1 0 0 0 0 0 0 0 0 0 0 0 0 0 0 0 0 0 0 0 0 0 0 0 0 0 0 0 0 0 0 0 0 0 1
0 0 0 0 0 0 0 0 0 0 0 0 0 0 0 0 0 0 0 0 0 0 0 0 0 0 0 0 1 0 0 0 0 0 0 0 0 0 0 0 0 0 0 0 0 0 0 0 0 0 1
0 0 0 0 0 0 0 0 0 0 0 1 0 0 0 0 0 0 0 0 0 0 0 0 0 0 0 0 0 0 0 0 0 0 0 0 0 0 0 0 0 0 0 0 0 0 0 0 0 0 1
0 0 0 0 0 0 0 0 0 0 0 0 0 0 0 0 0 0 0 0 0 0 0 0 0 0 0 0 0 0 0 0 0 0 0 0 1 0 0 0 0 0 0 0 0 0 0 0 0 0 1
0 0 0 0 0 0 0 0 0 1 0 0 0 0 0 0 0 0 0 0 0 0 0 0 0 0 0 0 0 0 0 0 0 0 0 0 0 0 0 0 0 0 0 0 0 0 0 0 0 0 1
0 0 0 0 0 0 0 0 0 0 0 0 0 0 0 0 0 0 0 0 0 0 0 0 0 0 0 0 1 0 0 0 0 0 0 0 0 0 0 0 0 0 0 0 0 0 0 0 0 0 1
0 0 0 0 0 0 0 0 0 0 1 0 0 0 0 0 0 0 0 0 0 0 0 0 0 0 0 0 0 0 0 0 0 0 0 0 0 0 0 0 0 0 0 0 0 0 0 0 0 0 1
0 0 0 0 0 0 0 0 0 0 0 0 0 0 0 0 0 0 0 0 0 0 0 0 0 0 1 0 0 0 0 0 0 0 0 0 0 0 0 0 0 0 0 0 0 0 0 0 0 0 1
0 0 0 1 0 1 1 0 1 1 0 1 1 1 1 1 0 0 1 0 0 0 1 0 0 0 0 0 0 0 0 1 1 0 0 0 0 0 0 1 0 1 1 0 0 0 1 0 0 1 19
0 0 0 0 0 1 0 1 1 1 0 0 0 0 0 0 0 0 0 1 0 1 0 0 0 1 0 1 0 0 0 1 0 0 0 0 1 0 0 0 0 1 1 1 1 0 0 1 0 1 16
1 0 1 1 1 1 0 0 1 0 1 0 0 0 0 1 0 1 1 0 1 1 1 1 0 1 0 1 0 0 1 1 1 0 0 0 1 0 1 0 1 0 1 0 0 0 1 0 1 0 25
0 0 1 1 1 1 1 0 1 0 0 1 1 1 1 0 0 0 0 0 0 0 1 0 0 1 1 0 0 0 1 0 0 0 0 0 0 1 0 1 1 0 0 0 0 1 0 0 0 0 18
0 0 0 1 1 0 1 0 1 0 1 1 0 1 1 0 0 1 0 1 1 1 1 0 0 1 0 0 1 1 1 0 0 0 1 1 1 0 0 1 1 1 0 1 0 0 0 0 0 1 25
1 1 0 1 1 1 0 0 1 0 0 0 1 0 0 0 0 0 1 1 1 1 1 1 0 1 0 0 1 1 1 0 0 0 1 1 1 0 0 1 0 0 1 0 1 0 0 1 0 0 24
0 0 1 0 1 0 1 0 1 1 0 0 0 1 0 0 0 0 1 1 1 0 0 0 1 0 1 1 1 1 0 0 0 0 0 1 0 0 0 1 1 1 0 0 0 1 1 0 1 1 22
0 1 0 0 1 0 1 0 1 1 1 0 1 0 1 0 1 1 1 1 0 1 1 0 1 0 0 1 1 0 1 0 0 0 1 0 1 0 0 1 1 1 1 1 1 1 0 1 1 1 30
1 0 0 1 1 1 0 0 0 1 0 0 0 1 0 1 1 0 1 0 0 0 0 1 1 0 1 1 0 1 1 1 1 0 0 0 0 0 0 1 1 0 0 1 1 1 0 0 1 0 23
0 1 0 1 1 1 1 1 0 1 0 1 0 1 1 0 1 1 0 1 0 0 0 1 1 0 0 0 1 1 0 1 0 0 0 0 0 0 0 1 1 0 0 1 1 1 1 1 0 1 26
0 1 1 0 1 1 0 0 0 1 0 0 0 0 0 1 1 0 1 1 0 0 0 1 1 1 1 1 0 0 1 0 1 1 0 1 1 1 1 1 1 1 0 0 0 1 1 0 0 1 27
1 1 0 0 0 0 1 1 0 1 1 0 0 0 1 1 0 1 1 0 0 1 1 1 0 1 1 0 0 0 0 0 1 1 0 0 0 1 0 0 0 1 0 0 1 0 0 1 0 1 22
1 0 1 1 0 0 1 0 0 0 0 1 1 0 1 1 0 1 1 1 0 0 0 1 1 0 0 1 0 0 0 1 1 1 0 0 1 1 1 1 0 1 1 0 1 0 1 1 0 1 27
1 0 1 1 1 0 1 1 0 0 0 1 1 1 0 1 1 0 0 1 0 0 0 1 0 1 1 0 0 0 0 1 1 1 0 0 0 0 0 1 0 1 0 0 1 0 1 0 0 0 22
1 0 0 0 1 0 1 1 1 1 1 0 1 0 0 0 0 1 1 0 1 1 1 0 0 1 1 0 1 0 1 0 1 0 1 1 1 1 0 0 0 0 0 0 0 0 0 1 1 1 25
0 1 1 0 0 0 1 0 0 0 1 1 0 1 0 1 0 0 0 1 1 0 0 1 1 1 1 0 0 0 0 0 0 1 0 1 1 1 1 1 0 1 1 0 1 1 1 0 0 0 24
1 0 0 0 0 0 0 0 1 0 0 0 0 0 1 1 0 1 1 0 0 1 1 0 0 1 1 1 0 0 1 0 1 1 1 1 0 1 1 0 0 1 0 1 1 0 0 1 0 1 23
1 1 0 0 0 1 1 1 0 1 0 1 1 1 0 1 0 0 0 1 0 1 1 1 1 1 1 0 1 1 0 1 1 0 1 0 0 0 1 0 1 0 0 0 1 0 0 0 0 1 26
0 0 0 0 1 0 0 1 0 0 1 1 1 1 1 0 0 1 1 1 0 1 0 1 1 0 0 0 1 0 0 1 1 1 1 1 1 1 1 1 0 0 0 1 0 1 0 1 1 1 28
0 0 1 0 0 0 1 1 0 0 1 0 1 1 1 1 1 1 1 1 1 1 0 1 0 0 0 0 0 1 1 1 1 1 0 0 0 1 1 0 0 0 0 1 0 1 0 0 1 0 25
0 0 0 1 1 1 0 1 0 0 1 1 0 1 0 0 0 0 1 0 0 1 1 0 1 1 0 0 0 1 0 0 1 0 0 0 0 1 0 0 1 0 0 1 1 0 1 0 1 0 20
1 1 0 0 0 1 0 0 0 0 1 0 1 0 0 0 0 1 0 1 1 0 0 1 1 0 0 0 0 0 0 0 1 1 1 0 1 1 1 0 1 1 0 0 1 0 0 0 0 1 20
1 1 1 0 1 1 1 0 0 1 1 0 0 1 1 1 0 0 0 0 1 1 1 1 1 0 1 0 1 0 1 0 0 1 0 1 1 0 0 1 0 0 0 0 0 1 1 0 1 0 26
0 1 1 1 0 1 1 1 1 1 0 1 1 1 1 1 1 0 1 0 1 1 1 0 0 1 1 1 0 0 1 1 1 0 0 0 0 0 0 1 0 0 1 1 0 1 0 0 0 1 29
0 1 0 0 1 1 0 1 1 0 1 0 0 0 0 0 0 0 0 1 0 0 1 0 0 0 1 1 1 1 0 1 1 0 0 1 1 0 0 0 1 1 1 0 0 0 1 0 0 1 21
1 0 0 0 0 0 0 0 0 0 1 1 0 1 1 1 0 0 1 1 0 1 0 0 0 0 1 0 0 0 1 0 0 1 1 1 1 1 1 1 1 1 0 0 0 1 1 1 0 1 24
1 0 0 1 1 0 0 1 0 1 1 0 1 1 1 1 1 1 0 0 0 1 0 1 1 0 0 1 1 1 0 1 0 1 0 1 1 1 0 1 0 0 0 0 0 1 0 1 0 0 26
1 1 0 1 1 1 0 1 1 1 1 0 1 0 1 1 1 1 0 1 0 1 0 1 0 0 0 1 1 1 1 1 0 0 0 0 1 1 0 0 0 1 0 1 1 0 1 1 1 1 31
1 0 0 1 0 1 0 0 1 1 0 0 1 1 0 1 0 0 1 1 1 0 0 1 1 0 1 1 0 0 0 0 0 0 0 0 1 1 1 1 1 1 1 0 0 1 1 0 1 0 25
0 0 1 1 0 1 1 1 1 0 1 1 1 0 1 1 1 0 0 0 1 1 0 1 1 1 1 1 0 0 1 1 1 0 0 0 0 0 1 0 0 0 1 1 0 1 0 1 0 0 27
0 0 0 1 0 1 1 0 0 1 0 0 0 0 0 0 0 1 0 0 0 1 1 1 0 1 1 0 1 0 0 0 1 1 0 1 0 1 1 0 0 0 0 1 0 1 1 0 0 0 19
0 0 1 0 1 0 0 0 0 1 1 1 1 0 1 0 0 1 1 0 1 1 0 0 0 1 1 0 0 1 0 1 0 1 1 0 0 1 1 1 1 0 1 1 0 0 0 1 0 1 25
1 0 1 1 1 0 0 0 0 0 0 1 0 1 1 0 1 1 0 0 0 1 0 1 1 0 0 1 1 1 0 1 0 0 0 0 1 1 1 0 0 0 1 1 0 0 1 1 0 1 24
0 1 1 1 1 0 1 1 0 0 0 1 0 0 1 1 0 0 1 0 0 1 1 1 0 1 0 0 1 0 1 0 0 0 1 0 0 0 0 1 1 0 0 1 1 1 1 0 1 1 25
0 0 0 0 1 1 0 0 0 1 0 1 0 0 1 0 1 1 0 0 0 0 0 0 1 0 0 1 1 1 0 1 0 1 1 0 1 1 1 0 0 0 1 1 1 0 0 0 1 1 22
1 0 0 1 0 0 0 1 0 1 1 1 0 1 1 0 1 0 1 1 0 1 1 0 0 1 0 1 1 1 1 1 0 1 0 1 0 1 0 1 1 0 0 0 1 1 1 0 0 0 27
1 1 0 1 1 1 1 0 0 1 0 1 1 1 1 0 1 1 0 1 1 1 0 1 1 0 1 1 0 0 1 0 0 0 0 1 1 0 1 1 0 1 1 1 1 0 0 1 0 0 30
0 1 0 0 0 0 1 0 1 1 0 0 0 1 0 0 0 0 1 0 1 0 1 0 1 0 1 1 0 1 0 1 1 0 0 0 1 1 0 1 0 1 0 0 0 0 1 0 0 1 20
0 0 1 1 0 1 0 0 1 0 0 0 0 1 0 1 0 0 1 1 0 0 1 1 0 1 0 1 0 0 1 0 0 0 1 1 0 0 1 1 0 1 0 1 0 0 0 1 0 0 20
0 1 1 1 0 0 0 1 0 0 1 0 1 0 1 1 0 0 1 1 1 1 0 1 1 1 0 1 1 0 0 1 1 0 0 0 1 1 1 1 1 1 0 0 1 0 0 0 0 1 27
0 1 0 1 1 0 0 0 0 1 0 1 0 1 1 1 0 1 0 1 1 0 1 0 1 0 1 1 0 1 0 1 0 0 0 1 0 1 0 1 1 0 0 1 1 1 0 0 1 0 25
0 0 0 0 0 0 1 1 0 0 0 1 0 0 1 1 1 1 1 1 0 0 0 0 1 0 1 1 1 0 0 1 0 1 0 1 1 1 0 0 1 0 0 1 0 0 0 0 1 1 22
0 1 1 1 1 0 0 0 0 1 0 1 1 0 0 1 1 1 1 1 1 0 0 0 0 1 0 0 1 1 1 1 0 1 0 0 1 0 0 1 1 0 0 0 1 1 1 0 0 0 25
1 1 1 1 1 1 1 1 0 1 1 1 1 0 0 0 1 1 1 0 0 1 0 0 0 0 1 0 1 0 0 0 1 1 1 1 1 1 1 1 0 1 0 0 1 0 0 0 0 1 29
0 1 1 1 1 0 0 0 0 1 0 0 0 1 1 1 0 0 0 1 1 0 1 0 0 0 0 1 1 1 0 1 1 1 1 0 1 0 1 1 1 1 0 0 1 0 1 0 0 0 25
1 1 0 0 0 1 1 1 0 1 0 1 1 0 0 1 1 0 1 1 0 0 1 0 0 1 1 1 0 0 0 0 1 1 0 0 0 1 0 0 0 1 1 1 1 0 1 1 1 1 27
1 1 1 0 1 1 1 0 1 1 0 1 1 0 0 0 1 1 1 0 0 1 1 1 1 1 0 1 1 1 0 0 0 0 0 1 1 1 0 0 0 0 1 0 1 1 0 0 0 1 28
1 0 1 1 1 1 1 1 0 1 1 0 1 1 1 0 0 0 1 0 1 1 1 1 1 0 1 1 1 0 0 0 0 0 0 1 1 1 1 0 1 0 1 0 0 0 0 0 0 0 27
1 1 0 0 0 0 0 1 0 1 0 1 0 0 0 1 1 0 1 0 1 1 1 1 0 0 1 1 0 1 1 0 1 0 1 1 0 0 1 0 1 1 1 0 1 0 0 1 1 0 26
1 1 1 0 1 0 0 0 0 0 1 1 0 1 1 0 0 1 1 0 0 1 0 0 0 0 1 1 0 0 1 1 1 0 1 1 0 0 0 0 0 1 1 1 0 1 1 1 1 1 26
1 0 1 0 0 1 0 1 1 1 1 1 0 1 0 1 0 1 1 1 0 1 0 0 1 0 0 1 0 0 1 0 1 0 0 0 1 1 0 1 1 1 1 0 0 1 1 1 1 1 29
1 0 1 1 1 1 0 0 0 0 1 1 1 1 0 0 0 1 1 1 1 0 0 1 0 0 1 1 0 1 1 1 0 0 1 1 1 1 0 1 0 1 0 0 0 1 0 1 1 1 29
1 1 0 0 0 0 1 1 1 1 1 0 0 1 0 1 1 0 1 1 0 1 1 0 0 0 1 1 1 0 1 0 1 0 0 0 0 0 1 1 1 1 1 1 1 0 1 1 0 0 28
1 0 1 0 0 1 1 1 0 1 0 0 0 1 0 1 1 0 1 1 0 0 1 1 1 1 0 0 0 0 1 1 1 1 1 1 1 1 0 1 0 0 0 0 1 0 1 0 0 0 26
1 1 0 0 0 0 1 1 1 0 0 0 0 1 0 0 0 1 1 1 0 0 1 1 1 1 0 1 1 1 0 1 1 1 0 1 0 1 0 1 0 1 0 0 1 1 1 1 0 1 28
1 0 1 1 1 0 1 0 0 0 1 0 1 1 1 1 1 0 0 0 0 0 0 0 1 0 0 0 1 1 0 0 0 1 1 0 0 1 0 1 0 0 0 1 0 1 1 1 0 1 23
1 0 1 0 1 1 0 1 1 0 1 0 1 1 1 1 1 1 1 1 0 0 1 1 0 1 0 1 1 1 0 0 0 0 0 1 0 1 0 0 1 1 1 0 1 1 1 1 1 1 32
1 0 1 0 0 0 0 0 0 0 0 1 0 0 0 1 1 1 0 0 1 0 1 1 1 1 1 0 0 1 0 1 1 1 1 0 0 0 1 1 1 1 0 1 0 1 1 1 0 0 25
1 0 0 0 0 1 0 1 0 1 0 0 1 0 0 0 1 0 0 0 0 1 0 0 1 1 0 1 0 1 1 1 1 0 1 1 1 0 1 1 0 1 1 1 0 1 1 0 0 1 25
1 0 0 0 0 0 1 1 1 1 0 0 0 0 0 1 1 0 1 0 1 0 1 1 1 0 1 1 0 1 1 0 1 0 1 0 0 0 1 0 0 0 1 0 1 1 0 0 0 1 23
1 1 1 1 0 1 1 1 1 0 0 1 0 1 0 0 1 0 0 1 1 0 1 1 0 0 0 1 1 1 1 1 1 0 0 0 1 0 0 1 1 0 0 0 0 1 0 0 1 0 26
0 0 0 1 1 0 1 1 0 1 1 0 1 1 1 0 0 0 1 0 0 0 0 1 1 0 1 1 1 0 0 1 1 0 0 0 1 0 0 1 0 1 1 0 1 1 0 1 1 1 26
1 0 1 0 0 1 1 1 0 0 0 1 0 0 0 0 0 0 1 0 1 1 1 0 0 1 1 0 1 1 1 0 1 1 0 1 1 0 1 0 1 1 1 0 0 0 1 1 0 1 26
0 0 1 0 0 1 1 1 0 0 1 1 0 0 1 0 0 0 0 0 1 0 0 0 0 0 0 1 0 1 1 1 1 0 0 1 0 0 1 0 1 1 0 0 0 1 1 0 1 0 20
0 0 0 0 0 1 0 0 1 0 0 0 1 0 0 1 1 1 1 1 1 1 1 0 0 1 1 0 0 1 0 0 1 0 0 1 1 0 0 0 0 0 1 0 0 1 1 0 0 1 21
1 1 0 0 0 0 0 1 1 1 1 1 0 0 0 0 0 0 1 1 0 1 1 0 0 0 0 1 0 1 1 0 0 0 1 1 1 0 0 0 0 0 1 1 1 0 0 1 1 1 23
0 0 0 1 1 0 0 0 0 0 0 1 0 0 1 0 0 0 1 1 0 0 1 1 0 1 0 1 0 1 0 1 1 1 1 0 0 1 0 0 1 0 1 0 1 1 1 0 0 1 22
1 0 1 1 1 0 1 1 0 1 0 1 0 0 1 1 1 1 0 1 1 1 0 1 1 0 0 0 1 0 1 0 1 1 1 0 0 1 0 1 1 0 1 0 0 1 1 0 0 0 28
0 1 1 1 1 0 1 1 0 0 0 1 0 1 0 1 0 0 1 0 1 1 0 0 1 0 0 0 1 1 1 1 1 0 1 1 1 0 0 0 1 0 0 0 1 1 1 0 1 0 26
1 0 0 0 1 1 0 1 0 0 1 1 1 1 0 1 1 0 0 0 0 1 1 0 0 1 1 0 0 1 1 0 1 1 1 1 1 0 1 1 1 1 0 0 1 0 0 1 0 1 28
1 1 1 0 0 0 1 0 1 1 1 1 1 0 1 1 0 0 1 0 1 1 1 1 0 0 1 1 0 1 1 0 1 0 1 1 0 1 1 1 1 0 1 1 1 0 1 0 0 1 32
1 1 1 0 1 1 1 0 1 0 0 0 1 0 1 1 0 0 0 1 1 1 0 0 0 1 0 1 1 1 1 0 1 1 0 0 1 1 0 0 1 1 1 1 1 1 0 1 1 1 31
1 0 0 0 0 0 1 0 0 1 0 1 1 0 0 0 0 1 1 1 1 0 0 0 1 0 1 0 1 0 1 0 1 0 1 1 1 0 1 1 1 0 0 1 0 1 1 0 0 1 24
1 0 0 0 0 1 0 0 1 1 1 0 1 1 1 0 0 0 1 0 1 0 0 0 0 0 0 1 1 1 1 0 0 1 1 0 0 1 1 1 0 1 1 0 1 1 1 1 0 1 26
1 0 1 1 1 1 0 0 0 0 0 1 1 0 0 0 1 0 1 0 1 1 1 1 0 1 0 0 1 0 1 1 1 0 0 1 0 1 0 0 1 1 1 0 1 0 0 1 1 0 26
1 0 1 1 0 0 1 1 0 0 0 1 0 0 1 0 1 1 0 0 1 1 1 0 0 0 1 1 1 0 1 0 0 0 0 1 1 0 0 0 1 0 0 1 0 1 0 1 0 1 23
0 1 0 0 0 0 1 0 1 1 0 1 1 0 1 1 0 1 1 0 1 0 0 1 1 1 0 1 0 1 0 0 0 1 0 0 1 1 1 0 0 1 0 0 1 1 0 1 0 0 24
0 0 1 1 0 0 0 0 1 1 0 1 1 0 1 0 1 0 1 0 1 0 0 1 1 0 1 0 1 0 0 1 0 1 1 1 0 1 1 0 1 1 0 0 0 1 0 0 0 1 24
0 1 1 1 1 1 0 1 1 1 0 0 1 0 1 0 0 1 0 1 0 1 0 0 1 1 1 1 1 1 1 1 0 1 1 0 1 1 1 0 0 0 0 0 1 1 0 1 1 0 30
1 1 0 0 1 1 0 1 0 0 0 1 1 0 0 1 1 1 0 1 1 1 0 1 0 1 0 1 0 0 1 1 0 1 0 1 1 0 1 1 0 0 1 0 1 0 1 0 1 1 28
0 1 0 0 0 0 0 0 0 0 0 0 0 0 1 0 1 1 0 1 1 0 1 1 1 0 0 0 1 1 0 1 0 0 1 0 0 1 0 0 1 1 0 0 1 0 1 1 0 1 20
1 1 0 1 1 0 0 1 1 1 1 1 0 1 1 1 0 0 1 0 1 0 0 1 0 1 1 1 0 1 1 1 0 0 0 1 1 1 1 0 1 1 1 1 0 0 0 1 1 1 32
1 1 1 1 1 0 0 0 0 1 0 1 0 1 1 0 0 0 0 0 0 1 1 0 1 0 1 0 0 1 0 1 0 0 1 0 0 0 1 1 0 0 0 1 1 0 1 0 0 1 22
0 1 1 1 1 1 0 1 1 0 0 1 1 0 1 0 1 1 0 1 1 0 1 1 1 0 1 1 1 0 1 0 1 1 0 1 1 1 0 0 1 0 1 0 0 1 0 1 0 1 31
0 1 1 0 0 1 0 1 0 1 1 1 0 0 0 1 0 0 1 0 0 0 1 0 1 0 1 1 0 0 0 1 0 0 1 1 1 0 1 0 1 0 1 1 1 1 1 0 1 1 26
1 0 0 0 1 0 0 0 1 1 0 1 1 0 0 1 1 0 0 0 0 1 1 1 1 0 0 1 0 0 1 1 0 0 0 1 0 1 0 0 0 1 1 1 0 0 1 0 1 0 22
0 1 1 1 1 1 0 1 1 1 0 1 0 1 1 0 1 0 0 1 1 1 1 1 0 0 0 0 0 0 0 1 1 0 0 0 1 0 1 0 1 1 1 1 0 1 1 1 1 1 30
0 1 0 1 0 1 0 0 1 1 1 1 0 0 1 0 1 1 1 1 0 0 1 1 0 0 0 1 1 1 1 1 0 0 1 1 1 0 0 0 0 1 0 0 1 1 0 1 1 0 27
0 1 0 1 0 1 1 1 0 1 1 1 1 1 1 0 0 0 1 0 0 1 1 0 1 0 0 1 0 0 1 0 1 0 1 0 0 1 1 1 1 0 1 1 0 1 0 0 1 1 28
0 1 1 1 0 1 0 1 0 1 1 1 0 1 1 1 1 0 1 0 0 1 0 1 0 0 0 0 0 0 1 1 0 1 1 0 0 0 0 1 0 0 1 0 0 1 1 0 1 0 24
0 1 0 1 1 1 1 1 0 1 0 0 0 0 1 1 0 1 0 1 0 0 1 1 0 1 1 1 0 0 1 0 0 1 1 0 1 0 0 1 1 1 1 1 1 0 0 0 1 0 27
0 1 1 1 0 1 0 0 0 1 1 1 1 0 0 1 1 1 1 1 0 1 0 1 1 0 0 1 1 1 1 1 0 1 1 1 1 0 1 0 0 1 0 0 1 1 0 0 1 0 30
1 1 1 1 0 0 1 1 0 1 0 0 1 0 0 1 0 1 0 0 1 1 0 0 0 0 1 0 1 1 0 0 1 0 0 1 0 1 0 1 1 0 1 0 0 1 0 0 1 0 23
1 1 1 0 1 1 0 0 0 0 0 1 1 0 0 1 1 1 1 1 1 1 0 1 0 1 0 1 0 1 0 0 0 1 1 1 0 0 1 0 1 1 0 0 1 1 0 0 1 0 27
0 1 1 0 1 1 0 1 1 0 1 0 1 0 0 1 0 0 0 0 0 0 1 0 1 0 1 1 1 1 0 1 1 1 0 1 1 0 0 0 0 0 1 1 1 0 1 0 0 1 25
0 0 0 0 0 1 1 1 1 1 0 1 0 0 1 1 0 0 0 0 0 1 0 0 1 1 0 0 0 1 0 1 1 0 1 0 1 1 1 1 0 1 0 1 1 0 1 0 0 1 24
0 0 1 1 1 1 0 1 1 0 1 1 1 0 1 1 0 0 0 1 1 1 0 0 0 1 0 0 1 1 0 0 1 1 1 0 0 1 0 0 0 0 1 0 1 1 1 1 0 0 26
0 0 1 1 0 0 0 1 0 1 1 1 0 0 1 0 1 1 1 1 0 1 0 1 1 0 0 0 1 0 1 1 0 1 1 0 1 1 0 1 0 0 1 0 1 0 1 0 1 0 26
1 1 1 1 1 1 1 1 0 0 1 0 0 0 0 0 1 1 1 1 0 0 0 0 0 0 0 1 0 0 0 0 1 1 1 0 0 0 1 1 1 1 1 0 0 1 0 0 1 0 24
1 0 0 1 1 1 0 1 1 1 1 0 1 1 1 0 0 1 1 1 1 0 0 0 0 0 1 0 0 0 0 0 0 1 0 0 0 0 0 0 0 1 0 0 0 1 1 0 1 1 22
0 1 0 1 0 0 1 1 1 0 0 1 1 1 1 1 0 1 0 1 0 1 1 1 0 0 0 1 0 0 0 1 0 0 0 0 1 0 0 0 0 0 0 0 1 0 0 1 0 0 20
0 0 1 0 0 0 1 0 1 1 0 0 1 1 1 1 0 1 1 0 0 0 1 0 0 1 0 0 1 0 1 0 0 1 1 1 1 0 1 1 0 1 0 0 1 1 0 1 0 1 25
0 0 1 1 0 1 0 0 0 1 0 0 1 0 0 0 1 1 1 1 1 1 1 1 0 0 1 1 0 1 1 0 1 1 0 1 0 1 0 0 0 0 1 0 0 1 1 0 1 0 25
1 1 1 0 1 1 0 0 0 1 1 1 1 1 1 0 0 1 1 0 1 0 0 1 0 0 0 1 1 1 0 0 0 1 0 1 0 1 1 1 1 1 0 1 0 1 1 0 0 0 28
0 0 1 1 1 1 1 1 0 0 0 1 1 0 1 0 0 0 0 1 1 0 0 0 1 1 0 0 1 0 1 1 1 1 0 0 1 0 1 1 1 0 0 1 1 1 1 0 1 0 27
1 1 1 1 0 1 0 0 0 1 1 1 1 0 1 1 0 0 0 0 1 1 0 1 0 0 1 0 1 0 1 1 0 1 1 0 1 1 1 0 0 1 1 0 0 0 0 0 1 1 27
1 1 0 0 0 1 1 1 0 1 1 0 1 0 1 0 1 0 1 0 1 1 1 0 1 1 0 1 0 0 1 1 1 0 1 0 0 1 1 1 0 1 1 0 1 0 1 1 0 1 30
0 1 0 0 0 1 0 1 1 1 1 0 1 0 0 0 0 1 0 0 0 1 1 1 0 0 0 1 1 1 0 1 0 1 1 1 0 0 0 0 1 0 0 0 0 1 0 0 1 0 21
1 0 1 1 1 0 1 0 0 1 1 1 0 0 0 1 0 0 1 1 0 0 1 0 1 0 0 0 0 1 1 0 1 1 1 0 1 0 1 0 0 1 1 1 1 1 1 1 1 0 28
0 0 0 0 1 0 0 1 0 0 1 1 0 1 0 1 0 1 0 1 0 0 0 1 1 1 0 1 1 1 1 1 0 1 0 0 1 0 1 0 0 0 0 1 0 0 0 1 0 1 22
0 1 0 1 0 1 1 0 0 0 1 1 0 0 0 0 1 0 1 1 1 1 1 0 0 1 0 0 1 0 1 0 0 1 1 1 0 0 1 0 1 1 1 0 0 0 0 0 0 1 23
1 0 1 0 0 0 1 1 1 0 1 1 1 1 0 1 1 1 0 1 0 1 1 0 0 0 1 1 0 0 0 1 0 1 0 0 0 1 0 0 1 1 0 0 0 0 1 1 0 0 24
0 0 0 1 0 1 0 0 0 1 0 0 0 1 0 1 0 1 1 1 1 0 0 0 1 1 1 1 1 0 0 0 1 1 0 1 1 1 1 1 1 1 1 1 1 0 1 1 1 0 29
0 0 1 0 0 0 0 0 1 0 1 1 0 1 0 0 1 0 1 0 1 1 1 1 1 0 1 0 0 1 1 1 0 1 1 0 0 1 1 0 1 0 1 1 1 1 0 0 0 1 26
0 1 0 0 0 0 0 0 1 0 1 0 1 1 1 1 0 1 0 0 1 0 0 1 1 1 0 1 1 0 0 1 0 1 0 0 0 1 1 0 1 1 0 0 0 0 0 1 1 0 22
0 0 0 1 1 1 0 0 1 1 1 0 0 0 0 1 1 1 1 1 1 1 1 1 0 1 0 0 1 0 0 0 1 0 0 0 0 0 0 1 0 1 0 0 0 1 0 0 0 0 21
1 1 0 0 1 0 0 1 0 1 1 0 0 1 1 0 1 0 0 1 1 1 1 0 1 1 1 0 1 1 1 1 1 1 1 1 1 1 0 1 0 0 1 1 0 0 0 1 0 0 30
0 0 1 0 0 0 1 1 0 1 0 0 0 0 1 1 0 0 0 0 1 1 1 0 0 0 0 1 0 0 0 1 0 0 0 1 1 0 0 0 0 0 1 1 1 0 1 0 0 1 18
1 1 1 1 1 1 0 0 0 1 0 0 0 0 1 1 1 1 0 0 1 0 1 0 1 1 0 0 0 1 0 0 0 1 0 0 0 0 1 1 0 1 1 0 0 1 0 1 1 1 25
1 0 0 0 0 1 0 0 1 0 0 0 1 0 1 1 0 1 1 1 0 1 0 1 1 1 0 1 1 1 1 0 0 1 1 0 1 0 1 0 0 1 1 0 1 0 1 0 1 1 27
1 0 0 0 1 0 0 0 0 0 1 0 1 0 0 1 0 0 1 1 0 1 1 0 0 1 0 0 1 0 0 0 0 0 1 1 1 0 1 0 1 1 1 1 0 1 1 0 0 1 22
0 1 0 1 0 1 0 0 0 0 0 1 0 1 0 1 0 0 0 0 0 1 0 0 1 1 1 0 0 0 1 0 1 1 0 1 1 1 0 1 1 0 0 0 1 1 1 0 0 0 21
0 0 0 1 0 1 1 1 1 1 1 0 1 0 0 1 0 1 1 0 0 0 0 0 0 0 0 0 0 0 1 0 0 1 1 1 0 1 0 1 1 1 0 1 1 0 0 0 0 1 22
1 1 0 1 1 0 0 0 1 0 1 1 0 0 0 0 0 1 1 1 0 0 0 1 0 0 1 1 1 0 0 1 0 0 0 1 0 1 0 0 1 1 1 0 0 0 1 0 1 1 23
1 0 0 0 1 0 1 1 0 0 0 0 1 1 1 1 1 1 0 1 1 1 0 0 1 0 1 0 0 1 0 0 0 1 0 0 1 0 1 0 1 0 0 1 1 0 0 0 1 0 23
1 1 0 0 1 1 0 0 1 1 0 1 1 1 1 0 0 0 1 0 1 1 0 0 1 1 1 0 0 0 1 0 0 1 1 1 0 0 1 1 1 0 1 1 1 0 1 0 1 1 29
0 1 1 1 1 0 0 1 0 1 0 0 0 0 0 0 0 0 0 1 1 1 1 0 0 0 0 1 0 0 0 1 0 0 0 1 1 0 0 1 1 0 1 0 1 1 1 0 0 1 21
0 1 1 0 1 0 0 0 1 0 1 0 1 1 0 1 0 1 0 1 1 0 1 1 0 0 0 1 1 0 1 0 0 0 1 0 0 1 0 0 0 1 1 0 0 1 0 0 1 0 22
0 1 1 0 0 0 0 1 0 0 1 0 0 0 0 1 0 1 1 1 0 0 1 1 0 0 1 1 1 1 0 0 1 1 1 1 1 0 1 0 0 1 1 1 0 0 0 0 0 0 23
1 1 1 0 1 1 1 1 1 0 0 0 1 1 1 0 0 0 1 1 0 0 0 0 1 0 0 0 1 1 1 0 0 0 0 0 1 0 1 0 0 0 1 1 1 0 1 0 1 1 25
1 1 0 0 0 0 0 0 0 0 0 1 1 0 0 1 0 0 0 1 1 0 0 0 0 1 0 0 1 1 0 0 1 1 0 0 1 0 1 0 0 0 1 1 1 1 1 0 1 1 21
1 1 0 1 0 1 0 0 1 0 1 1 1 0 0 0 0 0 0 0 1 0 1 0 0 1 1 1 1 1 0 0 1 0 1 0 1 0 1 0 1 0 0 0 0 1 0 0 1 0 22
0 0 1 0 0 1 1 1 0 0 1 0 0 0 0 0 0 0 1 0 1 1 1 0 1 0 0 0 0 0 0 1 0 0 1 0 1 1 1 0 1 0 0 1 0 0 0 1 1 0 19
0 0 1 1 1 0 0 0 0 0 1 0 1 0 0 0 1 1 0 1 0 0 0 0 1 0 1 1 0 0 0 1 1 0 1 0 0 1 1 0 1 0 0 1 0 0 0 1 1 1 21
0 1 0 0 0 0 0 1 1 0 1 1 0 1 0 0 0 1 0 1 0 1 0 0 0 0 0 1 0 1 0 1 1 0 0 0 0 1 1 1 0 1 1 0 1 1 0 1 1 1 23
0 0 1 1 1 0 0 1 0 0 1 1 1 1 0 0 1 0 1 1 1 0 1 0 1 1 0 0 0 1 1 0 1 0 1 0 0 1 1 1 0 0 0 1 1 0 1 1 0 1 27
0 0 1 0 0 1 1 1 1 0 0 0 0 0 1 1 1 1 1 1 1 0 1 0 0 0 0 0 0 1 0 0 0 0 0 0 0 0 0 1 0 0 0 0 0 1 0 1 1 1 19
0 0 0 1 0 1 1 0 1 1 0 0 0 0 1 0 1 1 1 1 0 1 0 0 0 0 0 1 0 0 1 0 0 1 1 1 1 1 0 1 0 1 1 1 1 0 1 0 1 1 26
1 1 1 0 0 1 1 0 0 1 1 1 0 0 0 1 1 0 1 1 1 1 0 1 0 1 0 1 1 0 0 1 0 0 0 1 0 0 0 0 1 0 1 0 1 0 1 1 1 0 26
1 1 0 1 0 0 1 1 0 1 1 0 0 0 1 1 1 1 1 1 1 1 0 0 1 0 1 0 1 0 0 0 1 0 0 1 1 1 0 0 1 1 0 0 0 0 0 1 1 0 26
0 1 0 1 1 0 1 1 1 0 1 1 1 1 1 0 1 0 1 0 1 1 1 1 0 1 0 1 1 0 0 1 1 0 1 0 1 1 1 0 1 0 0 0 0 1 0 1 0 0 29
1 1 1 0 0 0 0 0 1 1 0 0 0 1 1 0 1 1 0 0 1 1 0 1 0 1 0 0 1 0 0 1 0 0 0 1 0 0 1 1 0 1 1 1 0 0 1 0 1 0 23
0 1 0 0 0 1 0 0 1 0 0 0 1 0 1 1 0 0 0 0 1 0 0 0 1 1 0 1 1 0 1 1 0 1 0 1 0 1 0 0 0 1 0 1 0 0 0 1 1 0 20
1 1 1 1 0 1 1 0 1 1 1 0 1 0 0 1 1 0 0 1 0 1 0 1 0 1 0 0 1 1 1 0 1 0 0 0 0 1 0 0 0 1 0 0 0 1 1 1 1 0 26
0 1 0 0 1 0 0 0 1 0 0 1 1 1 1 1 0 0 1 1 0 0 0 0 0 0 1 0 0 0 0 0 1 1 0 0 0 0 1 1 0 1 1 0 1 1 1 0 0 0 20
0 0 1 0 0 0 0 0 0 1 0 0 0 0 1 1 1 1 0 0 0 1 1 0 0 1 0 0 1 0 1 0 0 1 1 1 1 0 1 1 1 1 1 0 0 1 0 1 1 0 23
0 0 0 1 0 0 0 1 0 0 1 0 0 0 0 0 1 0 1 0 0 1 0 0 0 1 1 0 1 0 1 1 1 0 1 0 1 0 1 0 0 1 1 1 1 1 1 1 1 1 24
0 1 0 1 1 1 1 1 0 0 1 1 0 0 0 0 0 1 0 0 0 0 0 1 0 0 1 1 0 1 0 1 0 1 0 0 0 1 0 0 1 1 1 0 1 0 1 0 0 1 22
1 1 1 0 0 0 1 1 0 1 0 1 1 1 1 1 0 0 0 1 0 0 0 1 1 0 1 0 0 1 1 1 0 1 0 0 0 1 0 0 1 1 1 1 0 1 1 1 1 0 28
0 1 1 1 0 1 1 1 1 0 0 0 1 1 0 1 0 1 1 1 0 0 0 0 0 1 0 0 0 1 0 1 1 1 0 0 0 0 0 1 0 0 1 0 0 1 1 1 1 0 24
1 0 0 1 1 1 0 1 1 0 1 1 0 1 1 1 0 0 1 1 1 1 1 1 1 0 1 1 1 1 0 1 0 1 0 1 0 1 0 1 0 1 0 0 1 0 1 1 0 0 31
1 0 0 0 0 1 0 0 0 1 1 0 0 0 0 1 0 1 0 1 0 0 1 0 1 1 0 0 0 0 1 0 0 0 0 0 0 1 1 0 1 0 0 0 0 0 0 1 0 0 15
1 0 0 1 1 1 0 1 0 0 0 1 1 1 1 0 0 1 0 0 0 1 0 1 1 1 0 0 0 0 1 1 0 1 0 0 0 1 0 1 1 0 0 0 1 1 1 1 0 1 25
0 1 0 1 0 0 1 1 0 0 0 0 0 0 1 0 0 0 1 0 0 1 1 1 0 0 0 1 0 1 0 1 1 1 0 1 1 0 1 1 1 0 1 0 0 0 0 1 0 1 22
1 1 0 0 1 0 0 1 0 0 1 1 1 0 0 0 0 0 1 0 0 1 1 1 0 1 0 0 0 0 0 0 1 0 0 0 0 1 1 0 0 1 0 1 0 0 1 1 1 0 20
0 0 0 1 0 0 1 0 0 0 1 0 0 0 1 0 0 1 1 0 0 1 1 1 0 1 0 1 1 0 1 1 0 1 0 1 0 1 1 0 0 0 0 0 0 1 1 1 0 0 21
1 0 1 0 0 0 0 0 0 1 0 0 0 0 0 1 0 1 0 1 0 0 1 1 1 1 1 1 1 1 0 0 1 1 0 1 1 0 1 1 0 1 0 0 1 1 1 1 0 1 26
0 0 1 1 1 0 1 1 0 0 0 0 0 0 0 0 0 0 1 1 0 1 1 1 1 0 1 1 0 1 0 1 0 0 1 1 0 0 1 1 0 0 1 0 0 1 1 0 0 1 23
0 0 1 0 1 0 0 0 1 1 1 1 1 1 0 0 1 1 0 0 1 0 0 0 0 0 1 1 0 0 0 1 0 1 0 1 1 1 0 1 0 1 0 0 1 0 1 1 1 1 25
0 1 0 0 0 0 0 1 0 1 0 1 1 0 0 0 1 0 1 0 0 0 1 1 1 1 0 1 0 1 0 0 0 1 1 1 0 1 1 1 0 1 0 1 0 1 0 0 1 0 23
1 1 1 0 0 0 0 1 1 1 0 1 0 0 0 0 0 1 0 0 1 0 1 1 1 1 1 1 1 1 0 1 1 1 0 1 1 1 0 0 0 1 1 0 1 0 0 0 0 0 26
0 1 1 1 0 0 0 1 1 1 1 0 0 0 0 1 0 1 1 1 0 1 0 1 0 0 1 0 1 0 1 1 1 1 1 1 1 1 0 1 1 1 1 1 1 1 1 1 1 0 33
1 1 0 0 1 0 0 0 1 1 1 1 1 1 0 1 1 1 0 0 0 1 1 0 0 0 0 1 0 1 0 1 1 1 1 1 0 1 1 0 0 0 0 1 0 0 1 1 0 1 27
1 1 0 0 1 1 0 1 1 1 0 1 0 1 1 1 1 1 1 1 0 0 1 0 0 1 0 1 0 1 1 0 1 0 1 1 1 0 0 0 0 0 1 1 1 0 1 1 0 1 30
0 0 0 0 0 0 0 1 0 0 0 0 0 0 0 0 0 0 0 0 0 0 0 0 0 1 0 0 1 0 0 1 1 1 1 1 1 0 1 1 0 1 0 0 1 0 0 0 0 0 13
0 0 0 0 0 0 0 0 0 0 0 0 0 0 0 0 0 0 0 1 0 0 0 0 0 0 0 0 0 0 0 0 0 0 0 0 0 0 0 0 0 0 0 0 0 0 0 0 0 0 1
0 0 0 0 0 0 0 0 0 0 0 0 1 0 0 0 0 0 0 0 0 0 0 0 0 0 0 0 0 0 0 0 0 0 0 0 0 0 0 0 0 0 0 0 0 0 0 0 0 0 1
0 0 0 0 0 0 0 0 1 0 0 0 0 0 0 0 0 0 0 0 0 0 0 0 0 0 0 0 0 0 0 0 0 0 0 0 0 0 0 0 0 0 0 0 0 0 0 0 0 0 1
0 0 0 0 0 0 0 0 0 0 0 0 0 0 0 0 0 0 0 0 1 0 0 0 0 0 0 0 0 0 0 0 0 0 0 0 0 0 0 0 0 0 0 0 0 0 0 0 0 0 1
0 0 0 0 0 0 0 0 0 0 0 0 0 0 0 0 0 0 0 0 1 0 0 0 0 0 0 0 0 0 0 0 0 0 0 0 0 0 0 0 0 0 0 0 0 0 0 0 0 0 1
0 0 0 0 0 0 0 0 0 0 0 0 0 0 0 0 0 0 0 0 0 0 0 0 0 0 0 0 0 0 0 0 0 0 0 1 0 0 0 0 0 0 0 0 0 0 0 0 0 0 1
0 0 0 0 0 0 0 0 0 0 0 0 0 0 0 0 0 1 0 0 0 0 0 0 0 0 0 0 0 0 0 0 0 0 0 0 0 0 0 0 0 0 0 0 0 0 0 0 0 0 1
0 0 0 0 0 0 0 0 0 0 0 0 0 0 0 0 0 0 0 0 0 0 0 0 0 0 0 0 1 0 0 0 0 0 0 0 0 0 0 0 0 0 0 0 0 0 0 0 0 0 1
0 0 0 0 0 0 0 0 0 0 0 0 0 0 1 0 0 0 0 0 0 0 0 0 0 0 0 0 0 0 0 0 0 0 0 0 0 0 0 0 0 0 0 0 0 0 0 0 0 0 1
0 0 1 0 0 0 0 0 0 0 0 0 0 0 0 0 0 0 0 0 0 0 0 0 0 0 0 0 0 0 0 0 0 0 0 0 0 0 0 0 0 0 0 0 0 0 0 0 0 0 1
0 0 0 0 0 0 0 0 0 0 0 0 0 0 0 0 0 0 0 1 0 0 0 0 0 0 0 0 0 0 0 0 0 0 0 0 0 0 0 0 0 0 0 0 0 0 0 0 0 0 1
0 0 0 0 0 0 0 0 0 0 1 0 0 0 0 0 0 0 0 0 0 0 0 0 0 0 0 0 0 0 0 0 0 0 0 0 0 0 0 0 0 0 0 0 0 0 0 0 0 0 1
0 0 0 0 0 0 0 0 0 0 0 0 0 0 0 0 0 0 0 0 0 0 0 0 0 0 1 0 0 0 0 0 0 0 0 0 0 0 0 0 0 0 0 0 0 0 0 0 0 0 1
0 0 0 0 0 0 0 0 0 0 0 0 0 0 0 0 0 0 0 0 0 0 1 0 0 0 0 0 0 0 0 0 0 0 0 0 0 0 0 0 0 0 0 0 0 0 0 0 0 0 1
0 0 0 0 0 0 0 0 0 0 0 0 0 0 0 0 0 0 0 0 0 0 0 0 0 0 0 0 1 0 0 0 0 0 0 0 0 0 0 0 0 0 0 0 0 0 0 0 0 0 1
0 1 0 0 0 0 0 0 0 0 0 0 0 0 0 0 0 0 0 0 0 0 0 0 0 0 0 0 0 0 0 0 0 0 0 0 0 0 0 0 0 0 0 0 0 0 0 0 0 0 1
0 0 0 0 0 0 0 0 0 0 0 0 0 0 0 0 0 0 0 0 0 0 1 0 0 0 0 0 0 0 0 0 0 0 0 0 0 0 0 0 0 0 0 0 0 0 0 0 0 0 1
0 0 0 0 0 0 0 0 0 0 0 0 0 0 0 0 0 0 0 0 0 0 0 0 0 0 0 0 0 0 0 0 0 0 0 0 0 0 0 0 0 0 0 0 0 0 1 0 0 0 1
0 1 0 0 0 0 0 0 0 0 0 0 0 0 0 0 0 0 0 0 0 0 0 0 0 0 0 0 0 0 0 0 0 0 0 0 0 0 0 0 0 0 0 0 0 0 0 0 0 0 1
0 0 0 0 0 0 0 0 0 0 0 0 0 0 0 0 0 0 0 0 0 0 0 0 0 0 0 0 0 0 0 0 0 0 0 0 0 0 0 0 0 0 0 0 0 0 0 0 1 0 1
0 0 0 0 0 0 0 0 0 0 0 0 0 0 0 0 0 0 0 0 0 0 0 0 0 0 0 0 0 0 0 0 0 0 0 0 0 0 0 0 0 0 0 0 0 0 0 1 0 0 1
0 0 0 0 0 0 0 0 0 0 0 0 0 0 0 0 0 0 0 0 0 1 0 0 0 0 0 0 0 0 0 0 0 0 0 0 0 0 0 0 0 0 0 0 0 0 0 0 0 0 1
0 0 0 0 0 0 0 0 0 0 0 0 0 0 0 0 0 0 0 0 0 0 0 0 0 0 0 0 0 0 0 0 0 0 0 0 0 0 0 0 0 0 0 0 0 0 0 0 0 1 1
0 0 0 0 0 0 0 0 0 0 0 0 0 0 0 0 0 0 0 0 0 0 0 0 0 0 0 0 0 1 0 0 0 0 0 0 0 0 0 0 0 0 0 0 0 0 0 0 0 0 1
0 0 0 0 0 0 0 0 0 0 0 0 0 0 0 0 0 0 0 0 0 0 0 0 0 0 0 0 0 0 0 0 0 0 0 0 0 1 0 0 0 0 0 0 0 0 0 0 0 0 1
0 0 0 0 0 0 0 0 0 0 0 0 0 0 0 0 0 0 0 0 0 0 0 0 0 0 0 0 0 0 0 1 0 0 0 0 0 0 0 0 0 0 0 0 0 0 0 0 0 0 1
0 0 0 0 0 0 0 0 0 0 0 0 0 0 0 0 0 0 0 0 0 0 0 1 0 0 0 0 0 0 0 0 0 0 0 0 0 0 0 0 0 0 0 0 0 0 0 0 0 0 1
0 0 0 0 0 0 0 0 0 0 0 0 0 0 0 0 0 1 0 0 0 0 0 0 0 0 0 0 0 0 0 0 0 0 0 0 0 0 0 0 0 0 0 0 0 0 0 0 0 0 1
0 0 0 0 0 0 0 0 0 0 0 0 0 0 0 0 0 0 0 0 0 0 0 0 0 0 0 0 0 0 0 0 0 0 0 0 0 0 0 0 0 0 0 0 0 0 0 0 0 1 1
0 0 0 0 0 0 0 1 0 0 0 0 0 0 0 0 0 0 0 0 0 0 0 0 0 0 0 0 0 0 0 0 0 0 0 0 0 0 0 0 0 0 0 0 0 0 0 0 0 0 1
0 0 0 0 0 0 0 0 0 0 0 0 0 0 0 0 0 0 0 0 0 0 0 0 0 0 0 0 1 0 0 0 0 0 0 0 0 0 0 0 0 0 0 0 0 0 0 0 0 0 1
0 0 0 0 0 0 0 0 0 0 0 0 0 0 0 0 0 0 0 0 0 0 0 0 0 0 0 0 0 0 0 0 1 0 0 0 0 0 0 0 0 0 0 0 0 0 0 0 0 0 1
0 0 0 0 0 1 0 0 0 0 0 0 0 0 0 0 0 0 0 0 0 0 0 0 0 0 0 0 0 0 0 0 0 0 0 0 0 0 0 0 0 0 0 0 0 0 0 0 0 0 1
0 0 0 0 0 0 0 0 0 0 0 0 0 0 0 0 0 0 0 0 0 0 0 0 0 0 0 0 0 0 0 0 0 0 0 0 0 0 0 0 0 0 0 0 1 0 0 0 0 0 1
0 0 0 0 0 0 0 0 0 0 0 0 0 0 0 0 0 0 0 0 0 0 0 1 0 0 0 0 0 0 0 0 0 0 0 0 0 0 0 0 0 0 0 0 0 0 0 0 0 0 1
0 0 0 0 0 0 0 0 0 0 0 0 0 0 1 0 0 0 0 0 0 0 0 0 0 0 0 0 0 0 0 0 0 0 0 0 0 0 0 0 0 0 0 0 0 0 0 0 0 0 1
0 0 0 0 0 0 0 0 0 0 1 0 0 0 0 0 0 0 0 0 0 0 0 0 0 0 0 0 0 0 0 0 0 0 0 0 0 0 0 0 0 0 0 0 0 0 0 0 0 0 1
0 0 0 0 0 0 0 0 0 0 0 0 0 0 0 0 0 0 0 0 0 0 0 0 0 0 0 0 0 0 0 1 0 0 0 0 0 0 0 0 0 0 0 0 0 0 0 0 0 0 1
0 0 0 0 0 0 0 0 0 0 0 0 0 0 0 0 0 0 0 0 0 0 0 0 0 0 0 0 0 0 0 0 0 0 0 0 0 0 0 0 0 0 0 0 0 0 1 0 0 0 1
0 0 0 0 0 0 0 0 0 0 0 0 0 0 0 0 0 0 0 0 0 0 0 0 0 0 0 0 0 0 0 0 0 0 0 0 0 0 0 0 0 0 1 0 0 0 0 0 0 0 1
0 0 0 0 0 0 0 0 0 0 0 0 1 0 0 0 0 0 0 0 0 0 0 0 0 0 0 0 0 0 0 0 0 0 0 0 0 0 0 0 0 0 0 0 0 0 0 0 0 0 1
0 0 0 0 1 0 0 0 0 0 0 0 0 0 0 0 0 0 0 0 0 0 0 0 0 0 0 0 0 0 0 0 0 0 0 0 0 0 0 0 0 0 0 0 0 0 0 0 0 0 1
0 0 0 0 0 0 0 0 0 0 1 0 0 0 0 0 0 0 0 0 0 0 0 0 0 0 0 0 0 0 0 0 0 0 0 0 0 0 0 0 0 0 0 0 0 0 0 0 0 0 1
0 0 0 0 0 0 0 0 0 0 0 0 0 0 0 0 0 0 0 0 0 0 0 0 0 0 0 0 0 0 0 0 0 0 0 0 0 0 0 0 0 0 0 0 0 0 0 0 0 1 1
0 0 0 0 0 0 0 0 1 0 0 0 0 0 0 0 0 0 0 0 0 0 0 0 0 0 0 0 0 0 0 0 0 0 0 0 0 0 0 0 0 0 0 0 0 0 0 0 0 0 1
0 0 0 0 0 0 0 0 0 0 0 0 0 0 0 0 0 0 0 0 0 0 0 0 0 0 0 1 0 0 0 0 0 0 0 0 0 0 0 0 0 0 0 0 0 0 0 0 0 0 1
0 0 0 0 0 1 0 0 0 0 0 0 0 0 0 0 0 0 0 0 0 0 0 0 0 0 0 0 0 0 0 0 0 0 0 0 0 0 0 0 0 0 0 0 0 0 0 0 0 0 1
0 0 0 0 0 0 0 0 0 0 0 0 0 0 0 0 0 0 0 0 0 0 0 0 0 1 0 0 0 0 0 0 0 0 0 0 0 0 0 0 0 0 0 0 0 0 0 0 0 0 1
1 0 0 0 0 0 0 0 0 0 0 0 0 0 0 0 0 0 0 0 0 0 0 0 0 0 0 0 0 0 0 0 0 0 0 0 0 0 0 0 0 0 0 0 0 0 0 0 0 0 1
0 0 0 0 0 0 0 0 0 0 0 0 0 0 0 0 0 0 0 0 0 0 0 0 0 0 0 0 0 1 0 0 0 0 0 0 0 0 0 0 0 0 0 0 0 0 0 0 0 0 1
0 0 0 0 0 0 0 0 0 0 0 0 0 0 0 0 0 0 0 0 0 0 0 0 0 0 0 0 0 0 0 0 0 1 0 0 0 0 0 0 0 0 0 0 0 0 0 0 0 0 1
0 0 0 0 0 0 0 0 0 0 0 0 0 0 0 0 0 0 0 0 0 0 0 0 0 0 0 0 0 1 0 0 0 0 0 0 0 0 0 0 0 0 0 0 0 0 0 0 0 0 1
0 0 0 0 0 0 0 0 0 0 0 0 0 0 0 0 0 0 0 0 0 0 0 0 0 0 0 0 0 0 0 0 0 0 0 0 0 0 0 0 1 0 0 0 0 0 0 0 0 0 1
0 0 0 0 0 0 0 0 0 0 0 0 0 0 0 0 0 0 0 0 0 1 0 0 0 0 0 0 0 0 0 0 0 0 0 0 0 0 0 0 0 0 0 0 0 0 0 0 0 0 1
0 0 0 0 0 0 0 0 0 0 1 0 0 0 0 0 0 0 0 0 0 0 0 0 0 0 0 0 0 0 0 0 0 0 0 0 0 0 0 0 0 0 0 0 0 0 0 0 0 0 1
0 0 0 0 0 0 0 0 0 0 0 0 0 0 0 0 0 0 0 0 0 0 0 0 0 0 0 0 0 0 0 0 0 0 0 1 0 0 0 0 0 0 0 0 0 0 0 0 0 0 1
0 0 0 0 0 0 0 0 0 0 0 0 0 1 0 0 0 0 0 0 0 0 0 0 0 0 0 0 0 0 0 0 0 0 0 0 0 0 0 0 0 0 0 0 0 0 0 0 0 0 1
0 0 0 0 0 0 0 0 0 0 0 0 0 0 0 0 0 0 0 0 0 0 0 0 0 0 0 0 0 0 0 0 0 0 0 0 0 0 0 0 0 0 0 0 0 0 0 0 1 0 1
0 0 0 0 0 0 0 0 0 0 0 0 0 0 0 0 0 0 0 0 0 0 0 0 0 0 0 0 0 0 0 0 0 0 0 0 0 0 0 0 0 0 0 0 0 0 0 1 0 0 1
0 0 0 0 0 0 0 0 0 0 0 0 0 0 0 0 0 0 0 0 0 0 0 0 0 0 0 0 0 0 0 0 0 0 0 0 0 0 0 0 0 0 0 0 0 0 1 0 0 0 1
0 0 0 0 0 0 0 0 0 0 0 0 0 0 0 0 0 0 0 0 0 0 0 0 0 0 0 0 0 0 0 0 0 0 0 0 0 0 0 0 0 0 0 0 0 0 0 0 1 0 1
0 0 0 0 0 0 0 0 0 0 0 1 0 0 0 0 0 0 0 0 0 0 0 0 0 0 0 0 0 0 0 0 0 0 0 0 0 0 0 0 0 0 0 0 0 0 0 0 0 0 1
0 0 0 0 0 0 0 0 0 0 0 0 0 0 0 0 0 0 0 0 0 0 0 0 0 1 0 0 0 0 0 0 0 0 0 0 0 0 0 0 0 0 0 0 0 0 0 0 0 0 1
0 0 0 0 0 0 1 0 0 0 0 0 0 0 0 0 0 0 0 0 0 0 0 0 0 0 0 0 0 0 0 0 0 0 0 0 0 0 0 0 0 0 0 0 0 0 0 0 0 0 1
0 0 0 0 0 0 0 0 0 0 0 0 0 0 0 0 0 0 0 0 0 0 0 0 0 0 0 0 0 0 0 0 0 0 0 0 0 0 0 0 1 0 0 0 0 0 0 0 0 0 1
0 0 1 0 0 0 0 0 0 0 0 0 0 0 0 0 0 0 0 0 0 0 0 0 0 0 0 0 0 0 0 0 0 0 0 0 0 0 0 0 0 0 0 0 0 0 0 0 0 0 1
0 0 0 0 0 0 0 0 0 0 0 0 0 0 0 0 0 0 0 0 0 0 0 0 0 0 0 1 0 0 0 0 0 0 0 0 0 0 0 0 0 0 0 0 0 0 0 0 0 0 1
0 0 0 0 0 0 0 0 0 0 0 0 0 0 0 0 0 0 0 0 1 0 0 0 0 0 0 0 0 0 0 0 0 0 0 0 0 0 0 0 0 0 0 0 0 0 0 0 0 0 1
82 87 82 81 79 85 71 88 72 88 84 90 83 71 84 87 71 83 95 91 80 94 86 84 75 79 75 94 86 83 80 88 84 86 74 85 87 87 84 82 81 88 84 69 86 86 91 80 82 92 4166
