1 1 0 0 0 0 1 1 0 1 0 1 1 1 0 0 1 0 0 1 0 1 1 0 0 0 1 0 0 0 0 1 1 0 0 0 0 0 0 0 0 0 0 0 0 0 0 0 0 0 15
0 1 1 0 0 0 1 0 0 1 1 0 1 1 1 1 1 1 0 1 0 0 1 1 0 0 1 0 1 0 0 1 0 0 1 0 0 0 0 0 0 0 0 0 0 0 0 0 0 0 18
1 1 0 0 0 1 1 0 0 1 0 1 1 1 0 0 1 1 1 0 0 1 1 0 1 0 0 0 0 0 0 1 1 0 0 0 0 0 0 0 0 0 0 0 0 0 0 0 0 0 16
1 0 0 1 0 0 1 0 1 0 1 0 0 0 0 1 1 1 1 0 0 0 1 1 0 1 0 0 0 0 0 1 0 0 0 0 0 0 0 0 0 0 0 0 0 0 0 0 0 0 13
1 1 0 0 0 0 1 0 0 1 1 1 1 1 0 0 1 1 0 0 0 1 0 0 1 1 1 0 1 0 1 1 0 0 0 0 0 0 0 0 0 0 0 0 0 0 0 0 0 0 17
0 1 0 0 0 1 1 0 0 1 1 0 1 0 0 1 0 1 1 0 1 0 1 1 0 1 0 0 0 0 0 1 0 0 0 0 0 0 0 0 0 0 0 0 0 0 0 0 0 0 14
0 1 0 1 0 0 1 0 0 1 1 1 1 1 0 1 1 1 0 1 0 1 1 1 1 1 0 0 0 0 0 1 0 0 0 0 0 0 0 0 0 0 0 0 0 0 0 0 0 0 18
1 0 0 0 0 0 1 1 0 1 1 0 1 1 1 1 1 1 0 0 0 1 1 0 0 1 1 0 0 0 1 0 0 0 0 0 0 0 0 0 0 0 0 0 0 0 0 0 0 0 16
1 1 0 0 0 1 1 1 0 1 1 0 0 1 0 1 0 1 0 1 0 1 1 1 0 0 0 1 0 0 0 1 0 0 0 0 0 0 0 0 0 0 0 0 0 0 0 0 0 0 16
1 1 0 1 1 0 1 1 1 1 1 1 1 1 1 1 0 1 0 0 0 1 1 0 0 1 0 0 0 0 1 0 0 0 0 0 0 0 0 0 0 0 0 0 0 0 0 0 0 0 19
1 1 0 1 0 0 1 0 1 1 1 1 1 1 0 1 1 1 1 0 0 1 1 1 0 1 1 0 0 0 0 0 0 0 0 0 0 0 0 0 0 0 0 0 0 0 0 0 0 0 19
0 1 0 0 0 0 1 1 0 1 1 0 1 0 0 0 0 1 1 0 0 1 1 1 0 0 0 0 0 0 1 1 0 0 0 0 0 0 0 0 0 0 0 0 0 0 0 0 0 0 13
1 0 0 1 0 0 1 0 0 1 1 0 1 0 0 1 1 1 0 0 1 0 1 1 0 1 0 0 0 0 0 1 0 0 0 0 0 0 0 0 0 0 0 0 0 0 0 0 0 0 14
1 1 0 0 0 1 1 0 1 1 1 1 1 1 0 0 0 0 0 0 0 0 1 1 1 0 1 0 0 0 0 1 0 0 0 0 0 0 0 0 0 0 0 0 0 0 0 0 0 0 15
1 0 0 0 0 1 1 1 0 1 1 0 1 1 0 1 0 1 1 1 1 1 1 1 0 0 0 0 0 0 0 0 0 0 0 0 0 0 0 0 0 0 0 0 0 0 0 0 0 0 16
0 1 0 0 0 1 1 0 0 1 1 0 1 1 0 0 0 1 0 0 0 0 1 1 0 0 1 0 0 0 0 1 0 0 0 0 0 0 0 0 0 0 0 0 0 0 0 0 0 0 12
1 1 0 0 0 0 1 0 0 1 1 0 0 1 1 1 0 1 0 1 0 0 1 1 0 0 0 0 1 0 0 0 0 0 0 0 0 0 0 0 0 0 0 0 0 0 0 0 0 0 13
1 1 0 1 0 0 1 0 0 1 1 0 0 0 1 1 1 1 0 1 0 1 1 1 0 0 1 0 1 0 1 1 0 1 0 0 0 0 0 0 0 0 0 0 0 0 0 0 0 0 19
1 1 1 0 0 1 1 0 0 1 1 0 1 1 0 1 1 1 1 1 1 1 1 1 1 0 0 1 0 0 0 1 0 0 0 0 0 0 0 0 0 0 0 0 0 0 0 0 0 0 21
1 1 0 0 0 0 1 1 0 1 1 0 1 0 0 1 0 1 1 0 0 1 1 1 1 0 1 0 1 0 1 1 0 0 0 0 0 0 0 0 0 0 0 0 0 0 0 0 0 0 18
1 0 0 1 0 0 1 1 1 0 0 0 0 0 1 1 0 1 0 1 1 1 1 1 0 0 1 0 0 0 0 1 0 0 1 0 0 0 0 0 0 0 0 0 0 0 0 0 0 0 16
1 1 1 1 0 0 1 1 0 1 1 0 0 1 1 1 0 1 0 0 1 0 1 1 0 1 0 0 0 0 0 0 1 0 0 0 0 0 0 0 0 0 0 0 0 0 0 0 0 0 17
1 1 1 0 0 0 1 0 0 1 1 0 0 0 0 0 0 1 0 0 0 0 1 1 0 0 1 1 0 1 0 1 0 0 0 0 0 0 0 0 0 0 0 0 0 0 0 0 0 0 13
1 1 1 0 0 0 1 1 0 1 1 0 0 1 1 1 1 1 0 0 0 1 0 1 0 1 1 0 0 0 0 0 0 0 0 0 0 0 0 0 0 0 0 0 0 0 0 0 0 0 16
1 1 0 0 0 0 1 0 0 1 1 0 1 1 0 1 1 1 1 1 1 1 1 1 0 0 0 0 0 0 0 1 0 0 0 0 0 0 0 0 0 0 0 0 0 0 0 0 0 0 17
1 1 0 0 0 0 1 0 0 1 1 0 1 0 0 0 1 0 0 0 0 1 1 1 1 1 1 0 1 0 0 0 0 0 0 1 0 0 0 0 0 0 0 0 0 0 0 0 0 0 15
1 1 0 0 0 0 1 0 0 1 0 0 1 0 1 1 1 1 1 0 0 0 1 1 0 1 1 0 0 0 0 0 0 0 0 0 0 0 0 0 0 0 0 0 0 0 0 0 0 0 14
1 1 0 0 0 0 1 1 1 1 1 1 1 1 1 0 0 0 1 0 0 0 0 1 0 0 1 0 0 0 1 1 0 0 0 0 0 0 0 0 0 0 0 0 0 0 0 0 0 0 16
0 1 0 0 0 1 1 0 0 1 1 1 0 1 0 1 1 0 0 1 0 0 1 1 0 1 1 0 0 0 0 1 0 0 0 0 0 0 0 0 0 0 0 0 0 0 0 1 0 0 16
1 1 0 1 0 1 1 1 0 1 1 0 1 1 0 1 1 1 0 0 0 0 1 1 1 1 1 1 1 0 0 0 0 0 0 0 0 0 0 0 0 0 0 0 0 0 0 0 0 0 20
1 1 0 0 0 1 1 0 0 1 0 1 0 0 0 1 1 1 1 0 0 1 1 1 1 1 1 0 0 0 0 0 0 0 0 0 0 0 0 0 0 0 0 0 0 0 0 0 0 0 16
1 1 0 1 0 0 1 0 1 1 1 1 0 1 1 0 0 1 0 0 0 0 1 1 0 0 1 0 0 0 0 1 0 0 0 0 0 0 0 0 0 0 0 0 0 0 0 0 0 0 15
0 1 0 0 0 1 1 1 1 1 0 0 1 0 1 0 1 1 0 0 0 1 1 1 1 0 0 0 0 0 0 0 1 0 0 0 0 0 0 0 0 0 0 0 0 0 0 0 0 0 15
1 0 0 0 0 1 1 0 0 1 1 1 1 0 1 0 1 1 0 0 0 0 0 1 0 0 1 0 0 0 0 0 0 0 0 0 0 0 0 0 0 0 0 0 0 0 0 0 0 0 12
0 0 0 0 0 0 1 0 0 1 1 0 1 1 1 0 1 1 0 0 1 0 1 1 0 0 1 0 1 0 1 1 0 1 1 0 0 0 0 0 0 0 0 0 0 0 0 0 0 0 17
1 1 1 0 0 1 1 0 0 1 1 1 1 1 0 0 0 1 0 1 0 0 1 1 0 0 1 0 0 0 1 0 0 1 0 0 0 0 0 0 0 0 0 0 0 0 0 0 0 0 17
1 0 1 0 0 1 1 1 1 1 1 1 1 1 0 1 0 0 1 0 0 1 1 1 1 1 1 0 0 0 0 0 0 0 0 0 0 0 0 0 0 0 0 0 0 0 0 0 0 0 19
1 1 0 1 0 0 1 1 0 1 1 0 0 1 0 1 1 1 1 0 0 0 1 1 0 1 1 0 0 1 0 1 0 0 0 0 0 0 0 0 0 0 0 0 0 0 0 0 0 0 18
1 1 0 1 1 1 1 0 0 1 1 1 0 0 0 1 1 1 0 1 1 1 1 1 1 0 1 0 0 0 0 0 1 1 0 0 0 0 0 0 0 0 0 0 0 0 0 0 0 0 21
1 0 1 1 0 0 1 1 0 1 1 0 0 1 1 0 0 1 0 1 0 0 1 1 1 0 1 0 1 0 0 1 0 0 0 0 0 0 0 0 0 0 0 0 0 0 0 0 0 0 17
1 1 0 0 0 1 1 1 1 1 1 0 1 1 1 1 0 1 0 1 0 0 1 1 0 0 0 0 0 0 0 0 0 0 0 0 0 0 0 0 0 0 0 0 0 0 0 0 0 0 16
0 1 0 0 0 0 1 1 1 1 1 1 1 1 0 1 0 0 1 0 1 1 1 1 0 0 1 0 0 0 0 1 0 0 0 0 0 0 0 0 0 0 0 0 0 0 0 0 0 0 17
1 1 0 0 0 0 1 1 1 1 0 0 0 1 0 0 1 1 0 0 0 0 1 1 0 0 1 0 0 0 0 1 0 0 0 0 0 0 0 0 0 0 0 0 0 0 0 0 0 0 13
1 1 1 0 0 1 1 0 1 1 0 1 1 0 0 1 1 0 0 1 0 0 1 1 0 1 0 0 0 0 0 1 0 0 0 0 0 0 0 0 0 0 0 0 0 0 0 0 0 0 16
1 1 1 1 0 1 1 0 1 1 0 1 1 0 1 0 1 1 0 0 0 0 1 1 1 0 1 1 1 0 1 1 0 1 0 0 0 0 0 0 0 0 0 0 0 0 0 0 0 0 22
1 1 0 1 0 1 1 1 0 1 1 1 1 1 0 1 0 1 0 1 1 1 1 0 1 0 0 0 0 0 1 1 0 0 0 0 0 0 0 0 0 0 0 0 0 0 0 0 0 0 20
1 1 0 0 0 0 1 1 0 1 1 1 1 1 1 0 1 1 0 0 0 1 1 1 1 0 1 0 0 0 1 0 0 0 0 0 0 0 0 0 0 0 0 0 0 0 0 0 0 0 18
1 1 0 0 0 0 1 1 1 1 1 0 1 1 0 0 1 1 0 1 0 1 1 1 0 1 1 1 0 0 0 0 0 0 0 0 0 0 0 0 0 0 0 0 0 0 0 0 0 0 18
0 0 1 1 0 0 1 0 1 1 0 0 1 1 0 1 1 1 0 1 1 0 1 1 1 0 0 0 0 0 0 1 0 1 1 0 0 0 0 0 0 0 0 0 0 0 0 0 0 0 18
0 1 0 1 0 0 1 1 0 1 1 0 0 1 1 1 0 0 0 0 0 0 1 1 0 0 1 0 0 0 0 1 1 0 0 0 0 0 0 0 0 0 0 0 0 0 0 0 0 0 14
0 1 0 1 0 1 1 1 0 1 1 0 1 1 0 1 1 1 0 1 0 0 1 1 0 0 0 0 0 0 1 1 0 1 0 0 0 0 0 0 0 0 0 0 0 0 0 0 0 0 18
1 1 0 0 0 1 1 1 0 1 1 1 1 1 0 0 1 1 0 1 0 0 1 1 1 0 0 0 0 0 0 0 0 0 0 0 0 0 0 0 0 0 0 0 0 0 0 0 0 0 16
1 0 0 0 0 1 1 0 0 1 0 1 1 1 0 1 0 0 0 0 0 1 1 1 1 1 1 0 0 0 0 0 0 0 0 0 0 0 0 0 0 0 0 0 0 0 0 0 0 0 14
0 1 0 0 0 1 1 1 0 1 1 0 0 1 1 1 1 1 0 0 0 1 1 1 1 1 1 0 1 0 1 1 0 0 0 0 0 0 0 0 0 0 0 0 0 0 0 0 0 0 20
1 1 0 0 0 0 1 1 0 1 0 0 1 0 0 1 0 1 1 1 0 0 1 1 1 1 1 0 0 0 0 1 1 0 0 0 0 0 0 0 0 0 0 0 0 0 0 0 0 0 17
1 1 0 0 0 0 1 0 1 1 1 0 1 1 1 1 1 1 0 0 1 1 1 1 0 1 1 0 0 0 0 0 0 0 0 0 0 0 0 0 0 0 0 0 0 0 0 0 0 0 18
1 1 0 1 0 0 1 1 0 1 1 0 1 0 1 1 1 1 1 0 1 1 1 1 0 0 1 0 0 0 1 1 0 0 0 0 0 0 0 0 0 0 0 0 0 0 0 0 0 0 20
0 1 0 1 0 1 1 0 0 1 1 0 1 1 0 0 0 1 1 0 0 1 0 1 0 0 0 0 1 0 0 0 0 0 0 0 0 0 0 0 0 0 0 0 0 0 0 0 0 0 13
0 1 0 0 0 0 1 1 0 1 1 1 1 0 0 1 0 1 1 1 0 0 1 1 0 0 1 0 0 0 0 0 0 0 0 0 0 0 0 0 0 0 0 0 0 0 0 0 0 0 14
0 1 0 1 0 0 1 0 1 1 1 0 1 1 0 1 0 0 0 0 0 0 1 0 0 0 1 0 0 0 0 1 0 0 0 0 0 0 0 0 0 0 0 0 0 0 0 0 0 0 12
1 0 0 0 1 0 1 0 0 1 0 0 1 1 1 1 0 1 0 1 1 1 1 1 0 1 1 0 1 0 0 1 1 0 0 0 0 0 0 0 0 0 0 0 0 0 0 0 0 0 19
1 0 0 1 0 1 1 1 0 1 1 1 1 1 0 1 0 1 1 0 0 0 0 1 0 0 0 0 0 0 0 0 0 0 0 0 0 0 0 0 0 0 0 0 0 0 0 0 0 0 14
1 1 0 1 0 1 1 0 0 1 1 0 1 1 1 0 0 0 1 1 1 1 1 1 0 0 0 1 0 0 0 0 1 0 1 0 0 0 0 0 0 0 0 0 0 0 0 0 0 0 19
1 1 0 1 0 0 1 1 1 1 0 1 1 1 0 1 1 0 0 1 0 1 0 1 0 0 1 1 0 0 0 1 0 1 0 0 0 0 0 0 0 0 0 0 0 0 0 0 0 0 19
0 1 0 1 0 0 1 0 1 1 1 1 1 1 0 0 1 1 1 1 1 1 0 1 1 1 1 1 0 0 1 1 0 0 0 0 0 0 0 0 0 0 0 0 0 0 0 0 0 0 22
1 1 0 0 0 1 1 1 1 1 0 1 1 1 1 1 0 1 0 0 0 0 1 1 0 1 1 0 0 0 0 1 0 0 0 0 0 0 0 0 0 0 0 0 0 0 0 0 0 0 18
1 1 0 1 0 0 1 1 1 1 0 0 0 0 1 1 0 0 0 0 0 1 1 1 0 0 1 0 0 0 0 1 0 1 0 0 0 1 0 0 0 0 0 0 0 0 0 0 0 0 16
1 1 0 0 0 0 1 1 0 1 1 0 0 0 0 1 1 1 1 1 0 0 0 1 1 0 1 0 1 0 1 0 0 0 0 0 0 0 0 0 0 0 0 0 0 0 0 0 0 0 16
0 1 1 0 0 0 1 0 0 1 0 1 0 1 1 1 1 1 0 0 0 1 1 1 0 1 0 0 0 0 0 1 0 0 0 0 0 0 0 0 0 0 0 0 0 0 0 0 0 0 15
1 1 0 1 0 0 1 0 0 1 1 1 1 1 1 1 1 1 0 0 0 0 0 1 0 0 1 0 0 0 0 0 0 0 0 0 0 0 0 0 0 0 0 0 0 0 0 0 0 0 15
1 1 1 0 0 0 1 1 1 1 1 0 1 1 0 0 0 1 0 0 0 1 1 1 0 1 0 0 0 0 0 1 0 0 1 0 0 0 0 0 0 0 0 0 0 0 0 0 0 0 17
1 1 0 0 0 0 1 0 1 1 0 0 0 1 0 1 1 1 0 0 0 0 1 1 0 1 1 0 1 0 0 1 0 0 0 0 0 0 0 0 0 0 0 0 0 0 0 0 0 0 15
1 0 0 1 0 0 1 0 0 1 0 0 1 1 0 1 1 1 0 0 0 0 0 1 0 0 1 0 0 0 0 1 0 0 0 0 0 0 0 0 0 0 0 0 0 0 0 0 0 0 12
0 1 0 1 0 0 1 1 1 1 0 0 1 1 1 0 1 1 1 0 0 1 0 1 1 1 0 0 1 0 0 1 1 1 1 0 0 0 0 0 0 0 0 0 0 0 0 0 0 0 21
1 1 1 0 0 0 1 1 0 1 1 0 1 1 1 1 1 1 1 0 1 1 1 1 0 1 0 0 0 0 0 0 0 0 0 0 0 0 0 0 0 0 0 0 0 0 0 0 0 0 19
1 0 0 0 0 0 1 1 0 1 1 1 0 1 1 1 0 0 0 0 0 0 0 1 0 1 0 0 1 0 0 0 0 0 0 0 0 0 0 0 0 0 0 0 0 0 0 0 0 0 12
1 1 0 0 1 1 1 0 0 1 1 0 1 1 1 0 1 1 1 0 0 0 1 1 0 0 0 0 0 0 0 1 1 0 0 0 0 0 0 0 0 0 0 0 0 0 0 0 0 0 17
1 1 0 0 0 1 1 1 0 1 1 1 0 0 0 1 0 0 1 1 0 1 1 1 0 0 1 0 0 0 0 1 0 0 0 0 0 0 0 0 0 0 0 0 0 0 0 0 0 0 16
0 1 0 0 0 0 1 1 0 1 1 1 1 1 1 1 0 1 0 0 0 1 1 1 1 1 1 0 1 0 0 1 0 0 0 0 0 0 0 0 0 0 0 0 0 0 0 0 0 0 19
1 1 0 0 0 1 1 1 0 1 1 1 0 1 0 1 0 1 0 0 0 0 1 1 1 1 0 0 0 0 1 1 0 0 0 0 0 0 0 0 0 0 0 0 0 0 0 0 0 0 17
1 1 0 0 0 0 1 0 0 1 1 1 1 0 0 1 0 1 1 1 0 0 0 1 1 1 1 0 0 0 1 0 0 0 0 0 0 0 0 0 0 0 0 0 0 0 0 0 0 0 16
1 1 1 1 0 1 1 0 0 0 1 1 0 1 0 1 0 1 0 0 0 0 1 1 0 0 1 0 0 0 0 0 0 1 0 0 0 0 0 0 0 0 0 0 0 0 0 0 0 0 15
1 1 0 1 0 0 1 1 1 1 0 0 1 1 0 1 0 1 1 0 0 1 1 1 1 0 0 1 0 0 0 1 0 0 1 0 0 0 0 0 0 0 0 0 0 0 0 0 0 0 19
0 1 0 0 0 0 1 1 0 1 1 0 0 0 0 1 1 1 0 1 0 0 1 1 0 1 1 0 0 0 0 0 0 0 0 0 0 0 0 0 0 0 0 0 0 0 0 0 0 0 13
0 1 0 0 0 1 1 0 0 1 1 0 0 0 1 1 1 1 1 0 0 0 1 1 1 1 1 0 0 0 0 1 0 0 0 0 0 0 0 0 0 0 0 0 0 0 0 0 0 0 16
1 1 1 1 0 0 1 0 1 1 1 1 1 1 0 0 1 1 0 1 1 1 1 1 0 1 1 0 0 0 0 1 0 0 0 0 0 0 0 0 0 0 0 0 0 0 0 0 0 0 21
0 1 0 0 0 1 1 0 0 1 0 1 0 1 0 1 1 0 0 1 1 1 1 1 0 1 1 0 0 0 1 1 0 0 0 0 0 0 0 0 0 0 0 0 0 0 0 0 0 0 17
1 1 0 1 0 1 1 0 0 1 1 1 1 1 1 0 0 1 1 1 0 1 1 1 1 1 0 0 0 0 0 1 0 0 0 0 0 0 0 0 0 0 0 0 0 0 0 0 0 0 20
1 1 1 0 0 1 1 1 1 1 0 0 1 0 1 1 1 1 0 1 0 1 1 1 1 0 1 0 0 0 0 1 0 0 0 1 0 0 0 0 0 0 0 0 0 0 0 0 0 0 21
1 0 0 1 0 0 1 1 1 1 1 0 1 1 1 0 0 1 0 0 0 1 1 1 1 0 0 0 0 0 0 1 0 0 0 0 0 0 0 0 0 0 0 0 0 0 0 0 0 0 16
1 1 1 1 0 0 1 1 0 1 1 0 1 1 1 0 1 1 0 0 1 0 1 1 1 1 0 0 0 0 0 1 0 0 0 0 0 0 0 0 0 0 0 0 0 0 0 0 0 0 19
0 1 0 0 0 1 1 0 1 1 0 1 1 1 0 0 1 0 0 1 0 0 1 1 0 1 1 0 0 0 0 0 1 0 0 0 0 0 0 0 0 0 0 0 0 0 0 0 0 0 15
1 1 0 0 0 1 1 1 0 1 1 0 0 1 0 0 0 0 0 0 0 1 0 1 0 1 1 0 0 0 0 1 0 0 0 0 0 0 0 0 0 0 0 0 0 0 0 0 0 0 13
1 1 0 1 0 1 1 1 0 1 1 1 1 1 1 1 1 1 1 1 0 1 1 1 1 1 1 0 1 0 0 1 0 1 0 0 0 0 0 0 0 0 0 0 0 0 0 0 0 0 26
0 1 0 0 0 1 1 1 0 1 1 1 0 1 0 0 1 1 0 0 0 0 1 1 1 1 1 0 1 0 0 0 0 0 0 0 0 0 0 0 0 0 0 0 0 0 0 0 0 0 16
1 1 0 1 0 0 1 1 1 1 0 0 1 1 0 0 0 1 0 0 0 0 0 1 0 0 1 0 1 1 0 0 0 0 0 0 0 0 0 0 0 0 0 0 0 0 0 0 0 0 14
1 1 0 0 0 1 1 0 0 1 1 1 1 0 0 1 0 1 0 0 0 0 1 1 0 1 0 0 0 0 0 1 0 0 0 0 0 0 0 0 0 0 0 0 0 0 0 0 0 0 14
1 1 0 1 0 0 1 0 1 1 1 0 0 1 0 0 0 1 0 1 0 0 1 1 1 1 0 0 0 0 0 0 0 0 0 0 0 0 0 0 0 0 0 0 0 0 0 0 0 0 14
1 1 0 1 0 1 1 1 0 1 1 1 0 1 1 1 1 1 0 0 0 0 1 1 0 1 1 0 0 0 0 0 0 0 0 0 0 0 0 0 0 0 0 0 0 0 0 0 0 0 18
0 1 1 0 0 0 1 1 0 1 0 1 1 1 0 1 1 1 0 0 1 1 1 1 0 1 1 0 0 0 0 1 0 0 0 0 0 0 0 0 0 0 0 0 0 0 0 0 0 0 18
1 1 1 1 0 1 1 1 0 1 1 0 1 0 1 1 1 1 0 1 0 0 1 1 1 1 1 0 0 0 0 1 0 0 0 0 0 0 0 0 0 0 0 0 0 0 0 0 0 0 21
0 1 0 1 0 1 1 0 0 1 1 0 1 0 1 0 1 1 1 0 1 1 1 1 0 0 1 0 0 0 0 0 0 0 0 0 0 0 0 0 0 0 0 0 0 0 0 0 0 0 16
1 1 0 0 0 0 1 1 0 1 1 0 1 1 1 1 0 1 0 0 0 1 1 1 1 1 0 0 1 0 0 0 0 0 0 0 0 0 0 0 0 0 0 0 0 0 0 0 0 0 17
1 1 0 0 0 1 1 1 0 1 0 0 1 1 0 0 0 1 0 0 0 0 1 1 1 0 0 0 1 0 0 1 0 0 0 0 0 0 0 0 0 0 0 0 0 0 0 0 0 0 14
1 1 0 0 0 0 1 1 0 1 1 0 0 1 0 1 0 1 0 0 0 1 1 1 0 0 1 0 0 0 0 1 0 0 0 0 0 0 0 0 0 0 0 0 0 0 0 0 0 0 14
1 1 0 0 1 0 1 1 0 1 1 0 1 1 1 0 1 1 0 1 0 0 1 1 0 1 0 0 0 0 1 1 1 0 0 0 0 0 0 0 0 0 0 0 0 0 0 0 0 0 19
1 0 0 0 0 0 1 1 0 0 1 0 1 0 0 0 0 1 0 1 0 1 1 1 0 1 0 0 0 0 0 0 1 0 0 0 0 0 0 0 0 0 0 0 0 0 0 0 0 0 12
1 1 0 0 0 1 1 1 0 1 1 0 0 1 0 0 1 1 0 1 1 1 1 1 1 1 1 0 1 0 1 1 1 0 0 0 0 0 0 0 0 0 1 0 0 0 0 0 0 0 23
1 1 0 0 0 1 1 1 0 1 1 0 1 1 0 0 1 1 0 1 0 1 1 1 0 1 0 0 0 0 0 0 0 0 0 0 0 0 0 0 0 0 0 0 0 0 0 0 0 0 16
1 1 0 0 0 0 1 1 0 1 1 1 1 1 0 1 0 1 0 0 0 0 1 1 1 0 1 0 0 0 0 0 0 0 1 0 0 0 0 0 0 0 0 0 0 0 0 0 0 0 16
1 0 0 0 0 1 1 1 1 1 0 1 1 1 1 0 1 1 0 1 0 1 1 1 1 0 1 0 0 0 0 1 0 0 0 0 0 0 0 0 0 0 0 0 0 0 0 0 0 0 19
1 1 0 0 0 1 1 0 0 1 1 0 1 1 0 0 0 0 0 0 1 1 1 1 1 0 1 0 0 0 0 1 0 0 0 0 0 0 0 0 0 0 0 0 0 0 0 0 0 0 15
1 1 0 1 0 1 1 1 1 1 1 0 1 1 0 1 0 1 0 1 0 1 0 1 0 0 1 0 0 0 0 1 0 0 0 0 0 0 0 0 0 0 0 0 0 0 0 0 0 0 18
1 1 0 1 0 0 1 0 0 1 0 0 1 1 1 1 1 1 0 1 0 1 1 1 0 1 0 0 0 0 0 0 0 1 0 0 0 0 0 0 0 0 0 0 0 0 0 0 0 0 17
1 1 0 0 0 1 1 1 0 1 1 1 0 1 1 0 1 1 0 1 1 0 1 1 1 0 0 0 1 0 0 1 0 0 0 0 0 0 0 0 0 0 0 0 0 0 0 0 0 0 19
1 1 0 0 0 0 1 0 1 1 1 0 1 1 1 1 1 1 0 0 0 1 1 1 0 0 1 0 0 0 0 1 1 0 0 0 0 0 0 0 0 0 0 0 0 0 0 0 0 0 18
0 1 0 0 0 0 1 1 0 1 1 0 0 1 1 0 0 1 0 1 0 0 1 1 1 1 0 0 1 0 1 0 0 0 0 0 0 0 0 0 0 0 0 0 0 0 0 0 0 0 15
1 0 0 0 0 1 1 0 0 1 0 1 1 1 1 0 0 1 0 1 1 1 1 1 1 1 1 0 0 0 0 0 0 0 0 0 0 0 0 0 0 0 0 0 0 0 0 0 0 0 17
1 1 0 1 0 0 1 0 0 1 1 0 1 1 1 1 1 1 0 0 0 1 1 1 0 0 1 0 1 0 0 1 0 0 0 0 0 0 0 0 0 0 0 0 0 0 0 0 0 0 18
1 1 0 0 0 0 1 0 0 1 0 1 0 1 1 1 0 1 0 0 0 0 1 1 0 0 1 0 0 0 0 1 1 0 0 0 0 0 0 0 0 0 0 0 0 0 0 0 0 0 14
1 1 0 1 0 1 1 1 0 1 1 0 1 1 0 1 1 1 0 1 0 1 1 1 1 1 0 0 0 0 0 0 0 0 0 0 0 0 0 0 0 0 0 0 0 0 0 0 0 0 19
0 0 0 0 0 0 1 1 0 1 0 0 0 1 0 1 0 1 0 1 1 0 1 1 0 0 0 1 0 1 0 0 0 0 0 0 0 0 0 0 0 0 0 0 0 0 0 0 0 0 12
1 1 0 0 0 0 1 1 1 1 1 0 0 1 0 1 0 1 0 0 1 1 1 1 0 1 0 0 0 0 0 0 0 0 0 0 0 0 0 0 0 0 0 0 0 0 0 0 0 0 15
0 1 0 0 0 0 1 0 1 1 1 0 0 1 1 1 0 1 0 1 0 0 1 1 0 1 1 0 0 0 0 0 0 0 0 0 0 0 0 0 0 0 0 0 0 0 0 0 0 0 14
1 0 0 0 0 0 1 0 1 1 1 0 1 0 1 0 1 1 0 0 0 1 1 1 0 0 0 0 0 0 0 1 0 0 0 0 0 0 0 0 0 0 0 0 0 0 0 0 0 0 13
1 1 0 0 0 0 1 1 0 1 1 0 0 1 1 1 1 1 0 1 0 1 0 1 0 0 1 0 0 0 0 1 0 0 0 0 0 0 0 0 0 0 0 0 0 0 0 0 0 0 16
1 1 0 0 0 0 1 1 0 1 1 1 0 1 1 1 0 1 1 0 0 0 0 1 0 0 0 0 0 0 0 1 0 0 0 0 0 0 0 0 0 0 0 0 0 0 0 0 0 0 14
1 1 0 1 0 1 1 1 1 1 1 0 1 1 0 1 1 1 0 1 1 0 0 1 1 0 0 0 1 0 0 0 0 0 0 0 0 0 0 0 1 0 0 0 0 0 0 0 0 0 20
0 1 0 0 0 0 1 1 0 1 0 1 0 1 1 0 1 1 0 0 0 1 1 1 1 1 1 0 1 0 0 0 0 0 0 0 0 0 0 0 0 0 0 0 0 0 0 0 0 0 16
0 1 0 0 0 0 1 1 0 1 1 0 1 0 0 0 0 1 1 1 0 0 0 1 0 1 0 0 0 0 0 0 1 0 0 0 0 0 0 0 0 0 0 0 0 0 0 0 0 0 12
0 0 0 0 0 0 1 1 0 1 1 0 1 1 1 0 0 1 0 1 0 1 1 1 0 1 1 0 0 0 0 1 0 0 0 0 0 0 0 0 0 0 0 0 0 0 0 0 0 0 15
1 1 0 0 0 1 1 1 1 1 1 0 0 1 0 1 0 0 0 0 0 1 1 1 0 1 0 0 0 0 0 1 0 0 0 0 0 0 0 0 0 0 0 0 0 0 0 0 0 0 15
1 1 0 1 1 0 1 0 1 1 1 0 1 0 0 1 0 1 1 0 0 0 1 0 0 1 0 0 0 0 0 1 0 0 0 0 0 0 0 0 0 0 0 0 0 0 0 0 0 0 15
1 0 0 0 0 0 1 1 0 1 0 0 0 0 1 1 1 1 0 1 0 1 1 1 1 0 1 0 1 0 0 1 0 1 0 0 0 0 0 0 0 0 0 0 0 0 0 0 0 0 17
1 1 1 0 0 1 1 1 1 1 1 1 0 1 1 1 0 1 0 0 0 1 1 1 1 1 1 0 0 0 0 0 0 0 0 0 0 0 0 0 0 0 0 0 0 0 0 0 0 0 20
1 1 0 1 0 1 1 1 0 1 1 0 0 1 1 1 1 1 0 0 0 0 1 1 1 0 1 0 0 0 0 0 0 0 0 0 0 0 0 0 0 0 0 0 0 0 0 0 0 0 17
1 1 0 1 0 0 1 1 0 1 1 0 0 1 0 0 1 1 1 1 1 1 1 1 1 1 0 0 0 0 0 1 0 1 0 0 0 0 0 0 0 0 0 0 0 0 0 0 0 0 20
0 0 0 0 0 0 1 1 1 1 0 1 1 1 1 0 0 1 0 1 1 1 1 1 1 0 1 0 0 0 1 1 0 0 0 0 0 0 0 0 0 0 0 0 0 0 0 0 0 0 18
1 1 0 0 0 0 1 1 0 1 1 0 0 1 1 1 0 1 0 0 0 0 1 1 0 0 1 0 0 0 0 1 0 0 0 0 0 0 0 0 0 0 0 0 0 0 0 0 0 0 14
0 1 0 0 0 0 1 0 1 1 1 0 1 1 0 1 1 1 0 1 0 0 1 1 0 1 1 0 0 0 0 1 1 0 0 0 0 0 0 0 0 0 0 0 0 0 0 0 0 0 17
1 1 0 0 0 0 1 1 0 1 1 0 1 1 1 1 1 1 0 0 0 1 0 1 0 0 1 0 0 0 0 0 0 0 1 0 0 0 0 0 0 0 0 0 0 0 0 0 0 0 16
1 0 0 0 0 0 1 1 1 1 1 1 1 1 0 1 1 1 0 0 0 0 1 1 0 0 0 0 0 0 0 1 0 0 0 0 0 0 0 0 0 0 0 0 0 0 0 0 0 0 15
1 1 0 0 0 0 1 0 0 1 0 1 1 1 1 1 1 1 0 0 0 1 1 1 0 0 1 0 0 0 0 0 0 0 0 0 0 0 0 0 0 0 0 0 0 0 0 0 0 0 15
1 1 0 1 0 0 1 0 0 1 1 1 1 1 1 0 1 1 0 0 1 1 1 1 0 1 1 0 0 0 0 0 0 0 0 0 0 0 0 0 0 0 0 0 0 0 0 0 0 0 18
1 1 0 1 0 0 1 1 0 1 1 0 1 1 1 1 0 1 1 0 0 0 1 1 1 0 1 0 0 0 0 0 1 0 1 0 0 0 0 0 0 0 0 0 0 0 0 0 0 0 19
1 0 1 1 0 0 1 0 0 1 1 0 1 1 1 1 1 1 1 0 0 1 1 1 0 1 0 0 0 0 1 0 0 0 0 0 0 0 0 0 0 0 0 0 0 0 0 0 0 0 18
0 1 0 0 0 1 1 1 0 1 1 0 1 1 1 0 1 0 1 1 0 0 1 1 0 1 0 0 0 0 0 0 0 0 0 0 0 0 0 0 0 0 0 0 0 0 0 0 0 0 15
1 1 0 0 0 0 1 0 0 1 0 0 1 0 0 1 1 1 1 0 1 1 0 1 1 1 1 1 1 0 0 1 0 0 0 0 0 0 0 0 0 0 0 0 0 0 0 0 0 0 18
0 1 0 1 0 0 1 1 0 1 1 0 1 1 0 1 0 1 1 1 0 0 1 1 0 1 1 0 0 0 0 1 0 0 1 0 0 0 0 0 0 0 0 0 0 0 0 0 0 0 18
1 1 0 1 0 1 1 0 0 1 1 0 1 1 1 0 0 1 0 1 0 1 1 1 0 1 1 0 0 0 0 1 1 0 0 0 0 0 0 0 0 0 0 0 0 0 0 0 0 0 19
0 1 1 0 0 1 1 1 1 1 1 0 0 1 1 1 0 1 1 1 0 0 1 1 0 0 0 1 1 0 0 0 0 0 0 0 0 0 0 0 0 0 0 0 0 0 0 0 0 0 18
1 0 0 0 0 0 1 0 0 1 0 0 1 0 0 1 0 1 0 1 1 0 1 1 1 1 0 0 0 0 0 1 0 0 0 0 0 0 0 0 0 0 0 0 0 0 0 0 0 0 13
0 1 0 0 0 0 1 0 0 1 1 0 0 0 1 0 1 1 1 0 0 0 1 1 1 1 1 0 0 0 0 1 1 0 0 0 0 0 0 0 0 0 0 0 0 0 0 0 0 0 15
1 1 0 0 0 1 1 1 1 1 1 1 1 0 1 0 0 1 0 1 1 1 1 1 1 1 0 0 0 0 0 1 0 0 0 0 0 0 0 0 0 0 0 0 0 0 1 0 0 0 21
0 1 0 0 0 1 1 0 1 0 1 1 0 0 0 1 0 1 0 1 0 0 1 1 0 1 1 0 0 0 0 1 0 0 0 0 0 0 0 0 0 0 0 0 0 0 0 0 0 0 14
1 1 0 1 1 0 1 1 0 1 0 1 0 1 0 0 1 1 0 0 0 0 1 0 0 1 1 0 0 0 0 0 0 0 0 0 0 0 0 0 0 0 0 0 0 0 0 0 0 0 14
1 1 0 1 0 1 1 0 0 1 1 0 1 0 1 1 1 0 0 1 0 0 1 0 1 1 0 0 0 0 0 1 0 0 0 0 0 0 0 0 0 0 0 0 0 0 0 0 0 0 16
1 1 0 0 0 1 1 0 1 1 1 0 1 1 0 0 0 0 0 0 0 1 1 1 1 1 1 0 0 0 0 0 0 0 0 0 0 0 0 0 0 0 0 0 0 0 0 0 0 0 15
0 1 1 0 0 0 1 1 0 1 1 0 1 0 0 1 1 1 0 1 1 0 0 1 1 1 0 0 0 0 1 1 1 0 0 0 0 0 0 0 0 0 0 0 0 0 0 0 0 0 18
1 1 0 1 0 0 1 0 0 1 1 0 1 1 0 1 0 1 0 1 0 0 1 1 0 1 1 0 0 0 0 1 0 0 0 0 0 0 0 0 0 0 0 0 0 0 0 0 0 0 16
1 1 0 0 0 1 1 1 1 1 0 1 1 1 0 1 1 1 1 1 0 1 1 1 0 1 1 0 0 0 0 1 0 0 0 0 0 0 0 0 0 0 0 0 0 0 0 0 0 0 21
1 1 0 0 0 0 1 0 0 1 1 1 0 1 0 1 0 1 0 0 1 1 1 1 0 0 1 0 0 0 0 1 0 0 0 0 0 0 0 0 0 0 0 0 0 0 0 0 0 0 15
1 1 0 0 0 1 1 0 1 1 1 1 1 1 0 1 1 1 1 0 0 1 1 1 1 0 1 0 0 0 0 1 1 0 0 0 0 0 0 0 0 0 0 0 0 0 0 0 0 0 21
1 1 0 0 0 0 1 0 0 1 1 0 1 1 0 1 0 1 0 1 0 0 0 1 1 1 1 0 0 0 0 1 1 1 1 0 0 0 0 0 0 0 0 0 0 0 0 0 0 0 18
1 1 0 1 0 0 1 1 1 1 0 1 1 1 1 1 0 1 0 0 0 0 0 1 0 0 1 0 0 0 0 1 0 0 0 0 0 0 0 0 0 0 0 0 0 0 0 0 0 0 16
1 1 0 1 0 1 1 1 0 1 1 1 1 1 1 0 1 1 1 1 0 1 1 0 1 1 1 0 0 0 0 0 0 0 0 0 0 0 0 0 0 0 0 0 0 0 0 0 0 0 21
1 1 0 0 0 1 1 1 1 1 1 1 1 1 1 1 0 1 1 1 1 1 1 1 0 0 1 0 0 0 0 1 0 0 0 0 0 0 0 0 0 0 0 0 0 0 0 0 0 0 22
1 1 0 0 0 1 1 0 1 1 1 0 1 1 0 1 1 0 1 1 1 0 1 1 0 1 0 0 0 0 0 1 0 0 0 0 0 0 0 0 0 0 0 0 0 0 0 0 0 0 18
1 1 0 0 0 0 1 0 0 1 1 0 1 1 0 1 1 0 1 0 0 0 1 1 0 0 1 0 0 0 0 1 0 0 0 0 0 0 0 0 0 0 0 0 0 0 0 0 0 0 14
1 1 1 0 0 0 1 0 1 1 1 0 1 1 1 1 0 1 1 0 0 1 1 1 1 1 1 0 0 0 0 1 1 0 0 0 0 0 0 1 0 0 0 0 0 0 0 0 0 0 22
1 1 1 0 0 1 1 1 1 1 1 0 0 1 0 1 1 0 1 1 0 1 0 1 0 0 1 0 0 0 0 1 0 0 0 0 0 0 0 0 0 0 0 0 0 0 0 0 0 0 18
1 1 0 0 1 0 1 1 0 1 1 1 1 1 1 1 1 1 0 0 0 0 1 1 0 1 0 0 1 0 0 0 0 1 0 0 0 0 0 0 0 0 0 0 0 0 0 0 0 0 19
0 1 0 1 0 1 1 1 0 1 0 0 1 0 0 0 0 0 0 1 0 1 1 1 0 1 1 0 0 0 0 0 0 0 0 0 0 0 0 0 0 0 0 0 0 0 0 0 0 0 13
1 0 0 1 0 1 1 0 0 1 1 0 0 0 1 1 0 1 0 1 1 0 0 1 0 0 0 0 0 0 0 0 0 0 0 0 0 0 0 0 0 0 0 0 0 0 0 0 0 0 12
1 1 0 1 0 1 1 0 0 1 1 0 1 1 1 1 1 1 0 1 1 0 1 1 0 0 0 0 0 0 1 1 1 0 0 0 0 0 0 0 0 0 0 0 0 0 0 0 0 0 20
0 1 0 0 0 0 1 0 0 1 1 1 1 1 0 1 1 1 0 1 0 1 1 1 0 1 1 0 0 0 0 1 0 0 0 0 0 0 0 0 0 0 0 0 0 0 0 0 0 0 17
0 1 0 0 0 0 1 0 0 1 1 1 1 1 0 0 0 1 0 1 0 0 1 1 0 0 0 0 0 0 0 0 1 0 0 0 0 0 0 0 0 0 0 0 0 0 0 0 0 0 12
1 1 1 0 0 1 1 1 1 1 1 0 1 1 1 1 1 1 0 1 0 0 1 1 1 0 1 1 0 0 1 1 0 0 0 0 0 0 0 0 0 0 0 0 0 0 0 0 0 0 23
1 1 0 0 1 1 1 1 0 1 0 0 1 1 1 0 1 1 0 0 0 1 1 1 0 0 1 0 0 0 0 0 0 0 1 0 0 0 0 0 0 0 0 0 0 0 0 0 0 0 17
1 1 0 0 0 1 1 0 0 1 1 0 0 1 0 0 1 1 0 0 0 0 1 0 1 0 1 0 0 0 0 1 0 0 0 0 0 0 0 0 0 0 0 0 0 0 0 0 0 0 13
1 1 0 0 0 1 1 1 0 1 0 0 1 1 0 0 0 1 1 1 0 1 1 1 1 0 0 1 1 0 0 1 0 0 0 0 0 0 0 0 0 0 0 0 0 0 0 0 0 0 18
1 1 0 0 0 0 1 1 0 1 1 0 0 1 1 1 1 1 1 0 0 1 1 0 1 1 0 0 0 0 0 0 1 0 0 0 0 0 0 0 0 0 0 0 0 0 0 0 0 0 17
0 1 0 1 0 1 1 1 1 1 1 0 1 1 0 0 1 0 0 1 0 1 1 1 1 0 1 0 1 1 0 1 0 0 0 0 0 0 0 0 0 0 0 0 0 0 0 0 0 0 20
1 1 0 0 0 1 1 1 0 1 0 0 1 1 1 1 1 1 1 0 1 0 1 1 0 1 1 0 0 0 0 0 0 0 0 0 0 0 0 0 0 0 0 0 0 0 0 0 0 0 18
1 1 0 1 0 0 1 1 0 1 0 1 1 1 1 0 0 0 1 0 0 0 1 1 0 1 1 0 0 0 0 0 0 0 0 0 0 0 0 0 0 0 0 0 0 0 0 0 0 0 15
1 0 0 0 1 0 1 1 1 1 1 1 1 1 0 1 1 0 0 0 0 1 1 0 0 1 0 0 0 0 0 1 0 0 0 0 0 0 0 0 0 0 0 0 0 0 0 0 0 0 16
1 1 0 1 0 1 1 1 0 0 1 0 0 1 0 0 1 0 0 1 1 1 0 1 0 1 1 0 0 0 0 0 1 0 0 0 0 0 0 0 0 0 0 0 0 0 0 0 0 0 16
1 0 0 0 0 0 1 0 0 1 0 0 0 1 1 1 0 1 0 1 0 1 1 1 1 0 0 0 0 0 0 0 0 0 0 0 0 0 0 0 0 0 0 0 0 0 0 0 0 0 12
0 1 0 0 0 1 1 0 0 1 1 0 0 0 0 1 0 1 0 1 0 1 1 1 0 1 1 0 0 0 0 1 0 0 0 0 0 0 0 0 0 0 0 0 0 0 0 0 0 0 14
0 1 0 0 0 0 1 0 1 1 1 1 1 1 0 1 0 1 1 0 0 0 1 0 1 0 1 0 0 0 0 1 1 0 0 0 0 0 0 0 0 0 0 0 0 0 0 0 0 0 16
1 1 0 0 0 1 1 0 1 1 1 0 1 1 1 0 0 1 0 1 0 0 1 1 0 0 0 0 1 0 0 0 0 0 0 0 0 0 0 0 0 0 0 0 0 0 0 0 0 0 15
1 1 0 0 0 1 1 1 0 1 1 1 1 1 1 0 1 1 0 0 0 0 1 1 0 1 1 0 0 0 0 0 0 0 0 0 0 0 0 0 0 0 0 0 0 0 0 0 0 0 17
0 1 1 0 0 0 1 1 1 1 1 1 1 1 1 1 1 1 0 0 0 1 1 1 0 1 1 0 0 0 0 1 0 0 0 0 0 0 0 0 0 0 0 0 0 0 0 0 0 0 20
1 1 0 0 0 1 1 1 0 0 1 0 0 1 1 1 1 1 1 0 1 1 1 1 0 0 1 0 1 0 0 0 0 0 0 0 0 0 0 0 0 0 0 0 0 0 0 0 0 0 18
1 1 0 1 0 1 1 0 0 1 1 0 0 0 1 0 0 0 1 1 0 1 1 1 1 1 1 0 0 0 0 1 0 0 0 0 0 0 0 0 0 0 0 0 0 0 0 0 0 0 17
1 0 0 0 0 1 1 0 1 1 1 0 1 0 0 0 0 1 0 0 0 0 1 1 1 1 1 0 0 0 1 0 0 0 0 0 0 0 0 0 0 0 0 0 0 0 0 0 0 0 14
1 0 0 0 0 0 1 1 1 1 1 1 1 1 0 1 0 1 0 1 0 0 0 1 1 1 1 0 0 1 0 1 0 0 0 0 0 0 0 0 0 0 0 0 0 0 0 0 0 0 18
1 1 0 1 1 1 1 0 1 1 1 0 1 0 0 0 1 0 1 1 0 1 1 1 0 1 1 0 1 0 1 1 0 0 0 0 0 0 0 0 0 0 0 0 0 0 0 0 0 0 21
1 1 0 1 0 0 1 1 0 1 1 0 1 1 0 1 1 1 1 0 0 0 1 1 1 1 1 0 0 0 0 1 0 0 0 0 0 0 0 0 0 0 0 0 0 0 0 0 0 0 19
1 1 0 1 0 0 1 1 0 1 0 0 0 1 1 1 1 0 0 1 0 1 1 1 1 1 1 0 1 0 0 1 0 0 1 0 0 0 0 0 0 0 0 0 0 0 0 0 0 0 20
1 1 0 0 0 0 1 1 0 1 1 0 1 1 1 1 0 0 0 1 0 1 1 1 0 0 1 0 0 0 0 0 0 0 0 0 0 0 0 0 0 0 0 0 0 0 0 0 0 0 15
1 1 0 0 0 1 1 0 1 1 0 0 1 0 1 1 0 1 0 0 0 0 1 1 1 0 1 0 0 0 0 1 0 0 0 1 0 0 0 0 0 0 0 0 0 0 0 0 0 0 16
1 0 0 0 0 1 1 1 0 1 0 1 1 1 0 1 1 1 0 0 0 0 0 1 1 1 1 0 0 0 1 1 0 0 1 0 0 0 0 0 0 0 0 0 0 0 0 0 0 0 18
1 0 0 0 0 1 1 1 1 1 1 1 0 1 0 0 1 1 0 1 0 1 1 1 0 0 0 0 1 0 0 0 0 0 0 0 0 0 0 0 0 0 0 0 0 0 0 0 0 0 16
1 1 1 0 0 1 1 0 0 1 1 0 1 1 0 1 0 1 0 0 0 1 1 0 0 1 0 0 0 0 0 0 0 0 0 0 0 0 0 0 0 0 0 0 0 0 0 0 0 0 14
1 1 0 1 0 1 1 0 1 1 1 0 0 1 0 1 1 1 0 0 0 1 1 1 0 1 1 0 1 0 0 1 0 0 0 0 0 0 0 0 0 0 0 0 0 0 0 0 0 0 19
1 1 0 1 1 1 1 0 0 1 1 1 1 0 1 1 0 1 1 0 0 0 1 1 0 0 1 0 0 0 0 1 0 0 0 0 0 0 0 0 0 0 0 0 0 0 0 0 0 0 18
1 1 0 0 0 0 1 0 0 1 1 0 0 0 1 1 0 1 0 1 0 0 0 0 0 1 1 0 0 1 0 0 0 0 0 0 0 0 0 0 0 0 0 0 0 0 0 0 0 0 12
1 0 0 0 0 1 1 1 1 1 0 0 0 1 1 1 0 1 0 1 0 0 1 1 1 0 1 0 1 0 0 1 0 0 0 0 0 0 0 0 0 0 0 0 0 0 0 0 0 0 17
1 1 0 1 0 0 1 0 1 1 1 0 0 1 1 1 0 1 1 0 1 1 1 1 0 1 1 0 0 0 0 1 0 0 0 0 0 0 0 0 0 0 0 0 0 0 0 0 0 0 19
1 1 0 0 0 1 1 0 1 0 1 0 1 0 0 1 1 1 0 0 0 0 1 1 0 1 0 0 0 0 0 1 0 0 0 0 0 0 0 0 0 0 0 0 0 0 0 0 0 0 14
1 0 1 1 0 0 1 1 0 1 1 0 0 1 1 1 0 1 0 0 0 0 1 1 1 0 1 0 1 0 0 0 0 1 0 0 0 0 0 0 0 0 0 0 0 0 0 0 0 0 17
1 1 1 0 0 0 1 0 0 1 0 1 1 1 0 0 1 1 0 1 1 0 1 1 1 0 1 0 0 0 0 0 0 0 0 0 0 0 0 0 0 0 0 0 0 0 0 0 0 0 16
1 1 0 0 0 1 1 0 1 1 1 0 1 1 1 1 1 1 1 1 0 0 1 1 0 1 0 0 1 0 0 0 0 0 0 0 0 0 0 0 0 0 0 0 0 0 0 0 0 0 19
0 1 0 0 1 0 1 1 1 1 0 0 1 1 0 1 1 1 0 0 0 1 1 1 0 0 0 0 1 0 0 1 0 0 0 0 0 0 0 0 0 0 0 0 0 0 0 0 0 0 16
1 1 0 1 0 0 1 1 1 1 1 0 0 1 0 1 0 0 0 1 0 0 1 1 1 1 1 0 1 0 0 1 0 0 0 0 0 0 0 0 0 0 0 0 0 0 0 0 0 0 18
0 1 0 1 0 1 1 1 1 1 0 0 1 1 0 1 1 1 1 1 0 1 1 1 1 1 0 0 0 0 0 1 1 1 0 0 0 0 0 0 0 0 0 0 0 0 0 0 0 0 22
1 1 0 1 0 1 1 1 0 1 0 1 0 1 1 1 0 0 0 1 0 1 1 1 0 1 0 0 0 0 0 1 0 0 0 0 0 0 0 0 0 0 0 0 0 0 0 0 0 0 17
1 0 0 1 0 1 1 0 0 1 1 0 1 1 0 1 0 1 1 0 1 0 1 1 0 1 0 1 0 0 0 1 0 0 0 0 0 0 0 0 0 0 0 0 0 0 0 0 0 0 17
1 1 0 1 0 0 1 1 0 1 0 1 1 1 1 0 0 1 0 1 1 1 1 1 0 1 1 1 1 0 1 1 0 0 0 0 0 0 0 0 0 0 0 0 0 0 0 0 0 0 22
1 0 0 1 0 0 1 0 1 1 0 1 1 1 1 1 0 1 0 1 0 0 1 1 0 1 1 0 1 0 0 1 0 0 1 0 0 0 0 0 0 0 0 0 0 0 0 0 0 0 19
1 1 0 1 0 0 1 0 1 1 0 0 1 1 1 1 1 1 0 1 1 1 1 1 0 0 1 0 1 0 0 1 0 0 0 0 0 0 0 0 0 0 0 0 0 0 0 0 0 0 20
1 1 0 0 0 0 1 0 0 1 1 0 0 1 0 1 0 1 0 0 1 1 1 0 0 0 1 0 0 0 0 0 0 0 0 0 0 0 0 0 0 0 0 0 0 0 0 0 0 0 12
1 1 1 0 0 0 1 0 1 1 0 1 1 1 1 0 1 1 0 0 0 1 1 1 0 0 1 0 0 0 1 1 0 1 0 0 0 0 0 0 0 0 0 0 0 0 0 0 0 0 19
1 1 0 0 0 0 1 0 1 1 1 0 1 0 0 1 0 1 0 0 0 0 0 1 0 1 1 0 0 0 0 0 0 0 0 0 0 0 0 0 0 0 0 0 0 0 0 0 0 0 12
0 1 0 0 0 1 1 1 0 1 1 1 0 0 1 1 0 1 0 1 0 0 0 1 1 1 1 0 1 0 0 1 1 0 0 0 0 0 0 0 0 0 0 0 0 0 0 0 0 0 18
1 1 0 0 0 1 1 1 0 1 0 0 1 1 1 1 1 1 0 0 0 1 1 1 0 0 1 0 0 0 0 0 0 0 0 0 0 0 0 0 0 0 0 0 0 0 0 0 0 0 16
1 0 1 1 0 0 1 1 0 1 1 0 0 0 1 1 1 1 0 1 1 0 0 1 0 1 1 0 0 0 0 1 0 0 0 0 0 0 0 0 0 0 0 0 0 0 0 0 0 0 17
1 1 0 0 0 0 1 0 0 1 0 1 1 1 0 0 0 1 0 0 1 1 1 1 0 1 1 1 1 0 1 1 0 0 0 0 0 0 0 0 0 0 0 0 0 0 0 0 0 0 18
0 1 0 0 0 0 1 1 0 1 1 0 0 1 1 1 0 1 0 0 0 1 1 1 0 1 1 0 0 0 0 0 0 0 0 0 0 0 0 0 0 0 0 0 0 0 0 0 0 0 14
1 1 0 0 0 0 1 1 0 1 1 0 1 1 0 1 0 0 0 0 0 0 1 1 0 1 1 0 0 0 0 1 0 0 0 0 0 0 0 0 0 0 0 0 0 0 0 0 0 0 14
1 1 0 0 0 1 1 0 0 1 1 1 1 1 1 1 1 1 1 0 1 1 1 1 1 1 0 0 1 0 1 1 0 0 0 0 0 0 0 0 0 0 0 0 0 0 0 0 0 0 23
1 1 0 0 0 0 1 0 1 1 1 0 0 1 1 1 1 1 0 1 0 0 0 1 0 0 1 0 0 0 0 1 0 0 0 0 0 0 0 0 0 0 0 0 0 0 0 0 0 0 15
0 1 0 0 0 1 1 1 0 1 0 1 0 1 0 1 0 1 0 1 1 0 1 1 1 1 1 0 1 0 0 1 1 0 0 0 0 0 0 0 0 0 0 0 0 0 0 0 0 0 19
0 0 0 1 0 1 1 0 1 1 0 0 1 1 1 1 1 1 0 1 0 1 0 1 1 1 0 0 1 0 0 1 1 0 0 0 0 0 0 0 0 0 0 0 0 0 0 0 0 0 19
1 1 0 1 0 0 1 1 0 1 1 0 1 1 0 0 1 1 0 0 0 1 1 1 0 0 0 0 1 0 0 1 0 1 1 0 0 0 0 0 0 0 0 0 0 0 0 0 0 0 18
1 1 1 0 0 0 1 0 0 1 1 0 1 0 0 1 1 1 0 1 0 1 0 0 1 1 1 0 1 0 0 0 0 0 0 0 0 0 0 0 0 0 0 0 0 0 0 0 0 0 16
1 1 0 0 0 0 1 0 0 1 0 1 1 1 1 0 0 1 0 0 0 1 1 1 0 0 0 0 0 0 0 0 1 0 0 0 0 0 0 0 0 0 0 0 0 0 0 0 0 0 13
1 1 0 0 0 0 1 1 0 1 1 0 1 1 0 1 1 1 0 0 1 1 0 1 0 1 0 0 0 0 0 1 0 0 0 0 0 0 0 0 0 0 0 0 0 0 0 0 0 0 16
1 1 0 0 0 0 1 0 1 1 1 0 0 1 0 1 0 1 1 0 1 0 1 1 0 1 1 0 0 0 0 0 0 0 0 0 0 0 0 0 0 0 0 0 0 0 0 0 0 0 15
0 1 0 0 0 1 1 1 1 1 0 0 1 1 0 1 1 1 0 0 0 0 1 1 1 1 1 0 0 0 0 0 0 0 0 0 0 0 0 0 0 0 0 0 0 0 0 0 0 0 16
0 1 0 1 0 0 1 0 0 1 0 0 0 1 1 1 1 1 1 0 0 0 1 1 0 0 0 0 0 0 0 1 1 0 1 0 0 0 0 0 0 0 0 0 0 0 0 0 0 0 15
1 0 0 1 0 0 1 1 0 1 0 0 1 1 0 1 0 1 1 0 0 0 1 1 0 1 0 0 0 0 0 1 1 0 0 0 0 0 0 0 0 0 0 0 0 0 0 0 0 0 15
1 1 0 0 0 1 1 1 0 1 1 1 1 1 0 1 0 1 0 1 0 0 1 0 0 0 1 0 0 0 0 0 0 0 0 0 0 0 0 0 0 0 0 0 0 0 0 0 0 0 15
1 1 0 1 0 0 1 1 0 1 1 1 1 0 1 1 0 1 0 0 0 1 1 1 1 1 1 0 0 0 1 1 1 0 0 0 0 0 0 0 0 0 0 0 0 0 0 0 0 0 21
1 1 0 0 0 0 0 0 0 1 1 1 0 1 0 0 0 1 0 1 1 0 0 1 1 1 1 0 0 0 0 1 0 0 0 0 0 0 0 0 0 0 0 0 0 0 0 0 0 0 14
1 1 1 0 0 0 1 0 1 1 0 0 0 1 0 1 0 1 0 0 0 1 1 1 0 0 1 0 0 0 0 0 0 0 0 0 0 0 0 0 0 0 0 0 0 0 0 0 0 0 13
1 1 0 0 0 0 1 1 1 1 1 1 1 1 0 1 0 0 1 0 0 1 1 0 0 0 1 0 0 0 0 0 0 1 0 0 0 0 0 0 0 0 0 0 0 0 0 0 0 0 16
1 0 0 0 0 0 1 1 1 1 1 0 0 1 0 1 1 1 1 0 0 1 1 1 0 0 0 0 0 0 0 0 0 0 0 0 0 0 0 0 0 0 0 0 0 0 0 0 0 0 14
1 0 0 0 0 1 1 0 0 1 1 0 0 0 0 1 0 1 0 0 0 0 1 1 0 1 0 0 0 0 0 1 0 0 0 0 0 0 0 0 0 0 0 0 0 0 0 0 0 0 11
0 0 0 1 0 1 1 1 0 1 1 0 0 1 1 0 0 0 1 0 0 1 1 1 0 0 1 0 0 0 1 1 0 0 0 0 0 0 0 0 0 0 0 0 0 0 0 0 0 0 15
1 0 0 1 0 0 0 1 0 1 1 0 0 1 0 1 1 1 0 1 1 1 1 1 1 1 1 0 0 0 0 1 0 0 0 0 0 0 0 0 0 0 0 0 0 0 0 0 0 0 18
1 0 0 0 0 1 1 0 0 1 1 1 1 0 0 1 1 1 0 0 1 1 1 1 0 0 1 0 1 0 1 1 0 0 0 0 0 0 0 0 0 0 0 0 0 0 0 0 0 0 18
1 1 0 0 0 0 1 1 1 1 0 0 0 0 0 1 1 1 0 0 0 0 0 1 1 0 1 0 1 0 0 1 0 1 0 0 0 0 0 0 0 0 0 0 0 0 0 0 0 0 15
1 1 1 0 0 0 1 0 0 1 1 1 1 1 1 0 1 1 0 1 0 0 1 1 1 1 1 0 0 1 0 0 1 0 0 0 0 0 0 0 0 0 0 0 0 0 0 0 0 0 20
1 1 0 0 0 1 1 0 1 1 1 0 1 1 0 1 0 1 1 1 0 0 1 1 0 1 0 0 0 0 0 1 0 1 0 0 0 0 0 0 0 0 0 0 0 0 0 0 0 0 18
1 1 0 0 1 1 1 1 0 1 1 1 1 1 1 1 1 1 0 1 0 1 1 1 1 1 1 0 0 0 0 0 0 0 0 0 1 0 0 0 0 0 0 0 0 0 0 0 0 0 23
1 1 0 0 0 0 1 1 0 1 1 0 0 0 0 0 1 1 1 1 0 0 1 1 0 1 1 0 1 1 0 1 0 0 0 0 0 0 0 0 0 0 0 0 0 0 0 0 0 0 17
1 1 0 1 0 1 1 1 1 1 1 0 1 1 1 0 1 1 1 0 0 1 1 1 1 1 0 0 1 0 0 0 0 0 0 0 0 0 0 0 0 0 0 0 0 0 0 0 0 0 21
0 1 0 0 0 0 1 1 0 1 0 0 1 1 0 1 1 1 0 1 1 1 0 1 1 1 1 0 0 0 0 1 0 0 0 0 0 0 0 0 0 0 0 0 0 0 0 0 0 0 17
0 1 0 0 0 0 1 1 1 1 1 0 1 0 0 1 1 1 1 0 1 0 1 1 0 1 0 0 1 0 0 0 0 0 0 0 0 0 0 0 0 0 0 0 0 0 0 0 0 0 16
1 0 1 0 0 0 1 0 0 1 0 0 0 1 0 0 1 1 1 1 0 0 0 1 0 0 0 1 0 0 0 0 0 0 0 0 0 0 0 0 0 0 0 0 0 0 0 0 0 0 11
1 0 0 1 0 1 1 0 0 1 1 1 1 1 0 1 1 0 0 1 0 0 1 1 0 1 0 0 0 0 0 1 0 0 0 0 0 0 0 0 0 0 0 0 0 0 0 0 0 0 16
1 0 0 0 0 0 1 1 1 1 1 0 0 1 0 0 1 1 0 0 0 1 1 1 0 0 1 0 1 0 0 1 0 0 0 0 0 0 0 0 0 0 0 0 0 0 0 0 0 0 15
1 1 0 0 0 1 1 1 0 1 1 0 0 1 1 1 1 1 0 0 0 1 0 1 0 0 1 0 0 1 0 1 0 0 0 0 0 0 0 0 0 0 0 0 0 0 0 0 0 0 17
1 0 0 0 0 1 1 0 0 1 0 0 1 1 1 1 0 1 0 1 0 1 0 1 1 1 0 0 0 0 0 0 0 0 0 0 0 0 0 0 0 0 0 0 0 0 0 0 0 0 14
1 1 0 1 0 0 1 0 0 1 1 0 1 0 1 1 0 1 0 1 0 1 1 1 0 1 1 0 1 0 0 0 0 0 0 0 0 0 0 0 0 0 0 0 0 0 0 0 0 0 17
1 1 0 0 0 0 1 0 0 1 1 1 1 1 1 0 0 1 0 1 0 1 1 0 0 0 1 0 0 0 0 1 0 0 1 0 0 0 0 0 0 0 0 0 0 0 0 0 0 0 16
1 1 0 1 0 1 1 1 1 1 1 0 1 0 0 1 1 0 1 1 1 1 1 0 0 0 1 0 0 0 0 1 1 0 0 0 0 0 0 0 0 0 0 0 0 0 0 0 0 0 20
1 1 1 1 0 0 1 0 1 1 0 0 1 0 0 1 0 1 1 1 1 0 1 1 0 0 0 0 1 0 0 1 0 0 0 0 0 0 0 0 0 0 0 0 0 0 0 0 0 0 17
1 1 1 1 0 1 1 1 1 1 1 0 0 1 0 1 0 1 0 1 0 1 1 0 0 1 0 1 0 0 0 0 0 0 0 0 0 0 0 0 0 0 0 0 0 0 0 0 0 0 18
1 1 0 0 0 1 1 1 1 1 1 0 1 0 1 1 1 1 0 1 0 0 1 1 0 1 1 0 0 0 0 0 0 1 0 0 0 0 0 0 0 0 0 0 0 0 0 0 0 0 19
1 1 1 0 0 0 1 1 1 1 1 0 0 0 0 0 1 1 0 1 0 1 1 1 0 1 0 0 1 0 1 1 0 0 0 0 0 0 0 0 0 0 0 0 0 0 0 0 0 0 18
1 1 0 1 0 0 1 1 0 1 1 1 1 0 1 1 1 1 1 1 0 0 1 1 1 1 0 0 0 0 0 1 0 0 0 0 0 0 1 0 0 0 0 0 0 0 0 0 0 0 21
0 1 0 0 0 1 1 0 1 1 1 0 1 1 1 1 0 1 0 1 0 0 1 1 0 0 1 0 0 0 1 0 0 0 0 0 0 0 0 0 0 0 0 0 0 0 0 0 0 0 16
0 0 0 0 0 0 1 0 0 1 1 1 0 0 0 0 1 1 1 0 1 0 1 1 1 0 1 0 0 0 0 0 0 0 0 0 0 0 0 0 0 0 0 0 0 0 0 0 0 0 12
1 1 0 1 0 0 1 1 0 1 1 1 0 1 0 1 0 1 0 1 0 0 1 1 0 1 1 0 0 0 1 1 0 0 0 0 0 0 0 0 0 0 0 1 0 0 0 0 0 0 19
1 1 0 0 0 1 1 1 1 1 0 0 1 1 0 0 1 1 0 1 1 1 0 1 1 0 1 0 0 0 0 0 0 0 0 0 0 0 0 0 0 0 0 0 0 0 0 0 0 0 17
1 0 0 1 0 0 1 1 0 1 0 0 0 1 1 0 0 0 0 1 1 1 1 1 0 0 1 0 0 0 0 1 1 0 0 0 0 0 0 0 0 0 0 0 0 0 0 0 0 0 15
1 1 0 1 0 1 1 0 0 1 0 1 1 1 0 0 1 1 0 0 1 0 1 1 1 0 1 0 1 0 0 0 1 1 0 0 0 0 0 0 0 0 0 0 0 0 0 0 0 0 19
1 0 0 0 0 0 1 1 0 1 0 0 0 1 1 1 0 1 0 0 1 0 1 0 1 0 1 0 1 0 0 1 0 0 0 0 0 0 0 0 0 0 0 0 0 0 0 0 0 0 14
1 1 0 0 0 1 1 1 0 1 1 0 1 1 0 0 0 1 0 0 0 1 1 1 1 1 0 0 0 0 1 1 0 0 0 0 0 0 0 0 0 0 0 0 0 0 0 0 0 0 17
1 1 1 1 0 0 1 1 0 1 1 0 0 1 1 1 1 1 0 1 0 1 1 1 0 1 1 0 0 0 0 1 0 0 0 0 0 0 0 0 0 0 0 0 0 0 0 0 0 0 20
1 1 0 0 0 1 1 1 0 1 1 0 1 1 0 1 0 1 0 1 0 0 0 1 0 1 0 0 0 0 0 0 1 0 0 0 0 0 0 0 0 0 0 0 0 0 0 0 0 0 15
1 1 0 0 0 1 1 0 0 1 1 0 0 1 0 0 1 1 0 0 0 1 1 1 0 1 0 0 1 0 0 1 0 0 0 0 0 0 0 0 0 0 0 0 0 0 0 0 0 0 15
0 1 0 0 0 1 1 0 0 1 1 0 0 1 1 1 0 1 1 0 0 0 1 1 0 0 0 0 1 0 0 1 0 0 0 0 0 0 0 0 0 0 0 0 0 0 0 0 0 0 14
1 1 0 0 0 0 1 1 1 0 1 0 1 1 1 1 0 1 0 0 1 0 1 1 1 1 0 0 1 0 0 0 0 0 0 0 0 0 0 0 0 0 0 0 0 0 0 0 0 0 17
1 0 0 1 1 1 1 1 0 1 1 0 0 1 0 1 1 1 0 0 1 1 1 1 0 0 0 0 0 0 0 0 0 0 0 0 0 0 0 0 0 0 0 0 0 0 0 0 0 0 16
1 1 0 0 0 1 1 1 1 1 0 0 0 1 0 0 0 0 0 0 0 1 1 1 1 1 1 0 0 0 0 0 0 0 0 0 0 0 0 0 0 0 0 0 0 0 0 0 0 0 14
0 1 0 0 0 0 1 0 0 1 0 0 0 1 1 1 1 1 0 0 1 0 1 1 0 1 1 0 1 0 1 1 0 0 0 0 0 0 0 0 0 0 0 0 0 0 0 0 0 0 16
1 1 0 0 0 0 1 0 0 1 1 1 1 0 0 0 1 1 0 0 0 0 1 1 1 1 1 1 0 0 0 1 0 0 0 0 0 0 0 0 0 0 0 0 0 0 0 0 0 0 16
1 1 0 1 0 0 1 1 0 1 0 1 1 0 0 0 0 1 0 1 0 0 1 1 0 1 1 0 0 0 0 0 0 0 1 0 0 0 0 0 0 0 0 0 0 0 0 0 0 0 15
1 1 0 0 0 1 1 1 0 1 1 0 1 1 0 0 0 1 0 0 0 1 1 1 0 0 1 0 1 0 0 1 1 0 0 0 0 0 0 0 0 0 0 0 0 0 0 0 0 0 17
1 1 1 0 0 1 1 1 0 1 1 1 1 1 0 1 1 1 1 1 0 1 1 1 0 1 1 0 0 0 0 0 0 0 0 0 0 0 0 0 0 0 0 0 0 0 0 0 0 0 21
1 1 0 0 1 0 1 1 1 1 1 1 0 0 1 1 0 1 0 0 0 0 1 1 1 0 0 0 0 0 0 1 0 0 0 0 0 0 0 0 0 0 0 0 0 0 0 0 0 0 16
1 1 0 0 0 1 1 1 1 1 0 0 1 1 0 1 1 0 0 0 1 1 1 1 0 0 1 0 0 0 0 1 0 0 0 0 0 0 0 0 0 0 0 0 0 0 0 0 0 0 17
0 1 0 0 0 1 1 0 0 1 1 0 1 1 0 0 0 1 0 0 1 1 1 1 1 1 1 0 1 0 0 1 0 1 0 0 0 0 0 0 0 0 0 0 0 0 0 0 0 0 18
1 1 0 1 0 0 1 1 1 1 1 0 1 1 0 1 0 1 1 1 0 0 1 1 1 0 0 0 0 0 0 1 0 0 0 0 0 0 0 0 0 0 0 0 0 0 0 0 1 0 19
0 1 0 1 0 0 1 1 0 1 0 0 1 1 1 1 0 1 0 1 0 1 1 1 1 1 0 0 0 0 0 0 0 0 1 0 0 0 0 0 0 0 0 0 0 0 0 0 0 0 17
1 1 0 0 0 1 1 0 0 1 0 0 0 0 1 0 1 1 1 0 0 1 1 1 0 0 0 0 0 0 1 0 1 0 1 0 0 0 0 0 0 0 0 0 0 0 0 0 0 0 15
1 1 0 1 0 1 1 1 0 1 1 0 0 1 1 0 0 1 1 0 0 1 0 1 0 1 0 0 0 0 0 0 0 0 0 0 0 0 0 0 0 0 0 0 0 0 0 0 0 0 15
0 1 0 0 0 0 1 1 0 1 0 0 0 1 1 1 1 1 0 1 1 1 1 1 0 0 1 0 0 0 1 1 0 1 0 0 0 0 0 0 0 0 0 0 0 0 0 0 0 0 18
1 1 0 1 0 1 1 0 0 1 1 0 0 0 0 0 1 1 0 0 0 0 1 1 0 1 1 0 0 0 0 1 0 0 0 0 0 0 0 0 0 0 0 0 0 0 0 0 0 0 14
0 1 0 0 0 0 1 1 1 1 1 0 1 1 0 0 1 1 1 0 0 0 1 1 1 1 1 0 0 0 0 0 0 0 0 1 0 0 0 0 0 0 0 0 0 0 0 0 0 0 17
0 1 1 0 0 0 1 0 0 1 1 0 1 0 0 1 1 1 0 0 0 0 0 1 0 0 0 0 0 0 0 1 0 0 0 0 0 0 0 0 0 0 0 0 0 0 0 0 0 0 11
0 1 0 0 0 0 1 1 0 1 1 1 1 0 1 0 0 1 0 0 0 1 0 1 1 1 0 0 0 0 0 0 0 0 0 0 0 0 0 0 0 0 0 0 0 0 0 0 0 0 13
1 1 0 0 0 1 1 1 0 1 1 1 1 1 1 1 1 0 1 1 0 0 1 1 0 0 1 0 0 0 0 1 0 0 0 0 0 0 0 0 0 0 0 0 0 0 0 0 0 0 19
1 1 1 0 0 0 1 0 0 1 0 1 0 1 1 1 1 1 1 1 0 1 1 1 1 1 1 0 0 0 0 1 0 0 0 0 0 0 0 0 0 0 0 0 0 0 0 0 0 0 20
1 0 0 1 0 1 1 1 0 1 0 1 0 0 0 1 0 1 0 0 0 0 1 1 0 1 1 0 0 0 0 1 0 0 0 0 0 0 0 0 0 0 0 0 0 0 0 0 0 0 14
1 1 1 0 0 0 1 0 0 1 0 0 1 1 0 1 1 1 0 1 0 1 0 0 0 0 0 0 1 0 1 1 0 0 0 0 0 0 0 0 0 0 0 0 0 0 0 0 0 0 15
1 1 0 0 0 0 1 1 1 1 0 0 0 0 1 1 1 1 1 1 0 0 0 1 1 1 1 0 1 0 0 1 0 0 0 0 0 0 0 0 0 0 0 0 0 0 0 0 0 0 18
1 0 0 0 0 1 1 0 0 1 1 0 0 1 0 0 0 1 1 0 0 0 1 1 1 1 0 0 0 0 0 1 0 0 0 0 0 0 0 0 0 0 0 0 0 0 0 0 0 0 13
1 1 0 0 0 0 1 1 0 1 0 0 1 1 0 0 0 1 0 1 0 1 1 1 1 1 0 0 0 0 0 1 0 0 0 0 0 0 0 0 0 0 0 0 0 0 0 0 0 0 15
1 1 0 1 0 0 1 0 0 1 0 0 1 0 0 1 0 1 0 0 1 1 1 1 1 0 0 0 0 0 0 0 1 0 0 0 0 0 0 0 0 0 0 0 0 0 0 0 0 0 14
1 0 1 0 0 1 1 1 0 1 1 0 0 1 0 1 0 1 0 1 0 1 1 1 0 1 1 1 1 0 1 1 0 0 0 0 0 0 0 0 0 0 0 0 0 0 0 0 0 0 20
0 0 0 0 0 0 1 1 1 1 1 0 1 1 0 1 0 1 0 0 0 0 0 1 1 1 1 0 1 0 0 1 1 0 0 0 0 0 0 0 0 0 0 0 0 0 0 0 0 0 16
1 1 1 1 0 0 1 1 1 1 1 1 1 1 1 1 0 1 0 1 1 0 1 0 0 0 0 0 0 0 0 0 0 0 1 0 0 0 0 0 0 0 0 0 0 0 0 0 0 0 19
1 1 0 0 0 1 1 0 0 1 1 0 1 1 1 1 0 1 0 1 0 1 1 1 0 1 0 1 0 0 0 1 0 0 0 0 0 0 0 0 0 0 0 0 0 0 0 0 0 0 18
1 1 0 0 0 0 1 1 0 1 1 0 1 1 0 1 1 0 0 1 1 1 1 1 1 0 0 0 0 0 0 1 0 0 0 0 0 0 0 0 0 0 0 0 0 0 0 0 0 0 17
1 1 1 0 0 0 1 1 0 1 1 0 1 1 1 1 0 1 0 1 0 1 1 1 1 0 1 1 0 0 0 0 0 0 0 0 0 0 0 0 0 0 0 0 0 0 0 0 0 0 19
1 0 1 0 0 0 1 1 1 1 0 0 1 1 0 1 0 1 0 0 0 1 1 1 1 0 1 0 0 0 0 0 0 0 0 0 0 0 0 0 0 0 0 0 0 1 0 0 0 0 16
0 0 0 0 0 0 1 1 1 1 0 0 1 1 0 1 0 0 0 1 0 1 1 1 1 1 0 0 0 0 0 1 0 0 0 0 0 0 0 0 0 0 0 0 0 0 0 0 0 0 14
1 1 0 0 0 1 1 0 0 1 1 0 1 1 0 0 0 1 1 1 0 1 1 1 1 0 1 0 1 0 0 1 1 0 0 0 0 0 0 0 0 0 0 0 0 0 0 0 0 0 19
1 1 0 1 0 1 1 1 1 1 1 0 0 1 1 1 1 1 0 0 0 1 1 1 0 0 0 0 0 0 1 1 0 0 0 0 0 0 0 0 0 0 0 0 0 0 0 0 0 0 19
1 1 0 1 0 0 1 1 1 1 1 1 0 1 1 1 1 1 1 1 0 1 1 1 1 1 1 0 0 0 0 1 0 0 0 0 0 0 0 0 0 0 0 0 0 0 0 0 0 0 23
1 0 0 0 0 0 1 0 0 0 1 1 1 0 0 1 0 0 0 0 0 0 1 0 1 1 1 0 0 0 0 1 0 0 0 0 0 0 0 0 0 0 0 0 0 0 0 0 0 0 11
1 1 0 0 0 1 1 1 0 1 1 0 1 1 0 1 1 1 0 0 0 0 1 1 1 1 1 1 1 0 0 1 0 0 0 0 0 0 0 0 0 0 0 0 0 0 0 0 0 0 20
1 1 0 1 0 1 1 0 1 1 1 0 1 0 0 0 0 1 0 0 1 0 1 0 1 0 1 0 0 0 0 0 0 1 0 0 0 0 0 0 0 0 0 0 0 0 0 0 0 0 15
1 1 0 0 0 1 1 0 1 1 0 0 0 1 0 1 1 1 1 0 1 0 0 1 1 1 0 1 0 0 0 1 0 0 1 0 0 0 0 0 0 0 0 0 0 0 0 0 0 0 18
1 1 0 0 0 0 1 1 0 1 1 1 0 1 1 1 1 1 0 1 0 1 1 0 0 0 0 0 0 0 0 1 1 0 1 0 0 0 0 0 0 0 0 0 0 0 0 0 0 1 19
1 1 0 1 0 1 1 0 0 1 1 0 0 0 1 1 0 0 0 1 1 1 1 1 0 1 1 0 1 0 0 0 0 0 1 0 0 0 0 0 0 0 0 0 0 0 0 0 0 0 18
1 0 0 0 0 0 1 0 0 1 1 0 0 1 1 1 1 1 0 0 0 1 1 0 0 1 0 0 0 0 0 0 0 0 0 0 0 0 0 0 0 0 0 0 0 0 0 0 0 0 12
1 1 0 1 0 1 1 1 1 1 1 0 0 1 0 1 0 0 1 0 0 0 1 1 0 0 1 0 0 0 1 0 0 0 0 0 0 0 0 0 0 0 0 0 0 0 0 0 0 0 16
0 1 0 1 1 0 1 0 0 1 1 0 1 0 1 0 1 1 0 1 0 0 0 1 0 0 0 0 0 0 0 1 1 0 0 0 0 0 0 0 0 0 0 0 0 0 0 0 0 0 14
1 0 1 0 0 0 1 0 0 1 1 0 1 1 1 1 0 1 0 0 0 0 1 1 1 1 0 0 0 0 0 1 0 0 1 0 0 0 0 0 0 0 0 0 0 0 0 0 0 0 16
0 1 0 0 0 0 1 1 0 1 1 0 1 1 0 1 1 1 1 0 0 0 0 0 0 1 0 1 0 0 0 0 0 0 1 0 0 0 0 0 0 0 0 0 0 0 0 0 0 0 14
1 1 0 0 0 0 1 1 0 1 1 1 1 1 0 0 0 1 0 1 0 1 1 1 0 1 1 0 0 0 0 0 0 1 0 0 0 0 0 0 0 0 0 0 0 0 0 0 0 0 17
1 1 0 1 1 0 1 0 0 1 1 1 1 1 0 0 0 1 1 1 1 1 1 1 0 0 0 0 1 0 0 0 0 1 0 0 0 0 0 0 0 0 0 0 0 0 0 0 0 0 19
1 1 0 0 0 1 1 0 1 1 1 0 1 1 0 1 0 1 0 0 0 1 1 1 0 1 1 0 1 0 1 1 0 0 0 0 0 0 0 0 0 0 0 0 0 0 0 0 0 0 19
1 1 0 1 0 0 1 0 0 1 1 0 1 1 0 1 1 1 0 0 0 0 1 1 1 0 0 0 0 0 0 0 0 0 0 0 0 0 0 0 0 0 0 0 0 0 0 0 0 0 14
0 1 0 0 0 1 1 0 1 1 1 1 0 1 0 1 0 0 0 0 0 1 1 1 0 1 0 0 0 0 0 1 0 0 0 0 0 0 0 0 0 0 0 0 0 0 0 0 0 0 14
0 1 1 0 0 0 1 0 1 0 1 1 1 0 1 1 0 1 1 0 1 1 0 1 0 0 1 0 0 0 0 0 1 1 1 0 0 0 0 0 0 0 0 0 0 0 0 0 0 0 18
1 1 0 1 0 1 1 0 0 1 0 0 1 1 0 1 1 1 1 0 0 1 1 1 1 1 0 0 0 0 1 1 0 0 0 0 0 0 0 0 0 0 0 0 0 0 0 0 0 0 19
1 1 0 1 0 0 1 0 0 1 0 0 0 1 1 1 0 1 0 0 0 1 0 1 0 1 1 0 1 0 0 1 1 0 0 0 0 0 0 0 0 0 0 0 0 0 0 0 0 0 16
1 0 0 1 0 0 1 0 0 1 1 1 0 1 0 0 0 0 1 0 1 1 1 1 0 0 0 1 0 0 0 1 0 0 0 0 0 0 0 0 0 0 0 0 0 0 0 0 0 0 14
1 1 0 1 0 0 1 1 1 1 0 0 0 1 0 1 0 1 0 0 0 0 1 1 0 1 0 0 0 0 0 0 0 1 0 0 0 0 0 0 0 0 0 0 0 0 0 0 0 0 14
0 1 1 0 0 0 1 1 1 1 1 0 0 1 1 0 0 0 0 1 0 1 0 0 1 0 0 0 0 0 0 1 0 0 0 0 0 0 0 0 0 0 0 0 0 0 0 0 0 0 13
1 0 0 0 0 0 1 1 1 1 1 1 1 1 0 0 1 1 1 1 0 1 1 1 1 1 0 0 0 0 1 1 0 0 0 0 0 0 0 0 0 0 0 0 0 0 0 0 0 0 20
1 1 0 0 0 1 1 1 1 1 0 0 0 1 0 1 1 0 1 0 1 1 1 1 0 0 1 0 1 0 0 1 1 0 0 0 0 0 0 0 0 0 0 0 0 0 0 0 0 0 19
1 1 0 1 0 0 1 0 0 1 0 0 1 1 0 1 0 1 1 1 0 1 1 1 0 0 0 0 0 1 0 0 1 1 0 0 0 0 0 0 0 0 0 0 0 0 0 0 0 0 17
1 0 0 0 0 0 1 0 0 1 1 0 1 1 0 0 1 1 0 0 0 1 0 1 1 1 0 0 1 0 0 1 1 0 0 0 0 0 0 0 0 0 0 0 0 0 0 0 0 0 15
1 1 0 1 0 0 1 1 1 1 1 0 1 1 1 1 1 1 0 0 1 1 1 1 1 1 0 0 1 0 0 0 0 1 0 0 0 0 0 0 0 0 0 0 0 0 0 0 0 0 22
1 1 0 0 0 0 1 0 1 1 1 0 0 1 0 1 0 1 1 0 0 0 1 1 1 0 1 0 0 0 0 1 1 0 0 0 0 0 0 0 0 0 0 0 0 0 0 0 0 0 16
0 1 0 0 0 1 1 1 0 1 1 0 0 1 0 0 1 1 0 1 0 1 1 1 0 0 1 0 0 0 0 1 1 0 0 0 0 0 0 0 0 0 0 0 0 0 0 0 0 0 16
1 1 0 0 0 1 1 1 0 1 1 0 1 1 1 1 1 1 1 0 0 1 1 1 0 0 1 0 0 0 0 0 0 0 0 0 0 0 0 0 0 0 0 0 0 0 0 0 0 0 18
1 1 0 0 0 1 1 1 1 1 1 0 0 0 0 1 1 1 0 1 0 0 1 1 0 1 0 0 1 0 0 1 1 0 0 0 0 0 0 0 0 0 0 0 0 0 0 0 0 0 18
1 1 0 0 0 0 1 1 0 1 1 0 0 1 0 1 0 1 0 1 0 0 1 1 0 0 1 0 0 0 1 0 1 1 0 0 0 0 0 0 0 0 0 0 0 0 0 0 0 0 16
0 1 0 0 0 1 1 1 1 1 1 0 1 1 0 0 0 1 0 1 0 1 1 1 0 0 1 0 0 0 0 1 0 1 0 0 0 0 0 0 0 0 0 0 0 0 0 0 0 0 17
0 1 0 1 0 0 1 1 0 0 0 1 1 1 1 0 1 1 0 1 0 1 1 1 0 1 1 0 0 0 1 1 0 0 0 0 0 0 0 0 0 0 0 0 0 0 0 0 0 0 18
1 1 0 0 0 0 1 1 0 1 1 0 0 1 0 1 1 1 0 1 1 1 1 1 1 1 1 0 0 0 0 0 0 0 0 0 0 0 0 0 0 0 0 0 0 0 0 0 0 0 18
1 1 0 1 0 1 1 0 1 1 0 0 1 1 0 1 1 1 0 0 0 0 1 1 0 0 0 0 0 0 1 0 0 0 0 0 0 0 0 0 0 0 0 0 0 0 0 0 0 0 15
1 1 0 0 1 0 1 1 0 1 1 0 1 0 0 1 1 1 0 0 1 1 1 1 1 1 1 0 0 0 1 1 0 0 1 0 0 0 0 0 0 0 0 0 0 0 0 0 0 0 21
0 1 1 0 0 0 1 0 0 1 1 1 0 1 1 1 1 1 0 1 0 1 1 1 1 1 0 0 0 0 0 0 0 0 0 0 0 0 0 0 0 0 0 0 0 0 0 0 0 0 17
1 1 0 0 0 1 1 0 0 1 0 0 1 1 0 0 1 1 0 0 1 1 1 1 0 0 1 0 0 1 0 1 0 0 0 0 0 0 0 0 0 0 0 0 0 0 0 0 0 0 16
0 1 0 1 0 0 1 0 0 1 1 1 0 1 0 1 0 0 0 0 0 0 1 1 1 0 0 0 1 0 0 1 0 0 0 0 0 0 0 0 0 0 0 0 0 0 0 0 0 0 13
0 1 1 1 0 1 1 1 0 1 1 0 1 0 0 1 0 1 1 1 0 1 0 1 0 1 1 0 0 0 0 0 0 0 0 0 0 0 0 0 0 0 0 0 0 0 0 0 0 0 17
0 1 0 1 0 1 1 0 0 1 1 0 1 1 1 1 1 1 1 1 0 0 0 1 1 0 0 0 0 0 1 1 0 0 0 0 0 0 0 0 0 0 0 0 0 0 0 0 0 0 18
0 1 0 0 0 1 1 0 0 1 1 0 0 1 0 1 1 1 1 1 0 1 1 0 1 0 0 0 0 0 0 1 0 0 0 0 0 0 0 0 0 0 0 0 0 0 0 0 0 0 15
1 1 0 0 0 0 1 1 0 1 1 0 0 1 1 0 1 1 0 1 0 0 1 1 0 0 1 0 0 0 0 0 0 0 0 0 0 0 0 0 0 0 0 0 0 0 0 0 0 0 14
1 1 0 0 0 1 1 1 1 1 1 0 1 1 0 0 0 1 1 0 0 1 1 1 1 1 1 0 0 0 1 1 1 0 0 0 0 0 0 0 0 0 0 0 0 0 0 0 0 0 21
1 1 1 0 0 0 1 1 0 1 0 1 1 1 1 1 1 0 0 1 0 1 1 1 0 1 1 0 0 0 0 1 1 0 1 0 0 0 0 0 0 0 0 0 0 0 0 0 0 0 21
0 1 0 0 0 0 1 1 0 1 1 0 0 1 1 1 0 1 0 0 1 0 1 1 1 1 1 0 0 0 0 1 0 0 0 0 0 0 0 0 0 0 0 0 0 0 0 0 0 0 16
1 1 0 0 0 0 1 1 0 1 1 0 1 0 0 1 1 1 0 1 0 1 0 1 1 0 1 0 0 0 0 1 0 0 0 0 0 0 0 0 0 0 0 0 0 0 0 0 0 0 16
1 1 0 0 0 1 1 1 1 1 1 0 0 1 0 1 0 1 0 1 0 1 0 1 0 1 1 0 0 0 0 0 0 0 0 0 0 0 0 0 0 0 0 0 0 0 0 0 0 0 16
1 0 0 0 0 0 1 0 1 1 1 1 1 1 0 0 1 0 0 1 0 0 1 1 0 0 0 0 0 0 0 1 0 0 0 0 0 0 0 0 0 0 0 0 0 0 0 0 0 0 13
1 1 1 1 0 0 1 0 0 1 1 1 1 1 0 0 1 1 0 1 0 1 1 1 0 1 0 0 0 1 1 1 0 0 0 0 0 0 0 0 0 0 0 0 0 0 0 0 0 0 20
0 1 0 1 0 0 1 1 0 1 1 0 0 1 1 1 0 1 0 0 0 1 1 1 0 1 1 0 0 0 0 1 0 0 0 0 0 0 0 0 0 0 0 0 0 0 0 0 0 0 16
1 1 0 0 0 0 1 1 1 1 1 0 1 1 1 0 1 1 0 0 0 1 1 0 0 1 1 0 0 0 0 0 0 0 0 0 0 0 0 0 0 0 0 0 0 0 0 0 0 0 16
1 1 0 0 0 0 1 0 0 1 1 0 1 1 0 1 0 0 0 0 1 1 1 1 1 1 0 0 0 0 0 0 0 0 1 0 0 0 0 0 0 0 0 0 0 0 0 0 0 0 15
1 0 0 1 0 1 1 1 0 1 0 0 1 1 0 1 0 1 1 1 0 1 1 1 0 0 1 0 0 0 0 1 0 0 0 0 0 0 0 0 0 0 0 0 0 0 0 0 0 0 17
0 0 0 1 0 0 1 1 0 1 0 0 0 1 0 0 1 1 1 0 1 0 1 1 1 1 0 0 1 0 0 1 0 0 0 0 0 0 0 0 0 0 0 0 0 0 0 0 0 0 15
1 0 0 0 0 0 1 1 0 1 0 1 0 1 0 1 1 1 0 1 0 0 1 1 1 1 0 0 0 0 0 1 0 1 0 0 0 0 0 0 0 0 0 0 0 0 0 0 0 0 16
1 1 0 1 0 1 1 1 0 1 1 0 0 1 1 1 1 0 0 0 0 1 0 1 1 1 1 0 1 0 0 1 0 0 0 0 0 0 0 0 0 0 0 0 0 0 0 0 0 0 19
1 1 0 0 0 0 1 1 1 1 1 0 1 1 1 1 1 1 0 0 0 1 1 0 0 1 1 1 0 1 0 0 1 0 0 0 0 0 0 0 0 0 0 0 0 0 0 0 0 0 20
1 1 0 0 0 1 1 0 0 1 1 0 0 1 0 1 0 1 0 1 0 0 0 1 0 0 1 1 0 0 0 0 1 0 0 0 0 0 0 0 0 0 0 0 0 0 0 0 0 0 14
0 1 0 0 0 0 1 1 0 1 1 0 1 1 0 0 0 0 0 0 0 1 0 1 1 0 1 0 0 0 0 1 0 0 0 0 0 0 0 0 0 0 0 0 0 0 0 0 0 0 12
0 0 0 1 0 1 1 1 1 0 1 0 0 1 1 0 1 1 1 0 0 1 0 1 1 1 1 0 0 0 0 1 0 0 0 0 0 0 0 0 0 0 0 0 0 0 0 0 0 0 17
0 1 0 0 0 1 1 1 0 1 1 1 1 1 0 1 1 1 1 0 1 1 0 1 0 1 1 0 0 0 1 0 0 0 0 0 0 0 0 0 0 0 0 0 0 0 0 0 0 0 19
1 1 0 0 0 1 1 1 0 1 1 1 0 1 1 1 1 1 1 1 0 0 1 1 1 1 1 0 0 0 0 0 0 1 0 0 0 0 0 0 0 0 0 0 0 0 0 0 0 0 21
0 1 0 0 0 1 1 1 1 1 1 1 1 1 0 1 1 0 0 0 0 0 0 1 0 1 1 0 0 0 0 0 0 0 0 0 0 0 0 0 0 0 0 0 0 0 0 0 0 0 15
0 0 0 1 0 0 1 1 1 1 1 0 0 0 0 1 1 1 0 0 0 1 1 1 1 1 0 0 0 0 0 0 0 0 0 0 0 0 0 0 0 0 0 0 0 0 0 0 0 0 14
1 1 0 0 0 0 1 1 0 1 1 1 0 1 0 0 1 1 1 1 0 0 1 1 0 1 1 1 0 0 0 1 0 0 0 0 0 0 0 0 0 0 0 0 0 0 0 0 0 0 18
1 1 1 0 0 0 1 1 0 1 1 1 1 1 1 1 0 1 0 1 1 0 1 1 0 0 1 1 0 0 0 1 1 0 0 0 0 0 0 0 0 0 0 0 0 0 0 0 0 0 21
1 1 0 1 0 0 1 1 1 1 1 0 1 0 1 1 0 1 1 1 0 1 1 1 0 1 1 0 0 0 0 1 0 0 0 0 0 0 0 0 0 0 0 0 0 0 0 0 0 0 20
1 1 0 0 0 0 1 0 0 1 0 0 1 1 1 1 1 1 1 0 0 0 1 1 1 1 0 0 0 0 0 1 0 0 1 0 0 0 0 0 0 0 0 0 0 0 0 0 0 0 17
1 1 0 1 0 1 1 1 0 1 1 0 0 0 0 1 1 1 0 1 0 1 1 1 0 0 1 0 0 0 0 1 1 0 0 0 0 0 0 0 0 0 0 0 0 0 0 0 0 0 18
1 1 0 0 0 0 1 1 0 1 1 0 1 1 1 1 1 1 0 1 0 1 1 1 0 1 1 1 1 0 0 0 0 0 0 0 0 0 0 0 0 0 0 0 0 0 0 0 0 0 20
1 0 0 0 0 1 1 1 0 1 1 0 0 1 0 0 1 1 1 0 0 1 1 0 1 1 1 0 1 0 1 0 0 0 1 0 0 0 0 0 0 0 0 0 0 0 0 0 0 0 18
1 1 0 1 0 1 1 1 1 1 1 0 1 1 0 1 1 1 1 1 1 0 1 1 0 1 1 0 1 0 0 1 0 0 1 0 0 0 0 0 0 1 0 0 0 0 0 0 0 0 25
0 1 0 0 0 1 1 1 1 1 1 1 1 1 0 1 0 1 1 0 0 1 1 1 0 0 0 1 0 0 0 1 0 0 0 0 0 0 0 0 0 0 0 0 0 0 0 0 0 0 18
1 1 0 0 0 1 1 1 0 1 1 0 1 1 1 0 1 1 0 0 0 0 1 1 1 1 1 0 0 0 0 1 0 0 0 0 0 0 0 0 0 0 0 0 0 0 0 0 0 0 18
1 1 0 1 0 1 1 1 0 1 0 0 0 1 0 1 1 1 0 0 0 0 1 1 0 0 0 1 0 0 0 0 0 0 0 0 0 0 0 0 0 0 0 0 0 0 0 0 0 0 14
0 1 0 0 0 1 1 0 1 1 1 0 0 1 0 1 1 1 0 1 1 0 1 1 0 0 0 0 0 0 1 0 0 0 0 0 0 0 0 0 0 0 0 0 0 0 0 0 0 0 15
0 1 0 0 1 0 1 1 1 1 1 0 1 1 1 1 1 0 0 0 0 0 1 1 0 1 1 0 0 0 0 0 0 0 0 0 0 0 0 0 0 0 0 0 0 0 0 0 0 0 16
1 1 0 0 0 0 1 0 1 1 1 0 1 1 0 1 0 1 1 0 0 0 1 1 1 0 0 0 0 0 0 0 0 0 0 0 0 0 0 0 0 0 0 0 0 0 0 0 0 0 14
1 1 0 0 0 1 1 0 1 1 1 0 1 1 1 1 1 1 0 1 0 1 1 1 0 1 1 0 0 1 0 1 0 1 0 0 0 0 0 0 0 0 0 0 0 0 0 0 0 0 22
0 0 0 0 0 0 1 1 1 1 0 0 1 1 1 0 1 1 1 1 1 0 1 1 0 1 1 1 0 0 0 1 0 0 0 0 0 0 0 0 0 0 0 0 0 0 0 0 0 0 18
1 1 0 0 0 0 1 0 1 1 1 1 0 0 1 0 1 0 0 0 0 1 1 1 0 1 0 0 0 0 0 0 0 0 0 0 0 0 0 0 0 0 0 0 0 0 0 0 0 0 13
0 1 1 1 0 1 1 0 1 1 1 0 1 1 1 1 1 1 0 0 0 1 1 1 1 1 1 0 0 0 0 0 0 0 0 0 0 0 0 0 0 0 0 0 0 0 0 0 0 0 20
0 1 0 1 0 0 1 0 0 1 1 0 1 0 1 1 1 1 1 1 0 1 1 1 1 1 1 0 1 0 0 0 0 0 1 0 0 0 0 0 0 0 0 0 0 0 0 0 0 0 20
1 1 0 0 0 1 1 0 0 1 1 1 0 1 1 1 0 1 0 0 0 1 1 1 0 1 1 1 0 0 0 1 1 0 0 0 0 0 0 0 0 0 0 0 0 0 0 0 0 0 19
1 1 0 1 0 1 1 0 0 1 1 1 0 1 0 1 0 1 0 0 0 1 1 1 0 0 1 1 0 0 0 1 0 0 0 0 0 0 0 0 0 0 0 0 0 0 0 0 0 0 17
1 1 0 0 0 0 1 1 0 1 0 1 1 0 1 1 1 1 1 0 0 0 1 1 0 0 0 0 0 0 0 1 0 1 0 0 0 0 0 0 0 0 0 0 0 0 0 0 0 0 16
0 0 0 0 0 0 1 1 1 0 1 1 0 1 0 0 1 1 0 0 0 1 1 1 0 0 0 0 0 0 0 1 0 0 0 0 0 0 0 0 0 0 0 0 0 0 0 0 0 0 12
1 0 0 0 0 0 1 0 0 1 1 0 1 1 0 1 1 1 1 1 0 1 1 1 1 1 0 0 0 0 0 1 0 0 1 0 0 0 0 0 0 0 0 0 0 0 0 0 0 0 18
1 1 0 0 0 0 1 1 0 1 0 1 1 1 0 1 0 1 1 1 1 0 1 1 1 0 1 0 0 1 0 0 0 1 0 0 0 0 0 0 0 0 0 0 0 0 0 0 0 0 19
1 1 0 0 0 1 1 0 0 1 1 0 1 1 0 1 1 0 0 0 0 0 1 1 0 1 0 0 0 0 0 1 0 0 1 0 0 0 0 0 0 0 0 0 0 0 0 0 0 0 15
1 1 0 1 0 0 1 0 0 0 1 0 1 1 0 1 1 1 0 0 0 1 0 1 0 0 1 0 0 0 0 1 0 0 0 0 0 0 0 0 0 0 0 0 0 0 0 0 0 0 14
0 1 0 1 0 1 1 1 1 1 0 0 1 1 0 0 0 1 1 1 0 1 1 1 1 1 1 0 1 0 1 0 1 1 0 0 0 0 0 0 0 0 0 0 0 0 0 0 0 0 22
1 1 0 0 0 0 1 0 0 1 0 0 0 1 0 1 1 1 0 0 0 0 1 1 1 1 1 0 1 0 0 1 0 0 0 0 0 0 0 0 0 0 0 0 0 0 0 0 0 0 15
1 1 0 0 0 1 1 1 0 1 1 0 0 1 0 1 0 0 0 1 0 0 1 1 0 0 1 0 0 0 0 0 0 0 0 0 0 0 0 0 0 0 0 0 0 0 0 0 0 0 13
1 1 0 0 0 0 1 0 0 1 0 1 1 1 1 0 0 1 1 0 0 0 1 1 1 1 1 0 0 0 0 0 0 0 0 0 0 0 0 0 0 0 0 0 0 0 0 0 0 0 15
1 1 0 0 0 0 1 1 1 1 1 0 1 1 1 1 1 1 0 0 1 1 1 1 0 0 0 0 1 0 0 0 0 0 0 0 0 0 0 0 0 0 0 0 0 0 0 0 0 0 18
1 1 0 0 1 0 1 1 0 1 1 0 0 0 0 1 1 1 0 1 0 0 1 1 1 0 1 0 1 0 1 1 1 0 0 0 0 0 0 0 0 0 0 0 0 0 0 0 0 0 19
1 0 0 0 0 1 1 0 0 1 1 0 1 1 1 1 0 1 0 1 0 0 1 1 1 1 1 1 0 0 0 0 0 1 0 0 0 0 0 0 0 0 0 0 0 0 0 0 0 0 18
0 1 0 1 0 1 1 0 0 1 1 0 1 1 0 1 0 1 1 0 0 1 1 1 1 0 1 0 0 0 0 1 0 0 0 0 0 0 0 0 0 0 0 0 0 0 0 0 0 0 17
1 1 0 0 0 1 1 1 0 1 1 1 1 1 1 1 1 1 0 1 0 1 1 1 0 1 1 0 0 0 1 0 0 0 0 0 0 0 0 0 0 0 0 0 0 0 0 0 0 0 21
1 1 0 1 0 1 1 1 1 1 0 1 0 1 1 1 1 1 1 1 0 0 1 1 0 1 0 0 0 0 1 0 0 0 0 0 0 0 0 0 0 0 0 0 0 0 0 0 0 0 20
1 1 0 0 0 0 1 1 1 1 1 0 1 1 1 1 1 1 0 1 0 0 1 1 1 0 1 1 0 0 0 0 0 0 0 0 0 0 0 0 0 0 0 0 0 0 0 0 0 0 19
1 1 0 0 0 0 1 1 0 1 0 0 1 1 1 1 0 1 0 0 0 1 0 1 0 1 1 0 0 0 0 1 1 0 0 0 0 0 0 0 0 0 0 0 0 0 0 0 0 0 16
1 1 0 1 0 0 1 1 0 1 1 0 0 1 0 1 0 1 1 1 0 1 1 1 0 1 1 0 0 0 0 1 0 0 0 0 0 0 0 0 0 0 0 0 0 0 0 0 0 0 18
1 1 0 1 0 0 1 0 1 1 1 0 1 0 0 0 0 1 0 1 0 0 1 1 0 0 0 0 1 0 0 0 0 0 0 0 0 0 0 0 0 0 0 0 0 0 0 0 0 0 13
1 1 0 1 0 1 1 1 0 1 1 0 1 1 0 1 0 1 0 0 0 0 1 0 1 1 0 0 1 0 0 0 1 0 0 0 0 0 0 0 0 0 0 0 0 0 0 0 0 0 17
1 0 0 0 0 0 1 0 0 1 1 1 1 1 0 1 0 1 0 1 0 0 1 1 0 1 0 0 0 0 0 0 0 0 1 0 0 0 0 0 0 0 0 0 0 0 0 0 0 0 14
1 1 0 0 0 1 1 0 1 1 1 0 0 1 1 1 1 1 0 1 0 0 1 1 0 1 0 1 0 0 0 0 0 0 0 0 0 0 0 0 0 0 0 0 0 0 0 0 0 0 17
1 1 0 0 0 0 1 0 0 0 1 0 1 1 0 1 0 1 0 1 1 0 1 0 0 0 1 0 0 0 0 1 0 0 0 0 0 0 0 0 0 0 0 0 0 0 0 0 0 0 13
1 1 0 0 0 1 1 1 0 1 0 1 0 1 0 1 0 1 1 1 0 0 1 1 0 0 0 0 0 0 0 1 0 0 0 0 0 0 0 0 0 0 0 0 0 0 0 0 0 0 15
1 1 0 0 0 1 1 0 1 1 1 0 1 1 0 0 0 0 0 1 0 1 0 1 0 0 1 0 0 0 0 1 0 0 0 0 0 0 0 0 0 0 0 0 0 0 0 0 0 0 14
1 0 0 0 0 0 1 0 1 1 0 0 0 1 1 0 0 1 0 0 0 0 1 1 1 1 1 0 0 0 0 1 0 0 0 0 0 0 0 0 0 0 0 0 0 0 0 0 0 0 13
1 1 0 0 0 0 1 0 0 1 1 0 0 1 0 1 0 1 0 1 0 1 1 1 0 0 1 0 1 0 0 0 1 0 0 0 0 0 0 0 0 0 0 0 1 0 0 0 0 0 16
1 1 0 0 0 0 1 1 0 1 0 0 1 1 1 0 0 1 1 0 1 1 1 1 0 0 0 0 1 0 0 1 0 0 0 0 0 0 0 0 0 0 0 0 0 0 0 0 0 0 16
0 1 0 0 0 1 1 0 0 1 1 0 1 1 0 0 1 0 0 1 0 0 1 1 1 0 0 0 0 0 0 1 0 0 0 0 0 0 0 0 0 0 0 0 0 0 0 0 0 0 13
1 1 0 1 0 0 1 1 0 1 1 1 0 1 0 1 1 1 0 1 1 0 1 1 1 1 0 0 0 0 0 1 0 0 0 0 0 0 0 0 0 0 0 0 0 0 0 0 0 0 19
1 1 0 0 0 0 1 1 1 1 1 0 1 1 0 1 1 0 0 1 0 1 0 1 1 0 1 0 0 0 0 0 0 0 0 0 0 0 0 0 0 0 0 0 0 0 0 0 0 0 16
1 1 0 0 0 0 1 1 0 1 0 1 0 1 1 0 0 1 0 0 1 0 1 1 1 1 0 0 0 0 0 1 0 0 0 0 0 0 0 0 0 0 0 0 0 0 0 0 0 0 15
1 0 0 0 0 0 1 0 0 1 1 0 1 0 0 0 1 1 1 1 0 1 1 0 0 0 1 1 1 0 0 0 0 1 0 0 0 0 0 0 0 0 0 0 0 0 0 0 0 0 15
1 1 0 1 0 1 1 1 1 1 1 1 0 1 0 0 1 1 1 0 1 1 0 1 0 1 1 0 1 0 0 1 0 0 1 0 0 0 0 0 0 0 0 0 0 0 0 0 0 0 22
1 1 0 0 0 1 1 0 0 1 1 0 1 0 0 1 0 1 1 1 1 1 1 1 0 0 1 0 0 0 0 1 0 1 0 0 0 0 0 0 0 0 0 0 0 0 0 0 0 0 18
0 1 0 0 0 0 1 1 0 1 0 0 1 0 1 0 0 1 0 0 0 0 1 1 0 1 1 0 1 0 0 1 0 0 0 0 0 0 0 0 0 0 0 0 0 0 0 0 0 0 13
1 0 1 0 0 0 1 0 1 1 1 0 1 1 0 1 0 1 0 0 1 0 1 1 1 1 1 0 0 0 1 1 0 0 0 0 0 0 0 0 0 0 0 0 0 0 0 0 0 0 18
1 1 1 0 0 1 1 1 0 1 1 1 1 0 1 1 0 1 1 1 0 0 1 1 0 0 0 0 0 0 1 0 0 0 0 0 0 0 0 0 0 0 0 0 0 0 0 0 0 0 18
1 1 0 0 1 1 1 1 1 1 0 0 1 1 0 1 0 1 0 0 0 0 1 0 1 0 1 0 0 0 0 1 1 1 1 0 0 0 0 0 0 0 0 0 0 0 0 0 0 0 19
0 1 1 1 0 0 1 1 0 1 1 1 1 1 0 1 1 1 0 1 0 1 1 1 0 1 1 0 0 0 0 0 0 0 0 0 0 0 0 0 0 0 0 0 0 0 0 0 0 0 19
0 1 1 0 0 1 1 0 1 1 1 0 0 1 0 0 0 1 1 0 1 0 1 1 1 1 1 0 0 0 0 1 0 0 0 0 0 0 0 0 0 0 0 0 0 0 0 0 0 0 17
1 1 1 0 0 0 1 0 0 1 1 1 0 1 0 1 1 0 0 0 0 0 1 1 1 0 1 0 0 0 0 1 0 0 1 0 0 0 0 0 0 0 0 0 0 0 0 0 0 0 16
1 1 0 0 0 1 1 1 1 1 0 0 1 1 0 0 0 1 0 1 0 1 0 1 0 1 1 0 0 0 0 1 0 0 0 0 0 0 0 0 0 0 0 0 0 0 0 0 0 0 16
1 1 1 0 0 1 1 0 0 1 1 0 0 1 0 0 1 0 0 1 1 0 0 1 1 0 1 0 0 0 0 1 0 0 0 0 0 0 0 0 0 0 0 0 0 0 0 0 0 0 15
1 0 1 1 0 0 1 1 0 1 1 0 1 0 0 0 1 1 1 1 1 1 1 1 0 1 0 0 0 0 0 0 1 0 1 0 0 0 0 0 0 0 0 0 0 0 0 0 0 0 19
0 1 0 1 0 0 1 1 0 1 1 0 0 1 0 1 1 1 0 0 0 1 1 0 0 1 1 0 0 0 0 0 0 0 0 0 0 0 0 0 0 0 0 0 0 0 0 0 0 0 14
1 1 0 0 0 1 1 1 0 1 1 0 1 0 0 1 0 1 1 1 1 1 1 1 1 1 1 0 0 0 0 1 1 0 0 0 0 0 0 0 0 0 0 0 0 0 0 0 0 0 21
1 1 0 0 0 1 1 0 0 1 1 0 0 1 0 1 0 1 1 1 0 0 0 1 1 0 1 0 0 0 0 0 0 0 1 0 0 0 0 0 0 0 0 0 0 0 0 0 0 0 15
1 0 0 1 0 0 1 0 1 1 1 0 1 1 0 0 0 1 0 1 0 0 0 0 1 0 1 0 0 0 0 1 1 0 0 0 0 0 0 0 0 0 0 0 0 0 0 0 0 0 14
0 1 0 0 0 0 1 1 0 1 1 1 0 1 0 1 1 1 0 0 1 1 1 0 0 1 0 0 0 0 0 1 0 0 0 0 0 0 0 0 0 0 0 0 0 0 0 0 0 0 15
0 1 0 0 0 0 1 0 0 1 1 1 0 1 1 1 0 0 0 0 0 0 1 1 0 0 1 0 0 0 0 1 0 0 0 0 0 0 0 0 0 0 0 0 0 0 0 0 0 0 12
1 1 0 1 0 0 1 1 0 1 1 0 0 0 1 1 1 0 0 1 0 1 0 1 0 1 0 0 0 0 0 1 0 0 0 0 0 0 0 0 0 0 0 0 0 0 0 0 0 0 15
1 1 0 0 0 0 1 1 0 1 1 0 1 1 1 1 0 1 0 0 1 1 1 1 1 1 1 0 0 0 0 0 0 0 0 0 0 0 0 0 0 0 0 0 0 0 0 0 0 0 18
1 1 0 0 0 0 1 1 0 1 1 1 0 1 0 1 0 1 1 0 1 1 1 1 1 0 1 0 0 0 0 0 0 0 1 0 0 0 0 0 0 0 0 0 0 0 0 0 0 0 18
1 1 0 0 0 1 1 1 0 1 1 0 1 1 1 1 1 1 1 1 0 1 1 1 0 0 1 0 0 1 0 1 0 0 0 0 0 0 0 0 0 0 0 0 0 0 0 0 0 0 21
1 1 0 0 0 1 1 1 0 1 0 0 1 1 0 1 0 1 1 1 0 0 0 1 1 0 0 0 0 0 0 1 0 0 0 0 0 0 0 0 0 0 0 0 0 0 0 0 0 0 15
1 1 0 1 0 1 1 1 0 1 0 0 1 0 1 0 1 1 0 1 0 0 1 1 0 0 0 0 0 0 0 1 0 0 1 0 0 0 0 0 0 0 0 0 0 0 0 0 0 0 16
0 0 0 0 0 1 1 1 1 1 1 0 1 1 0 1 0 1 1 1 1 1 1 1 1 1 0 0 0 0 0 1 0 0 0 0 0 0 0 0 0 0 0 0 0 0 0 0 0 0 19
0 1 0 1 0 1 1 1 0 0 0 0 0 0 0 0 0 1 1 1 1 1 1 0 1 0 1 0 0 0 0 0 1 0 0 0 0 0 0 0 0 0 0 0 0 0 0 0 0 0 14
1 1 0 0 0 1 1 1 0 1 0 1 0 1 0 1 0 1 0 0 0 1 1 1 0 0 0 0 0 0 0 0 0 0 1 0 0 0 0 0 0 0 0 0 0 0 0 0 0 0 14
0 0 0 0 1 1 1 1 1 1 1 0 0 1 1 1 0 1 0 1 0 0 0 1 0 0 1 0 1 0 0 0 1 1 0 0 0 0 0 0 0 0 0 0 0 0 0 0 0 0 17
1 0 0 0 0 0 1 1 1 1 1 0 0 1 1 1 1 1 0 1 0 0 1 1 1 0 1 0 0 0 0 1 0 0 0 0 0 0 0 0 0 0 0 0 0 0 0 0 0 0 17
1 0 0 0 0 0 1 0 0 1 0 0 0 1 0 1 0 0 1 0 0 0 0 1 0 1 1 0 0 0 0 1 0 0 0 0 0 0 0 0 0 0 0 0 0 0 0 0 0 0 10
1 1 0 0 0 1 1 1 0 1 1 0 1 1 1 0 0 0 1 0 1 1 1 1 1 1 0 0 0 0 1 1 0 0 0 0 0 0 0 0 0 0 0 0 0 0 0 0 0 0 19
1 0 0 0 0 0 1 1 1 1 0 1 1 0 0 1 0 1 1 0 0 1 1 1 1 0 0 0 0 0 0 0 1 0 0 0 0 0 0 0 0 0 0 0 0 0 0 0 0 0 15
1 1 0 0 0 0 1 1 1 1 1 0 0 1 0 1 1 1 0 0 0 0 1 1 1 0 1 0 1 0 0 0 0 0 0 0 0 0 0 0 0 0 0 0 0 0 0 0 0 0 16
0 1 0 0 0 1 1 0 1 1 0 0 0 1 0 1 0 1 1 1 0 1 1 1 0 0 0 0 0 0 0 0 0 1 0 0 0 0 0 0 0 0 0 0 0 0 0 0 0 0 14
1 1 0 0 0 0 1 0 1 1 1 1 1 1 1 1 1 1 1 1 0 1 0 1 0 1 1 0 1 0 0 1 1 0 0 0 0 0 0 0 0 0 0 0 0 0 0 0 0 0 22
1 1 1 0 1 0 1 1 1 1 1 0 1 0 1 1 0 1 0 1 0 0 1 1 0 0 1 0 0 0 0 1 0 1 0 0 0 0 0 0 0 0 0 0 0 0 0 0 0 0 19
0 1 0 0 0 1 1 1 0 1 1 0 1 1 0 1 0 0 0 0 0 0 1 0 1 0 1 0 1 0 0 0 0 0 0 0 0 0 0 0 0 0 0 0 0 0 0 0 0 0 13
1 0 0 0 0 0 1 0 0 1 0 1 1 1 0 0 1 1 0 0 0 0 1 1 1 0 0 0 0 0 0 1 0 0 0 0 0 0 0 0 0 0 0 0 0 0 0 0 0 0 12
1 0 0 0 0 1 1 1 0 1 0 1 1 1 0 0 1 1 1 0 0 0 1 1 1 0 0 0 1 0 0 1 0 0 0 0 0 0 0 0 0 0 0 0 0 0 0 0 0 0 16
1 1 0 0 0 0 1 0 1 1 1 1 1 0 1 0 0 1 0 0 0 1 1 0 0 0 0 0 1 0 0 1 0 0 0 0 0 0 0 0 0 0 0 0 0 0 0 0 0 0 14
1 1 0 0 1 0 1 1 0 1 1 0 1 1 1 1 0 1 0 0 0 1 1 1 1 0 0 0 1 0 0 1 0 0 0 0 0 0 0 0 0 0 0 0 0 0 0 0 0 0 18
1 0 0 0 0 1 1 1 0 1 1 1 0 1 0 1 1 0 0 0 1 0 1 1 0 0 0 0 0 0 1 1 0 0 0 0 0 0 0 0 0 0 0 0 0 0 0 0 0 0 15
1 0 0 1 0 0 1 1 0 1 1 0 0 1 0 0 0 0 0 0 0 1 1 1 0 1 0 0 0 0 0 0 0 0 0 0 0 0 0 0 0 0 0 0 0 0 0 0 0 0 11
1 1 0 0 0 1 1 0 1 1 1 0 1 1 0 0 1 1 0 1 0 0 1 1 0 0 1 0 0 0 0 1 0 0 0 0 0 0 0 0 0 0 0 0 0 0 0 0 0 0 16
1 1 0 1 0 0 1 1 0 1 1 0 1 1 1 0 1 1 0 1 0 0 0 1 0 1 1 0 0 0 0 1 0 0 0 0 0 0 0 0 0 0 0 0 0 0 0 0 0 0 17
0 1 0 0 0 1 1 0 0 1 1 0 1 0 1 1 1 1 1 0 1 0 1 1 0 1 1 0 0 0 0 0 0 0 0 0 0 0 0 0 0 0 0 0 0 0 0 0 0 0 16
1 1 0 1 0 0 1 1 1 1 1 0 1 1 1 0 0 1 0 0 0 1 1 1 0 0 0 0 0 0 0 0 0 0 0 0 0 0 0 0 0 0 0 0 0 0 0 0 0 0 15
1 1 0 0 0 0 1 1 0 1 1 1 0 1 0 1 0 1 0 0 1 0 1 1 0 0 0 0 1 0 0 1 0 0 0 0 0 0 0 0 0 0 0 0 0 0 0 0 0 0 15
1 1 0 1 0 0 1 1 0 1 1 0 0 1 0 1 1 1 0 0 0 0 1 1 0 0 1 0 0 0 1 0 0 0 0 0 0 0 0 0 0 0 0 0 0 0 0 0 0 0 15
1 1 1 0 0 0 1 1 1 1 1 0 0 1 0 1 0 1 0 1 0 1 1 1 0 1 1 0 1 0 1 1 0 0 0 0 0 0 0 0 0 0 0 0 0 0 0 0 0 0 20
0 1 0 0 0 0 1 0 0 1 1 0 1 1 0 1 0 0 1 0 1 1 1 1 0 0 0 0 1 0 0 1 0 0 0 0 0 0 0 0 0 0 0 0 0 0 0 0 0 0 14
1 1 0 0 0 0 1 1 1 1 1 0 1 1 0 0 1 1 0 0 0 1 1 1 1 0 0 0 1 0 0 0 1 0 0 0 0 0 0 0 0 0 0 0 0 0 0 0 0 0 17
0 1 0 0 0 0 1 1 1 1 1 0 0 1 0 1 0 1 0 0 0 1 1 1 1 1 1 0 0 0 0 1 0 0 0 0 0 0 0 0 0 0 0 0 0 0 0 0 0 0 16
1 1 0 1 0 0 1 0 0 1 0 0 1 1 0 0 1 1 0 1 1 1 1 1 1 0 1 0 1 0 0 1 0 0 0 0 0 0 0 0 0 0 0 0 0 0 0 0 0 0 18
384 408 67 162 25 213 498 290 174 483 368 159 312 392 210 338 259 420 155 236 121 267 415 453 201 268 308 42 117 17 72 302 81 50 48 4 1 1 1 1 1 1 1 1 1 1 1 1 1 1 8333
