0 0 0 0 0 0 0 0 0 0 0 0 0 0 0 1 0 0 0 0 0 0 0 0 0 0 0 0 0 0 0 0 0 0 0 0 0 0 0 0 0 0 0 0 0 0 0 0 0 0 1
0 0 0 0 0 0 0 0 0 0 0 1 0 0 0 0 0 0 0 0 0 0 0 0 0 0 0 0 0 0 0 0 0 0 0 0 0 0 0 0 0 0 0 0 0 0 0 0 0 0 1
0 0 0 0 0 0 0 0 0 0 0 0 0 0 0 0 0 0 0 1 0 0 0 0 0 0 0 0 0 0 0 0 0 0 0 0 0 0 0 0 0 0 0 0 0 0 0 0 0 0 1
0 0 0 0 0 0 0 0 0 0 0 0 0 0 0 0 0 0 0 0 0 0 0 0 0 0 0 0 0 0 0 0 0 0 0 0 0 0 0 0 0 0 0 0 0 0 0 1 0 0 1
0 0 1 0 0 0 0 0 0 0 0 0 0 0 0 0 0 0 0 0 0 0 0 0 0 0 0 0 0 0 0 0 0 0 0 0 0 0 0 0 0 0 0 0 0 0 0 0 0 0 1
0 0 0 0 0 0 0 0 0 0 0 0 0 0 0 0 0 0 0 0 0 0 0 0 0 0 0 0 0 0 0 0 0 0 0 1 0 0 0 0 0 0 0 0 0 0 0 0 0 0 1
0 0 0 0 0 0 0 0 0 0 0 0 0 0 0 0 0 0 0 0 0 0 0 0 0 0 0 0 0 0 0 0 0 0 0 0 0 1 0 0 0 0 0 0 0 0 0 0 0 0 1
0 0 0 0 0 0 0 0 0 0 0 0 0 0 0 0 0 0 0 0 0 0 0 0 0 0 0 0 0 0 0 0 0 0 0 0 0 0 0 0 1 0 0 0 0 0 0 0 0 0 1
0 0 0 0 0 0 0 0 0 0 0 0 0 0 0 0 0 0 0 0 0 0 0 0 0 0 0 0 0 0 0 0 0 0 0 0 0 0 0 0 0 0 0 0 0 0 0 1 0 0 1
0 0 0 0 0 0 0 0 0 0 0 0 0 0 0 0 0 0 0 0 0 0 0 0 0 0 0 0 0 0 0 0 0 1 0 0 0 0 0 0 0 0 0 0 0 0 0 0 0 0 1
0 1 0 0 0 0 0 0 0 0 0 0 0 0 0 0 0 0 0 0 0 0 0 0 0 0 0 0 0 0 0 0 0 0 0 0 0 0 0 0 0 0 0 0 0 0 0 0 0 0 1
0 0 0 0 0 0 0 0 0 0 0 0 0 0 0 0 0 0 0 1 0 0 0 0 0 0 0 0 0 0 0 0 0 0 0 0 0 0 0 0 0 0 0 0 0 0 0 0 0 0 1
0 0 0 0 0 0 0 0 0 0 0 0 0 0 0 0 0 0 0 0 0 0 0 0 0 0 0 0 0 0 0 0 0 0 0 0 0 0 0 0 0 0 0 0 0 0 1 0 0 0 1
0 0 0 0 0 0 0 0 0 0 0 0 0 0 0 0 0 0 0 0 0 0 0 0 0 0 0 0 0 0 0 0 0 0 0 0 0 0 1 0 0 0 0 0 0 0 0 0 0 0 1
1 0 0 1 0 0 1 0 0 0 0 0 0 0 1 1 0 0 1 0 1 1 1 0 1 0 0 0 0 1 1 1 0 1 0 1 0 0 0 0 0 0 1 0 0 1 0 0 0 0 17
1 0 1 0 1 0 1 0 0 1 0 0 0 1 1 0 1 0 1 1 1 0 0 0 0 1 0 0 0 1 0 1 0 1 1 1 0 1 1 1 0 1 1 1 0 0 0 0 0 0 23
0 0 1 0 0 0 1 0 1 0 0 0 0 1 1 0 1 0 0 0 1 0 0 0 1 0 1 1 0 1 0 1 1 1 0 0 0 1 0 1 0 0 0 1 1 1 1 0 0 1 21
0 1 0 0 1 0 1 0 1 1 0 0 0 1 1 0 0 1 1 0 0 0 0 1 0 1 0 1 0 1 1 1 1 1 0 1 1 1 1 1 1 0 1 1 0 0 0 0 0 1 26
1 0 0 1 1 1 1 0 0 0 0 1 0 1 1 0 1 0 0 0 1 0 1 1 0 1 1 0 0 0 1 1 1 0 1 1 1 0 1 0 1 1 1 1 0 0 1 1 1 1 29
0 0 0 0 0 0 0 1 0 1 0 0 1 0 0 0 0 0 1 0 0 1 0 0 1 1 0 1 0 0 1 0 0 1 0 0 0 1 1 0 1 0 0 0 0 1 1 0 1 0 16
1 0 0 1 1 0 1 1 1 0 1 1 0 1 1 0 0 1 0 1 0 1 0 0 1 1 1 0 0 0 1 0 1 1 0 1 0 1 0 0 1 1 1 0 1 0 1 0 0 1 27
0 0 0 1 1 1 0 0 0 0 0 1 1 0 1 1 0 0 0 1 0 0 0 0 0 1 1 1 1 0 1 0 0 0 1 0 0 1 0 1 0 1 0 0 0 1 1 0 1 1 21
0 1 0 0 1 1 0 1 0 1 0 0 1 0 1 0 1 0 0 0 1 0 1 0 0 0 1 0 0 0 1 0 1 0 0 1 0 0 1 1 1 1 1 1 0 1 0 1 1 0 23
0 0 1 0 1 0 1 1 0 1 0 1 1 0 0 0 1 1 1 1 0 1 1 1 1 0 1 1 1 0 0 1 0 0 0 1 0 0 1 1 0 1 1 1 1 0 0 1 1 1 29
1 0 0 0 1 0 1 1 0 1 0 0 1 1 0 0 0 1 1 0 1 0 1 0 0 1 1 1 0 1 0 1 0 0 1 0 1 0 1 0 1 0 1 0 0 0 1 0 1 1 24
0 0 1 1 1 0 1 1 1 0 1 0 0 1 1 0 0 0 1 1 0 1 0 0 1 1 0 0 0 1 1 0 1 0 1 0 1 1 0 1 1 1 0 0 1 0 1 0 1 1 27
0 0 1 0 1 0 0 0 0 0 1 1 0 0 0 0 0 1 0 1 0 0 0 1 1 1 0 0 0 1 1 0 1 1 1 1 0 0 0 1 0 0 1 1 0 0 1 0 0 1 20
0 0 0 1 1 0 0 0 1 1 1 0 1 1 1 1 1 1 1 0 1 0 0 0 0 1 1 0 1 1 1 1 0 1 1 1 1 1 0 0 0 0 1 1 1 1 0 1 0 0 29
1 0 1 1 1 1 1 1 0 0 0 1 0 1 0 1 1 0 1 0 0 0 0 0 1 0 0 0 1 1 1 0 0 0 1 1 1 1 1 1 1 0 0 1 1 0 1 0 1 0 27
1 1 0 1 0 0 1 0 0 1 0 0 1 0 0 1 1 0 1 1 1 1 0 1 1 1 1 0 1 1 0 0 0 0 0 1 0 0 0 1 1 1 0 0 1 1 0 0 1 0 25
0 0 0 0 1 0 1 0 0 1 1 0 1 0 0 0 1 1 1 1 1 1 1 0 1 0 0 1 0 1 1 1 0 0 1 1 1 1 0 0 1 1 1 0 0 1 0 0 1 1 27
0 1 0 1 0 1 0 1 0 1 1 1 1 1 1 0 0 0 0 1 1 0 1 1 1 1 0 0 1 0 1 0 0 0 0 0 1 0 1 0 0 1 1 1 1 0 1 0 0 1 26
1 0 0 0 0 0 0 1 0 0 1 0 1 0 0 0 1 1 1 0 1 1 0 0 1 0 0 0 1 1 1 0 0 1 0 1 0 0 0 1 0 1 0 1 1 0 1 0 0 0 20
0 1 0 1 0 0 1 1 1 1 1 0 1 0 1 1 1 0 0 1 1 0 0 0 1 1 1 0 1 1 0 0 1 1 0 0 0 0 0 0 0 0 1 1 1 0 0 0 0 1 24
0 1 0 0 0 0 1 0 0 0 1 0 0 0 0 0 1 0 1 0 1 1 0 0 1 1 1 0 0 1 1 1 1 1 0 0 1 1 0 0 0 1 1 1 1 0 0 1 1 1 24
1 1 0 1 1 1 0 1 1 1 1 0 1 0 1 0 0 0 1 1 0 1 1 1 1 1 1 0 1 0 1 1 1 0 0 0 1 1 1 0 0 1 1 1 0 1 1 0 1 0 32
1 1 1 0 0 0 1 0 1 1 1 1 1 1 1 0 0 1 1 0 1 1 0 1 0 0 1 1 1 0 1 0 0 1 0 1 0 1 1 1 1 1 1 1 0 0 1 1 0 1 32
1 1 1 0 0 0 1 1 0 0 0 1 1 0 1 0 1 1 1 1 1 1 1 1 0 0 0 1 1 1 1 1 1 0 0 0 0 1 1 0 1 1 1 1 1 1 0 0 1 0 31
0 0 1 0 1 1 0 0 1 1 0 1 0 0 0 0 1 0 0 1 1 0 0 1 1 0 0 0 1 0 0 0 1 1 1 0 1 1 1 1 0 1 1 0 0 0 0 0 0 0 21
0 1 0 0 1 1 1 0 0 1 0 0 1 0 1 1 1 1 0 1 0 1 0 1 0 0 0 0 0 1 0 1 0 0 1 0 0 1 1 0 0 1 0 0 1 1 1 1 1 1 25
0 0 1 1 1 0 1 1 0 0 1 1 0 0 1 1 0 0 1 0 0 1 1 0 0 1 1 1 1 0 1 1 1 0 0 0 0 0 0 0 0 1 1 0 0 0 0 0 1 0 22
0 1 0 0 1 1 1 1 1 0 0 0 1 1 0 0 0 0 0 1 0 1 0 0 1 0 0 0 1 1 0 1 1 0 1 0 0 1 1 1 1 1 0 1 1 0 1 0 0 1 25
1 1 1 1 0 1 1 1 1 1 1 0 1 1 1 0 1 0 0 1 0 0 0 1 0 0 0 0 0 1 1 1 0 0 1 0 0 0 0 1 0 1 1 0 1 0 0 0 1 1 26
1 1 0 0 0 1 1 1 1 0 0 1 1 0 0 0 1 1 0 1 0 1 1 1 0 0 1 1 0 0 1 0 0 0 1 1 1 0 0 0 0 0 0 1 1 1 1 1 0 0 25
0 1 1 0 1 1 1 1 1 1 1 1 1 1 0 1 0 0 0 0 0 0 0 1 0 0 0 0 1 0 0 1 0 1 0 1 0 0 0 1 1 1 0 0 1 0 0 1 0 0 23
1 1 1 1 0 0 1 1 0 0 1 0 1 0 0 0 1 1 1 0 1 1 0 0 0 1 1 1 1 1 0 0 0 0 0 1 0 1 0 1 0 1 0 1 1 1 0 1 1 1 28
1 1 0 0 0 0 0 1 1 1 1 1 0 0 0 1 0 0 0 0 0 0 0 0 1 1 0 0 1 0 1 1 1 0 0 0 0 1 0 0 0 0 0 0 1 0 1 1 1 0 19
1 0 0 0 1 0 1 0 1 0 0 1 1 1 1 1 1 1 0 1 1 0 1 0 0 1 1 0 0 0 0 0 1 0 1 1 0 1 1 1 1 0 0 0 0 1 1 1 0 0 26
1 1 0 0 0 0 1 0 0 0 0 0 0 0 1 1 1 0 0 0 0 0 1 0 1 0 0 1 0 0 0 0 0 1 0 0 1 0 1 0 0 0 0 0 1 1 0 0 0 0 14
1 0 0 1 0 0 0 1 1 0 1 1 0 1 1 0 0 1 0 0 1 1 1 0 0 0 0 1 1 0 1 1 0 0 1 0 1 0 0 1 0 0 1 0 1 0 1 1 0 1 24
0 0 1 1 1 0 1 0 0 0 0 1 1 0 0 1 1 1 1 1 1 0 1 1 0 1 1 1 1 0 0 1 1 0 0 0 0 0 1 1 1 0 1 0 0 0 1 1 1 0 27
1 0 0 0 0 1 0 0 1 0 0 1 1 1 1 0 1 0 1 0 0 0 1 1 0 1 0 0 1 0 1 0 1 1 1 0 1 1 0 1 0 0 0 1 0 0 0 0 1 0 22
0 1 0 0 0 0 0 0 0 0 0 0 0 0 0 0 0 0 0 1 1 0 0 1 1 0 0 1 0 0 1 0 0 0 0 0 0 0 0 0 0 0 0 0 0 0 0 0 0 0 7
0 0 0 0 0 0 0 0 0 0 0 0 0 0 0 0 0 0 0 0 0 0 0 0 0 0 0 0 0 0 0 0 0 0 0 0 0 1 0 0 0 0 0 0 0 0 0 0 0 0 1
0 0 0 0 0 0 0 0 0 0 0 0 0 0 0 0 0 0 0 0 0 0 0 1 0 0 0 0 0 0 0 0 0 0 0 0 0 0 0 0 0 0 0 0 0 0 0 0 0 0 1
0 0 0 0 0 0 0 1 0 0 0 0 0 0 0 0 0 0 0 0 0 0 0 0 0 0 0 0 0 0 0 0 0 0 0 0 0 0 0 0 0 0 0 0 0 0 0 0 0 0 1
0 0 0 0 0 0 0 0 0 0 0 0 0 0 0 0 0 0 0 0 0 0 0 0 0 0 0 0 0 0 0 0 0 0 0 0 0 0 0 0 0 1 0 0 0 0 0 0 0 0 1
0 0 0 0 0 0 0 0 0 0 0 0 0 0 0 0 0 0 0 0 0 0 0 0 0 0 0 0 0 0 0 0 0 0 0 0 0 0 0 0 0 0 1 0 0 0 0 0 0 0 1
0 0 0 0 0 0 0 0 0 0 0 0 0 0 0 0 0 0 0 0 0 0 0 0 0 0 0 0 0 0 1 0 0 0 0 0 0 0 0 0 0 0 0 0 0 0 0 0 1 0 2
0 0 0 0 0 0 0 0 0 0 0 0 0 0 0 0 0 0 0 0 0 0 0 0 0 0 0 0 0 0 0 0 0 0 0 1 0 0 0 0 0 0 0 0 0 0 0 0 0 0 1
0 0 0 0 0 1 0 0 0 0 0 0 0 0 0 0 0 0 0 0 0 0 0 0 0 0 0 0 0 0 0 0 0 0 0 0 0 0 0 0 0 0 0 0 0 0 0 0 0 0 1
0 0 0 0 0 0 0 0 0 0 0 0 0 0 0 0 0 0 0 0 0 0 0 0 0 0 0 0 1 0 0 0 0 0 0 0 0 0 0 0 0 0 0 0 0 0 0 0 0 0 1
0 0 0 0 0 0 0 0 0 0 0 0 0 0 0 0 0 1 0 0 0 0 0 0 0 0 0 0 0 0 0 0 0 0 0 0 0 0 0 0 0 0 0 0 0 0 0 0 0 0 1
0 0 0 0 0 0 0 0 1 0 0 0 0 0 0 0 0 0 0 0 0 0 0 0 0 0 0 0 0 0 0 0 0 0 0 0 0 0 0 0 0 0 0 0 0 0 0 0 0 0 1
0 0 0 0 0 0 0 0 0 0 0 0 0 0 0 0 0 0 0 0 0 0 0 0 0 1 0 0 0 0 0 0 0 0 0 0 0 0 0 0 0 0 0 0 0 0 0 0 0 0 1
0 0 0 0 0 0 0 0 0 0 0 0 0 0 0 0 0 0 0 0 0 0 0 0 0 0 0 0 1 0 0 0 0 0 0 0 0 0 0 0 0 0 0 0 0 0 0 0 0 0 1
0 0 0 0 0 0 1 0 0 0 1 0 0 0 0 0 0 0 0 0 0 0 0 0 0 0 0 0 0 0 0 0 0 0 0 0 0 0 0 0 0 0 0 0 0 0 0 0 0 0 2
0 0 0 0 0 0 0 0 0 0 0 0 0 0 0 0 0 0 0 0 0 0 0 0 0 0 0 0 0 0 0 0 0 0 0 0 0 0 0 0 1 0 0 0 0 0 0 0 0 1 2
0 0 0 0 0 0 0 0 0 0 0 1 0 0 0 0 0 0 0 0 0 0 0 0 0 0 0 0 0 0 0 0 0 0 0 0 0 0 0 0 0 0 0 0 0 0 0 0 0 0 1
0 0 0 0 0 0 0 0 0 0 0 0 0 0 0 1 0 0 0 0 0 0 0 0 0 0 0 0 0 0 0 0 0 0 0 0 0 0 0 0 0 0 0 0 0 0 0 0 0 0 1
0 0 0 0 0 0 0 0 0 0 0 0 0 0 0 0 0 0 0 0 0 0 0 0 0 0 0 0 0 0 0 0 0 0 0 0 0 0 0 0 0 0 0 1 0 0 0 0 0 0 1
0 0 0 0 0 0 0 0 0 0 0 0 0 0 0 0 0 0 0 0 0 0 0 0 0 0 0 0 0 0 0 0 0 0 0 0 1 0 0 0 0 0 0 0 0 0 0 0 0 0 1
0 0 0 0 0 0 0 0 0 0 0 0 0 0 0 0 0 0 0 0 0 0 0 0 0 0 0 0 0 0 0 0 0 0 0 0 0 0 0 1 0 0 0 0 0 0 0 0 0 0 1
0 0 0 0 0 0 0 0 1 0 0 0 0 0 0 0 0 0 0 0 0 0 0 0 0 0 0 0 0 0 0 0 0 0 0 0 0 0 0 1 0 0 0 0 0 0 0 0 0 0 2
0 0 0 0 0 0 0 0 0 0 0 0 0 0 0 0 0 0 0 0 0 0 0 0 0 0 0 0 1 0 0 0 0 0 0 0 0 0 0 0 0 0 0 0 0 0 0 0 0 0 1
0 0 0 0 0 0 0 0 0 0 0 0 0 0 0 0 0 0 0 0 0 0 0 0 1 0 0 0 0 0 0 0 0 0 0 0 0 0 0 0 0 0 0 0 0 0 0 0 0 0 1
0 0 0 0 0 0 0 0 0 0 0 0 1 0 0 0 0 0 0 0 0 0 0 0 0 0 0 0 0 0 0 0 0 0 0 0 0 0 0 0 0 0 0 0 0 0 0 0 0 0 1
0 0 0 0 0 0 0 0 1 0 0 0 0 0 0 0 0 0 0 0 0 0 0 0 0 0 0 0 0 0 0 0 0 0 0 0 0 0 0 0 0 0 0 0 0 0 0 0 0 0 1
0 1 0 0 0 0 0 0 0 0 0 0 0 0 0 0 0 0 0 0 0 0 0 0 0 0 0 0 0 0 0 0 0 0 0 0 0 0 0 0 0 0 0 0 0 0 0 0 0 0 1
0 0 0 0 0 0 0 0 0 0 0 0 0 0 0 0 0 0 0 0 0 0 0 0 0 0 1 0 0 0 0 0 0 0 0 0 0 0 0 0 0 0 0 0 0 0 0 0 0 0 1
0 0 0 0 0 0 0 1 0 0 0 0 0 0 0 0 0 0 0 0 0 0 0 0 0 0 0 0 0 0 0 0 0 0 0 0 0 0 0 0 0 0 0 0 0 0 0 0 0 0 1
0 0 0 0 0 0 0 0 0 0 0 1 0 0 0 0 0 0 0 0 0 0 0 0 0 0 0 0 0 0 0 0 0 0 0 0 0 0 0 0 0 0 0 0 0 0 0 0 0 0 1
0 0 0 0 1 0 0 0 0 0 0 0 0 0 0 0 0 0 0 0 0 0 0 0 0 0 0 0 0 0 0 0 0 0 0 0 0 0 0 0 0 0 0 0 0 0 0 0 0 0 1
0 0 0 0 0 0 0 0 0 0 0 0 0 0 0 0 0 0 0 0 0 0 0 0 0 0 0 0 0 0 0 1 0 0 0 0 0 0 0 0 0 0 0 0 0 0 0 0 0 0 1
0 0 0 0 0 0 0 0 0 0 0 0 0 0 0 0 0 0 0 0 0 0 0 0 0 0 0 0 0 0 0 0 0 0 0 0 0 0 1 0 0 0 0 0 0 0 0 0 0 0 1
1 0 0 0 0 0 0 0 0 0 0 0 0 0 0 0 0 0 0 0 0 0 0 0 0 0 0 0 0 0 0 0 0 0 0 0 0 0 0 0 0 0 0 0 0 0 0 0 0 0 1
0 0 0 0 0 0 0 0 0 0 0 0 0 0 0 0 0 0 0 0 0 0 0 0 0 0 0 0 0 0 0 0 0 0 0 0 0 0 0 0 0 0 0 0 0 1 0 0 0 0 1
0 0 0 0 0 0 0 0 0 0 0 0 0 0 0 0 0 0 0 0 0 1 0 0 0 0 0 0 0 0 0 0 0 0 0 0 0 0 0 0 0 0 0 0 0 0 0 0 0 0 1
0 0 0 0 0 0 0 0 0 0 0 0 0 0 0 0 0 0 0 0 1 0 0 0 0 0 0 0 0 0 0 0 0 0 0 0 0 0 0 0 0 0 0 0 0 0 0 0 0 0 1
0 0 0 0 0 0 0 0 0 0 0 0 0 0 0 0 0 0 0 0 0 0 0 0 0 0 0 0 0 0 0 0 0 0 0 0 0 0 0 0 0 0 0 0 0 1 0 0 0 0 1
0 0 0 0 0 0 0 0 0 0 0 0 0 0 0 0 0 0 0 0 0 0 1 0 0 0 0 0 0 1 0 0 0 0 0 0 0 0 0 0 0 0 0 0 0 0 0 0 0 0 2
0 0 0 0 0 0 0 0 0 0 0 0 0 0 0 0 0 0 1 0 0 0 0 0 0 0 0 0 0 0 0 0 0 0 0 0 0 0 0 0 0 0 0 0 0 0 0 0 0 0 1
1 0 0 0 0 0 0 0 0 0 0 0 0 0 0 0 0 0 0 0 0 0 0 0 0 0 0 0 0 0 0 0 0 0 0 0 0 0 0 0 0 0 0 0 0 0 0 0 0 0 1
0 0 0 0 0 0 0 0 0 0 0 0 0 0 0 0 0 0 0 0 0 0 0 0 0 0 0 0 0 0 0 0 0 0 0 0 0 0 0 0 0 0 0 1 0 0 0 0 0 0 1
0 0 0 0 0 0 0 0 0 0 0 0 0 0 0 0 0 0 0 0 0 0 0 0 0 0 0 0 0 0 0 0 0 0 0 0 0 0 0 0 0 1 0 0 0 0 0 0 0 0 1
0 0 0 0 0 0 0 0 0 0 0 0 0 0 0 0 0 0 0 0 0 0 0 0 0 0 0 0 0 0 0 0 0 0 0 0 0 0 0 0 0 0 0 0 0 0 0 1 0 0 1
0 0 1 0 0 0 0 0 0 0 0 0 0 0 0 0 0 0 0 0 0 0 0 0 0 0 0 0 0 0 0 0 0 0 0 0 0 0 0 0 0 0 0 0 0 0 0 0 0 0 1
0 0 0 0 0 0 0 0 0 1 0 0 0 0 0 0 0 0 0 0 0 0 0 0 0 0 0 0 0 0 0 0 0 0 0 0 0 0 0 0 0 0 0 0 0 0 0 0 0 0 1
0 0 0 0 0 0 0 0 0 0 0 0 0 0 0 0 0 0 0 0 0 0 0 0 0 0 0 0 0 0 0 0 0 0 0 0 0 0 0 0 0 0 0 0 0 0 1 0 0 0 1
0 0 0 0 0 0 0 0 0 0 0 0 0 0 0 0 1 0 0 0 0 0 0 0 0 0 0 0 0 0 0 0 0 0 0 0 0 0 0 0 0 0 0 0 0 0 0 0 0 0 1
21 20 16 16 22 14 27 22 20 19 18 21 24 17 22 15 23 17 21 22 22 19 17 18 21 22 19 16 23 20 26 21 18 17 17 20 16 23 20 23 18 24 23 22 21 17 22 17 21 20 1000
