1 1 0 0 0 1 1 0 1 1 1 1 1 1 1 0 1 0 1 1 0 1 0 1 0 0 1 1 0 1 0 0 1 0 1 0 0 0 1 1 0 1 1 0 0 1 0 0 0 1 1 0 0 0 0 0 1 0 0 0 1 0 1 0 0 1 1 1 0 1 1 1 1 0 0 1 0 1 0 1 0 0 0 1 0 0 1 1 1 0 1 1 0 1 1 1 0 0 0 1 51
1 1 1 0 1 1 1 0 0 1 1 0 0 1 1 1 0 1 1 1 1 1 0 1 0 0 0 0 0 1 0 0 1 0 1 1 0 0 1 1 0 0 0 0 1 1 1 1 0 1 0 1 0 1 0 1 1 0 0 1 1 0 0 0 0 1 0 1 0 1 1 0 1 0 1 1 0 1 0 1 1 1 1 0 1 1 0 1 0 1 0 0 0 1 0 1 1 0 1 0 54
1 0 0 0 1 1 0 0 0 1 0 0 1 0 0 0 1 0 0 0 1 0 0 0 0 0 0 1 0 1 0 0 0 0 0 1 0 0 0 0 0 1 1 1 1 1 1 0 0 0 0 0 0 0 0 0 1 1 0 0 1 0 0 1 1 1 0 1 0 1 0 1 0 1 0 0 1 0 0 0 0 0 0 1 1 1 0 0 0 0 1 0 0 1 1 0 0 0 1 0 34
0 1 1 0 0 1 0 0 1 1 1 0 1 0 1 1 1 1 1 0 1 1 1 0 0 0 1 1 0 1 0 1 1 0 0 1 1 1 0 1 0 0 0 1 1 0 1 0 0 1 1 1 1 1 1 0 1 0 1 1 1 1 0 1 0 0 1 0 1 0 1 1 0 1 0 1 0 1 0 1 1 1 1 1 1 1 0 0 0 1 0 1 0 1 0 0 0 1 0 0 57
0 1 0 1 1 1 1 1 0 0 0 1 1 1 0 0 1 0 0 1 0 0 0 0 1 1 0 1 0 1 1 1 1 1 0 1 1 1 0 0 1 1 1 1 1 1 1 1 1 0 0 0 0 1 1 1 0 1 0 0 1 1 0 1 0 1 1 0 0 0 0 0 1 0 1 0 0 0 1 0 0 0 0 1 1 0 0 1 1 0 0 1 1 1 1 0 0 1 1 0 53
1 0 0 1 1 0 0 1 0 1 1 0 0 1 0 0 0 0 0 1 0 1 0 1 1 0 1 0 1 0 0 0 0 1 1 0 0 0 0 0 1 1 1 1 1 0 1 1 1 1 1 1 1 1 1 0 1 0 0 0 0 0 0 0 1 0 1 1 0 0 1 1 0 0 1 1 1 0 1 0 0 1 0 1 0 1 1 1 0 1 1 0 1 1 1 0 1 0 1 0 51
0 0 0 0 1 1 0 0 1 1 1 0 1 1 1 0 1 0 0 0 1 0 1 1 0 1 1 1 0 1 1 1 0 0 0 1 1 1 0 1 1 0 0 0 0 0 0 1 0 1 0 1 1 0 1 0 1 0 0 0 1 0 0 0 1 1 0 0 0 0 1 1 0 0 0 1 1 0 0 0 1 1 1 1 1 0 1 0 0 1 0 1 1 1 1 1 1 0 1 0 50
0 0 1 1 1 0 1 0 1 0 1 0 0 1 1 1 1 1 0 1 1 1 1 1 1 0 1 0 1 1 0 0 1 0 1 0 1 1 1 0 0 0 0 0 1 0 0 1 1 0 1 1 0 0 0 1 1 0 1 1 0 0 1 0 1 0 0 0 1 0 1 0 0 1 0 1 0 1 0 0 0 0 0 1 0 1 1 1 0 1 0 0 1 1 0 1 1 1 0 0 51
0 1 0 1 1 0 0 1 0 0 0 0 0 1 0 0 1 0 1 0 1 0 0 1 0 0 1 0 1 1 1 0 0 0 1 0 0 1 1 1 1 1 0 0 0 0 1 1 0 0 1 0 1 0 1 1 1 1 1 0 1 1 1 0 0 1 1 0 1 0 0 1 0 1 1 1 0 1 1 0 1 1 0 1 1 1 1 0 0 1 1 1 0 0 1 0 0 0 1 0 51
0 1 0 0 1 1 0 1 0 1 0 1 1 1 1 1 0 0 0 0 1 0 1 1 0 1 1 1 0 0 0 0 0 0 0 0 0 0 1 1 0 1 0 0 1 1 1 0 1 1 0 0 0 1 0 1 1 1 0 0 0 1 1 0 0 1 0 1 1 0 0 1 1 0 1 1 0 0 1 0 0 0 1 0 1 1 1 1 0 1 0 1 1 0 0 1 0 0 0 0 47
0 0 1 0 1 0 0 1 0 1 1 0 0 1 1 1 0 1 1 0 0 1 1 0 0 0 0 1 1 0 0 0 0 1 0 0 0 0 0 1 0 0 0 0 0 0 1 1 0 0 0 0 1 1 0 1 0 1 1 0 1 1 0 1 1 0 0 0 0 1 1 0 0 0 0 0 0 0 0 1 1 1 1 1 0 1 0 1 0 1 0 0 0 1 1 0 0 1 0 0 40
0 0 1 1 1 1 0 1 1 0 0 1 0 0 1 1 1 0 1 0 0 0 0 0 1 0 0 0 0 1 1 0 1 1 1 0 0 0 1 0 1 1 1 1 1 0 1 0 0 0 1 1 0 1 1 0 0 1 0 0 1 0 0 0 0 1 1 0 1 0 0 0 1 0 1 0 0 1 1 0 1 1 1 0 1 1 1 1 0 0 1 1 0 1 0 1 1 1 1 0 51
0 0 0 1 0 0 0 1 1 1 0 1 0 0 1 0 0 1 0 0 1 0 0 1 1 0 0 1 0 1 1 0 0 1 1 0 0 0 0 0 0 1 0 1 1 0 0 0 0 0 1 0 0 1 0 1 0 1 1 0 0 0 0 0 0 1 1 0 1 1 0 0 1 1 0 0 1 0 1 1 0 0 1 0 1 1 1 0 1 1 1 1 1 0 0 1 1 1 1 0 45
0 1 1 1 1 1 0 1 1 0 0 1 0 0 0 0 0 1 1 1 1 1 0 0 1 1 1 0 0 0 1 0 0 0 0 0 0 0 0 0 1 0 0 0 0 0 0 1 1 0 0 0 1 1 0 0 0 0 1 0 0 1 0 1 1 0 0 0 0 1 0 0 0 1 1 0 0 1 0 0 1 1 1 1 0 0 1 0 0 0 0 0 1 1 1 0 0 1 1 0 40
1 1 1 1 1 1 1 0 1 1 0 1 1 1 1 1 1 0 1 0 1 0 1 0 0 1 1 1 1 0 0 1 0 1 1 1 1 0 1 0 1 1 0 1 1 1 1 1 1 0 0 1 1 1 1 0 1 0 1 1 0 0 0 1 1 0 0 1 1 0 1 0 0 0 1 1 1 1 1 0 1 1 1 1 1 1 0 1 0 0 1 0 0 0 1 1 1 1 0 0 65
0 1 0 1 1 0 0 0 0 1 0 1 0 0 1 1 0 1 0 1 0 0 1 1 0 0 0 1 1 0 0 1 0 0 1 0 1 0 0 0 1 1 0 0 1 1 0 0 1 1 0 0 1 0 0 0 0 0 0 1 0 1 0 1 1 1 1 1 0 0 0 1 0 0 0 0 0 1 0 0 0 1 1 0 0 0 0 1 0 1 1 0 1 1 0 0 0 0 1 0 40
0 0 1 0 0 1 0 0 0 0 1 0 1 0 0 1 1 0 1 1 0 0 0 1 1 1 1 0 1 0 0 1 1 0 1 0 1 0 1 0 0 1 0 1 1 0 0 1 1 0 0 1 0 1 0 0 0 0 1 0 1 1 1 1 1 1 1 0 1 1 1 0 0 1 0 0 0 1 1 1 0 0 0 1 1 0 1 1 1 1 1 0 1 1 0 1 0 0 1 1 52
1 0 1 0 0 0 1 0 1 0 0 0 1 1 0 0 1 0 1 0 0 1 0 0 1 1 0 1 0 1 0 1 0 0 0 1 0 1 0 1 1 1 0 1 1 0 1 0 0 0 1 0 1 1 1 1 1 0 1 1 1 1 1 0 0 1 1 1 0 0 1 1 1 0 0 0 1 1 0 0 1 0 1 0 0 0 0 0 0 1 1 0 1 0 0 0 0 1 1 1 49
0 1 1 1 0 0 1 0 0 0 1 1 1 1 1 1 1 0 1 0 0 1 1 1 0 1 0 0 1 1 1 1 0 0 1 0 1 0 0 0 0 0 0 1 1 0 0 0 0 0 0 0 0 0 1 0 1 0 0 1 0 0 1 1 0 1 1 0 1 0 1 0 1 1 1 1 0 1 0 0 0 0 1 1 1 0 0 0 1 0 1 1 0 0 1 0 1 1 1 0 48
1 0 1 0 1 1 1 1 0 1 0 0 0 0 1 1 0 0 0 1 1 0 0 1 1 0 1 0 1 1 1 1 0 1 1 1 0 1 1 0 1 0 1 0 1 1 0 1 1 0 1 1 1 1 1 0 0 0 0 0 1 0 1 0 0 0 0 1 0 0 1 1 1 0 1 1 0 0 0 0 1 0 1 1 0 1 1 1 1 1 0 1 0 1 1 1 1 0 0 0 55
1 1 1 1 0 0 1 0 1 1 0 0 0 1 1 0 0 0 1 1 0 0 1 1 0 0 1 1 1 0 0 1 1 1 1 1 1 1 0 0 0 0 0 0 0 0 0 0 0 0 1 0 0 1 1 1 1 0 1 0 1 1 0 0 0 0 0 0 1 0 0 1 1 0 1 1 1 1 0 1 0 1 0 1 1 0 1 1 0 0 1 0 0 0 0 1 1 1 0 0 48
0 0 1 1 1 1 0 0 1 1 0 0 1 1 0 1 0 1 1 1 1 1 0 1 1 0 0 0 1 0 0 1 0 1 0 0 0 0 0 1 1 1 1 1 0 1 1 1 1 0 0 1 1 1 1 1 1 1 1 1 0 1 0 0 0 1 0 0 1 0 0 0 0 1 1 1 1 1 0 1 1 1 0 1 0 0 0 0 0 1 0 0 1 0 1 1 0 0 1 1 55
1 1 1 0 0 1 0 1 1 1 0 0 1 0 1 0 1 0 1 0 1 1 0 0 0 1 1 0 0 1 1 0 1 1 1 1 0 1 1 1 1 1 1 0 0 0 1 0 0 0 1 1 0 0 0 1 0 0 1 0 0 1 0 1 0 0 0 0 0 1 0 0 1 0 1 1 1 0 0 0 1 1 1 1 1 1 1 1 1 1 0 1 1 0 0 1 0 0 1 0 53
0 1 1 0 1 1 0 1 0 0 0 1 0 1 1 1 1 1 0 1 0 1 1 0 1 1 1 0 1 1 1 1 0 1 1 1 1 1 0 1 0 1 0 0 0 0 0 0 1 0 0 1 0 0 0 0 1 1 0 1 1 1 1 0 1 0 0 1 0 1 1 0 0 0 1 1 1 1 0 0 1 1 1 1 0 1 1 1 1 1 1 0 0 1 1 0 0 1 0 0 57
0 0 1 1 0 0 1 1 0 1 1 1 1 1 1 1 0 1 0 1 0 0 1 0 0 1 0 0 1 1 1 0 1 0 1 1 0 1 1 1 1 1 0 0 1 0 1 1 0 0 1 0 1 1 1 0 0 0 1 1 0 1 0 1 0 1 0 0 1 1 1 1 1 1 1 1 1 1 1 0 1 0 0 0 0 0 0 1 0 0 1 0 0 1 1 1 0 0 1 1 57
1 0 1 1 1 1 0 0 0 1 1 0 0 1 0 1 0 1 0 0 1 1 0 1 1 0 1 1 0 1 1 0 0 1 1 0 0 0 1 0 1 0 0 1 0 1 1 1 0 1 1 1 0 0 1 0 1 1 1 0 1 0 1 0 0 1 0 1 0 1 1 1 0 1 1 0 0 1 0 0 1 0 0 1 1 1 1 0 0 1 1 0 0 0 1 1 1 1 1 0 55
0 1 1 0 1 1 1 0 0 1 1 1 1 0 0 0 0 0 0 0 0 1 0 0 0 1 1 1 1 1 1 0 0 1 0 0 0 1 1 0 1 1 0 0 0 1 1 0 0 1 1 0 1 1 0 0 1 0 0 0 1 1 1 1 1 1 1 0 0 0 0 1 0 1 0 1 1 1 1 1 0 0 0 0 1 1 0 1 0 0 0 1 0 0 1 0 0 0 0 0 47
0 0 1 1 0 0 0 1 1 1 0 0 0 0 0 0 0 1 0 0 1 0 0 1 1 1 1 1 0 1 0 0 1 1 0 1 0 1 0 0 1 0 1 0 0 0 0 1 1 1 1 0 1 1 1 0 0 0 1 0 1 0 1 1 1 0 0 0 1 0 0 1 0 1 1 1 0 0 0 1 0 1 0 1 0 1 0 0 1 1 0 0 1 1 0 1 0 0 1 1 47
1 1 1 1 0 0 1 1 1 0 0 0 0 1 1 1 0 0 0 1 0 0 0 1 1 1 0 1 0 1 0 1 1 1 0 0 0 1 0 1 1 1 0 0 0 1 0 1 1 1 0 1 0 0 0 0 1 1 1 1 0 1 1 0 0 1 0 0 1 1 0 0 0 1 0 0 1 1 1 1 0 1 1 1 0 1 1 1 0 0 1 0 0 1 0 0 0 0 1 0 51
0 0 1 0 0 1 0 0 0 1 0 1 0 0 1 0 1 0 0 0 0 0 0 0 0 1 1 1 0 0 0 0 0 1 0 0 1 0 0 1 0 1 0 0 1 1 1 0 0 0 1 0 0 1 1 1 0 0 0 0 0 0 0 1 1 1 0 1 1 0 1 1 0 0 1 1 0 0 1 0 1 1 0 1 0 0 0 0 1 1 0 0 0 0 1 1 1 0 1 0 39
0 1 1 1 0 1 1 1 0 1 0 1 0 1 1 0 1 0 0 0 0 1 1 1 1 1 0 1 0 1 0 1 1 1 1 1 0 0 0 0 0 1 1 0 0 0 1 1 1 0 0 0 0 1 0 1 1 1 1 0 0 1 1 1 1 0 0 1 0 0 1 0 0 1 0 1 1 1 0 1 1 0 1 0 1 0 1 1 1 0 1 1 1 1 0 1 1 0 0 1 57
0 0 1 0 0 0 0 0 1 1 1 0 0 0 0 0 1 0 0 0 0 1 0 1 0 0 0 1 0 0 1 1 1 1 0 1 0 0 1 0 1 0 0 0 1 0 1 1 0 0 0 1 0 1 0 0 0 1 1 0 1 1 1 1 0 1 0 1 0 0 1 1 0 0 1 1 1 0 1 0 0 0 0 0 0 0 0 0 1 1 1 1 0 1 1 0 1 1 1 0 43
1 1 0 0 1 0 1 0 0 1 0 0 1 0 1 0 1 0 1 0 0 0 0 0 1 0 0 1 0 0 1 0 0 1 1 0 1 0 1 1 0 1 1 0 0 0 0 1 0 0 0 0 0 1 1 1 0 0 1 1 0 1 1 0 1 0 1 1 0 0 1 0 1 0 0 0 0 0 0 1 0 1 1 1 0 1 1 1 1 0 1 1 0 1 1 1 0 0 0 1 46
1 0 0 0 1 0 0 1 0 1 1 0 1 1 0 1 0 1 0 0 0 1 1 0 0 1 0 0 0 0 1 1 1 1 1 1 1 1 0 1 0 1 1 1 0 1 1 1 1 1 1 1 1 1 1 1 0 1 0 0 1 0 0 1 0 0 0 1 1 0 0 1 1 0 1 0 0 0 0 1 1 1 1 1 1 1 0 0 0 1 0 0 1 0 1 1 1 0 0 0 55
0 0 1 0 1 1 0 0 0 0 0 1 1 0 1 1 1 0 1 1 1 0 1 1 0 1 1 0 1 1 0 0 1 1 0 1 0 0 0 0 1 1 0 0 0 1 0 1 0 0 1 1 0 1 1 1 1 1 0 1 1 1 1 1 0 0 1 1 1 0 1 0 0 1 1 0 0 0 1 0 1 0 1 1 1 0 1 1 1 1 1 1 0 0 0 1 1 0 0 1 56
0 0 1 1 0 1 0 1 0 1 1 1 1 1 1 1 1 1 0 1 0 1 1 0 0 1 1 1 1 1 1 1 0 1 0 1 0 1 1 1 1 0 0 1 0 0 1 1 0 1 1 1 0 0 0 0 0 1 0 0 1 0 0 1 0 1 0 0 1 1 1 0 1 1 0 1 0 1 0 1 0 0 1 0 1 1 1 0 0 0 1 0 0 0 1 1 0 0 1 1 56
1 0 1 0 1 0 1 0 0 0 1 0 1 0 0 0 0 0 0 0 0 1 1 0 1 1 0 1 1 1 1 1 1 1 0 1 0 1 1 1 1 0 1 0 0 0 0 1 0 0 1 1 0 0 1 1 1 0 0 1 1 1 0 0 1 0 0 1 1 1 1 1 1 0 1 1 1 1 1 1 1 1 0 0 0 0 0 0 1 1 0 1 0 0 1 1 1 0 0 0 53
1 1 0 1 0 0 0 1 0 1 1 1 1 1 0 1 0 1 0 1 0 1 0 1 1 0 1 0 0 0 0 1 1 0 1 1 1 0 1 0 0 1 0 0 0 0 0 1 0 1 0 0 1 0 0 0 1 0 0 1 1 0 1 1 1 0 0 1 1 1 0 1 1 0 0 1 1 0 1 1 1 0 1 0 1 0 1 1 1 0 0 0 1 1 1 0 0 0 0 1 51
0 0 0 1 0 0 0 0 1 1 1 0 0 0 0 0 0 1 0 1 0 1 1 1 0 0 0 0 1 1 1 0 1 0 0 1 1 0 0 1 1 1 1 0 1 0 0 1 0 0 1 0 0 0 1 0 1 0 0 0 0 0 0 0 1 0 1 0 0 1 0 1 0 1 0 1 0 1 0 1 0 1 0 0 0 0 0 1 0 1 1 0 1 0 0 1 1 0 0 1 40
0 1 1 1 0 1 1 0 0 0 1 1 1 0 1 1 0 0 1 0 0 1 1 1 1 0 0 1 1 1 1 0 0 0 1 1 1 1 1 1 0 1 1 0 0 0 0 1 0 1 1 0 0 0 0 1 1 1 1 1 0 0 0 1 1 0 1 1 0 1 1 1 0 1 1 0 1 1 1 1 1 0 1 1 0 0 1 0 1 0 1 0 0 0 0 1 1 0 0 1 57
1 1 1 1 0 1 0 1 1 0 0 0 1 0 0 1 1 0 1 0 1 1 0 1 0 1 0 1 0 0 0 1 0 0 0 0 1 0 1 0 1 0 0 0 1 0 0 1 0 0 0 0 1 0 0 0 0 1 1 0 0 1 1 0 0 1 0 1 0 1 1 0 0 0 1 0 1 1 1 0 1 1 1 0 1 1 0 1 1 1 1 0 0 0 0 1 1 1 1 1 49
0 1 0 1 0 1 0 0 0 1 1 1 1 0 1 0 1 0 1 1 0 0 1 0 1 0 0 1 1 0 1 0 0 1 1 0 0 1 1 1 1 1 0 0 0 0 1 1 0 0 1 0 1 1 0 0 1 0 1 0 1 0 1 1 0 0 0 1 1 1 1 0 1 1 0 0 0 0 0 0 1 1 1 0 0 0 1 0 1 0 1 0 0 1 1 0 1 1 0 0 49
0 0 1 0 1 1 1 1 0 1 0 1 0 1 1 1 0 1 0 0 1 1 0 1 1 0 1 1 0 0 0 1 1 0 0 0 1 0 0 1 0 1 0 0 1 1 1 0 0 0 1 0 1 0 1 1 1 0 1 1 1 1 1 0 1 0 1 1 1 0 1 0 0 0 0 0 0 1 1 1 0 0 1 1 1 0 0 1 1 1 1 0 1 0 1 1 1 1 1 0 56
0 1 1 1 0 1 0 0 0 1 0 0 0 0 1 0 1 1 1 0 0 0 0 0 0 0 1 0 0 0 0 1 0 1 0 0 1 0 0 0 1 1 0 1 1 1 1 1 0 0 0 0 0 1 0 0 0 0 0 0 0 0 0 0 0 0 0 0 1 1 1 0 1 0 1 0 1 1 0 1 1 1 0 0 1 1 0 0 1 1 1 0 1 1 0 1 0 1 1 1 42
0 1 1 0 1 0 0 1 1 1 1 0 1 0 1 0 1 0 0 1 0 1 0 1 1 1 1 0 1 1 1 0 0 1 0 1 0 0 0 1 0 0 1 0 1 0 0 1 0 1 0 1 0 1 1 0 1 1 1 1 1 0 1 0 0 1 0 1 1 1 0 0 1 1 0 1 0 0 0 1 1 0 0 0 1 0 1 0 0 1 0 1 1 1 1 1 0 1 0 1 54
0 1 0 1 1 1 0 0 0 0 1 1 1 1 1 1 0 0 0 0 0 0 0 0 0 0 0 0 0 1 0 1 1 0 1 0 0 1 1 1 0 0 1 0 1 1 1 0 0 0 1 1 0 1 1 0 1 1 0 0 0 0 0 0 0 1 1 1 1 1 1 0 1 0 1 0 0 0 1 1 0 1 0 0 0 1 0 1 0 0 0 0 0 1 1 1 0 0 0 0 43
0 1 1 0 0 1 1 1 0 1 1 1 0 1 1 0 1 1 1 0 0 1 0 1 0 0 1 1 0 1 1 0 0 1 1 0 0 1 0 0 0 0 0 1 0 1 0 1 1 1 0 0 0 0 1 0 0 1 0 0 0 0 1 0 1 0 0 1 1 0 1 1 1 1 0 1 0 0 1 0 1 0 1 0 1 1 0 0 1 1 1 0 1 1 1 0 0 1 0 1 51
1 0 0 1 0 1 1 1 1 0 1 0 1 0 0 0 0 0 0 1 0 0 0 0 1 0 0 0 0 1 0 0 1 1 1 1 1 1 0 0 1 1 1 1 1 1 1 0 1 1 0 0 0 0 1 0 1 1 1 1 1 0 0 0 0 0 1 1 0 1 1 0 0 0 1 0 1 1 1 0 0 0 1 1 1 1 1 0 0 0 1 1 0 1 0 1 1 0 0 0 50
1 1 0 1 0 1 0 0 0 1 0 1 0 0 0 1 1 0 0 1 1 0 0 0 0 1 0 1 1 1 0 1 0 1 0 0 1 1 1 1 1 0 1 0 0 1 1 0 0 0 0 1 1 0 0 0 1 0 1 1 0 1 0 0 1 0 0 1 1 1 1 0 0 1 1 1 0 1 0 0 0 0 1 1 1 1 0 1 0 1 0 1 1 0 1 1 1 0 0 1 51
1 1 1 1 0 0 1 1 1 0 1 1 1 1 0 1 0 0 0 1 1 1 0 1 1 1 1 0 0 1 0 0 0 0 1 0 0 1 1 1 1 0 0 0 0 0 0 1 1 0 0 0 1 1 0 0 0 1 0 0 0 0 1 0 0 0 0 0 0 0 1 1 1 0 0 1 0 1 1 1 1 1 1 0 0 0 1 0 1 1 1 0 1 1 1 0 0 1 0 0 49
0 0 1 1 0 1 1 0 0 1 0 1 1 0 0 1 1 0 1 1 0 0 0 1 1 0 0 1 0 1 0 0 0 0 0 0 0 1 0 0 1 0 1 0 1 0 0 1 1 1 1 1 0 1 0 0 0 0 1 1 1 0 1 0 1 1 0 1 1 0 1 0 0 1 1 1 0 1 0 1 0 1 1 0 0 1 1 0 1 1 1 1 0 1 1 0 1 1 1 1 53
1 0 0 0 0 0 0 1 0 0 1 1 1 0 1 1 0 0 1 0 1 1 1 0 0 1 1 0 0 0 1 1 1 1 0 0 1 1 0 0 0 1 0 0 0 0 1 0 1 1 1 1 1 0 1 1 0 0 0 1 0 1 1 0 0 0 0 0 0 1 0 1 1 0 0 1 1 1 1 0 1 1 0 0 1 1 1 0 0 0 0 1 1 0 0 1 1 0 0 1 48
1 1 1 1 1 1 0 0 0 0 1 1 0 0 1 0 1 1 1 0 0 0 0 0 0 1 1 0 0 0 0 1 0 0 0 0 1 1 0 1 1 1 1 0 0 0 0 1 0 0 0 1 0 0 0 1 1 1 0 0 0 1 1 0 0 1 0 1 0 0 0 0 0 1 0 0 1 0 1 0 0 0 1 1 1 0 0 1 0 1 1 0 1 0 1 1 1 0 0 0 43
1 1 1 1 1 1 1 0 1 1 0 0 1 1 1 0 1 0 0 1 1 1 0 1 1 0 1 1 0 0 1 0 0 0 0 0 1 0 1 1 0 0 1 0 1 0 1 1 0 0 1 0 1 1 0 0 0 0 0 1 1 1 0 1 0 1 1 1 0 0 0 0 0 1 0 1 0 0 0 0 0 0 0 1 0 1 0 0 1 1 0 0 1 0 1 1 0 0 1 1 49
0 1 0 0 0 1 1 1 0 0 0 0 0 0 1 1 1 0 0 1 1 0 0 0 1 0 1 1 0 0 1 1 1 1 1 1 1 0 0 1 0 1 0 1 0 0 0 1 1 1 1 1 1 0 1 1 0 1 1 1 0 0 1 1 0 0 1 1 1 1 0 1 1 1 1 1 1 1 0 0 1 1 0 0 1 1 1 0 1 0 1 1 1 0 1 0 0 0 0 1 57
0 1 1 0 0 0 0 1 1 1 1 0 1 0 0 1 0 1 1 1 0 1 1 1 1 0 0 1 1 0 0 1 0 1 0 0 0 1 1 1 1 0 0 1 0 1 0 0 0 1 1 1 0 0 0 1 0 0 1 1 0 0 0 1 0 0 1 0 0 1 0 0 1 1 1 1 0 1 0 0 1 1 1 0 0 0 1 1 1 0 1 0 1 0 1 1 1 0 1 1 52
1 1 1 0 0 0 1 1 1 0 0 1 1 1 1 0 1 1 0 1 0 0 0 1 0 0 1 1 1 1 1 1 1 1 0 1 1 1 0 0 0 0 0 1 1 1 1 1 0 0 1 0 0 0 0 1 0 0 0 0 1 1 0 1 0 1 1 1 1 0 1 0 1 0 0 1 1 1 0 1 0 1 1 0 1 1 1 0 1 1 0 1 1 1 1 0 1 0 0 0 57
1 1 0 0 1 1 1 1 1 1 1 0 0 1 1 1 0 0 0 1 1 0 1 1 1 0 1 0 1 1 0 0 1 1 0 1 1 1 1 1 1 0 1 1 0 1 1 0 0 0 0 0 0 1 0 1 1 0 0 0 0 0 0 1 1 1 1 0 1 0 1 0 1 0 1 1 0 1 0 0 1 0 0 0 0 0 0 0 0 1 1 1 0 0 1 0 0 0 0 0 50
0 0 1 0 0 0 0 0 0 1 0 0 1 0 0 0 0 0 0 1 0 1 1 0 1 0 1 0 1 0 1 0 0 1 0 0 1 1 0 0 1 0 1 0 0 1 0 0 0 1 1 0 1 1 0 1 1 1 0 0 1 1 0 0 0 1 1 1 1 1 1 1 1 0 0 1 1 0 1 0 0 0 1 0 1 0 0 0 1 0 1 1 1 1 1 1 0 1 1 1 48
0 1 0 1 1 1 0 0 1 0 0 0 1 0 1 1 1 1 0 1 0 1 0 1 0 0 1 0 1 1 1 1 1 0 0 1 0 1 0 1 0 1 1 1 0 1 1 0 1 1 0 0 1 0 1 1 0 0 0 0 0 1 0 0 1 1 1 0 0 1 0 1 1 0 0 0 1 1 0 1 0 1 1 1 1 1 1 0 0 0 1 1 1 1 1 1 0 1 0 0 55
1 1 1 0 1 0 1 0 0 0 0 0 0 0 0 0 1 0 1 1 0 1 0 1 1 1 1 0 1 1 1 1 0 0 1 1 0 0 0 0 1 1 1 1 0 0 1 1 1 1 1 0 1 0 0 0 0 1 0 1 0 0 0 1 1 1 1 1 1 0 1 0 1 0 1 1 0 1 1 0 1 0 0 0 0 0 0 0 0 0 0 1 0 1 0 0 1 0 0 1 48
0 0 0 1 1 0 0 1 0 1 1 1 0 1 1 0 1 1 1 1 0 0 1 1 0 0 1 0 0 1 0 0 1 1 0 0 1 0 1 0 0 1 1 1 1 1 1 1 1 1 0 1 0 0 0 0 0 1 0 1 1 1 0 0 0 0 1 1 1 1 0 1 1 1 0 0 1 1 0 0 0 1 1 1 1 0 1 1 0 1 0 1 1 0 1 1 0 0 1 1 56
0 0 0 1 1 1 0 0 0 0 1 1 1 0 1 0 1 1 1 1 0 0 1 1 1 0 0 0 1 0 0 0 1 0 0 0 0 1 0 1 0 1 0 0 1 1 0 1 0 1 0 1 0 0 1 1 1 1 0 1 0 1 1 0 1 0 1 0 0 1 1 0 1 1 0 1 1 0 0 1 0 1 1 1 0 0 0 1 0 0 0 1 1 0 0 0 1 1 0 0 48
1 0 0 1 0 0 0 0 1 0 0 1 1 1 0 1 0 0 1 1 1 0 1 1 0 0 1 1 0 0 0 0 0 0 0 1 1 1 1 0 1 0 1 1 1 0 0 0 0 0 0 1 1 0 0 1 1 1 0 1 0 1 0 0 1 1 0 1 0 1 1 0 1 0 1 0 0 0 1 1 1 0 0 1 1 1 1 1 0 0 0 1 0 0 1 1 1 1 1 1 51
0 0 0 1 1 1 1 1 1 0 1 1 1 0 1 0 0 1 0 0 0 0 0 1 1 1 0 0 1 0 0 0 0 1 0 1 1 0 0 1 1 0 0 0 0 1 0 1 1 0 0 0 1 0 1 0 1 1 0 0 1 1 1 0 0 1 0 0 0 0 0 0 0 0 1 1 1 0 1 0 1 0 0 0 1 0 1 1 1 0 0 0 1 1 0 0 0 0 1 0 43
0 0 0 1 0 0 0 1 1 1 0 0 0 0 1 1 1 0 1 1 0 0 1 1 0 1 0 1 1 1 0 1 0 0 0 1 0 0 1 0 1 1 0 1 0 0 0 0 0 0 0 1 1 0 1 1 0 0 0 1 0 0 1 1 1 0 1 0 0 0 0 0 1 0 1 0 1 0 1 0 1 1 1 0 1 0 0 0 0 1 0 0 1 0 0 0 0 0 0 0 40
0 0 1 1 1 1 1 0 0 0 0 1 1 0 0 1 0 0 0 1 1 1 1 0 0 1 0 1 1 0 1 1 0 0 0 1 1 0 0 0 0 0 0 0 1 1 1 0 0 1 1 1 0 0 1 1 1 1 0 0 1 0 1 1 0 1 1 0 1 1 0 0 1 1 1 0 0 0 0 1 0 0 0 1 0 1 1 0 0 0 0 0 1 1 0 1 0 0 1 1 48
0 0 1 0 0 1 1 0 0 1 1 1 1 0 1 0 0 0 1 0 1 1 1 1 1 1 0 0 1 1 0 1 1 0 1 1 0 1 1 1 1 0 1 0 0 1 1 0 0 0 0 0 0 0 1 0 1 0 1 0 0 1 0 0 1 1 0 0 0 1 1 0 0 0 0 0 1 1 0 1 0 0 1 1 1 0 0 0 1 0 0 1 1 0 1 0 1 0 0 0 47
1 1 1 0 0 0 0 0 1 0 0 1 0 1 1 0 1 0 1 1 0 0 1 0 1 1 0 1 1 0 1 0 1 1 0 1 1 1 1 0 1 0 1 1 1 1 0 1 0 0 0 0 1 1 0 1 1 0 1 0 0 1 1 1 0 1 1 1 1 0 0 1 1 0 1 1 0 1 0 1 0 1 0 1 0 1 0 0 1 1 1 1 1 1 0 1 0 1 1 0 58
0 1 1 0 1 0 1 1 1 0 1 1 1 1 0 1 0 0 0 1 1 1 0 1 1 1 1 1 1 1 0 0 1 0 0 1 1 0 1 0 0 0 0 0 1 1 0 0 1 1 1 0 1 0 1 0 1 1 0 1 0 1 1 0 0 1 0 1 0 0 1 0 1 1 0 0 0 1 1 0 1 1 1 0 0 1 1 0 1 1 0 1 0 1 0 0 1 0 0 0 54
1 1 1 1 0 0 1 1 1 1 1 0 0 0 0 1 0 0 0 0 1 1 1 1 1 0 0 0 0 1 1 0 0 1 0 1 0 0 1 0 1 0 1 1 0 0 1 0 0 1 1 0 1 1 1 0 1 0 1 1 1 1 1 0 1 1 0 0 1 0 0 0 0 0 1 0 1 1 0 0 1 0 1 0 1 0 1 0 1 1 0 1 0 0 0 1 1 0 1 1 52
1 1 1 1 1 1 1 0 0 0 0 1 0 1 1 1 0 0 0 0 1 0 0 1 0 0 0 0 1 1 0 1 1 1 1 1 1 0 1 1 1 1 1 1 0 1 1 1 1 0 1 1 0 1 1 0 1 1 0 1 1 1 1 0 0 1 0 1 1 0 0 1 1 1 0 0 1 1 0 0 1 1 0 0 1 0 0 0 0 0 1 0 0 0 0 1 0 1 0 1 56
1 1 1 0 1 1 1 1 1 1 1 0 1 1 1 0 0 0 1 0 1 0 0 0 0 1 0 1 1 1 0 0 1 0 0 0 0 1 1 0 0 1 1 0 1 1 0 0 1 0 1 1 0 0 1 0 1 1 0 1 0 1 0 0 1 1 0 0 1 1 1 1 1 0 1 1 1 0 0 0 1 0 0 0 1 1 0 1 1 0 1 1 0 1 1 1 1 0 1 1 57
1 0 0 0 1 1 1 0 1 0 0 0 0 0 1 0 0 1 1 0 1 1 1 0 1 1 1 1 1 0 1 1 0 0 1 0 1 1 1 1 0 1 0 0 0 0 1 0 1 1 1 0 0 0 0 1 1 1 1 0 1 1 0 1 1 1 1 1 1 0 1 1 1 1 1 1 1 0 0 1 1 0 1 1 0 1 1 0 0 0 0 0 0 1 1 1 0 1 0 1 58
1 1 1 0 0 1 1 0 1 0 0 1 1 0 1 0 0 0 0 1 1 0 1 1 1 1 1 1 0 0 0 0 0 0 0 0 1 0 1 0 0 0 0 0 0 1 1 1 0 1 1 1 0 0 0 0 0 0 1 0 1 0 0 0 1 1 1 1 1 0 1 0 1 1 0 0 1 1 1 1 1 1 0 1 1 0 1 1 0 1 1 1 0 1 1 1 0 0 1 1 53
0 1 0 0 1 1 0 1 0 0 1 1 0 0 0 0 0 1 1 0 0 0 0 0 1 0 1 1 0 1 1 1 1 0 0 1 0 1 0 0 0 1 1 1 0 0 0 1 1 0 0 1 0 0 0 0 0 0 1 0 1 0 0 0 1 1 0 1 0 1 0 1 0 1 0 0 0 0 0 0 1 1 0 1 0 0 0 1 1 0 1 0 1 0 0 1 1 0 0 1 41
0 1 0 1 1 0 1 0 1 0 0 1 1 0 1 1 0 1 0 0 1 1 1 1 1 1 0 0 1 0 0 0 1 0 0 1 1 1 1 0 0 1 1 1 0 1 0 1 1 1 0 1 1 0 1 0 0 0 1 1 0 0 1 0 0 0 1 1 1 0 1 0 0 1 1 0 0 0 1 0 1 0 0 0 0 1 0 1 0 0 1 0 0 1 1 1 0 1 1 1 52
0 0 1 0 1 0 0 0 0 0 0 0 1 0 0 1 0 0 1 0 0 1 1 1 0 1 0 0 1 1 1 0 0 0 0 0 1 0 0 0 0 1 1 0 1 0 1 1 1 0 1 1 1 0 0 1 0 1 1 0 0 0 0 1 1 1 1 0 1 1 1 1 1 1 1 0 0 1 1 1 1 1 1 0 1 0 1 0 1 1 1 1 0 1 1 1 0 0 1 1 53
0 0 1 1 0 0 1 0 0 1 1 1 1 0 0 0 0 0 0 0 0 0 0 0 0 0 0 0 0 0 0 0 0 0 0 0 0 0 0 0 0 0 0 0 0 0 0 0 0 0 0 0 0 0 0 0 0 0 0 0 0 0 0 0 0 0 0 0 0 0 0 0 0 0 0 0 0 0 0 0 0 0 0 0 0 0 0 1 1 1 0 0 0 1 1 0 0 1 0 1 14
0 0 0 0 0 1 1 0 1 0 0 0 1 0 1 1 0 0 0 1 0 1 0 1 1 0 0 0 0 0 1 1 0 1 0 0 0 1 0 1 0 0 0 0 1 1 0 1 1 0 0 1 1 0 0 0 1 1 1 0 0 1 1 1 1 0 0 0 0 1 1 0 0 1 1 1 1 0 0 0 1 1 0 0 1 0 0 1 1 0 1 1 1 1 0 0 1 1 1 1 47
1 1 1 0 1 0 1 1 0 0 0 0 0 1 0 1 1 1 0 0 1 0 0 0 1 0 1 1 0 0 1 0 1 1 0 1 1 1 1 0 1 0 0 1 1 0 1 0 0 0 0 0 0 1 0 0 0 0 1 1 0 1 0 1 1 1 0 1 1 1 1 1 1 0 1 1 0 0 1 0 0 1 0 0 1 1 0 0 0 1 0 1 0 1 0 0 0 0 1 1 49
1 0 0 0 1 0 1 0 1 0 0 1 1 1 0 1 1 1 1 1 0 0 1 0 0 0 0 1 0 1 1 0 1 1 0 1 0 0 0 1 1 0 1 1 0 0 0 1 0 1 1 0 1 1 0 0 0 0 0 0 1 1 0 1 0 0 1 0 0 0 0 1 1 0 1 0 0 1 0 1 1 0 0 0 0 1 0 1 0 1 0 0 0 1 0 1 1 0 1 0 45
0 1 1 1 1 1 1 1 1 0 1 1 0 1 0 1 0 0 1 1 0 0 0 1 1 0 1 0 0 1 0 0 0 0 0 0 0 1 1 1 1 1 1 0 0 1 1 1 0 0 1 0 0 1 0 0 0 1 1 0 0 0 1 0 0 0 1 0 1 0 0 1 0 0 0 0 1 1 1 0 1 1 1 1 0 0 0 1 0 1 0 1 1 1 1 0 1 0 0 0 49
1 0 0 0 0 1 1 1 0 1 1 0 1 0 0 0 0 0 0 1 1 0 0 1 0 1 1 0 0 0 0 0 0 0 1 0 1 0 1 0 0 1 0 1 1 0 1 1 1 0 1 0 1 0 0 1 1 0 1 0 0 1 1 1 1 1 0 1 0 0 1 0 0 1 1 1 1 1 0 1 0 1 0 0 0 1 0 1 1 0 1 1 1 1 1 0 0 1 1 1 51
1 1 1 1 1 0 0 0 0 1 1 1 0 0 0 0 1 0 1 1 1 1 0 1 0 0 0 0 1 1 0 0 1 0 1 0 0 0 1 1 1 0 1 1 0 1 0 0 0 0 0 1 0 0 1 0 0 1 1 0 0 0 1 0 1 1 0 0 0 0 0 1 1 1 0 0 1 0 1 0 1 0 1 1 1 1 0 0 1 0 1 1 0 1 1 1 0 1 1 1 50
1 0 1 1 1 1 0 0 1 0 1 0 0 0 0 1 0 1 0 0 0 0 1 0 0 1 1 0 1 0 1 1 1 1 0 0 0 0 0 1 0 0 0 1 1 0 1 1 1 1 0 0 0 0 1 1 0 1 0 0 1 0 0 0 0 1 1 1 1 1 1 0 0 1 1 0 1 1 1 1 0 0 1 1 0 0 1 0 1 1 1 1 0 1 0 0 0 1 0 0 49
0 0 0 0 1 0 1 1 1 1 0 1 1 1 1 1 1 1 0 0 0 1 1 0 1 0 1 1 1 1 1 0 1 1 0 0 0 1 1 0 1 0 0 0 1 1 0 1 0 1 1 1 0 0 0 1 0 1 1 0 0 1 1 0 0 1 1 1 1 0 1 1 0 1 0 0 0 1 0 0 1 1 0 1 1 0 1 0 1 1 0 0 0 1 0 1 1 0 0 1 55
0 1 0 0 0 1 0 0 1 0 0 1 0 1 1 0 0 0 1 1 1 0 0 1 0 1 1 0 1 0 0 1 1 0 1 0 1 1 0 0 1 1 0 1 1 1 0 1 0 0 1 1 0 1 1 0 1 1 1 1 1 0 1 1 1 1 0 0 1 0 1 1 1 1 1 0 0 0 0 0 0 0 1 0 1 0 0 1 0 1 1 1 1 1 1 1 1 1 0 0 55
0 0 1 1 1 1 1 0 0 0 1 0 1 1 0 0 1 0 1 0 0 0 1 1 0 0 0 1 0 0 0 0 0 1 1 0 1 1 0 1 1 0 1 0 0 1 0 1 0 1 1 0 1 0 1 0 1 1 1 0 0 0 1 0 0 0 1 1 0 0 0 0 0 0 1 0 0 0 1 0 1 0 0 0 1 1 0 1 1 1 0 0 0 1 0 1 0 1 1 0 44
0 1 0 1 0 0 0 1 0 1 0 1 0 0 0 0 0 1 1 1 1 1 1 0 1 1 1 0 0 0 0 0 0 0 0 0 1 0 0 1 1 0 0 1 0 0 0 1 1 1 0 0 0 0 0 1 1 1 1 0 0 0 1 1 0 1 0 1 0 0 0 0 1 0 1 0 0 0 1 0 0 1 1 0 0 0 1 0 1 1 0 1 0 0 0 1 0 1 0 0 40
0 1 0 0 1 0 1 1 1 1 0 1 1 1 1 1 1 1 1 1 1 0 0 1 1 0 0 1 1 1 0 0 1 0 1 0 1 1 0 0 1 0 0 0 1 0 1 1 0 1 0 0 1 0 1 1 0 0 1 1 0 1 0 1 0 1 1 1 1 0 1 0 1 1 1 1 0 0 0 0 0 0 1 0 1 1 1 0 1 0 1 1 0 1 1 1 1 0 0 1 58
0 1 1 1 1 1 0 1 0 0 1 0 0 0 1 0 0 0 1 0 0 1 1 0 0 0 1 1 1 1 1 1 0 0 0 1 1 1 1 0 0 0 1 0 1 0 0 1 0 0 0 1 0 1 1 0 1 0 0 1 1 0 0 0 1 0 0 0 0 1 1 0 0 0 1 1 1 0 1 0 0 1 1 1 1 0 0 0 1 0 0 0 0 0 0 0 1 1 0 1 45
1 0 0 0 1 0 0 0 1 1 0 0 1 1 0 0 0 0 1 0 1 0 0 0 0 0 0 1 0 1 0 1 0 1 1 1 0 0 1 1 0 0 1 1 1 0 0 0 1 1 1 0 1 0 1 1 1 1 0 1 0 1 1 1 0 1 0 0 1 0 1 0 0 0 1 0 1 1 1 1 0 0 1 1 1 0 1 1 1 1 1 1 0 1 1 0 0 1 1 0 52
1 1 1 1 0 1 1 1 0 0 0 1 0 1 1 1 1 0 1 1 1 0 1 1 0 0 0 1 0 1 1 1 1 1 1 0 0 0 1 1 0 0 1 1 1 1 0 1 0 0 1 1 0 1 1 0 1 0 0 1 0 1 1 1 1 0 0 0 1 0 0 0 1 0 1 0 0 0 1 0 1 1 1 0 1 1 0 1 0 1 1 1 1 1 0 0 1 1 0 1 59
0 1 0 0 1 1 1 0 1 0 1 0 0 1 1 1 1 1 1 1 1 1 1 1 0 1 0 0 0 1 0 0 0 0 1 1 0 1 1 1 0 1 1 0 1 1 0 1 0 0 1 0 0 0 0 1 0 1 1 1 0 0 1 1 0 1 1 1 1 0 1 0 1 1 0 1 0 0 1 1 1 0 0 0 1 0 1 1 0 1 0 1 1 1 0 1 0 0 0 1 56
0 0 0 1 0 0 1 0 0 1 1 1 0 1 1 0 1 1 1 0 0 1 0 0 1 0 1 1 1 0 0 1 0 1 1 1 0 0 1 0 0 1 1 0 1 1 0 1 1 0 0 1 0 0 0 1 1 1 0 0 0 1 1 1 0 1 0 1 1 0 1 0 0 0 1 1 0 1 0 1 0 1 0 1 1 1 0 0 0 1 0 1 1 1 1 1 1 0 0 0 52
1 1 0 1 1 0 0 0 1 1 0 0 1 0 1 0 1 0 0 1 0 1 1 1 0 1 0 0 0 1 1 1 0 1 0 0 0 0 1 0 1 0 0 0 0 1 1 0 1 1 0 1 0 1 1 0 0 1 1 1 0 1 0 1 0 1 1 0 1 1 1 1 1 0 0 1 0 1 1 0 1 1 1 1 1 0 0 0 1 0 0 1 0 1 1 0 0 0 1 1 53
0 1 1 0 1 1 0 0 1 1 1 0 1 1 0 0 0 0 1 0 1 0 1 1 1 0 0 0 0 0 0 0 1 0 0 1 1 0 1 1 0 1 0 0 0 0 1 1 1 0 1 0 1 1 1 1 0 0 0 1 0 1 1 0 0 1 0 1 0 1 0 0 1 0 1 1 0 1 0 1 0 0 0 1 1 1 0 0 1 0 0 1 0 1 1 1 1 0 1 0 49
1 1 0 0 1 0 0 1 0 1 1 1 0 0 0 1 1 0 0 1 1 0 0 0 0 1 0 0 0 1 0 1 1 0 1 0 1 0 1 1 1 0 0 1 0 1 0 0 1 0 1 1 1 1 0 0 0 0 1 1 0 0 0 1 0 1 0 1 1 0 0 1 0 0 0 0 0 0 0 0 0 1 1 1 0 0 1 1 1 0 1 1 1 1 0 0 0 0 1 0 45
1 0 1 1 0 0 0 0 0 1 1 0 0 0 1 1 0 1 1 0 0 0 1 1 0 1 1 0 0 1 1 1 1 1 0 0 0 1 0 1 1 1 0 0 0 1 0 0 0 0 0 1 1 0 1 1 0 0 0 1 0 0 0 0 1 0 1 0 1 0 0 1 0 0 1 1 0 0 1 0 1 1 0 1 0 1 1 1 1 0 0 0 1 1 0 0 1 1 1 1 48
1 1 1 0 0 1 0 0 0 1 1 0 0 1 1 1 0 0 1 0 1 0 1 0 1 1 0 1 0 1 1 0 0 0 1 1 1 0 1 1 1 0 0 0 1 1 0 1 0 1 0 0 0 1 1 1 1 1 1 0 1 1 0 1 0 1 1 0 1 0 1 0 0 1 0 1 0 1 1 1 0 0 1 0 0 1 1 0 0 0 1 0 1 1 0 1 0 1 1 0 54
0 1 1 0 1 0 1 1 1 0 0 0 1 1 1 1 1 0 1 1 1 1 0 0 0 1 1 1 0 1 1 1 0 1 0 1 0 1 0 1 0 1 1 0 1 0 0 1 1 1 1 1 1 1 0 0 1 1 0 0 1 0 1 1 1 1 0 1 1 0 0 0 0 1 0 1 1 1 0 1 0 0 0 1 0 0 0 1 0 1 1 1 0 0 0 1 0 1 1 0 57
1 1 0 0 1 0 0 0 1 1 1 1 0 1 0 0 0 1 1 0 1 1 0 1 0 1 0 1 1 1 0 0 1 0 1 0 1 1 1 1 1 0 1 0 1 1 0 0 0 1 1 0 0 0 0 0 0 1 0 1 1 0 1 1 0 0 0 1 1 1 0 0 1 0 0 1 1 0 0 0 1 0 0 0 1 1 0 0 0 0 0 0 0 0 0 1 1 1 0 1 47
0 0 1 1 0 0 1 1 0 1 1 1 1 1 0 1 0 1 0 1 0 1 1 0 0 0 0 1 0 1 0 0 0 0 0 1 1 0 1 1 0 0 0 0 1 1 0 0 0 1 1 0 0 0 0 1 0 1 0 1 1 0 1 0 0 1 1 1 0 1 1 0 0 0 1 0 1 1 0 1 1 1 1 1 1 1 1 0 0 1 1 0 0 1 1 1 0 0 0 0 50
1 0 0 1 0 1 1 0 0 0 1 1 0 0 0 1 0 0 1 1 0 0 0 1 1 1 0 1 0 0 1 0 1 0 0 1 1 1 0 0 0 1 0 1 0 1 0 1 1 0 1 1 0 1 1 1 1 0 1 0 0 1 0 0 0 1 0 0 0 0 0 1 0 1 1 0 0 0 1 1 0 1 0 1 1 0 1 0 0 0 0 0 0 1 0 0 0 1 1 1 45
0 1 1 0 1 1 1 0 1 1 0 1 0 0 1 0 1 1 1 1 1 1 0 0 1 0 1 1 0 0 0 0 0 1 1 1 1 0 1 0 0 1 1 0 0 0 1 0 0 0 1 1 1 0 0 0 1 0 1 1 1 0 1 0 1 0 0 1 1 1 0 1 0 1 1 0 1 1 0 1 1 1 0 0 1 0 1 0 0 0 0 0 1 1 0 0 0 0 0 0 50
1 1 1 0 0 1 1 1 0 1 0 0 0 1 0 1 1 1 1 1 0 1 1 1 1 0 1 0 0 0 0 0 1 1 0 1 1 0 0 1 0 1 0 0 1 1 0 1 1 1 1 1 0 1 0 1 1 1 0 1 1 0 1 1 0 0 0 0 1 1 1 0 1 0 0 0 1 1 0 1 1 0 0 0 0 0 0 0 0 1 1 1 1 1 1 0 0 1 0 1 55
1 0 1 0 1 1 0 0 0 0 1 0 1 0 1 0 0 1 0 0 0 1 0 0 0 1 1 0 0 1 0 1 0 0 0 0 0 1 1 1 1 0 1 1 0 0 0 1 1 1 0 0 1 1 1 0 1 0 0 0 0 0 0 1 1 0 1 1 0 0 0 1 0 0 1 1 1 1 0 1 0 1 1 0 1 1 1 0 0 1 0 1 1 1 0 1 0 1 1 0 48
0 0 1 0 1 1 0 0 1 1 1 1 0 1 1 0 0 0 1 0 1 0 0 0 0 0 1 0 1 0 0 1 0 1 1 1 0 0 0 0 0 1 1 1 0 0 1 1 1 0 0 0 0 1 1 0 1 0 1 1 0 1 0 1 1 1 0 0 0 1 0 1 0 1 1 1 1 0 1 0 0 0 1 1 0 1 1 0 1 1 1 0 0 0 0 1 0 0 0 1 48
1 1 0 1 1 1 1 0 1 1 0 1 1 1 1 0 0 0 0 0 0 1 0 1 0 0 1 1 0 0 0 1 1 0 0 1 1 0 1 0 0 1 0 1 1 0 0 1 1 1 0 0 0 0 0 1 1 0 0 1 1 0 1 1 0 0 1 1 1 1 0 1 0 0 1 1 1 0 0 0 0 0 1 0 0 1 1 0 1 1 0 1 0 0 1 0 1 0 0 1 50
0 0 0 1 1 1 0 0 0 1 1 0 1 1 1 1 1 1 0 1 0 1 0 0 0 1 1 1 1 0 1 1 1 0 1 0 1 0 1 1 1 0 1 1 0 0 1 0 0 0 0 1 0 1 1 1 0 1 1 0 1 1 0 1 1 1 0 1 1 1 1 1 1 1 1 0 0 1 1 0 0 0 0 1 1 1 1 0 0 0 0 1 0 0 0 1 0 1 1 0 57
0 1 0 1 1 1 1 1 1 0 1 1 1 1 1 1 1 1 0 1 1 0 1 1 0 1 1 1 0 1 1 1 1 1 0 0 1 1 1 0 1 0 1 0 1 1 1 1 0 1 0 1 1 1 1 0 0 0 1 0 1 0 1 0 1 0 1 0 1 0 0 1 1 0 0 0 0 0 0 1 1 0 0 1 0 0 0 0 0 0 0 0 1 1 1 0 0 1 1 0 57
0 1 0 1 0 0 1 1 0 0 0 0 1 1 0 0 1 0 1 1 1 1 0 0 1 0 1 0 1 0 1 1 0 0 1 1 1 0 0 1 0 1 0 1 0 1 1 1 0 1 1 1 1 0 0 0 1 1 1 0 0 1 1 1 0 1 1 0 1 1 1 1 1 1 0 0 1 1 1 0 0 1 1 0 0 0 1 0 0 1 0 1 1 0 1 0 0 1 1 0 55
1 0 0 1 1 1 1 1 0 1 1 1 1 1 0 0 1 1 1 1 0 0 0 1 0 1 1 1 0 0 0 1 0 0 1 1 0 1 1 1 1 0 1 1 1 0 1 1 1 0 0 1 0 1 1 1 1 1 0 0 0 1 0 0 1 1 0 1 0 1 1 1 0 1 1 1 1 1 0 1 1 1 1 1 1 1 0 1 0 0 0 1 0 1 0 1 1 0 1 0 63
0 0 1 0 0 0 1 1 0 1 0 0 0 1 1 0 1 0 1 0 0 0 0 1 1 0 1 1 1 0 0 1 1 0 0 1 0 0 1 0 1 1 0 0 0 0 1 0 1 0 1 1 1 0 0 1 0 1 1 1 0 1 0 0 0 1 1 0 1 1 1 1 0 0 1 1 0 0 0 0 1 0 1 1 0 1 0 0 1 0 0 0 0 0 1 1 1 1 1 1 48
1 0 0 1 0 1 1 1 0 1 1 1 0 1 1 0 1 1 1 1 0 0 1 1 0 1 0 0 0 0 1 0 1 0 1 1 0 1 1 0 1 0 0 1 1 1 0 1 0 1 0 1 0 0 0 0 1 0 1 1 0 1 0 0 1 0 0 0 1 0 1 1 0 1 1 1 0 0 0 0 0 1 0 0 1 1 1 1 0 1 1 1 1 0 1 0 0 1 1 0 53
1 0 1 0 0 1 1 0 1 0 0 1 0 0 0 0 0 1 0 0 0 0 1 1 0 1 0 0 0 0 1 1 0 0 0 0 0 0 0 0 1 1 1 0 0 0 1 0 0 1 0 0 0 0 0 0 1 1 0 0 0 1 0 1 0 1 0 1 0 0 0 0 0 1 1 0 1 1 0 0 0 0 1 1 0 1 1 0 0 1 0 1 1 1 0 1 0 1 0 0 37
0 0 0 1 1 0 1 0 1 1 1 0 1 0 0 0 0 1 1 1 0 0 1 1 0 0 0 1 1 1 0 1 0 1 0 1 1 0 0 1 1 0 0 0 1 0 0 0 0 0 1 0 1 0 1 0 0 0 1 0 1 0 0 1 0 0 0 1 1 0 0 0 0 1 1 0 1 1 1 0 0 0 0 0 1 0 1 1 1 0 1 1 0 0 0 1 1 1 1 0 45
1 0 0 0 0 0 0 0 0 1 0 0 0 1 1 1 0 0 0 1 0 1 1 0 1 0 1 1 1 0 1 1 0 0 0 1 0 0 1 1 0 0 1 0 0 0 0 0 0 0 0 0 1 1 0 1 0 0 0 1 1 0 0 1 1 0 1 0 1 0 1 1 0 1 0 0 0 1 0 1 0 1 1 0 1 1 1 0 0 1 0 0 0 0 0 1 1 1 1 0 42
0 0 1 0 0 0 0 1 0 1 1 0 1 0 0 1 1 1 0 1 0 0 1 1 1 1 1 1 1 0 1 1 1 0 1 1 1 0 1 0 0 1 1 0 0 0 1 0 1 0 0 0 1 1 0 0 0 0 0 0 1 0 1 0 1 0 1 0 1 0 0 1 0 1 1 0 0 1 0 1 0 0 0 0 1 1 1 1 1 1 0 0 0 1 0 0 0 0 0 1 47
0 0 0 0 1 0 1 0 1 1 0 0 1 0 0 0 0 0 0 0 0 0 0 0 1 1 0 1 0 1 0 0 1 0 1 1 1 1 1 0 1 0 1 0 1 1 1 1 0 0 0 1 0 0 0 1 0 1 0 0 1 1 0 0 1 0 0 1 0 0 0 0 0 1 0 1 0 0 1 0 0 1 1 0 1 0 0 0 1 1 0 0 1 0 0 1 1 1 1 1 42
1 1 1 1 0 1 0 1 1 0 1 0 0 1 1 1 0 0 0 0 1 1 0 1 1 1 1 0 1 1 1 1 1 0 1 0 1 1 0 0 0 0 0 0 1 1 0 1 1 1 0 1 0 1 1 0 1 1 0 0 0 0 0 0 0 0 1 1 1 1 0 1 0 0 0 1 1 1 1 0 1 1 1 0 1 1 0 0 0 1 1 1 1 0 0 0 1 1 0 0 55
1 0 1 0 1 0 0 0 0 1 0 1 0 1 1 1 1 0 1 1 0 0 0 1 1 1 0 0 1 1 1 0 1 1 0 0 1 0 1 1 1 0 0 0 1 0 1 1 1 1 1 0 0 1 1 0 1 1 1 1 1 0 0 1 1 1 1 1 0 0 1 1 1 1 1 0 0 0 0 0 0 0 0 0 0 0 1 1 1 0 1 1 0 0 1 1 1 0 0 1 55
1 1 0 1 0 0 1 1 1 1 0 1 0 0 1 1 0 1 0 0 0 1 1 1 1 1 1 1 1 1 0 1 0 1 1 1 0 1 1 0 0 0 1 1 1 1 1 0 1 1 0 0 0 0 0 0 1 1 1 0 1 0 1 1 1 0 0 0 1 1 1 0 0 0 1 0 0 0 1 1 1 0 1 0 0 1 0 1 0 0 1 0 1 1 0 0 1 0 0 1 55
1 1 0 1 0 1 1 1 0 1 0 1 1 1 1 0 0 1 0 0 1 1 1 1 1 0 1 1 0 1 1 0 0 0 1 1 0 0 0 0 0 1 1 0 1 1 0 0 0 0 0 1 0 1 0 1 1 0 1 1 0 0 1 1 1 0 0 0 1 0 0 1 1 0 0 0 0 0 0 0 1 1 0 1 0 1 0 1 0 0 0 1 1 0 0 1 1 1 1 0 50
1 1 0 0 0 0 0 1 1 0 0 1 0 1 1 0 1 0 0 0 0 0 0 1 0 1 0 0 1 0 1 1 0 1 0 0 0 1 1 0 0 0 0 1 0 0 1 0 0 0 1 1 0 1 1 1 1 0 1 0 1 1 0 0 0 0 1 1 0 1 1 1 0 0 1 1 1 0 1 0 0 1 0 1 0 1 1 0 1 0 0 0 1 0 1 1 0 1 0 1 46
1 1 0 1 0 0 1 0 1 1 1 1 1 0 0 0 1 1 1 1 1 1 0 0 0 1 1 1 0 1 0 0 1 1 0 1 1 1 1 1 0 0 0 1 1 0 1 0 1 1 0 1 0 1 0 1 1 1 0 0 1 0 0 1 1 1 1 0 1 1 1 1 0 1 0 0 0 0 1 1 0 0 1 0 1 1 1 0 0 1 0 1 1 0 1 1 1 1 0 1 60
1 1 0 0 1 1 1 1 0 1 1 1 0 0 0 1 0 1 1 1 0 0 0 1 1 1 1 1 1 1 0 1 0 0 1 1 1 0 0 0 0 1 0 0 1 0 0 1 0 1 0 0 0 0 1 0 1 0 1 0 0 1 1 0 0 1 1 0 1 0 0 0 1 0 0 0 1 0 0 0 0 0 1 0 1 0 1 0 1 1 1 0 0 0 1 1 0 1 0 1 48
0 0 0 1 1 0 0 1 0 0 0 0 0 1 0 1 1 0 1 1 1 0 1 0 1 1 1 0 0 0 1 0 1 1 1 0 0 0 1 1 0 1 0 1 1 0 1 1 1 0 1 0 0 1 1 0 1 1 0 0 1 0 0 0 1 1 0 1 1 1 1 0 0 1 0 1 1 0 1 1 0 1 1 1 1 1 0 0 0 1 0 0 1 0 1 0 1 0 0 1 52
1 0 0 0 1 0 1 1 0 1 1 1 1 1 0 1 1 0 1 1 0 1 1 0 0 1 1 0 1 1 1 0 1 1 0 1 0 1 0 0 1 1 0 1 0 1 1 1 1 0 1 0 1 0 1 0 0 1 1 1 1 0 0 1 0 0 1 1 0 0 1 1 1 0 0 1 0 1 1 1 0 1 1 0 0 1 0 1 1 1 1 0 1 1 0 1 1 0 1 0 60
1 1 0 1 0 0 1 0 1 0 0 1 0 0 0 1 1 0 0 1 1 1 1 1 0 0 1 0 0 0 0 1 0 1 1 1 0 1 1 1 0 0 1 0 1 0 1 1 0 0 1 0 1 1 0 0 0 1 0 0 0 0 1 1 1 1 1 1 0 1 0 1 1 1 0 0 1 0 1 1 0 0 0 0 0 1 1 0 1 1 1 1 1 1 1 0 0 0 1 1 53
0 0 0 1 1 0 1 1 0 0 1 1 1 0 1 0 1 1 0 0 1 1 1 1 1 1 0 1 0 1 1 1 0 1 0 0 1 1 1 0 1 0 1 1 0 0 1 0 0 1 0 1 1 0 1 0 0 1 1 1 0 0 1 1 1 0 1 0 1 0 0 1 1 1 1 1 1 1 0 1 0 1 1 0 1 0 1 1 1 1 1 0 1 0 1 0 1 1 1 0 61
1 1 1 1 0 1 1 0 1 1 0 0 1 0 1 1 0 0 0 0 0 0 1 0 1 1 0 0 1 1 1 1 1 0 1 1 1 0 1 0 0 1 0 1 1 1 1 1 1 0 1 0 0 1 1 0 1 1 0 1 1 1 1 0 0 0 0 1 0 1 0 0 1 1 1 0 1 1 0 0 1 1 0 1 0 0 0 0 1 0 1 1 0 1 0 1 0 1 0 0 55
1 1 1 0 1 0 1 1 0 1 0 1 1 1 0 0 0 0 1 0 1 1 0 0 1 1 1 1 0 0 0 0 1 1 1 0 0 1 1 1 0 1 1 0 1 1 1 1 0 1 1 0 0 1 1 1 1 0 0 0 1 0 0 0 1 0 0 1 1 0 1 0 1 1 0 0 0 1 0 0 1 0 0 0 0 0 0 1 1 1 1 1 0 1 0 1 0 1 1 0 53
0 0 1 1 1 0 0 0 1 0 0 1 0 1 1 0 1 1 1 1 0 1 0 0 0 0 1 1 0 1 1 0 1 0 1 1 1 0 0 0 1 1 1 0 0 0 0 1 0 1 0 1 1 1 0 1 0 0 1 1 1 0 1 0 1 0 1 0 1 1 0 1 1 0 0 1 0 0 0 1 0 1 1 0 0 1 0 0 0 1 1 1 1 0 1 1 0 0 1 1 52
1 0 0 0 1 0 1 0 0 0 1 0 0 0 0 1 1 0 1 1 1 0 1 1 1 1 0 1 0 1 0 0 0 1 0 1 0 1 1 0 1 1 1 1 1 0 1 1 0 1 0 0 1 0 0 0 0 1 0 1 1 1 1 0 0 1 0 1 0 1 1 1 1 1 1 0 1 0 1 0 0 1 1 0 1 1 1 0 0 0 0 0 0 0 1 0 0 1 0 1 51
1 0 0 1 0 0 0 1 0 0 0 0 1 1 0 0 1 1 1 0 0 0 0 0 1 0 1 0 0 1 0 0 0 0 1 1 0 0 1 1 0 0 0 0 1 0 1 0 0 1 1 1 1 0 1 1 0 0 1 1 0 0 0 0 1 0 1 0 1 0 1 0 1 0 1 0 0 1 0 0 0 1 0 0 1 0 1 0 1 1 1 1 0 1 1 1 1 0 0 0 43
1 1 0 1 0 0 0 1 0 1 0 0 1 1 0 0 1 1 0 1 1 0 0 0 0 0 1 1 0 0 1 0 0 1 1 1 0 0 0 1 1 0 1 0 0 0 0 0 1 0 0 0 1 1 1 1 0 1 0 0 0 0 0 0 1 0 0 0 1 0 0 0 1 0 1 1 1 1 0 1 1 1 1 0 0 0 1 0 1 0 1 1 0 0 0 0 1 1 0 1 44
0 0 0 1 0 0 1 1 1 0 1 0 1 0 1 0 0 1 1 1 1 0 0 1 1 1 0 1 0 1 0 1 0 0 1 0 1 1 1 0 1 1 0 1 1 0 0 1 0 0 0 0 0 1 1 1 0 0 1 0 0 1 1 0 0 0 1 1 1 0 0 0 1 0 0 1 1 1 1 0 1 1 1 0 1 0 0 0 1 1 1 1 0 0 0 0 1 0 0 0 49
1 0 0 1 0 1 1 1 0 1 1 1 0 0 1 0 1 0 1 0 1 1 1 0 0 0 1 0 0 0 0 1 0 0 1 0 1 1 0 1 1 0 0 0 0 0 1 0 0 0 1 1 1 0 1 1 1 1 0 1 0 1 1 1 1 1 0 0 0 1 1 0 1 1 0 1 1 1 0 0 1 0 0 1 1 0 0 1 0 0 1 1 0 0 1 1 1 1 1 1 54
0 0 0 0 0 0 1 0 1 1 1 0 1 0 0 0 1 1 1 1 0 0 1 0 0 0 0 1 1 0 0 0 1 1 0 0 0 1 0 0 0 0 1 1 1 1 0 1 1 0 0 1 0 0 0 1 0 1 1 1 0 0 1 1 0 0 0 1 0 0 0 0 1 0 0 1 1 1 1 1 0 0 0 0 1 1 0 1 0 0 1 0 1 1 1 1 0 0 1 1 45
1 0 1 1 1 0 0 1 0 1 1 0 1 1 1 0 0 1 0 0 0 1 0 1 1 0 1 1 0 0 1 0 1 1 0 0 1 0 1 1 0 0 0 1 1 1 0 0 0 0 1 0 0 1 1 0 0 1 0 1 1 0 0 1 1 1 0 1 1 1 0 1 0 1 1 1 1 1 1 0 0 1 1 1 1 0 0 1 0 0 0 0 1 1 0 1 1 1 0 1 55
0 0 0 0 1 0 0 1 1 0 0 0 0 1 1 0 1 0 1 0 1 0 1 0 1 0 0 0 1 1 1 1 0 1 0 0 0 1 1 1 0 0 0 0 0 0 0 1 0 1 0 0 0 1 0 1 0 0 0 1 1 1 0 0 0 0 1 1 1 1 1 1 0 0 0 0 0 1 1 0 0 1 0 0 0 1 0 0 1 0 1 1 1 0 0 1 0 0 1 0 41
1 0 1 0 1 1 1 1 1 1 0 0 0 0 0 0 0 0 0 0 1 1 1 0 0 0 1 1 0 1 0 0 1 1 1 1 0 0 1 0 1 0 0 0 1 0 0 1 0 0 1 1 1 0 0 0 0 1 0 1 0 1 0 1 0 0 1 0 1 1 1 1 0 1 1 1 0 0 1 1 1 1 1 0 1 0 1 0 0 1 1 1 1 0 1 0 0 0 1 1 51
0 1 0 1 1 0 1 1 0 0 0 0 0 0 1 0 0 1 0 1 0 0 1 0 0 1 0 1 0 0 1 1 1 1 1 1 1 0 1 0 0 0 1 0 0 1 1 0 0 0 1 0 1 1 1 0 0 1 1 0 0 1 1 1 1 1 1 1 0 1 0 1 0 0 1 0 1 1 1 1 0 0 1 1 0 0 1 1 1 1 0 0 1 0 1 1 1 0 0 0 52
0 1 0 0 1 1 0 1 1 0 0 0 0 0 1 1 0 1 1 1 1 0 1 0 0 0 1 0 0 0 0 0 0 1 0 0 1 0 1 1 1 1 1 0 1 1 0 1 0 1 0 1 0 0 1 0 0 0 0 0 1 1 0 1 0 1 1 1 0 0 1 0 0 1 1 0 1 1 0 1 1 0 0 1 0 0 0 0 1 0 0 1 0 0 1 1 1 1 1 1 48
1 1 0 1 1 0 0 0 1 0 0 1 0 0 0 0 0 1 0 0 0 0 0 1 1 0 1 1 1 0 1 0 0 1 1 0 1 0 1 1 1 1 0 1 0 0 0 0 0 1 0 1 1 0 0 1 0 0 1 0 0 0 1 0 0 0 0 0 1 1 1 1 1 0 1 0 1 1 0 1 1 1 0 1 0 0 1 1 1 0 0 0 1 1 1 1 0 0 1 0 47
0 1 1 1 1 0 0 0 0 0 0 1 0 0 1 0 1 0 0 1 1 1 1 1 1 0 1 1 0 1 0 1 1 0 0 1 1 1 1 0 0 0 1 1 1 1 1 1 1 1 1 0 0 1 1 1 1 1 1 1 1 1 1 0 1 1 1 1 0 0 1 1 1 0 0 0 0 0 1 1 0 0 0 0 0 1 0 1 0 1 0 1 1 0 1 0 1 1 0 0 58
0 1 1 0 1 0 1 1 0 0 0 0 1 0 1 1 1 0 0 1 0 1 0 0 0 1 0 0 0 1 1 0 0 0 1 1 1 1 1 0 1 0 0 1 0 1 1 0 1 1 1 0 0 1 0 1 0 1 1 0 1 0 0 1 1 0 0 0 0 0 0 1 0 1 0 1 0 0 1 1 0 0 1 1 0 0 1 1 1 1 0 1 1 0 0 1 1 1 0 0 49
1 1 0 0 1 0 1 1 0 1 0 0 0 1 0 0 0 0 0 0 0 1 1 1 0 1 1 0 0 0 0 1 0 0 1 0 1 0 1 1 1 0 0 1 1 0 0 0 0 1 0 0 0 1 1 1 0 0 1 0 1 1 0 0 0 0 1 1 0 1 0 1 0 0 1 0 0 0 1 0 0 0 1 1 0 0 0 1 0 1 1 1 0 0 1 1 1 0 0 0 42
0 1 0 1 0 1 1 0 0 1 1 0 0 0 0 0 1 0 0 0 1 0 1 1 0 1 1 0 0 0 0 1 0 1 0 0 1 0 0 0 0 1 0 1 1 1 0 0 0 0 0 0 0 0 1 0 1 0 0 1 1 1 1 1 0 1 0 1 0 0 0 1 1 0 0 1 0 1 0 0 1 1 0 1 1 0 0 0 0 0 0 1 1 1 0 1 0 0 1 1 42
0 1 1 1 1 0 0 1 0 0 0 1 0 1 1 0 1 1 0 0 1 0 0 1 0 0 0 1 1 0 1 1 1 0 0 0 1 0 0 1 0 1 0 0 1 0 1 0 0 0 1 0 1 0 1 1 1 1 0 0 1 1 0 1 0 1 0 1 1 1 0 1 1 0 0 0 1 0 0 0 1 1 0 0 0 0 1 1 1 0 1 0 1 1 0 1 0 0 0 0 47
0 1 1 0 1 0 0 0 1 1 0 0 0 0 0 1 0 1 1 0 1 1 0 0 1 1 1 1 1 0 1 1 0 1 1 0 1 1 1 0 1 0 1 1 0 1 0 1 1 0 0 0 0 1 0 0 0 1 1 0 1 1 0 1 1 0 1 0 0 0 0 0 0 1 1 1 1 0 0 0 0 0 1 1 1 0 0 1 0 1 1 1 0 0 1 0 1 0 1 0 50
0 0 0 0 1 1 1 0 1 0 0 1 0 0 1 1 0 1 0 0 1 0 1 1 1 0 0 0 1 1 0 0 0 0 1 1 0 1 1 1 1 1 0 0 0 1 1 0 1 0 1 0 1 1 0 0 1 0 1 0 0 1 0 0 0 1 0 1 0 1 0 0 0 1 1 0 1 0 0 1 0 1 1 0 1 0 0 1 1 0 0 0 0 0 1 0 1 0 1 0 45
1 0 1 0 1 0 1 1 0 1 0 0 0 1 1 0 1 1 1 0 1 1 1 1 0 0 0 0 0 1 0 1 1 1 0 1 0 0 1 1 1 0 0 1 1 1 1 1 0 1 0 1 1 1 1 0 1 0 0 1 0 0 1 0 0 0 0 0 1 0 0 0 0 1 0 0 1 0 1 0 1 1 0 1 0 1 1 1 0 1 0 1 0 1 0 0 1 1 0 0 51
1 0 1 0 0 1 1 1 0 1 0 0 0 1 0 1 0 0 0 1 1 0 0 0 1 1 0 0 1 0 0 0 1 0 0 0 1 0 0 1 0 1 1 1 1 0 1 0 0 1 0 1 1 1 0 0 0 1 1 1 0 0 0 1 1 1 0 0 0 1 1 1 0 1 1 1 1 0 1 0 0 0 1 1 0 1 1 1 0 0 1 1 1 0 0 1 1 1 1 1 52
0 1 1 0 0 1 0 0 0 0 1 1 1 1 0 1 0 1 0 1 0 0 1 0 0 0 1 0 0 1 1 0 1 0 0 0 1 1 0 0 1 1 1 0 1 0 1 1 0 0 1 0 0 0 0 0 0 0 0 0 1 1 0 0 0 1 0 0 1 0 1 1 1 0 1 1 1 0 0 0 1 1 1 0 1 1 0 0 0 1 1 0 0 1 0 0 0 1 1 0 44
1 1 0 1 0 1 1 0 1 1 1 0 0 0 1 0 1 1 1 1 0 1 1 0 1 0 0 0 0 1 0 1 1 0 0 0 1 1 0 0 0 0 1 0 0 1 1 0 1 1 1 1 0 0 0 0 0 0 0 0 1 1 0 1 1 0 1 1 1 1 0 1 0 0 1 1 0 1 1 1 0 0 0 0 0 1 0 0 1 1 1 0 1 1 1 0 0 1 1 0 51
1 0 0 0 0 1 0 1 0 0 1 0 1 0 0 1 0 1 0 1 1 0 0 0 0 1 1 1 1 1 0 1 0 0 0 0 1 0 0 1 1 1 1 0 1 0 0 0 1 1 0 1 0 1 0 0 1 0 1 0 1 1 1 1 1 0 0 0 0 1 1 0 0 0 1 1 0 0 1 1 1 0 0 1 1 1 0 0 1 0 0 0 0 1 1 0 0 1 1 1 48
1 0 0 0 0 1 1 1 0 0 1 0 0 1 0 0 1 0 0 0 1 0 0 1 0 0 1 0 1 0 1 1 0 1 0 0 0 0 0 0 0 1 0 1 1 1 0 1 1 1 0 1 1 1 1 0 0 0 1 1 0 1 0 0 1 0 0 0 1 0 1 0 1 1 1 0 0 1 0 0 0 1 1 0 0 0 1 1 1 1 1 1 1 1 1 0 1 1 1 0 49
1 0 0 0 1 1 0 1 1 0 0 1 1 0 0 0 0 0 1 0 1 0 1 1 0 1 1 0 0 0 1 1 1 1 0 0 0 0 1 1 0 1 0 1 1 0 0 1 0 1 0 1 1 0 0 1 1 0 1 1 1 1 1 1 0 1 1 0 0 0 0 1 0 0 1 1 1 1 1 1 0 1 1 1 0 1 0 1 0 0 0 0 1 0 0 1 0 1 0 0 51
1 1 1 1 0 0 1 1 1 0 1 0 0 1 0 0 0 0 0 0 1 1 0 0 1 1 0 1 1 0 0 1 1 0 0 0 1 1 0 1 1 0 0 0 1 1 0 0 1 0 0 0 0 1 0 1 1 0 1 1 0 0 0 0 0 1 0 1 0 1 0 1 0 1 1 0 0 1 1 1 0 0 1 0 0 0 0 0 1 0 1 0 0 0 0 1 0 1 1 1 45
0 0 0 0 1 1 1 1 1 1 0 1 1 0 0 0 0 0 1 0 1 0 1 1 0 1 0 0 0 1 0 0 0 0 0 0 1 0 0 0 1 1 1 1 0 0 0 1 1 0 0 1 0 1 1 0 0 0 1 1 1 0 1 1 0 1 0 0 0 0 0 1 1 1 0 1 0 0 0 1 1 0 1 0 1 0 1 0 0 1 0 0 0 1 0 0 1 0 0 1 43
1 1 0 1 1 1 0 1 0 1 1 1 0 0 1 0 0 0 0 1 0 1 1 1 0 0 1 1 0 1 1 1 1 0 1 1 0 0 0 1 0 1 1 1 1 1 0 0 1 1 1 1 0 1 0 1 1 1 0 0 0 0 0 1 0 1 1 1 1 0 0 0 0 1 1 1 0 0 1 0 1 1 0 0 1 1 0 1 0 1 0 0 1 1 0 1 1 1 0 0 56
0 1 1 1 1 0 1 0 0 0 1 0 0 1 0 1 0 1 1 0 0 0 1 1 1 1 0 1 1 1 0 1 1 1 1 1 0 1 1 1 1 0 1 0 1 0 1 0 1 1 0 0 1 0 0 0 1 1 0 0 1 0 0 0 0 0 0 0 0 0 0 0 0 1 0 1 0 1 1 0 0 1 1 1 1 1 0 0 0 0 1 0 0 0 0 0 1 0 0 1 47
0 1 0 0 1 1 1 1 1 0 0 0 1 1 1 1 0 0 0 1 1 0 0 0 0 1 1 1 1 0 0 1 0 1 1 0 0 0 0 1 1 0 0 1 1 0 0 1 0 0 1 1 1 0 0 0 0 1 1 1 1 1 1 1 0 0 1 0 0 0 0 1 1 0 0 1 1 0 1 0 1 0 1 1 0 0 1 0 1 1 0 0 1 1 0 0 0 0 0 1 49
1 0 0 0 1 0 0 0 0 0 1 1 0 0 1 0 1 0 1 1 1 0 0 0 0 1 0 0 0 0 0 1 0 0 1 0 0 0 1 1 0 0 0 1 1 0 0 0 1 0 0 1 0 0 1 1 0 0 0 1 1 1 1 0 0 1 1 0 0 0 0 1 0 1 1 1 0 0 0 0 0 1 1 1 1 0 1 1 0 1 0 0 0 0 0 1 0 1 0 0 39
1 1 1 0 0 0 1 1 1 0 1 0 1 0 0 0 0 0 0 0 0 0 1 0 1 1 0 1 1 1 0 1 1 0 0 1 0 0 0 1 0 1 0 1 1 1 0 0 0 1 0 1 1 0 1 1 0 1 0 1 1 0 0 1 1 0 1 0 1 0 1 0 1 1 0 1 0 1 0 1 1 1 1 0 1 0 1 1 0 0 0 1 0 1 1 1 1 0 1 1 53
0 1 0 0 1 0 0 0 0 1 0 1 0 1 0 0 0 1 1 1 0 1 0 0 1 1 0 0 0 0 0 1 0 0 1 1 1 1 1 1 1 1 0 0 1 1 0 1 0 1 1 0 0 0 1 0 0 0 1 1 1 0 0 1 0 0 0 1 1 0 0 0 0 0 1 1 1 0 1 0 1 0 1 1 1 1 1 0 1 1 1 1 1 0 1 1 0 1 0 0 50
0 0 0 1 0 1 1 1 0 1 0 0 0 0 0 0 1 0 1 1 1 1 1 1 1 1 1 1 1 1 0 1 0 1 1 1 1 0 0 1 1 1 0 1 0 0 0 0 1 0 1 1 0 1 0 0 0 0 1 1 1 0 1 0 0 0 0 1 1 0 1 0 0 1 0 0 1 1 0 1 0 1 1 0 0 1 1 1 0 1 0 0 0 0 1 1 0 0 0 0 50
0 1 1 1 0 0 0 0 1 1 1 0 0 1 1 0 0 0 1 0 0 0 0 1 0 1 0 0 0 1 0 1 1 0 0 1 1 0 1 1 0 1 1 1 1 0 1 0 0 1 1 1 0 0 1 0 1 0 1 1 1 1 1 0 0 1 0 1 0 0 1 1 1 0 1 1 0 0 1 0 1 0 1 0 1 1 1 1 1 1 1 0 1 1 0 0 0 0 1 1 54
0 0 0 0 1 0 1 0 1 1 1 1 0 1 1 1 0 0 0 1 0 1 1 1 1 1 0 1 1 0 0 0 1 1 0 0 0 1 0 1 0 0 1 0 1 1 1 1 0 1 1 1 0 1 1 0 1 1 0 1 0 0 1 1 1 1 0 1 0 1 1 0 0 1 1 1 0 1 0 0 0 1 0 1 1 0 0 1 0 1 1 0 1 1 1 0 0 0 1 0 55
0 0 0 1 0 1 0 1 0 1 0 1 0 0 0 1 0 0 0 0 1 1 1 1 0 1 1 0 1 0 1 1 0 0 1 0 0 1 0 0 0 1 1 0 0 0 0 1 0 1 1 0 1 1 1 0 1 1 0 1 0 1 0 0 0 0 0 0 0 1 1 1 0 1 0 0 1 0 0 1 0 1 0 0 0 0 0 0 0 1 1 0 1 0 0 0 1 0 1 0 41
1 1 1 0 0 0 1 1 0 0 1 1 0 0 1 0 1 0 0 1 1 1 0 0 1 0 1 0 0 0 1 0 0 0 1 0 0 0 1 1 0 0 0 1 1 1 1 0 0 0 0 0 1 1 1 1 1 0 1 0 1 0 0 1 1 1 0 0 1 1 0 1 1 1 0 0 1 0 0 1 1 0 1 1 1 0 1 1 0 0 0 1 0 0 0 0 1 0 1 1 49
1 1 1 1 0 1 1 1 1 1 1 0 0 1 1 0 1 1 0 0 0 1 0 0 1 1 1 1 0 0 0 0 0 1 1 0 0 0 1 1 1 1 1 0 0 0 1 0 1 0 1 1 1 0 1 0 1 1 1 0 0 1 1 1 1 1 0 1 1 1 1 0 0 0 0 1 0 1 0 1 1 0 0 0 1 0 1 0 1 1 1 1 0 0 0 1 0 1 0 0 56
0 0 1 1 1 1 1 0 1 0 0 1 1 0 0 1 1 1 0 0 0 0 1 1 0 0 0 0 0 0 1 0 1 1 0 0 1 1 0 0 0 0 0 1 0 0 1 0 0 1 0 0 1 0 1 1 0 0 1 1 0 0 1 1 0 1 1 1 1 1 0 0 1 1 1 1 0 0 1 0 0 0 0 1 1 0 0 0 1 0 1 1 1 0 0 0 0 0 0 0 44
1 1 1 0 1 0 0 0 0 1 1 1 0 0 0 1 1 0 1 0 0 0 0 1 0 0 0 0 1 1 1 0 1 0 0 1 0 0 1 1 0 0 1 0 1 0 0 1 1 0 0 0 1 0 1 0 1 0 1 0 0 0 1 0 1 1 0 0 0 0 1 0 1 1 1 1 1 0 1 0 1 1 0 0 0 0 1 0 1 1 0 1 1 0 1 1 0 0 0 0 45
0 1 0 0 0 0 1 0 0 0 0 1 0 0 1 1 1 0 0 0 1 0 1 0 0 0 1 1 0 0 1 1 1 1 1 1 0 0 1 1 1 0 0 0 0 0 1 1 1 0 0 0 0 1 0 1 1 1 1 0 0 0 0 0 0 0 1 1 0 1 0 0 0 0 0 0 1 0 1 1 0 1 1 0 0 1 1 0 1 1 0 0 0 1 0 0 0 0 0 1 41
1 1 0 1 0 0 1 1 1 1 1 0 0 0 1 0 1 1 1 1 0 1 0 1 1 0 0 0 1 1 1 1 0 0 1 1 1 1 1 1 1 1 1 0 1 1 1 0 1 1 0 1 1 1 0 1 1 0 0 1 0 0 0 0 0 0 1 0 1 1 0 0 0 0 1 1 1 1 1 1 0 1 0 0 1 1 0 0 1 0 1 1 0 0 1 1 1 0 1 0 59
0 1 0 0 0 1 1 1 1 0 0 0 1 1 0 1 0 0 0 0 0 1 0 1 0 0 1 0 0 0 0 1 0 0 0 1 1 0 0 1 1 0 1 0 0 0 0 0 0 0 1 1 1 0 1 1 0 1 0 1 1 0 0 1 1 1 1 0 1 1 0 0 1 1 1 1 0 1 0 1 1 1 1 0 1 1 1 0 1 1 1 0 0 0 0 0 1 0 1 1 49
1 1 0 1 1 1 1 0 0 1 1 1 0 1 0 0 0 0 1 1 1 0 1 0 0 1 0 0 1 0 1 0 0 0 0 0 0 0 1 1 0 1 0 0 1 0 1 1 1 0 1 1 0 1 1 1 1 0 1 1 0 1 0 0 0 1 0 0 1 1 1 0 0 1 0 1 1 1 0 0 1 1 1 1 1 0 1 1 1 1 1 1 1 0 0 0 0 0 1 1 55
1 0 0 0 1 1 0 0 1 1 1 0 1 1 1 0 1 0 0 0 0 1 1 1 1 0 1 1 0 0 1 1 1 1 0 1 0 0 0 0 0 1 0 1 1 0 0 0 0 0 0 1 0 1 0 0 1 1 0 0 1 1 1 0 1 1 0 0 0 1 1 0 0 0 0 0 0 0 0 0 0 1 0 1 0 1 1 1 1 0 0 0 1 0 0 0 0 1 0 1 44
0 0 0 0 0 0 1 1 1 0 0 0 0 1 0 0 1 1 0 1 1 0 0 1 1 1 0 1 0 0 1 1 0 0 0 1 0 0 1 0 1 1 1 0 1 1 1 1 0 0 0 0 1 1 1 0 1 0 1 1 1 0 0 1 0 1 0 0 0 0 1 1 0 1 0 1 1 0 0 0 1 1 1 0 1 1 0 0 0 0 1 1 0 0 0 1 1 1 0 1 48
0 0 0 1 1 1 0 0 1 1 1 1 0 0 0 1 0 1 1 1 0 0 1 1 1 1 1 1 1 1 1 0 1 1 1 0 0 1 1 0 0 0 1 1 0 0 1 0 0 1 1 1 0 1 0 0 1 1 0 0 1 0 1 0 1 1 0 1 0 1 0 0 1 0 0 1 1 0 1 0 1 1 0 0 1 0 1 0 0 1 0 0 0 1 1 0 1 1 1 0 54
0 1 0 1 0 0 1 1 1 0 0 0 0 1 0 1 0 1 1 0 1 0 1 1 0 1 0 0 1 1 1 0 1 0 1 1 1 1 0 0 0 1 0 1 1 0 0 1 0 0 1 1 1 0 1 0 0 1 1 0 0 0 0 1 1 1 1 1 0 0 1 0 0 1 1 1 1 0 0 1 0 0 1 1 1 0 0 1 1 0 1 0 1 0 0 0 0 0 1 1 51
1 1 0 1 0 1 1 0 1 0 0 1 1 0 1 0 1 1 1 0 1 1 1 0 0 0 0 1 1 0 0 1 1 1 0 0 1 0 0 0 0 0 0 0 1 0 0 1 1 0 0 0 1 1 0 0 1 0 1 1 1 0 0 0 1 1 0 0 1 0 0 1 0 1 0 0 1 0 0 1 1 1 0 1 0 1 0 1 0 1 0 0 0 1 1 0 0 1 0 0 46
0 1 1 1 1 1 0 0 1 1 0 1 0 0 1 0 0 1 1 0 1 0 1 0 1 1 1 0 0 1 1 1 1 1 1 0 1 0 1 1 1 0 1 1 1 0 1 0 1 1 1 1 0 0 0 1 0 0 0 0 1 0 0 0 1 1 1 1 1 0 1 1 1 0 1 1 1 0 0 0 1 0 1 1 1 0 0 1 1 1 1 0 1 1 0 0 1 1 0 0 59
1 0 1 0 1 1 0 0 1 0 1 1 1 0 1 1 0 1 1 0 1 0 0 0 0 1 0 1 1 0 0 0 0 1 0 0 1 0 1 1 1 0 0 0 1 1 1 1 0 0 1 1 1 1 0 0 0 1 0 1 1 0 1 0 1 1 1 1 1 1 1 1 0 0 1 0 1 1 0 0 1 1 0 1 0 0 0 1 0 1 0 1 1 1 0 1 0 1 1 0 55
1 0 0 0 1 0 1 1 0 1 0 1 0 0 0 0 0 0 0 1 0 0 0 1 0 1 0 0 0 1 1 0 0 0 1 0 0 1 0 1 0 0 1 1 0 1 0 1 1 1 1 0 0 0 1 1 0 1 1 1 1 0 0 0 1 0 1 1 1 0 0 1 1 0 1 1 1 0 1 1 1 1 1 0 1 0 0 0 0 0 1 0 1 0 1 1 0 1 0 1 48
1 1 1 0 0 0 0 1 0 0 1 1 1 0 1 0 1 1 0 0 0 1 1 1 0 0 1 0 1 0 0 1 0 0 0 1 1 0 0 0 1 1 0 1 1 1 1 1 1 0 1 1 0 0 1 0 0 0 0 1 1 1 1 1 0 0 1 1 0 0 1 0 0 0 0 0 1 0 0 1 1 0 1 0 0 1 1 1 1 0 1 1 1 1 0 0 1 1 0 0 51
0 1 0 1 1 0 1 0 1 1 0 0 1 0 1 1 1 0 1 1 1 1 0 0 1 1 1 0 0 1 1 0 1 1 1 0 1 1 1 1 0 0 1 0 0 1 1 0 0 1 0 0 0 1 0 0 1 0 1 0 0 0 1 1 1 0 1 0 0 1 1 0 1 0 1 1 1 1 1 1 0 0 1 1 0 1 1 0 1 1 1 0 0 0 1 0 0 1 1 0 56
1 1 1 0 0 1 0 0 1 1 0 0 0 1 0 0 1 1 1 1 1 0 1 0 0 1 1 1 1 0 1 0 1 1 0 1 1 0 1 1 1 1 0 0 1 0 0 1 0 1 1 0 1 1 0 1 1 1 1 1 0 0 0 0 0 1 0 0 0 0 1 0 1 0 1 1 0 1 0 0 1 0 0 1 1 1 0 0 0 0 1 0 1 0 0 0 1 1 1 1 53
0 0 1 0 0 1 1 0 0 1 0 0 0 1 1 1 0 1 1 0 1 1 1 0 1 1 1 0 0 1 0 1 0 1 1 0 0 1 1 0 1 0 1 1 0 0 0 1 1 1 1 0 0 0 1 0 0 0 0 0 1 0 1 0 1 0 1 1 1 0 1 0 1 0 0 1 0 1 1 1 0 1 0 1 0 1 0 0 1 1 0 1 1 1 0 0 1 1 1 1 53
1 0 1 0 0 0 0 1 1 1 1 0 0 1 0 1 1 0 1 0 0 0 0 1 0 1 0 1 0 0 0 0 1 0 1 1 0 0 1 1 1 0 1 0 0 1 0 1 1 0 1 0 0 1 1 0 0 1 1 0 1 1 0 1 0 0 0 0 1 0 1 1 0 1 1 0 1 1 1 0 1 0 1 1 0 0 0 1 1 0 0 0 1 1 1 0 1 1 0 0 49
0 1 0 1 1 1 1 1 0 1 0 1 0 0 0 1 1 1 1 1 1 0 1 1 1 0 1 1 1 0 0 1 0 0 0 1 0 0 0 1 1 0 1 1 1 1 1 0 1 1 0 1 0 0 0 0 0 1 1 1 1 1 1 1 0 0 1 1 0 0 1 0 0 0 1 1 0 0 0 0 0 0 0 1 0 0 0 0 0 1 0 0 0 1 1 0 1 0 0 0 49
0 1 1 1 1 1 1 0 0 0 1 1 0 0 1 0 0 1 0 1 1 0 1 1 0 0 0 0 1 1 0 0 0 0 0 0 0 0 0 1 0 0 0 0 0 1 1 1 0 0 0 1 0 1 1 0 0 0 1 0 0 0 0 1 1 0 1 0 0 0 1 0 0 1 1 0 0 1 1 0 0 0 1 1 0 1 0 0 0 0 0 0 0 1 0 0 0 1 0 0 37
0 1 0 0 1 1 1 1 1 1 1 1 0 1 0 1 0 1 0 0 0 0 0 0 1 1 1 0 0 1 1 0 0 1 0 1 0 1 0 1 1 0 0 1 1 0 1 1 1 0 0 1 0 1 1 1 1 0 1 1 0 0 1 0 1 1 1 1 1 0 1 1 1 0 1 1 0 1 1 1 0 1 0 1 0 0 1 0 1 0 1 0 1 1 1 1 0 1 0 1 59
1 1 0 0 0 1 0 0 1 1 0 1 0 1 0 0 0 1 0 0 1 0 0 0 1 1 1 1 0 1 0 1 1 1 1 0 1 0 1 0 0 1 1 0 1 1 0 1 0 0 0 1 0 0 1 1 0 1 1 0 1 0 0 0 0 1 1 1 0 0 1 1 1 0 1 1 1 1 0 1 1 0 1 0 1 1 0 1 1 0 1 0 1 0 1 1 0 1 1 0 54
0 0 1 0 1 0 0 0 0 0 1 1 1 1 0 0 0 1 0 0 0 0 0 0 0 1 1 0 0 0 1 1 0 1 1 0 0 0 0 0 1 1 1 0 0 1 0 0 1 0 1 1 0 1 1 1 0 1 0 1 1 1 1 0 1 1 1 0 1 1 1 1 1 1 0 0 0 0 0 0 1 1 1 0 0 1 0 1 1 0 0 0 1 0 0 1 0 0 1 0 46
0 1 1 0 1 1 0 1 1 1 1 1 1 1 0 1 1 1 1 0 0 0 0 0 1 0 0 1 1 1 0 0 0 0 1 1 0 1 0 1 1 0 0 1 1 1 1 0 1 1 0 1 1 0 0 1 0 0 0 0 1 0 1 1 1 1 0 0 1 1 0 0 1 0 0 1 0 0 1 1 0 1 1 0 1 1 0 1 0 0 0 1 0 1 0 0 0 0 0 0 51
94 109 100 98 109 103 108 99 95 112 97 102 92 98 106 93 96 91 100 100 96 91 97 110 97 105 108 104 90 106 93 103 94 98 93 99 100 91 110 107 103 97 94 89 111 94 99 115 87 91 99 101 86 101 103 88 102 100 105 97 103 94 96 97 95 110 94 106 110 90 109 97 97 98 114 110 99 104 93 91 100 107 112 98 109 101 98 93 100 110 104 100 102 107 101 111 94 99 100 91 10000
