0 0 0 1 0 0 0 0 0 0 1
1 0 0 0 0 0 0 1 0 1 3
1 0 0 1 0 0 0 0 0 0 2
0 1 0 1 1 0 0 0 0 0 3
1 1 0 0 1 1 0 0 0 1 5
0 0 0 0 1 0 0 0 0 0 1
0 0 0 0 1 0 0 0 0 0 1
1 0 0 0 1 0 0 0 0 0 2
0 0 0 0 0 0 1 0 0 0 1
1 0 0 1 0 0 0 1 0 0 3
1 0 0 0 0 0 0 0 0 0 1
1 0 0 1 0 0 0 0 0 0 2
1 0 0 1 0 0 0 0 0 0 2
0 1 0 0 0 0 0 0 0 0 1
0 1 0 0 0 0 0 0 0 0 1
1 1 0 0 1 0 0 0 0 0 3
0 0 0 1 1 0 0 0 0 0 2
1 0 0 0 0 0 0 0 0 0 1
1 0 0 0 0 1 1 0 0 0 3
1 0 0 1 0 1 0 0 0 0 3
1 0 0 1 0 0 0 0 0 0 2
0 0 0 0 0 1 0 0 0 0 1
0 0 0 0 0 0 1 0 0 0 1
1 1 0 1 0 0 0 1 0 0 4
0 0 0 1 1 0 0 0 0 1 3
0 0 0 1 0 0 0 0 0 0 1
0 1 0 0 1 0 0 1 1 0 4
0 0 0 1 0 0 0 0 0 0 1
0 1 0 1 0 0 0 0 0 0 2
1 0 0 1 0 0 0 0 0 0 2
0 0 0 0 1 1 0 0 0 0 2
1 0 0 1 0 0 0 0 0 0 2
1 0 0 1 0 0 0 0 0 0 2
1 0 0 1 1 0 0 0 0 0 3
0 0 0 0 1 0 0 0 0 0 1
0 0 0 0 1 0 0 0 0 0 1
0 1 0 1 1 0 0 1 0 0 4
1 0 0 1 0 0 0 0 0 0 2
0 0 0 0 0 0 0 0 1 0 1
1 0 1 1 0 0 0 1 0 0 4
0 0 1 0 0 0 0 0 0 0 1
0 0 0 0 0 1 0 0 0 0 1
0 0 0 0 0 0 1 0 0 0 1
0 0 0 0 1 0 0 0 0 0 1
1 1 0 1 0 0 0 0 0 0 3
0 0 0 1 0 0 0 0 0 0 1
0 1 0 1 0 0 0 0 0 0 2
0 0 0 0 0 0 0 0 1 0 1
0 0 0 1 1 0 0 1 0 0 3
1 0 0 0 0 0 0 0 0 0 1
1 0 0 1 1 0 0 0 0 0 3
0 0 0 1 0 0 0 0 1 0 2
0 0 0 1 0 0 0 0 0 0 1
0 0 0 0 0 0 0 0 1 0 1
0 1 0 1 1 1 0 0 1 0 5
1 0 0 1 0 0 0 0 0 0 2
1 0 0 0 1 0 0 0 0 0 2
1 0 0 1 0 0 0 0 0 0 2
0 0 0 0 1 0 0 0 0 0 1
0 0 0 0 0 0 0 0 0 1 1
1 0 0 0 1 0 0 1 0 0 3
0 0 0 0 0 1 0 0 0 0 1
0 1 0 1 1 0 0 0 0 0 3
0 1 0 0 1 0 0 1 0 0 3
1 1 0 0 0 0 0 0 0 0 2
0 0 0 0 1 0 0 0 0 0 1
0 0 0 1 0 0 0 0 0 0 1
0 1 0 1 1 0 0 0 0 0 3
0 0 0 0 0 0 1 0 0 0 1
1 0 0 1 0 0 0 1 0 0 3
0 1 0 1 0 0 0 0 0 0 2
0 0 0 0 1 0 0 1 0 0 2
0 0 0 1 0 0 0 0 0 0 1
1 0 0 1 0 0 0 0 0 0 2
0 0 0 1 1 0 0 0 0 0 2
0 1 0 0 1 0 0 0 0 0 2
1 0 0 0 1 0 0 0 0 0 2
1 0 0 1 1 0 0 0 0 0 3
1 0 0 0 1 1 0 0 0 0 3
1 1 0 1 0 0 0 0 0 0 3
1 0 0 0 0 0 0 0 0 0 1
0 0 0 1 0 0 0 0 0 0 1
1 0 0 1 1 0 0 0 0 0 3
0 0 0 0 1 0 0 1 0 0 2
1 1 0 0 0 0 0 0 0 0 2
0 0 0 0 0 0 1 0 0 0 1
0 0 0 1 0 0 0 0 0 0 1
1 0 0 0 0 0 0 0 1 0 2
1 0 0 1 1 0 0 0 0 0 3
1 0 0 0 1 0 0 1 0 0 3
0 0 0 0 1 0 0 0 0 0 1
1 0 0 0 0 0 0 0 0 0 1
1 0 0 1 1 0 0 0 0 0 3
1 1 0 1 0 0 0 0 0 0 3
0 0 0 0 1 0 0 0 0 0 1
1 0 0 1 0 0 0 0 0 0 2
0 0 0 1 0 0 0 1 0 0 2
0 0 0 1 0 0 0 0 1 0 2
0 0 0 0 1 0 0 0 0 0 1
1 0 0 1 1 0 0 0 0 0 3
45 21 2 51 40 9 6 14 8 4 200
