0 1 1 1 0 1 1 0 0 0 1 1 0 1 1 1 1 0 0 1 1 1 1 0 1 0 0 0 1 0 0 1 0 0 0 1 1 1 1 0 0 1 0 0 1 0 0 0 0 1 25
1 1 0 1 0 1 0 0 0 0 1 1 1 0 0 0 1 0 1 0 1 1 0 0 1 0 0 0 1 1 1 0 1 0 0 1 1 1 0 0 0 0 0 0 1 0 1 0 0 1 22
0 0 1 1 1 0 1 0 1 0 1 1 0 0 1 0 1 0 1 1 1 1 1 1 0 0 1 0 1 0 1 0 0 0 0 1 1 1 0 1 0 1 1 1 1 0 0 0 0 0 26
0 1 0 1 1 1 0 1 1 1 1 1 0 0 0 0 0 0 1 1 1 0 0 0 1 0 1 0 1 0 0 1 0 1 0 1 1 0 1 0 0 1 1 0 1 0 0 0 1 0 24
1 1 0 1 1 1 0 0 0 1 1 1 0 1 0 0 1 0 1 1 1 1 0 0 1 0 1 0 1 1 0 1 1 1 0 1 1 1 1 0 0 0 0 1 0 1 0 0 1 0 28
1 1 0 1 1 0 0 1 1 0 0 1 0 0 1 1 1 0 0 1 0 0 1 0 1 0 0 1 1 1 0 0 1 1 0 1 1 1 1 0 0 0 1 0 0 0 0 0 0 0 23
1 1 0 1 0 1 0 1 1 0 1 1 1 1 0 1 1 0 0 1 1 0 1 0 0 0 0 0 1 0 1 1 0 1 0 1 1 1 0 0 0 1 0 1 0 0 0 0 1 1 26
1 1 0 1 1 0 0 0 0 1 0 0 0 1 0 1 1 0 1 0 0 0 1 0 0 1 1 0 1 1 1 1 0 0 0 1 0 1 0 0 0 0 0 1 1 0 1 0 0 0 21
1 1 1 1 1 0 0 0 0 1 0 1 0 0 1 0 1 0 1 1 0 0 0 0 1 0 1 0 1 0 0 1 1 1 1 1 1 1 1 0 0 0 0 1 0 0 0 0 0 0 23
1 1 0 1 1 1 0 0 1 0 0 1 0 0 0 1 1 0 1 1 1 0 1 0 1 0 1 0 1 0 0 0 0 1 0 0 1 1 0 0 0 1 0 1 0 0 0 0 0 0 21
1 1 1 1 1 1 0 1 1 1 0 0 1 1 1 1 1 1 1 1 1 1 1 0 1 0 0 0 1 0 1 1 0 1 0 0 0 1 0 0 0 1 0 0 1 0 0 0 0 0 28
0 0 0 1 1 0 0 0 1 1 1 0 1 0 1 0 1 0 1 1 1 1 1 0 1 0 1 0 1 0 1 1 0 0 0 0 1 1 0 0 1 1 0 1 1 0 0 1 0 1 26
1 1 1 1 1 1 1 0 1 1 0 1 0 1 0 1 1 0 1 1 1 1 1 0 0 0 1 1 1 0 0 0 1 0 0 1 0 1 0 0 0 1 0 1 0 1 0 0 1 0 28
1 1 0 1 0 1 1 1 1 1 0 1 1 1 0 0 1 1 1 0 1 1 1 0 0 0 0 0 1 1 1 1 1 0 0 0 1 1 0 1 0 1 0 0 0 0 0 0 1 0 27
0 1 1 1 1 1 0 0 0 1 1 0 0 0 0 0 1 0 1 1 0 1 1 0 0 0 0 0 1 1 0 1 0 0 0 0 1 1 0 1 0 0 0 1 1 0 0 0 0 0 20
0 1 0 1 1 0 0 0 1 0 0 0 0 1 1 0 1 1 1 1 0 0 0 0 1 0 1 0 1 0 1 0 0 0 0 1 1 1 1 0 0 0 1 1 0 0 0 1 0 0 21
1 1 0 1 1 1 0 0 0 1 1 1 0 1 1 1 1 0 1 0 1 0 1 1 0 0 1 1 1 0 1 0 1 1 1 0 1 1 0 0 0 1 0 0 1 0 0 0 0 0 27
1 1 0 1 0 0 0 0 1 0 0 1 0 1 0 0 1 1 1 1 0 0 1 1 0 0 1 0 1 0 1 1 1 0 0 0 1 1 0 0 0 0 0 0 0 0 0 0 0 0 19
1 1 1 1 1 1 0 1 1 1 1 1 0 0 1 1 1 0 0 0 0 0 1 0 1 0 1 1 1 0 1 1 0 0 0 1 1 1 1 0 0 1 0 0 1 0 1 0 1 1 30
0 1 0 1 0 0 1 0 1 0 1 0 0 0 0 1 1 0 1 1 1 0 0 0 1 0 1 0 1 0 1 1 0 0 0 0 1 1 1 0 0 1 0 1 1 0 0 0 0 1 22
1 1 0 1 1 1 1 1 0 0 1 1 0 0 0 0 1 0 1 1 1 1 1 0 1 0 1 0 1 0 1 0 1 0 0 0 1 0 1 0 0 1 0 0 0 0 0 0 0 0 23
1 1 0 1 1 1 1 0 0 1 1 0 1 1 0 1 1 0 1 0 1 0 1 0 1 0 0 0 1 1 1 0 0 0 0 1 1 1 1 0 0 0 1 0 1 0 0 0 0 0 25
1 1 1 1 1 1 0 0 1 0 0 1 1 0 0 1 0 0 1 1 1 0 1 0 1 0 0 0 1 1 1 0 0 0 0 0 0 1 0 0 1 1 1 1 0 0 0 0 0 1 24
1 1 0 1 1 0 0 1 0 0 0 1 1 0 0 1 1 0 1 1 1 1 0 0 1 0 1 0 1 0 1 1 0 1 0 1 1 1 0 0 0 0 1 1 1 1 0 0 0 0 26
0 1 0 0 1 1 0 1 1 1 0 1 1 0 1 0 1 0 1 1 1 0 1 0 0 0 1 0 1 0 1 0 0 1 0 0 0 1 1 0 1 1 0 0 0 0 0 0 1 1 24
1 1 0 1 1 0 0 1 1 1 0 1 0 1 0 1 1 0 1 0 1 1 1 0 1 1 1 0 1 0 1 0 0 1 0 1 0 1 0 1 0 0 0 0 0 0 0 0 0 0 24
1 1 0 1 1 0 1 0 0 1 0 1 0 1 0 0 1 0 1 1 1 0 1 0 1 0 0 0 1 0 1 1 1 1 0 1 1 1 0 0 0 1 0 1 1 0 0 0 0 1 26
1 1 1 1 0 0 0 1 1 0 1 0 0 0 0 1 1 0 0 0 0 0 1 0 1 0 1 0 1 0 1 1 0 1 0 0 1 1 0 0 0 1 0 0 0 0 0 0 0 1 20
1 1 1 1 1 1 0 0 1 1 0 0 0 0 0 1 1 0 1 1 1 0 1 0 1 0 1 0 1 0 0 0 0 0 1 1 1 1 0 1 1 1 0 1 1 0 0 0 0 1 27
1 1 0 1 1 1 0 1 1 0 0 1 1 1 0 1 0 1 1 1 1 1 1 0 1 0 1 1 1 0 1 1 1 0 0 1 1 1 0 0 0 1 1 1 1 0 0 0 1 1 33
1 1 0 1 1 0 0 1 1 1 0 0 1 0 0 1 1 0 1 1 1 1 1 1 0 0 0 0 1 0 0 1 0 0 0 1 1 1 0 0 0 1 1 1 1 0 0 0 0 1 26
0 1 0 1 1 0 0 1 1 0 1 1 0 0 1 0 1 0 1 1 0 0 1 0 1 0 1 0 1 0 0 0 0 1 0 0 1 1 1 0 1 1 1 1 0 1 0 0 0 0 24
1 1 0 1 0 0 0 0 1 1 0 0 0 1 0 1 1 0 1 0 1 1 1 0 0 0 0 0 1 0 0 1 0 1 0 1 1 1 0 1 0 1 0 1 1 0 0 0 0 1 23
0 1 1 1 0 1 0 1 1 1 0 1 1 0 0 1 1 1 1 1 0 0 1 0 1 0 1 1 1 0 1 1 1 1 1 1 1 1 0 0 0 1 1 1 0 0 0 0 0 0 30
1 1 1 1 0 1 1 1 1 0 0 1 0 0 1 1 1 1 1 0 1 0 0 1 1 0 1 1 1 0 1 0 1 0 0 1 1 1 1 0 0 0 0 0 1 1 0 0 1 0 29
1 1 0 1 1 0 1 0 1 1 1 1 0 0 1 0 0 0 1 1 0 0 1 0 0 0 1 0 1 0 1 1 0 0 0 1 1 1 0 0 0 0 0 1 0 0 0 0 1 1 23
1 1 0 1 1 1 0 1 0 0 0 0 0 1 0 0 1 1 0 0 1 1 1 0 1 1 1 1 1 0 1 1 0 0 0 0 1 1 1 0 0 1 0 0 1 0 0 0 0 0 24
1 1 1 1 1 1 1 0 1 0 1 1 0 0 1 0 1 0 1 1 1 1 0 0 0 0 1 0 1 1 1 1 1 0 0 1 1 1 1 0 0 0 0 1 0 0 0 0 1 0 28
1 1 0 1 1 0 1 0 0 1 1 1 0 1 0 1 1 0 0 1 1 1 1 0 1 0 0 0 1 1 0 1 0 1 0 1 1 1 1 0 0 1 0 0 0 1 0 0 0 1 27
0 1 0 1 1 0 0 0 0 1 0 0 0 1 0 1 1 0 0 1 1 1 1 0 1 0 1 0 0 0 0 0 0 0 0 1 1 1 0 0 0 1 1 0 1 0 1 0 0 0 20
0 1 0 1 1 0 1 1 1 1 0 0 0 0 0 0 1 0 1 1 1 0 1 1 1 0 1 0 1 0 0 1 0 1 0 1 1 1 0 0 0 1 0 1 0 0 0 0 1 1 25
0 1 0 1 1 1 0 1 1 0 0 1 0 1 0 0 1 0 1 1 0 0 1 1 1 1 1 0 1 1 1 1 0 1 0 1 1 1 0 0 0 0 1 0 1 1 0 0 0 1 28
1 1 0 1 1 1 0 0 1 0 0 0 1 1 0 1 1 0 1 0 1 1 1 0 1 1 1 1 1 0 0 1 1 1 1 0 1 1 0 0 0 1 1 1 1 1 0 0 1 1 32
0 0 0 1 1 0 0 1 1 0 0 1 1 0 1 1 1 0 1 1 1 1 1 0 1 1 1 0 1 0 0 0 1 0 0 0 1 1 0 1 0 0 0 0 1 0 0 0 0 1 24
0 1 0 1 0 1 1 0 1 0 0 1 1 0 0 0 0 0 1 0 1 1 0 0 0 0 0 0 1 1 1 0 0 1 1 0 1 1 1 0 0 1 1 0 1 0 1 1 0 1 24
1 1 1 1 1 0 0 0 1 1 0 1 0 0 0 0 1 0 1 1 0 0 1 0 0 0 0 0 1 0 1 0 1 0 0 0 1 1 0 0 0 1 0 0 1 1 0 0 1 0 21
1 1 0 1 1 0 0 1 1 0 0 1 0 0 1 0 1 0 1 1 1 0 1 0 1 0 1 0 1 0 0 0 1 0 0 1 1 1 0 0 0 1 1 1 0 0 1 0 1 0 25
0 1 1 1 1 1 1 0 0 0 0 1 0 1 0 1 1 0 1 0 1 0 0 0 0 0 0 0 1 1 0 1 1 0 0 1 1 1 0 0 0 1 0 0 0 0 0 0 0 0 20
0 1 0 1 0 0 1 0 1 1 1 0 0 1 1 1 1 0 1 1 1 1 1 0 1 0 0 0 1 0 1 0 0 0 0 1 1 1 0 0 1 1 1 0 1 0 1 0 0 1 27
0 1 0 1 1 0 0 1 1 1 0 1 1 0 0 1 1 0 1 1 0 1 1 0 0 0 0 0 1 1 0 0 0 1 0 0 1 1 1 0 1 1 1 0 0 0 0 0 0 0 23
1 1 0 1 1 1 1 1 1 1 0 1 0 1 1 0 1 0 1 0 1 0 1 0 1 0 1 0 1 0 1 1 0 0 0 1 1 1 0 0 0 0 0 0 0 0 0 0 0 1 25
0 1 0 1 1 0 1 0 1 1 1 1 0 0 0 1 1 0 1 1 1 1 1 0 0 0 1 0 0 1 0 1 0 0 0 1 1 1 1 0 0 1 1 1 1 0 0 1 0 0 27
1 1 1 1 0 1 1 1 1 1 1 1 1 1 0 0 0 0 1 1 0 1 0 0 1 1 0 0 1 1 0 0 0 1 1 1 1 1 0 0 0 0 0 0 0 0 0 0 0 0 25
1 1 0 1 1 1 1 0 1 1 1 1 0 1 0 0 0 0 1 0 0 1 1 0 1 0 1 0 1 0 1 0 0 1 0 1 1 1 1 0 0 1 1 0 1 0 0 0 1 0 27
1 1 0 1 0 1 1 1 1 1 1 0 0 1 0 0 1 0 1 1 1 1 0 0 0 0 0 0 1 0 1 0 1 1 1 0 1 1 1 0 0 1 0 1 0 0 0 0 0 0 25
1 1 0 1 1 1 1 0 1 0 0 0 1 1 0 0 1 0 1 1 1 1 0 0 1 0 1 0 1 0 1 0 1 1 0 1 1 1 0 0 0 0 1 1 0 1 0 0 0 0 26
1 1 1 1 0 0 1 1 1 1 1 1 1 0 1 1 1 0 1 1 1 0 1 0 0 0 1 0 1 0 1 1 1 1 1 0 1 1 0 0 0 1 1 0 1 0 0 0 1 0 31
0 1 0 1 0 1 1 0 1 1 1 1 0 0 0 0 1 0 1 1 1 0 1 0 0 0 0 0 1 0 1 0 0 0 1 0 1 1 0 0 0 0 1 1 1 0 1 1 0 0 23
0 1 0 1 0 0 0 1 0 1 0 1 0 0 0 1 1 0 1 0 1 1 1 0 1 0 1 0 1 0 1 1 0 1 0 0 1 1 0 0 1 0 1 1 1 0 0 0 0 0 23
1 1 0 1 1 1 0 0 1 1 0 1 0 1 0 0 1 0 1 0 1 0 0 0 0 0 0 0 1 1 1 0 0 0 0 1 1 0 0 0 0 0 0 1 0 0 0 0 0 0 18
1 1 0 1 1 1 0 0 1 1 1 0 1 1 1 1 1 0 1 0 1 1 1 1 1 0 1 0 1 0 1 0 0 0 0 1 1 1 1 0 0 0 1 0 0 0 0 0 1 1 29
1 1 1 1 0 0 1 0 1 1 0 1 0 1 1 0 1 0 1 1 1 0 0 0 1 0 1 0 1 0 1 1 0 0 1 1 1 1 1 0 0 0 0 1 0 0 0 0 1 0 26
0 1 1 1 1 1 1 1 1 0 0 1 0 0 1 1 1 0 1 1 1 0 0 0 0 0 0 0 0 1 1 1 1 1 1 1 1 1 0 0 1 0 0 1 0 1 0 0 1 1 29
0 1 0 1 1 1 0 0 1 0 1 1 0 1 0 1 0 0 1 0 0 0 1 0 1 1 1 0 1 0 1 1 1 1 1 1 0 1 1 0 0 0 0 1 0 0 0 0 0 0 24
1 1 1 1 0 0 0 0 0 1 0 1 0 0 0 1 1 0 0 1 1 0 1 0 1 1 1 0 1 1 0 1 0 1 0 1 1 1 1 0 0 1 0 1 1 0 0 0 1 0 26
1 1 0 1 0 1 0 0 1 1 0 0 1 1 0 0 1 0 1 1 1 0 0 0 1 0 1 0 1 1 0 0 0 0 0 0 1 1 1 0 0 1 1 1 1 0 1 0 1 0 25
1 1 0 1 1 0 1 1 1 0 1 1 0 0 0 1 1 1 1 0 1 0 1 1 1 0 1 0 1 1 1 1 0 0 0 0 1 1 1 0 0 1 1 1 0 1 0 0 0 1 30
1 1 1 1 0 0 0 1 1 0 0 0 0 1 0 1 0 0 1 0 0 0 1 0 1 0 1 0 1 0 0 1 0 1 0 0 1 1 0 0 0 1 0 1 1 0 0 0 1 1 22
1 1 1 1 0 1 0 0 1 1 1 0 0 1 0 1 1 0 0 1 0 0 0 1 0 0 1 0 1 0 1 0 0 1 0 1 1 1 1 0 0 0 1 1 1 0 0 0 0 0 24
0 1 1 1 0 0 0 0 1 0 0 1 1 0 1 1 1 0 1 0 1 0 1 0 0 0 1 0 1 0 1 1 0 0 0 1 0 1 0 1 1 1 1 0 1 0 0 0 0 0 23
1 1 1 1 0 1 0 1 0 1 0 1 0 0 1 1 0 0 0 1 1 1 1 0 1 0 1 0 1 0 0 1 1 0 1 1 1 0 0 0 0 1 1 0 1 0 0 0 0 0 25
1 1 0 1 1 0 0 1 0 1 0 0 0 1 1 1 0 0 0 1 1 1 1 0 1 0 0 0 1 0 1 0 1 0 0 0 1 1 1 1 0 0 1 1 0 1 0 1 1 0 26
1 1 1 1 1 1 1 1 1 1 1 0 0 0 1 1 1 0 1 0 1 1 1 0 0 1 1 0 1 0 0 0 0 1 0 1 1 0 1 0 0 1 0 1 1 0 0 0 0 1 29
1 1 1 1 1 0 1 0 1 1 1 0 0 1 0 1 1 0 1 1 0 1 0 1 1 0 1 0 1 1 0 1 0 1 1 1 1 1 0 0 0 1 1 1 0 1 0 0 0 1 31
1 1 1 1 1 0 0 1 1 0 0 1 1 0 1 0 1 0 1 1 1 0 0 0 0 0 1 0 1 0 1 0 0 0 0 0 0 0 0 0 0 1 0 1 0 1 0 0 0 0 20
0 1 1 1 1 1 0 0 0 1 0 1 1 0 0 1 1 0 1 1 1 0 1 0 1 0 1 0 1 0 1 0 1 0 0 1 1 1 0 0 0 0 0 1 0 1 0 0 0 1 25
1 1 0 1 0 0 1 0 1 1 0 1 0 0 0 1 1 0 1 0 1 0 0 0 1 0 1 0 1 0 0 0 0 0 0 0 1 1 1 0 0 0 0 0 0 0 0 0 0 0 17
1 1 0 1 1 0 0 1 1 1 1 0 1 1 1 1 1 0 1 1 0 0 0 0 0 0 1 0 1 0 0 1 0 0 0 1 1 1 0 0 0 0 0 0 0 1 1 0 0 1 24
1 1 1 1 1 0 0 1 1 1 0 0 0 1 1 0 1 1 0 1 1 0 0 0 1 0 1 1 1 1 0 1 0 0 1 1 1 1 0 1 0 1 0 1 1 0 0 0 1 1 30
1 1 1 1 1 0 1 0 1 0 0 0 1 0 1 0 1 0 1 1 1 0 0 0 1 0 1 0 1 0 0 1 1 0 0 1 1 1 0 0 0 0 1 0 0 1 0 1 1 0 25
0 1 0 1 1 1 0 0 1 0 1 0 0 0 1 0 1 0 1 1 1 1 1 1 0 0 1 0 1 0 1 1 0 1 0 0 1 1 1 0 0 1 0 1 1 0 0 0 0 0 25
0 0 0 1 1 1 0 1 0 0 0 0 1 0 1 1 1 0 0 1 0 1 1 0 1 0 1 0 1 0 0 1 1 0 0 1 1 1 1 0 0 1 0 1 1 0 0 0 0 0 23
1 1 0 1 1 0 1 0 1 0 1 0 0 1 0 0 0 0 0 0 0 0 1 0 1 0 1 0 1 1 0 1 0 0 0 0 0 1 0 0 0 1 0 1 0 0 0 0 0 0 17
1 1 1 1 1 1 0 1 1 0 1 1 0 1 0 1 1 0 1 0 0 0 0 0 1 0 1 0 1 1 0 1 1 1 1 0 1 0 0 0 0 0 0 0 0 0 0 0 0 1 24
0 1 0 1 0 0 1 0 1 1 0 0 1 0 1 1 1 0 1 0 1 1 1 0 1 0 0 0 1 0 1 0 1 0 0 1 1 1 1 0 0 1 1 1 0 0 0 0 1 0 25
1 1 1 1 1 1 0 0 1 0 1 0 0 0 0 1 1 0 1 0 0 0 1 0 1 0 1 0 1 0 0 1 0 1 1 1 1 1 0 0 1 0 0 1 0 1 0 0 0 0 24
1 1 1 1 0 0 0 1 1 1 0 0 1 0 1 0 1 0 1 1 1 0 0 0 1 0 1 0 1 1 1 1 0 1 0 1 1 1 1 0 0 0 1 1 1 0 0 0 1 1 29
1 1 1 1 1 1 0 0 0 1 0 1 0 1 1 1 1 0 1 1 1 0 1 0 0 0 1 1 0 0 1 1 0 0 0 0 1 1 0 0 0 1 0 0 0 1 0 1 0 0 25
1 0 0 1 0 1 0 1 0 1 1 1 0 1 0 1 1 0 1 0 1 0 1 0 0 1 1 0 1 0 1 1 1 0 0 1 1 0 0 0 0 1 1 1 1 1 0 0 0 0 26
0 1 1 1 1 1 1 1 1 1 0 1 0 1 0 1 1 0 1 0 1 0 1 0 1 0 1 0 1 0 1 0 1 1 0 1 1 1 0 0 0 1 1 0 1 0 0 0 1 1 30
1 1 1 1 1 1 0 0 1 0 0 1 0 0 1 0 1 0 1 1 1 0 0 0 1 0 1 0 1 0 0 0 0 0 0 0 1 1 1 0 0 1 0 0 1 1 0 0 1 0 23
0 1 0 1 0 1 0 1 0 0 0 1 0 0 0 1 1 0 1 1 1 1 1 0 1 0 1 0 1 1 1 1 0 1 0 1 1 1 0 1 0 0 0 1 0 1 1 0 0 1 27
1 1 0 1 0 1 1 1 1 1 0 1 0 1 0 1 1 0 1 1 1 1 1 0 0 0 1 0 1 0 1 0 0 0 0 0 1 1 1 0 0 1 1 1 0 0 1 1 0 0 28
1 1 0 1 1 0 0 0 1 0 0 1 0 0 0 1 1 0 0 1 0 1 1 1 0 0 0 0 1 0 1 0 0 0 0 1 1 1 0 0 0 1 1 0 1 0 0 1 0 1 22
1 1 0 0 1 0 1 0 1 0 0 0 1 1 0 0 1 0 0 1 1 0 0 1 1 0 1 0 1 1 0 1 1 1 0 1 1 1 0 0 1 1 0 1 1 1 0 1 1 0 28
0 0 0 1 0 1 0 1 1 1 0 1 0 1 0 0 1 0 0 0 1 0 0 0 1 1 0 0 1 0 0 1 0 1 0 0 1 1 0 0 0 1 0 0 0 0 0 0 0 1 18
1 0 1 1 0 1 0 0 1 1 0 1 0 1 0 1 1 0 1 0 0 1 1 0 1 0 1 0 1 0 0 1 1 1 0 1 1 1 1 0 0 1 1 1 1 1 0 0 0 1 29
0 1 0 1 1 1 0 1 1 0 1 0 0 0 0 0 0 0 1 1 1 0 0 1 0 1 1 0 1 0 1 0 0 0 0 1 1 1 1 0 0 1 0 0 1 0 1 0 0 1 23
0 1 1 1 0 0 0 1 0 0 1 1 0 0 0 0 1 0 1 1 1 1 1 0 1 0 0 0 1 0 1 0 0 1 1 0 1 1 0 0 1 1 1 0 0 0 0 0 0 1 23
1 1 0 1 1 0 0 0 1 1 1 1 0 1 1 1 1 0 0 1 0 0 1 1 0 0 0 0 1 1 1 1 1 1 0 0 1 1 0 0 0 1 1 1 1 1 0 0 0 1 29
67 93 38 98 67 54 36 46 75 57 40 64 30 48 37 58 87 10 81 67 72 43 69 16 65 13 71 11 96 29 60 57 36 46 19 62 90 92 39 11 13 64 42 57 51 26 13 11 31 42 2500
