0 0 0 0 0 0 1 0 0 0 1
1 0 0 0 0 0 0 0 0 0 1
0 0 0 0 0 0 0 0 0 1 1
0 0 1 0 0 0 0 0 0 0 1
0 0 0 0 0 1 0 0 0 0 1
0 0 0 0 0 0 1 0 0 0 1
0 0 0 0 0 0 1 0 0 0 1
0 0 0 1 0 0 0 0 0 0 1
0 0 0 0 0 0 1 0 0 0 1
0 1 0 0 0 0 0 0 0 0 1
0 0 1 1 0 1 0 0 0 0 3
0 0 1 1 0 0 0 0 1 0 3
0 0 1 0 0 0 0 0 0 0 1
0 0 0 1 0 0 1 0 0 0 2
1 1 0 0 0 0 1 0 0 0 3
0 0 0 0 0 0 0 0 1 1 2
1 1 0 0 0 0 0 0 1 0 3
0 1 1 0 0 0 0 0 1 0 3
1 1 0 0 0 1 0 0 0 0 3
1 0 0 1 0 1 0 1 0 1 5
0 1 0 1 0 1 0 1 1 0 5
0 0 0 0 1 1 0 0 1 0 3
0 1 0 1 1 1 0 1 0 1 6
1 0 0 1 0 1 0 0 0 0 3
0 1 0 0 0 1 1 0 0 1 4
0 0 0 1 0 1 0 1 0 0 3
0 0 0 0 0 1 0 0 0 0 1
1 0 0 1 1 1 0 1 0 0 5
0 1 1 0 0 0 1 1 1 0 5
1 0 0 0 1 1 1 1 1 1 7
0 0 0 0 0 0 0 0 1 0 1
0 0 0 0 1 0 0 0 0 0 1
0 0 0 0 0 0 0 0 0 1 1
0 1 0 0 0 0 0 0 0 0 1
0 0 0 0 1 0 0 0 0 0 1
1 0 0 0 0 0 0 0 0 0 1
0 0 0 0 1 0 0 0 0 0 1
0 0 1 0 0 0 0 0 0 0 1
1 0 0 0 0 0 0 0 0 0 1
1 0 0 0 0 0 0 0 0 0 1
0 0 0 0 0 0 0 1 0 0 1
0 0 0 0 0 0 0 1 0 0 1
0 0 0 0 0 0 0 0 0 1 1
0 1 0 0 0 0 0 0 0 0 1
0 0 0 0 0 0 0 0 0 1 1
0 1 0 0 0 0 0 0 0 0 1
0 0 0 0 0 0 0 1 0 0 1
0 0 1 0 0 0 0 0 0 0 1
0 0 0 0 0 0 0 0 1 0 1
0 0 0 0 1 0 0 0 0 0 1
11 12 8 10 8 13 9 10 10 9 100
