0 0 0 0 0 0 0 0 1 0 1
0 0 1 0 0 0 0 0 0 0 1
0 0 1 0 0 0 0 0 0 0 1
0 0 0 0 1 0 0 0 0 0 1
0 0 0 0 0 0 0 0 1 0 1
0 0 0 0 1 0 0 0 0 0 1
0 0 0 0 0 0 0 1 0 0 1
0 0 0 1 0 0 0 1 0 0 2
0 1 0 1 0 0 1 0 0 0 3
0 1 0 0 0 0 0 0 0 0 1
1 1 0 1 0 0 0 1 0 1 5
1 1 0 0 0 0 1 0 0 0 3
0 1 0 0 0 0 1 1 0 1 4
1 1 0 0 0 1 1 0 0 0 4
0 0 0 1 0 0 1 0 0 0 2
0 1 0 0 0 1 1 0 0 0 3
1 0 0 1 1 0 1 0 0 1 5
1 0 0 0 1 1 1 0 0 1 5
1 0 0 1 1 0 0 1 0 1 5
0 0 1 0 1 0 1 1 1 0 5
1 1 1 0 1 0 0 0 0 0 4
1 1 1 0 0 1 0 1 1 1 7
0 1 0 0 0 1 0 1 1 0 4
1 0 0 0 0 1 1 1 0 0 4
1 1 0 0 0 0 0 0 0 0 2
0 0 0 0 0 1 0 0 0 0 1
0 0 0 0 0 0 0 1 0 0 1
0 0 0 0 0 0 0 0 0 1 1
0 0 0 1 0 0 0 0 0 0 1
0 0 0 1 0 0 0 0 0 0 1
0 0 0 1 0 0 0 0 0 0 1
0 0 1 0 0 0 0 0 0 0 1
0 0 0 0 1 0 0 0 0 0 1
0 0 0 0 0 0 0 1 0 0 1
0 0 0 0 0 0 0 0 1 0 1
0 0 0 0 1 0 0 0 0 0 1
0 0 1 0 0 0 0 0 0 0 1
0 0 0 0 0 1 0 0 0 0 1
0 0 0 0 0 0 0 0 0 1 1
0 0 0 0 0 0 1 0 0 0 1
0 0 0 0 0 0 1 0 0 0 1
0 0 0 0 0 0 0 0 1 0 1
0 0 0 0 0 0 0 1 0 0 1
0 0 0 0 0 0 0 0 0 1 1
0 0 1 0 0 0 0 0 0 0 1
0 0 0 0 0 0 0 0 0 1 1
0 0 0 0 0 0 0 0 1 0 1
1 0 0 0 0 0 0 0 0 0 1
0 0 0 0 0 1 0 0 0 0 1
0 0 0 0 0 0 0 0 1 0 1
11 11 8 9 9 9 12 12 9 10 100
