1 1 1 0 0 1 1 1 1 0 1 0 1 0 0 0 1 0 1 1 0 0 0 1 0 0 0 0 1 0 0 0 1 0 1 1 0 0 0 0 0 1 0 0 1 0 1 0 0 0 20
1 1 1 0 0 0 1 1 1 0 1 1 1 1 0 0 1 1 1 0 0 1 1 1 1 1 1 0 1 1 1 0 1 0 1 1 0 0 0 1 0 1 1 0 0 0 1 0 0 1 30
1 0 1 0 0 1 1 1 0 0 1 0 1 0 0 0 1 0 1 0 0 0 0 0 1 0 0 0 1 1 0 0 1 0 1 1 0 1 0 1 1 0 0 0 1 0 1 0 0 1 21
1 1 1 0 0 1 1 1 0 0 1 1 1 1 0 1 0 0 1 0 0 1 0 0 1 1 0 0 1 0 0 0 1 0 0 1 0 1 0 0 0 1 0 0 1 1 0 1 0 0 23
1 1 1 0 0 1 1 1 0 1 1 0 1 1 0 0 1 0 1 0 1 1 0 0 1 0 0 0 1 1 0 0 1 0 1 0 0 1 0 1 0 1 0 0 1 0 1 0 0 0 24
1 1 1 0 0 0 1 1 0 0 1 0 1 1 0 1 1 0 1 0 1 0 0 0 1 0 0 0 1 1 1 0 1 0 1 1 0 0 0 0 0 1 0 0 1 0 1 0 0 0 22
1 1 1 1 0 0 1 1 0 0 0 0 0 1 0 0 1 0 1 0 1 1 0 1 1 1 0 0 1 0 1 0 1 0 1 0 0 1 0 0 0 1 0 0 1 1 0 0 0 1 23
1 1 1 0 0 1 1 1 0 1 1 0 1 1 0 0 1 1 1 0 0 0 0 1 1 0 1 0 1 0 1 0 1 0 1 1 0 1 1 0 0 1 0 0 1 1 1 0 0 0 27
1 1 1 0 0 0 1 1 0 0 0 0 1 1 0 1 1 1 0 0 1 0 0 1 1 0 1 0 1 1 0 0 1 0 1 1 0 1 1 0 0 1 0 0 1 0 1 1 0 0 25
1 1 1 0 0 0 1 1 1 0 1 0 1 1 0 0 0 1 1 0 0 0 0 1 1 0 1 1 1 1 0 0 1 0 1 1 1 1 0 1 0 1 0 0 1 0 1 1 0 1 28
1 1 1 0 0 0 1 1 0 0 1 0 1 1 1 0 1 1 1 0 1 0 1 1 1 0 1 0 1 0 1 0 0 0 1 1 0 0 1 0 0 0 0 0 1 0 1 0 0 0 24
1 1 1 0 0 1 1 1 0 1 0 0 0 0 0 1 1 1 1 0 1 0 1 1 1 0 1 0 1 0 1 0 1 0 0 1 1 0 0 0 0 1 0 1 0 0 1 0 1 0 25
1 1 1 0 0 0 1 1 0 0 1 1 1 1 0 1 1 1 1 0 0 1 0 1 1 0 0 0 1 0 1 0 1 0 1 0 0 1 0 1 0 1 1 0 1 1 1 1 0 1 29
1 1 1 1 0 0 1 1 0 0 0 0 1 0 0 1 1 0 1 0 1 0 0 1 1 0 1 1 1 0 0 0 1 1 0 1 0 1 1 0 0 1 0 0 1 1 1 1 0 0 26
1 0 1 0 1 0 1 1 0 1 1 1 1 1 0 0 1 1 1 0 0 0 1 0 1 0 1 0 1 0 0 0 1 0 1 1 1 0 0 0 0 1 0 0 1 0 1 1 0 1 26
1 0 1 0 0 1 1 1 0 0 1 0 1 1 0 1 1 1 1 0 0 1 1 1 1 0 1 1 1 0 1 0 1 0 1 1 0 0 1 0 0 1 0 0 1 0 1 0 0 0 27
1 1 1 0 0 0 1 1 1 0 1 0 1 1 0 1 0 1 0 0 1 0 0 1 1 1 0 0 1 0 0 0 1 0 1 1 1 1 0 0 0 1 0 1 1 1 0 0 0 1 26
1 0 1 0 0 0 1 1 0 1 1 0 1 0 0 0 1 1 1 1 0 0 1 1 0 0 1 0 1 1 1 0 1 0 1 1 0 0 0 0 0 1 0 0 1 0 1 0 0 1 24
1 1 1 0 0 1 1 1 0 0 0 1 1 1 0 1 0 0 1 0 0 1 0 1 1 0 0 0 1 0 0 0 1 0 1 0 1 0 1 0 0 1 0 0 1 0 1 0 0 1 23
0 1 1 0 0 1 1 1 0 0 1 0 1 1 0 0 1 0 1 1 1 1 0 1 0 0 1 1 1 1 1 0 1 0 1 1 0 1 1 0 0 1 0 0 1 0 1 0 0 1 28
1 1 1 0 0 0 1 1 0 0 1 0 1 0 0 1 0 0 1 0 0 1 0 1 0 0 0 0 1 1 0 0 1 0 1 1 1 0 1 0 0 1 0 0 1 1 1 1 0 1 24
1 1 1 0 0 1 1 1 1 0 1 0 1 1 1 0 1 0 1 0 0 1 0 1 1 0 0 0 1 0 0 0 1 0 1 1 1 0 0 0 0 1 0 0 1 1 1 0 0 1 26
1 1 1 0 0 0 1 0 0 1 1 0 0 1 0 1 1 0 1 0 1 1 1 0 1 0 1 0 1 0 1 0 1 0 1 1 0 1 0 1 0 1 0 0 1 1 1 0 0 0 26
1 0 1 0 0 0 1 0 0 0 1 0 0 1 1 0 1 1 1 0 0 0 0 1 1 1 1 0 1 0 1 0 1 0 0 1 1 1 1 1 0 1 0 0 1 0 0 1 0 1 25
1 0 1 0 0 1 1 1 0 0 1 1 1 1 1 1 0 0 1 0 0 1 0 0 1 0 1 0 1 1 1 0 1 0 0 1 0 0 0 0 0 1 0 0 1 0 1 0 0 0 23
1 1 1 0 0 0 1 1 0 0 1 1 1 1 0 0 1 1 1 0 0 0 1 1 1 0 0 0 1 1 0 0 1 0 1 1 1 0 1 0 0 1 0 0 1 0 1 0 0 0 25
1 1 1 0 0 0 1 1 0 0 1 0 1 1 1 0 1 1 1 0 0 1 0 1 1 0 1 1 1 1 1 0 1 0 1 1 0 0 0 0 0 1 0 0 1 0 1 1 0 1 28
1 1 1 0 0 0 1 1 0 0 1 0 0 1 1 1 1 0 1 0 0 0 1 1 1 0 0 0 1 0 1 0 1 0 1 1 0 1 0 0 0 1 0 1 1 0 1 0 0 0 24
1 0 0 0 0 1 1 1 0 1 1 0 1 1 0 0 0 1 1 0 0 0 0 1 1 0 0 0 1 0 0 0 1 0 1 1 0 0 0 0 0 1 1 0 1 0 1 0 0 1 21
1 1 1 1 0 0 1 1 0 0 0 0 1 1 0 1 0 0 0 0 1 0 1 1 1 0 1 1 1 1 0 0 1 0 0 1 1 1 1 0 0 1 0 1 1 0 1 0 0 1 27
1 1 1 1 0 0 1 0 1 0 1 0 0 1 0 0 0 1 1 0 0 1 1 1 1 0 0 1 1 0 0 0 0 1 1 0 0 1 0 0 0 1 0 0 1 0 1 0 0 0 22
1 0 1 0 1 0 1 1 1 0 0 1 1 0 0 0 0 0 1 0 1 1 0 0 1 0 0 0 1 0 1 0 1 0 1 1 0 1 1 1 0 1 0 0 1 0 1 0 0 1 24
1 1 1 0 0 1 1 0 0 0 1 0 1 1 0 1 1 0 1 0 0 1 1 1 1 0 0 0 1 0 1 0 1 0 0 0 0 0 0 0 0 1 0 0 1 0 1 0 0 1 22
1 0 1 0 0 1 1 1 0 0 1 0 1 1 0 0 1 0 1 0 1 1 0 1 1 0 1 1 1 0 0 0 1 0 0 0 1 1 0 0 0 1 0 0 1 1 0 0 0 0 23
1 1 1 0 0 0 1 1 0 1 1 1 1 0 0 0 1 0 1 0 1 1 1 1 1 0 0 0 1 1 1 0 1 0 0 0 0 0 0 0 0 1 0 0 1 0 0 0 0 0 22
1 1 1 0 0 0 1 1 0 0 1 0 1 1 0 0 0 1 1 0 0 0 0 1 1 0 1 0 1 1 0 1 1 0 1 1 1 0 1 1 0 1 1 0 1 1 1 0 1 1 29
1 0 1 1 0 0 1 1 1 1 1 0 0 1 0 0 1 0 1 0 1 0 0 1 1 0 0 0 1 1 0 0 1 0 1 1 0 0 0 0 0 1 0 0 1 0 1 0 0 0 22
1 1 1 1 0 0 1 1 0 1 1 0 1 1 1 0 1 0 1 0 1 1 0 1 1 0 0 0 1 0 1 0 1 0 0 1 0 0 0 1 0 1 0 0 1 0 0 0 0 0 24
1 1 1 1 0 0 1 1 1 0 1 0 1 1 1 0 1 0 1 0 0 1 1 1 1 1 1 0 1 1 0 0 1 0 0 1 0 0 0 0 0 1 0 0 1 1 0 1 0 1 28
1 1 1 0 0 0 1 1 1 0 0 0 0 1 0 0 0 0 1 0 1 0 0 1 1 1 1 0 1 0 0 0 1 1 1 1 1 0 0 0 0 1 0 0 1 0 1 0 0 0 22
1 0 1 0 0 1 1 0 0 1 1 0 1 0 1 1 1 1 1 0 1 0 1 1 0 0 1 1 0 0 0 0 1 0 0 1 0 1 0 0 0 1 0 0 1 0 1 0 0 1 24
1 1 1 1 0 0 1 1 1 0 0 0 1 1 0 1 1 1 1 0 0 1 1 0 1 0 1 0 1 0 1 0 1 0 1 0 0 1 1 0 0 1 0 0 1 0 1 0 0 0 26
1 1 1 0 0 0 0 1 1 0 1 0 0 1 1 1 1 1 1 1 0 1 0 1 1 1 1 1 1 1 0 0 1 0 0 1 0 1 0 1 0 1 0 1 1 1 1 0 0 1 31
1 0 1 1 0 0 1 1 0 1 1 0 1 0 0 0 1 0 0 0 1 0 0 0 1 0 0 1 1 0 1 0 1 0 1 1 0 0 0 1 0 1 0 0 1 0 0 0 0 1 21
1 0 1 0 0 1 1 1 0 0 1 0 1 1 1 0 1 1 1 0 0 0 0 1 0 1 0 1 1 0 0 0 1 0 1 1 1 0 0 0 0 1 0 0 1 0 1 0 0 1 24
1 1 1 0 0 0 1 1 0 1 1 1 1 1 0 0 0 0 1 0 1 0 0 1 1 0 1 0 1 1 0 0 1 0 1 1 1 1 1 0 0 1 0 0 1 1 0 0 0 1 27
1 1 1 0 0 0 1 1 0 0 1 0 1 0 1 0 1 0 0 0 0 1 0 1 1 0 0 1 1 0 1 0 1 0 0 0 0 0 0 0 0 1 0 0 1 0 1 0 0 1 20
1 1 1 0 0 0 1 1 1 0 1 0 1 1 0 0 1 1 1 0 0 1 0 1 1 0 1 0 1 1 1 0 1 0 0 1 0 0 1 0 0 1 0 0 1 0 1 1 0 1 27
1 0 1 1 0 0 1 1 0 0 1 0 1 1 0 0 1 0 1 1 1 0 0 1 0 1 0 1 1 0 0 0 1 0 1 1 0 1 0 0 1 1 0 0 1 0 0 0 0 1 24
1 0 1 0 0 0 0 1 0 1 1 0 1 1 1 0 1 0 1 0 1 1 0 0 1 1 0 1 1 0 0 0 1 0 1 1 0 0 0 0 0 1 0 0 1 1 1 0 0 0 23
1 1 0 1 0 1 1 1 0 0 1 1 0 1 1 0 1 0 1 0 1 1 1 1 1 0 1 1 1 1 0 1 1 0 1 1 0 1 0 1 0 1 0 0 1 0 0 1 0 1 31
1 0 1 0 0 0 1 1 0 0 0 0 0 1 1 0 1 0 1 0 0 1 0 1 1 0 0 1 1 0 0 0 1 0 0 1 1 0 0 1 0 1 0 0 1 0 0 1 0 0 20
1 1 1 0 1 1 1 1 0 0 1 0 1 0 0 0 0 0 1 0 1 0 1 1 1 0 1 1 1 1 0 0 1 0 1 1 1 1 0 0 0 1 0 0 1 1 1 0 0 0 27
0 1 1 0 0 0 1 1 0 0 1 1 1 1 1 0 1 0 1 0 0 1 1 0 1 0 0 1 1 0 1 0 1 0 0 0 0 1 1 0 0 0 0 0 1 0 1 0 0 1 23
1 0 1 1 0 0 1 1 0 0 1 1 0 0 0 1 1 1 1 0 0 0 1 1 1 0 1 1 1 0 1 0 1 0 1 1 0 1 0 0 0 1 0 1 1 0 1 0 0 1 27
1 1 1 0 0 0 1 1 1 0 1 0 1 1 0 0 1 0 1 0 0 0 1 1 1 0 1 0 1 1 1 0 1 0 1 1 0 0 0 0 0 1 0 0 1 0 0 0 0 1 24
1 1 1 0 0 0 1 1 0 0 1 0 1 1 1 0 1 1 1 0 0 0 1 1 1 0 1 0 1 0 1 0 1 0 1 0 0 1 0 0 0 1 0 0 1 0 1 0 0 0 24
1 1 1 1 0 0 1 1 0 0 1 0 1 0 1 0 1 0 1 1 0 1 1 1 0 0 0 0 1 0 1 0 1 0 1 1 0 0 0 0 0 1 0 0 1 0 1 0 0 1 24
1 1 1 0 0 0 1 1 1 0 1 0 1 1 0 0 1 1 1 0 0 1 0 0 1 0 1 0 1 1 0 0 1 0 1 1 0 1 0 0 1 1 0 0 1 0 1 1 0 1 27
1 0 1 0 0 0 1 1 0 0 0 0 1 1 0 1 1 1 1 0 1 0 0 1 1 0 1 1 1 1 1 0 1 0 1 1 0 1 1 0 0 1 0 0 1 0 1 1 0 1 28
1 0 1 0 0 0 1 1 1 0 1 0 0 1 0 0 1 1 1 0 1 1 0 0 1 0 0 1 1 1 0 0 1 0 1 1 0 0 0 0 0 1 1 0 1 0 1 0 0 0 23
1 0 1 0 0 0 1 1 1 0 0 0 1 1 0 0 1 1 1 0 0 0 1 1 1 0 0 0 1 0 0 0 1 0 1 1 0 0 0 0 0 1 0 0 0 0 1 0 0 0 19
1 1 1 1 0 0 1 1 0 1 1 0 1 0 0 0 0 1 1 0 1 0 0 1 1 0 0 0 1 1 1 0 1 0 1 1 0 0 0 0 1 1 0 0 1 1 1 1 0 0 26
1 1 1 0 0 1 1 1 0 0 1 0 1 1 0 0 1 1 1 0 1 1 0 1 1 0 0 0 1 1 0 0 1 0 0 1 0 1 0 0 1 1 0 0 1 0 1 1 0 0 26
1 1 1 0 0 1 1 1 1 0 1 1 1 1 0 0 1 0 1 1 0 1 0 0 1 1 1 0 1 1 0 0 1 0 0 1 0 0 0 0 0 1 1 0 1 0 1 1 0 1 28
1 1 1 0 0 1 1 1 1 0 1 0 1 1 1 1 1 1 1 1 0 1 1 1 1 0 0 0 1 1 0 0 1 0 1 0 1 1 0 0 0 1 0 0 1 0 1 1 0 1 31
1 1 1 0 0 0 1 1 1 0 1 1 1 0 0 0 0 1 1 1 1 0 0 1 1 0 1 1 1 0 0 0 0 0 0 1 0 1 0 1 0 0 0 0 1 0 1 0 0 0 23
1 0 1 0 0 1 1 1 1 1 1 0 1 0 0 0 0 1 1 0 1 0 0 1 1 0 1 1 1 0 0 1 1 1 0 0 0 1 1 0 0 1 0 0 1 0 1 0 1 0 26
1 1 1 0 0 0 0 0 0 0 1 0 1 1 0 1 0 1 1 0 0 1 0 1 1 0 1 0 1 0 1 0 1 1 1 1 0 1 0 0 0 1 0 0 1 0 1 1 0 1 25
1 1 0 1 0 1 1 1 0 1 1 0 0 1 1 0 0 1 1 0 0 0 0 0 1 0 1 1 0 0 0 0 1 0 1 1 1 0 1 1 0 1 0 0 1 0 1 1 0 1 26
1 0 1 0 1 1 1 1 0 0 1 0 1 1 0 0 0 1 1 1 0 0 0 1 1 0 1 0 1 0 0 0 1 0 1 0 0 0 0 0 0 1 0 0 1 0 1 1 0 1 23
1 0 1 0 1 1 1 0 0 0 0 0 1 1 0 1 1 1 1 0 1 1 0 1 1 1 1 1 1 0 1 0 0 0 1 1 0 1 1 1 0 1 0 1 1 0 1 1 0 0 30
1 1 1 0 0 1 1 1 0 0 0 0 0 1 0 0 0 0 1 0 0 0 1 1 1 1 0 0 1 1 0 0 1 0 1 1 0 1 0 1 0 1 0 0 1 1 1 1 0 0 24
1 0 1 0 1 0 1 1 0 0 1 0 1 1 0 1 1 1 1 0 1 0 0 0 1 0 0 1 1 0 0 0 1 0 1 1 1 1 1 0 0 1 0 0 1 1 1 0 0 0 26
1 1 1 0 0 1 1 1 0 0 1 0 0 1 0 1 1 1 1 0 1 1 0 1 1 0 1 1 1 0 1 0 1 0 1 0 0 1 0 0 0 1 0 0 1 0 1 1 0 1 28
1 1 1 1 0 0 1 1 0 0 1 0 1 1 0 1 0 1 1 0 1 0 0 1 0 1 0 1 1 0 0 0 1 0 1 1 0 1 0 0 0 1 0 0 1 0 1 0 0 0 24
1 0 1 0 0 0 1 0 0 1 1 0 1 1 0 0 0 1 1 1 0 1 1 0 1 0 0 1 1 0 1 0 1 0 1 1 0 1 1 0 0 1 0 0 1 1 1 1 0 0 26
1 1 1 0 0 0 1 0 1 1 1 0 1 1 1 1 1 0 1 0 0 0 0 1 1 1 1 0 1 1 0 0 1 0 0 1 0 1 0 1 0 1 0 0 1 0 1 0 0 1 27
1 1 1 0 1 0 1 1 1 0 1 1 1 0 0 1 1 0 1 0 0 1 0 1 1 0 1 0 1 0 1 0 1 0 0 1 0 1 1 0 0 1 0 0 1 1 1 0 0 0 27
1 1 1 0 0 0 1 0 0 0 1 0 1 0 0 1 0 1 1 0 0 1 0 0 1 0 1 0 0 0 0 0 1 0 1 0 0 0 0 0 0 1 0 0 1 0 1 0 0 1 18
1 1 1 0 0 0 1 1 0 0 1 0 0 0 0 0 1 0 1 0 1 0 0 1 1 1 0 0 1 0 0 0 1 0 0 0 1 1 0 0 0 1 0 0 1 0 0 1 0 0 19
1 1 1 0 0 1 1 1 0 0 1 0 0 1 0 0 0 1 1 0 0 1 0 1 1 0 0 1 0 1 1 0 1 1 0 1 0 1 0 0 0 1 0 0 1 0 0 0 0 0 22
0 0 1 0 0 1 1 0 0 0 0 0 1 1 0 0 0 1 1 0 0 0 0 1 1 0 1 1 1 0 1 0 1 1 1 1 1 1 0 1 0 1 0 1 1 0 1 0 0 0 24
1 1 1 0 0 0 1 1 0 0 1 0 0 1 1 0 1 0 0 0 1 1 1 1 1 1 0 1 1 0 0 0 1 0 0 1 0 0 0 0 1 1 0 0 1 0 1 1 0 0 24
1 0 1 0 1 0 1 0 1 0 1 0 1 1 0 0 1 0 1 0 0 1 0 1 1 0 0 0 1 1 1 0 1 0 1 1 1 1 0 0 0 1 0 0 1 0 0 1 0 1 25
1 0 1 0 0 0 1 1 0 1 1 1 0 1 0 0 1 0 1 0 1 0 0 1 1 0 0 0 1 0 1 0 1 0 1 1 1 1 1 0 0 1 0 0 1 1 1 0 0 0 25
1 0 1 1 0 0 1 1 0 0 1 0 0 0 1 1 0 0 1 0 1 0 0 1 1 0 1 1 1 1 1 0 1 1 1 1 0 1 0 0 0 1 0 0 0 0 1 1 0 1 26
1 0 1 0 0 0 1 1 1 0 0 0 0 1 1 0 0 1 1 0 1 0 0 1 0 1 0 0 1 0 0 0 1 0 1 1 0 1 0 1 0 1 0 0 1 0 1 0 0 0 21
1 1 1 0 0 1 1 1 0 0 1 0 1 1 0 0 1 1 1 0 0 1 0 0 1 1 0 0 1 1 0 0 1 1 0 1 0 1 1 0 0 1 0 0 1 0 1 1 0 1 27
1 0 1 0 0 0 1 1 1 0 1 0 1 1 0 1 1 0 1 0 0 1 0 0 1 0 1 1 1 0 0 0 1 0 1 1 1 1 0 0 0 1 0 1 1 0 1 0 0 1 26
1 1 1 0 0 0 1 1 1 0 1 1 1 1 1 0 1 0 1 0 1 1 0 1 1 1 1 1 1 0 1 0 0 0 0 1 0 0 0 0 0 1 0 0 1 1 1 1 0 1 29
1 1 1 1 0 0 1 1 0 0 1 0 1 0 0 0 1 0 1 0 1 0 0 1 1 0 1 1 1 0 1 0 1 1 0 1 0 1 0 0 0 1 0 0 1 0 1 0 1 0 25
1 1 1 0 0 0 1 1 1 0 1 0 1 1 0 0 0 1 1 0 0 1 0 1 1 1 0 1 1 1 0 0 1 0 1 1 0 1 0 1 0 1 0 1 1 0 0 0 0 0 26
1 1 1 0 0 0 1 1 1 0 1 0 1 0 1 1 1 0 1 0 0 0 1 0 1 0 0 1 1 0 0 1 1 0 0 0 0 0 0 1 0 1 0 0 1 1 1 0 0 0 23
1 1 1 0 0 0 1 1 0 0 1 0 1 1 0 0 0 0 1 1 1 0 0 1 1 1 1 0 1 1 0 0 1 0 0 1 1 0 0 0 0 1 0 0 1 1 1 1 0 0 25
0 1 1 0 0 0 1 1 1 0 1 1 0 1 0 1 1 1 1 0 0 1 1 1 1 0 1 0 1 1 0 0 1 0 1 1 0 1 1 1 0 1 0 0 1 1 1 1 0 1 31
1 1 1 0 0 0 1 1 1 0 1 0 1 0 0 0 1 1 1 0 1 1 0 1 1 0 0 1 1 0 1 0 1 0 1 1 0 0 0 0 0 1 0 0 1 0 1 0 0 1 25
1 1 1 1 0 0 1 1 0 1 1 0 1 1 0 0 1 1 1 0 1 0 0 0 1 0 1 0 1 0 0 0 1 0 1 0 1 0 1 0 0 1 0 0 1 1 1 0 0 1 26
1 0 1 0 0 1 1 1 1 0 1 0 0 0 0 1 1 0 1 0 0 1 0 1 1 0 1 1 1 1 0 0 1 0 1 1 0 1 1 0 0 1 0 0 1 0 0 1 0 1 26
1 1 1 1 0 1 1 1 1 0 1 0 1 1 0 0 1 1 1 0 1 0 0 1 0 1 1 0 1 1 1 0 1 0 1 1 0 1 1 0 0 1 0 0 1 0 1 0 0 0 29
96 68 97 20 8 32 97 88 33 21 84 19 76 75 26 34 70 51 94 12 45 50 30 77 89 24 53 41 96 41 44 4 95 10 69 80 27 57 30 24 6 96 6 10 96 27 81 35 4 52 2500
