0 1 0 0 1 0 0 1 1 0 0 1 1 0 1 1 1 1 0 1 0 1 0 1 1 1 1 0 0 0 1 0 0 0 0 0 0 0 0 0 0 0 0 0 0 0 0 0 0 0 17
1 1 0 0 0 0 1 1 0 0 1 1 1 1 1 1 1 0 0 1 0 0 0 0 1 0 1 0 0 0 1 0 0 0 0 0 0 0 0 0 0 0 0 0 0 0 0 0 0 0 15
1 0 0 1 0 1 1 1 0 0 0 1 1 1 0 1 0 1 0 1 0 1 0 1 1 0 0 1 0 0 0 0 0 0 0 0 0 0 0 0 0 0 0 0 0 0 0 0 0 0 15
0 1 1 0 1 0 1 1 0 0 1 1 1 0 1 1 1 0 0 0 1 1 0 1 1 1 0 0 1 1 0 0 0 0 0 0 0 0 0 0 0 0 0 0 0 0 0 0 0 0 18
0 0 1 1 1 0 0 1 0 0 0 1 0 0 1 1 1 0 1 0 0 1 0 0 1 0 1 1 1 1 1 0 0 0 0 0 0 0 0 0 0 0 0 0 0 0 0 0 0 0 16
0 0 0 0 1 0 1 1 1 0 1 0 1 1 0 1 1 1 0 1 0 1 0 0 1 1 1 1 0 0 0 0 0 0 0 0 0 0 0 0 0 0 0 0 0 0 0 0 0 0 16
0 1 0 1 1 0 1 1 0 0 0 0 1 0 1 1 1 0 0 0 0 1 0 1 1 1 1 1 1 0 1 0 0 0 0 0 0 0 0 0 0 0 0 0 0 0 0 0 0 0 17
0 1 0 0 1 0 1 1 0 0 0 1 1 0 1 1 0 0 0 1 0 1 0 0 1 0 0 0 1 0 1 0 0 0 0 0 0 0 0 0 0 0 0 0 0 0 0 0 0 0 13
1 0 1 1 1 0 1 1 0 0 0 1 1 1 1 1 1 0 0 1 0 1 0 0 1 1 1 0 1 1 0 0 0 0 0 0 0 0 0 0 0 0 0 0 0 0 0 0 0 0 19
1 1 0 0 1 1 1 1 0 0 0 1 0 0 1 1 0 0 0 0 0 1 0 0 1 0 1 0 1 0 0 0 0 0 0 0 0 0 0 0 0 0 0 0 0 0 0 0 0 0 13
0 1 0 1 1 0 1 1 1 0 0 1 1 0 1 1 1 1 0 1 0 0 0 1 1 1 1 1 0 1 1 0 0 0 0 0 0 0 0 0 0 0 0 0 0 0 0 0 0 0 20
0 1 1 0 1 1 1 1 0 0 0 0 1 0 1 1 1 1 0 1 0 1 0 0 1 1 1 1 1 1 0 0 0 0 0 0 0 0 0 0 0 0 0 0 0 0 0 0 0 0 19
0 0 0 0 1 0 0 1 0 0 0 1 1 0 1 0 1 1 0 1 1 1 0 0 1 1 1 0 0 0 0 0 0 0 0 0 0 0 0 0 0 0 0 0 0 0 0 0 0 0 13
1 0 0 0 1 0 1 1 0 0 0 0 0 0 0 1 0 1 0 1 0 1 0 0 1 0 1 1 1 1 0 0 0 0 0 0 0 0 0 0 0 0 0 0 0 0 0 0 0 0 13
1 1 0 1 1 0 1 1 0 0 1 0 1 1 1 1 1 0 0 1 1 1 0 1 1 1 1 1 0 1 0 0 0 0 0 0 0 0 0 0 0 0 0 0 0 0 0 0 0 0 21
0 0 0 0 1 1 1 1 0 0 1 1 1 0 1 1 0 1 0 1 0 0 0 1 1 0 0 1 1 1 0 0 0 0 0 0 0 0 0 0 0 0 0 0 0 0 0 0 0 0 16
0 1 0 1 0 1 1 1 0 0 0 0 0 0 1 1 1 0 0 0 1 1 0 1 1 0 1 1 0 0 0 0 0 0 0 0 0 0 0 0 0 0 0 0 0 0 0 0 0 0 14
1 0 1 0 1 1 1 1 0 0 1 1 1 1 1 1 1 0 0 0 0 0 0 0 1 0 1 1 0 1 0 0 0 0 0 0 0 0 0 0 0 0 0 0 0 0 0 0 0 0 17
0 1 1 0 1 1 1 1 0 0 0 1 1 0 1 1 0 1 1 0 0 1 0 1 1 1 1 1 1 1 1 0 0 0 0 0 0 0 0 0 0 0 0 0 0 0 0 0 0 0 21
0 1 0 0 1 0 0 1 0 0 0 1 0 0 0 1 0 1 0 0 0 0 0 1 1 1 1 1 0 0 0 0 0 0 0 0 0 0 0 0 0 0 0 0 0 0 0 0 0 0 11
0 0 0 1 0 0 1 1 1 0 1 0 1 0 1 0 1 1 1 1 1 1 0 0 1 1 1 1 0 0 0 0 0 0 0 0 0 0 0 0 0 0 0 0 0 0 0 0 0 0 17
0 1 1 0 1 0 0 1 0 0 1 1 0 0 1 1 1 1 0 0 0 1 0 1 1 0 0 1 1 1 1 0 1 0 0 0 0 0 0 0 0 0 0 0 0 0 0 0 0 0 18
1 0 0 0 1 0 1 1 0 0 0 1 1 0 1 1 1 0 0 1 0 0 0 1 1 1 0 1 0 1 0 0 0 0 0 0 0 0 0 0 0 0 0 0 0 0 0 0 0 0 15
0 0 0 0 0 1 1 1 0 0 0 0 0 1 1 1 1 0 0 0 0 0 0 0 0 1 1 1 0 1 0 1 0 0 0 0 0 0 0 0 0 0 0 0 0 0 0 0 0 0 12
0 1 0 0 1 1 1 1 0 0 1 0 1 0 0 1 1 0 0 1 0 0 0 0 1 1 0 1 0 1 1 0 0 0 0 0 0 0 0 0 0 0 0 0 0 0 0 0 0 0 15
0 1 1 0 1 1 1 0 1 0 0 0 0 0 1 1 1 0 0 1 0 1 0 0 1 1 0 1 0 1 1 0 0 0 0 0 0 0 0 0 0 0 0 0 0 0 0 0 0 0 16
0 0 0 1 1 1 1 1 0 0 1 1 1 0 1 1 0 0 0 1 0 0 0 1 1 0 1 1 1 1 1 0 0 0 0 0 0 0 0 0 0 0 0 0 0 0 0 0 0 0 18
0 0 0 0 1 1 1 1 0 0 0 0 0 0 1 1 1 1 0 1 1 1 0 1 1 1 1 1 0 0 0 0 0 0 0 0 0 0 0 0 0 0 0 0 0 0 0 0 0 0 16
1 1 1 0 1 1 1 1 0 0 0 1 1 0 1 0 0 0 1 0 0 1 0 0 1 1 1 0 1 1 1 0 0 0 0 0 0 0 0 0 0 0 0 0 0 0 0 0 0 0 18
1 0 1 1 1 0 1 1 1 0 0 1 1 0 1 1 1 1 1 1 0 1 0 0 1 1 0 1 1 1 1 0 0 0 0 0 0 0 0 0 0 0 0 0 0 0 0 0 0 0 22
1 1 0 0 1 1 1 1 1 0 0 1 1 0 1 1 1 1 0 0 1 0 0 0 1 1 0 1 1 1 0 0 0 0 0 0 0 0 0 0 0 0 0 0 0 0 0 0 0 0 19
0 0 0 1 0 1 1 1 0 0 1 1 0 0 1 1 1 1 0 0 1 1 0 1 1 1 0 1 1 1 0 0 0 0 0 0 0 0 0 0 0 0 0 0 0 0 0 0 0 0 18
1 0 0 1 1 0 1 1 0 0 1 1 1 0 1 1 0 1 0 1 0 1 0 0 1 0 1 1 0 0 0 0 0 0 0 0 0 0 0 0 0 0 0 0 0 0 0 0 0 0 16
1 0 0 1 1 0 1 1 0 0 1 1 0 0 1 1 0 1 0 1 0 1 0 0 1 1 1 1 1 1 0 0 0 0 0 0 0 0 0 0 0 0 0 0 0 0 0 0 0 0 18
0 0 0 0 1 0 0 1 0 0 0 1 1 0 1 1 1 1 0 1 0 1 0 1 1 1 1 1 1 1 0 0 0 0 0 0 0 0 0 0 0 0 0 0 0 0 0 0 0 0 17
1 0 0 0 1 1 0 1 0 0 1 0 1 0 1 0 1 0 0 1 0 0 0 0 1 1 0 1 0 0 1 0 0 0 0 0 0 0 0 0 0 0 0 0 0 0 0 0 0 0 13
0 1 1 1 1 0 1 1 0 0 1 0 0 0 1 1 1 1 0 1 1 1 0 0 0 1 1 1 0 0 1 0 0 0 0 0 0 0 0 0 0 0 0 0 0 0 0 0 0 0 18
1 0 1 1 1 0 1 1 1 0 0 1 1 1 1 1 1 1 0 0 0 1 0 1 1 1 1 1 0 1 0 0 0 0 0 0 0 0 0 0 0 0 0 0 0 0 0 0 0 0 21
0 0 0 0 1 0 1 1 1 0 1 1 0 0 1 0 1 0 0 1 0 1 0 0 1 0 1 1 0 0 0 0 0 0 0 0 0 0 0 0 0 0 0 0 0 0 0 0 0 0 13
0 0 0 1 1 0 1 1 0 0 1 1 0 1 0 1 1 0 0 1 0 0 0 1 1 0 1 0 0 1 0 0 0 0 0 0 0 0 0 0 0 0 0 0 0 0 0 0 0 0 14
1 0 0 1 0 1 1 1 0 0 1 1 0 0 0 0 0 0 0 0 0 0 0 0 1 1 1 1 0 0 1 0 0 0 0 0 0 0 0 0 0 0 0 0 0 0 0 0 0 0 12
0 0 0 0 1 0 1 1 0 0 1 0 0 0 1 0 1 0 0 0 0 1 0 0 1 1 0 1 0 1 0 0 0 0 0 0 0 0 0 0 0 0 0 0 0 0 0 0 0 0 11
0 1 0 0 1 0 1 1 0 0 0 1 1 0 0 1 1 1 1 1 0 1 0 0 0 1 0 1 1 1 1 0 0 0 0 0 0 0 0 0 0 0 0 0 0 0 0 0 0 0 17
0 0 0 0 1 0 1 1 1 0 0 1 0 0 1 1 1 0 0 1 1 1 0 0 1 0 0 1 1 1 1 0 0 0 0 0 0 0 0 0 0 0 0 0 0 0 0 0 0 0 16
0 0 1 1 1 1 1 1 0 0 1 1 0 0 1 0 1 0 0 1 0 1 0 1 1 1 1 1 1 1 1 0 0 0 0 0 0 0 0 0 0 0 0 0 0 0 0 0 0 0 20
1 0 0 1 1 0 1 1 0 0 1 1 1 0 1 1 1 1 0 1 0 0 0 1 1 0 1 1 1 0 1 0 0 0 0 0 0 0 0 0 0 0 0 0 0 0 0 0 0 0 19
0 0 0 1 0 0 1 1 0 0 0 0 1 1 0 1 1 1 0 1 0 1 0 0 1 1 1 1 1 0 0 0 0 0 0 0 0 0 0 0 0 0 0 0 0 0 0 0 0 0 15
0 0 0 0 1 0 1 1 0 0 0 0 1 0 1 1 1 0 0 1 0 0 0 0 1 1 1 0 0 0 1 0 0 0 0 0 0 0 0 0 0 0 0 0 0 0 0 0 0 0 12
0 1 1 0 1 0 1 1 0 0 0 0 1 0 1 1 1 0 0 0 0 0 0 1 1 0 0 0 0 1 1 0 0 0 0 0 0 0 0 0 0 0 0 0 0 0 0 0 0 0 13
1 0 1 0 1 0 1 1 0 0 1 1 1 1 1 1 1 1 1 1 1 1 0 0 1 1 1 1 0 1 0 0 0 0 0 0 0 0 0 0 0 0 0 0 0 0 0 0 0 0 22
0 0 0 1 0 1 1 1 0 0 1 1 1 0 1 1 1 1 0 1 0 1 0 1 1 0 1 1 0 1 1 0 0 0 0 0 0 0 0 0 0 0 0 0 0 0 0 0 0 0 19
1 0 1 1 1 0 1 1 1 0 1 1 1 1 1 1 0 1 0 1 0 1 0 0 1 0 1 1 1 0 0 0 0 0 0 0 0 0 0 0 0 0 0 0 0 0 0 0 0 0 20
0 1 0 0 0 1 1 1 0 0 0 0 0 0 1 1 0 0 1 0 0 0 0 0 1 0 1 1 0 0 1 0 0 0 0 0 0 0 0 0 0 0 0 0 0 0 0 0 0 0 11
0 0 0 1 1 0 1 1 1 0 1 1 1 0 0 0 1 0 0 1 0 0 0 1 1 1 0 1 1 0 1 0 0 0 0 0 0 0 0 0 0 0 0 0 0 0 0 0 0 0 16
1 0 0 0 1 0 1 1 1 0 1 1 1 1 0 1 0 1 0 1 0 1 0 1 1 0 1 1 0 1 1 0 0 0 0 0 0 0 0 0 0 0 0 0 0 0 0 0 0 0 19
0 0 0 0 1 0 1 1 1 0 1 0 0 0 0 0 1 0 0 0 0 1 0 1 1 1 1 1 1 0 0 0 0 0 0 0 0 0 0 0 0 0 0 0 0 0 0 0 0 0 13
0 0 1 1 0 0 1 1 1 0 0 1 1 0 0 1 0 0 0 1 1 1 0 1 1 1 1 1 1 1 1 0 0 0 0 0 0 0 0 0 0 0 0 0 0 0 0 0 1 0 20
1 0 1 1 1 0 1 1 0 0 1 1 1 0 0 1 1 1 0 1 0 0 0 1 1 0 0 1 0 1 0 0 0 0 0 0 0 0 0 0 0 0 0 0 0 0 0 0 0 0 17
0 0 1 0 1 0 1 1 1 0 1 1 1 0 1 1 1 1 0 1 0 0 0 0 1 1 1 1 0 1 0 0 0 0 0 0 0 0 0 0 0 0 0 0 0 0 0 0 0 0 18
0 0 1 0 1 0 0 0 0 0 0 0 1 0 1 1 0 1 0 1 0 1 0 1 1 1 1 1 0 0 0 0 0 0 0 0 0 0 0 0 0 0 0 0 0 0 0 0 0 0 13
0 1 0 1 0 0 1 1 1 0 0 0 1 0 1 1 1 1 0 1 0 0 0 0 1 1 1 1 0 1 0 0 0 0 0 0 0 0 0 0 0 0 0 0 0 0 0 0 0 0 16
0 0 0 0 1 1 1 0 0 0 0 1 0 0 0 1 1 1 1 1 1 1 0 0 0 0 1 1 1 0 0 0 0 0 0 0 0 0 0 0 0 0 0 0 0 0 0 0 0 0 14
0 0 0 1 1 1 1 1 0 0 1 0 1 0 1 1 0 0 0 1 0 0 0 0 1 1 1 1 0 0 1 0 0 0 0 0 0 0 0 0 0 0 0 0 0 0 0 0 0 0 15
1 1 0 1 1 0 1 1 0 0 1 1 1 1 1 1 1 1 0 0 0 0 0 1 1 0 1 1 0 0 0 0 0 0 0 0 0 0 0 0 0 0 0 0 0 0 0 0 0 0 18
0 1 1 1 1 1 1 1 0 0 0 0 0 0 1 1 1 1 0 1 0 1 0 1 1 0 1 0 0 1 1 0 0 0 0 0 0 0 0 0 0 0 0 0 0 0 0 0 0 0 18
0 0 0 0 1 0 1 1 0 0 0 1 0 0 1 1 0 1 0 1 1 0 0 1 1 1 1 1 1 0 0 0 0 0 0 0 0 0 0 0 0 0 0 0 0 0 0 0 0 0 15
0 1 0 1 1 1 1 1 0 0 0 0 0 0 1 1 0 1 0 1 0 1 0 0 1 0 1 1 1 1 0 0 0 0 0 0 0 0 0 0 0 0 0 0 0 0 0 0 0 0 16
0 1 0 0 1 0 1 1 0 1 0 1 0 0 1 0 1 0 1 1 1 1 0 0 1 0 1 1 1 1 0 0 0 0 0 0 0 0 0 0 0 0 0 0 0 0 0 0 0 0 17
0 0 0 1 1 0 1 1 1 0 1 1 1 0 0 1 1 0 0 1 0 1 0 1 1 0 0 1 0 0 1 0 0 0 0 0 0 0 0 0 0 0 0 0 0 0 0 0 0 0 16
0 0 0 0 1 0 1 1 0 0 0 0 1 0 1 1 0 1 0 0 0 1 0 1 1 1 0 1 0 0 0 0 0 0 0 0 0 0 0 0 0 0 0 0 0 0 0 0 0 0 12
1 1 0 1 1 1 1 1 0 0 1 1 1 0 0 1 1 0 0 1 0 1 0 0 1 0 1 1 0 1 1 0 0 0 0 0 0 0 0 0 0 0 0 0 0 0 0 0 0 0 19
0 1 1 1 1 1 1 1 0 0 0 1 1 0 1 1 1 0 0 1 0 0 0 0 1 1 1 1 0 1 0 1 0 0 0 0 0 0 0 0 0 0 0 0 0 0 0 0 0 0 19
0 0 0 1 1 0 1 1 1 0 0 1 0 0 1 1 0 0 0 1 0 1 0 0 1 0 1 1 0 0 1 0 0 0 0 0 0 0 0 0 0 0 0 0 0 0 0 0 0 0 14
1 1 1 0 1 0 1 1 1 0 1 0 1 0 1 1 1 1 0 1 0 1 0 1 1 0 1 1 0 0 1 0 0 0 0 0 0 0 0 0 0 0 0 0 0 0 0 0 0 0 20
0 0 1 0 1 1 1 1 0 0 0 1 1 1 1 0 0 1 0 1 0 1 0 1 1 0 1 1 1 1 0 0 0 0 0 0 0 0 0 0 0 0 0 0 0 0 0 0 0 0 18
1 1 0 0 1 1 1 1 0 0 0 1 1 0 1 1 1 0 1 1 0 1 0 1 1 0 0 1 0 0 0 0 0 0 0 0 0 0 0 0 0 0 0 0 0 0 0 0 0 0 17
0 0 0 1 1 0 1 1 0 0 1 1 1 0 0 1 1 0 0 1 0 1 0 1 1 1 1 1 0 1 1 0 0 0 0 0 0 0 0 0 0 0 0 0 0 0 0 0 0 0 18
1 0 0 0 0 0 1 1 0 0 1 0 0 0 1 1 1 0 0 1 0 0 0 0 1 0 1 0 0 0 1 0 0 0 0 0 0 0 0 0 0 0 0 0 0 0 0 0 0 0 11
1 0 1 1 1 0 1 1 1 0 0 1 1 0 1 1 1 1 0 1 0 1 0 0 1 0 1 1 0 1 1 0 0 0 0 0 0 0 0 0 0 0 0 0 0 0 0 1 0 0 21
1 1 0 1 1 1 1 1 0 0 0 1 0 0 1 1 1 0 0 0 0 1 0 1 1 1 1 1 0 0 0 0 0 0 0 0 0 0 1 0 0 0 0 0 0 0 0 0 0 0 18
0 0 0 1 1 0 1 1 0 0 1 1 0 0 1 1 1 1 0 1 0 1 0 0 1 1 0 1 1 0 1 0 0 0 0 0 0 0 0 0 0 0 0 0 0 0 0 0 0 0 17
0 0 0 1 1 0 1 1 0 0 1 0 0 0 0 1 0 1 0 0 0 1 0 0 1 1 1 1 1 1 0 0 0 0 0 0 0 0 0 0 0 0 0 0 0 0 0 0 0 0 14
0 0 1 1 1 0 1 1 1 0 0 1 1 0 1 0 0 1 0 0 1 0 0 0 1 1 1 1 1 1 0 0 0 0 0 0 0 0 0 0 0 0 0 0 0 0 0 0 0 0 17
1 0 0 1 1 1 1 1 1 0 1 0 1 0 1 1 1 1 0 1 0 1 0 0 1 0 1 0 0 1 1 0 0 0 0 0 0 0 0 0 0 0 0 0 0 0 0 0 0 0 19
1 0 0 1 1 0 0 1 0 0 1 1 0 0 1 0 1 1 1 1 1 0 0 1 1 0 1 1 0 0 1 0 0 0 0 0 0 0 0 0 0 0 0 0 0 0 0 0 0 0 17
0 0 0 0 1 1 1 1 0 0 0 1 1 0 1 1 1 0 0 1 0 0 0 0 1 0 1 1 0 0 0 0 0 0 0 0 0 0 0 0 0 0 0 0 0 0 0 0 0 0 13
0 0 0 0 1 0 1 1 0 0 0 1 1 0 1 1 1 1 0 0 0 0 0 1 1 0 1 1 0 0 0 0 0 0 0 0 0 0 0 0 0 0 0 0 0 0 0 0 0 0 13
0 0 0 0 1 1 1 1 1 0 0 1 0 0 0 1 1 1 0 1 0 0 0 0 1 1 0 1 0 1 1 0 0 0 0 0 0 0 0 0 0 0 0 0 0 0 0 0 0 0 15
0 0 0 0 1 1 1 1 0 0 0 1 1 1 1 0 1 0 0 1 0 1 0 0 1 0 1 1 1 1 0 0 0 0 0 0 0 0 0 0 0 0 0 0 0 0 0 0 0 0 16
1 1 0 1 1 1 1 1 0 0 0 1 0 0 0 1 0 0 0 1 0 1 0 1 1 0 1 1 1 0 1 0 0 0 0 0 0 1 0 0 0 0 0 0 0 0 0 0 0 0 18
1 0 0 1 1 0 0 1 0 0 0 0 0 0 1 1 1 1 0 1 0 1 0 1 1 1 1 1 0 0 1 0 0 0 0 0 0 0 0 0 0 0 0 0 0 0 0 0 0 0 16
1 1 0 0 0 0 1 1 0 0 1 1 1 0 0 1 1 0 0 0 1 0 0 1 1 0 0 0 0 0 0 0 0 0 0 0 0 0 0 0 0 0 0 0 0 0 0 0 0 0 12
1 0 0 1 1 0 1 1 0 0 1 1 0 0 1 0 0 0 0 1 0 0 0 1 1 1 0 1 1 1 0 0 0 0 0 0 0 0 0 0 0 0 0 0 0 0 0 0 0 0 15
0 0 1 0 1 0 1 1 0 0 1 1 0 0 1 1 1 0 0 0 1 1 0 1 1 1 1 1 0 1 1 0 0 0 0 0 0 0 0 0 0 0 0 0 0 0 0 0 0 0 18
0 0 0 0 1 0 1 1 0 0 1 1 1 0 1 1 0 0 0 1 0 1 1 0 1 1 1 1 1 1 0 0 0 0 0 0 0 0 0 0 0 0 0 0 0 0 0 0 0 0 17
0 0 0 0 1 0 1 1 0 0 0 1 0 0 1 0 1 1 1 1 0 1 0 0 1 1 1 1 0 1 0 0 0 0 0 0 0 0 0 0 0 0 0 0 0 1 0 0 0 0 16
0 0 0 0 0 1 1 1 1 0 0 1 1 0 1 1 1 0 0 0 0 0 0 1 1 0 1 1 0 0 0 0 0 0 0 0 0 0 0 0 0 0 0 0 0 0 0 0 0 0 13
1 0 1 0 1 1 1 1 0 0 0 1 0 1 1 1 1 0 0 1 0 0 0 1 1 0 1 1 1 1 0 0 0 0 0 0 0 0 0 0 0 0 0 0 0 0 0 0 0 0 18
1 1 1 0 1 1 1 1 0 0 1 1 0 0 1 1 0 0 0 0 0 0 0 1 1 1 0 1 0 1 0 0 0 0 0 0 0 0 0 0 0 0 0 0 0 0 0 0 0 0 16
1 1 1 1 1 0 1 1 1 0 0 1 1 0 0 0 1 1 0 1 1 1 0 1 1 1 1 1 0 1 1 0 0 0 0 0 0 0 0 0 0 0 0 0 0 0 0 0 0 0 22
0 1 1 0 1 0 1 0 0 0 0 1 1 0 1 1 0 1 0 0 0 1 0 1 0 0 1 1 1 0 1 0 0 0 0 0 0 0 0 0 0 0 0 0 0 0 0 0 0 0 15
1 0 0 0 1 0 1 1 0 0 1 0 0 0 1 0 0 1 1 1 0 1 0 0 1 1 1 1 0 1 1 0 0 0 0 0 0 0 0 0 0 0 0 0 0 0 0 0 0 0 16
0 1 0 0 1 0 1 1 1 0 0 1 1 0 1 1 1 0 1 1 0 1 0 1 1 0 1 1 1 1 0 0 0 0 0 0 0 0 0 0 0 0 0 0 0 0 0 0 0 0 19
0 0 1 0 1 0 1 1 0 0 1 1 0 0 1 1 0 1 0 1 1 1 0 1 1 1 1 1 1 0 0 0 0 0 0 0 0 0 0 0 0 0 0 0 0 0 0 0 0 0 18
0 0 0 0 0 1 1 1 0 0 1 1 1 0 1 1 1 1 0 1 1 1 0 0 1 1 1 1 0 1 1 0 0 0 1 0 0 0 0 0 0 0 0 0 0 0 0 0 0 0 20
0 0 1 0 1 0 1 1 0 0 0 1 0 1 1 1 1 0 0 1 0 1 0 0 1 1 1 1 1 0 0 0 0 0 0 0 0 0 0 0 0 0 0 0 0 0 0 0 0 0 16
0 1 0 0 1 0 1 1 0 0 1 1 1 0 1 1 0 0 0 0 0 0 0 1 1 1 0 1 1 1 1 0 0 0 0 0 0 0 0 0 0 0 0 0 0 0 0 0 0 0 16
1 0 1 1 1 1 0 1 1 0 1 0 0 0 1 1 1 0 0 1 0 1 0 1 1 1 1 1 0 0 1 0 0 0 0 0 0 0 0 0 0 0 0 0 0 0 0 0 0 0 19
0 0 0 1 1 0 0 1 0 0 1 0 1 1 1 1 0 1 0 1 0 1 0 1 1 0 1 1 1 1 0 0 0 1 0 0 0 0 0 0 0 0 0 0 0 0 0 0 0 0 18
1 1 0 0 1 1 1 1 0 0 0 0 0 0 1 1 1 1 0 1 0 1 0 0 1 1 0 0 0 0 0 0 0 0 0 0 0 0 0 0 0 0 0 0 0 0 0 0 0 0 14
0 0 0 1 1 1 1 1 0 0 1 1 0 0 1 1 1 1 0 1 0 1 0 0 1 0 1 1 0 0 1 0 0 0 0 0 0 0 0 0 0 0 0 0 0 0 0 0 0 0 17
1 0 0 0 1 1 1 1 0 0 0 1 0 0 0 1 0 1 0 1 0 0 0 1 1 1 1 1 0 1 0 0 0 0 0 0 0 0 0 0 0 0 0 0 0 0 0 0 0 0 15
1 0 1 0 1 0 1 1 0 0 1 0 1 0 0 1 1 0 0 1 0 1 0 1 1 1 0 1 0 0 0 0 1 0 0 0 0 0 0 0 0 0 0 0 0 0 0 0 0 0 16
0 1 0 0 1 0 1 1 0 0 0 1 1 1 1 1 1 1 0 1 1 1 0 1 1 0 1 1 0 1 1 0 0 0 0 0 0 0 0 0 0 0 0 0 0 0 0 0 0 0 20
0 0 0 0 1 1 1 1 0 0 1 1 1 0 0 1 1 1 0 0 0 1 0 0 1 1 1 1 0 1 0 0 0 0 0 0 0 0 0 0 0 0 0 0 0 0 0 0 0 0 16
1 0 1 1 1 0 1 1 0 0 0 1 1 0 1 1 1 1 0 1 0 0 0 1 1 1 0 1 0 0 1 0 0 0 0 0 0 0 0 0 0 0 0 0 0 0 0 0 0 0 18
0 0 0 1 0 0 1 1 0 1 1 0 1 0 1 1 1 1 0 1 0 1 0 1 1 1 1 1 0 1 1 0 0 0 0 0 0 0 0 0 0 0 0 0 0 0 0 0 0 0 19
0 0 1 1 1 0 1 1 0 0 1 0 1 0 1 1 1 1 0 1 0 0 0 0 1 0 1 1 0 1 1 0 0 0 0 0 0 0 0 0 0 0 0 0 0 0 0 0 0 0 17
1 1 0 1 1 0 1 1 0 0 1 1 1 0 1 1 0 1 0 1 0 1 0 0 1 1 1 1 0 1 1 0 0 1 0 0 0 0 0 0 0 0 0 0 0 0 0 0 0 0 21
1 0 0 1 1 0 1 1 1 0 0 1 1 1 1 1 1 0 0 1 0 1 0 1 1 1 1 1 1 1 0 0 0 0 0 0 0 0 0 0 0 0 0 0 0 0 0 0 0 0 21
0 1 0 1 0 0 1 1 0 0 1 1 1 1 1 0 0 1 0 0 0 1 0 0 1 0 0 1 1 1 0 0 0 0 0 0 0 0 0 0 0 0 0 0 0 0 0 0 0 0 15
0 1 0 0 1 1 1 1 0 0 1 1 0 0 0 0 1 1 0 1 0 0 0 1 1 1 0 1 0 1 0 0 0 0 0 0 0 0 0 0 0 0 0 0 0 0 0 0 0 0 15
1 0 1 1 1 0 1 1 1 0 1 1 1 0 1 1 0 1 0 1 1 1 0 1 1 0 1 1 1 1 0 0 0 0 0 0 0 0 0 0 0 0 0 0 0 0 0 0 0 0 22
1 0 1 0 1 1 1 1 1 0 1 0 1 0 1 0 1 1 1 1 0 1 0 1 1 1 1 1 0 0 0 0 0 0 0 0 0 0 0 0 0 0 0 0 0 0 0 0 0 0 20
0 1 1 0 1 1 1 1 0 0 1 1 0 0 1 1 1 0 0 1 1 0 0 0 1 0 1 1 1 1 1 0 0 0 0 0 0 0 0 0 0 0 0 0 0 0 0 0 0 0 19
1 1 0 0 1 1 1 1 1 0 1 1 0 0 1 1 1 0 0 0 1 1 0 1 1 0 1 1 0 0 0 0 0 0 0 0 0 0 0 0 0 0 0 0 0 0 0 0 0 0 18
0 1 1 1 1 0 1 1 1 0 0 1 1 0 0 1 0 0 0 1 1 1 0 0 1 0 1 1 0 1 1 0 0 0 0 0 0 0 0 0 0 0 0 0 0 0 0 0 0 0 18
0 0 0 0 0 0 1 1 0 0 0 1 0 0 0 1 1 0 0 0 0 1 0 1 1 1 1 1 1 1 1 0 0 0 0 0 0 0 0 0 0 0 0 0 0 0 0 0 0 0 14
0 0 0 1 1 0 1 1 0 0 0 1 1 0 0 1 1 1 1 1 0 0 0 1 1 1 1 1 0 0 1 0 0 0 0 0 0 0 0 0 0 0 0 0 0 0 0 0 0 0 17
1 0 0 0 0 0 1 1 0 0 0 0 1 0 1 0 1 1 0 1 1 1 1 0 1 0 0 1 0 1 1 0 0 0 0 0 0 0 0 0 0 0 0 0 0 0 0 0 0 0 15
1 1 0 1 1 1 0 1 0 0 1 1 1 0 0 1 1 0 0 1 0 0 0 1 1 1 1 1 0 0 0 0 0 0 0 0 0 0 0 0 0 0 0 0 0 0 0 0 0 0 17
0 0 0 1 1 1 1 1 1 0 1 1 1 1 1 1 1 1 0 1 0 1 0 1 1 0 1 1 1 1 1 0 0 0 0 0 0 0 0 0 0 0 0 0 0 0 0 0 0 0 23
0 0 0 1 1 1 1 1 1 0 1 1 1 0 1 0 1 1 0 0 0 1 0 1 1 1 1 0 0 1 1 0 0 0 0 0 0 0 0 0 0 0 0 0 0 0 0 0 0 0 19
1 1 0 0 0 1 1 1 1 0 0 1 1 0 1 1 1 1 0 1 0 0 0 0 1 1 1 0 1 1 1 0 0 0 0 0 0 0 0 0 0 0 0 0 0 0 0 0 0 0 19
1 0 1 1 1 1 1 1 0 0 1 1 1 0 1 1 0 1 0 1 1 1 0 1 1 0 1 1 1 1 0 0 0 0 0 0 0 0 0 0 0 0 0 0 0 0 0 0 0 0 22
0 0 1 0 1 0 1 1 0 0 0 1 0 0 0 1 1 1 0 1 1 0 0 0 1 1 1 1 0 1 1 0 0 0 0 0 0 0 0 0 0 0 0 0 0 0 0 0 0 0 16
0 1 1 1 1 1 1 1 0 1 0 0 1 0 1 1 0 1 0 1 0 0 0 0 0 0 1 1 0 1 1 0 0 0 0 0 0 0 0 0 0 0 0 0 0 0 0 0 0 0 17
0 1 1 0 1 0 1 1 0 0 0 1 1 0 1 1 0 0 0 1 0 0 0 0 1 0 1 1 0 1 0 0 0 0 0 0 0 0 0 0 0 0 0 0 0 0 0 0 0 0 14
0 1 0 1 1 1 1 1 0 0 0 1 1 0 1 1 0 1 0 1 0 1 0 1 1 0 1 1 0 1 0 0 0 0 0 0 0 0 0 0 0 0 0 0 0 0 0 0 0 0 18
1 1 0 1 1 0 1 1 0 0 1 1 1 0 0 1 1 1 0 1 0 1 0 1 1 0 1 1 0 1 0 0 0 0 0 0 0 0 0 0 0 0 0 0 0 0 0 0 0 0 19
0 1 0 1 1 0 1 1 0 0 1 1 1 1 0 1 1 0 0 0 0 1 0 0 1 1 1 0 0 1 0 0 0 0 0 0 0 0 0 0 0 0 0 0 0 0 0 0 0 0 16
1 0 0 0 1 0 0 1 0 0 0 0 1 0 1 1 0 0 0 1 0 0 1 1 1 1 0 1 1 0 0 0 0 0 0 0 0 0 0 0 0 0 0 0 0 0 0 0 0 0 13
0 0 0 0 0 1 1 1 1 0 0 1 1 0 1 1 1 0 0 1 0 1 0 0 1 0 1 1 1 1 1 0 0 0 0 0 0 0 0 0 0 0 0 0 0 0 0 0 0 0 17
0 0 0 1 1 0 1 1 0 0 0 0 0 0 1 1 1 0 0 1 0 1 0 0 1 1 1 1 1 0 0 0 0 0 0 0 0 0 0 0 0 0 0 0 0 0 0 0 0 0 14
1 0 0 1 1 0 1 1 1 0 1 0 0 0 0 1 1 0 0 1 0 0 0 0 1 0 1 1 0 1 1 0 0 0 0 0 0 0 0 0 0 0 0 0 0 0 0 0 0 0 15
0 0 0 0 0 1 1 1 1 0 0 0 1 0 0 1 0 0 0 1 0 1 0 0 1 1 0 1 0 1 0 0 0 0 0 0 0 0 0 0 0 0 0 0 0 0 0 0 0 0 12
0 1 1 1 1 0 1 0 0 0 0 1 1 0 1 0 1 0 0 1 1 1 0 1 1 1 1 1 0 0 1 0 0 0 0 0 0 0 0 0 0 0 0 0 0 0 0 0 0 0 18
0 0 1 1 1 0 1 1 0 0 1 1 1 0 0 1 1 0 0 1 0 1 0 0 1 0 1 1 1 0 0 0 0 0 0 0 0 0 0 0 0 0 0 0 0 0 0 0 0 0 16
0 0 1 0 1 1 1 1 0 0 1 0 1 0 0 1 0 0 0 1 0 1 0 0 1 1 1 1 0 1 0 0 0 0 0 0 0 0 0 0 0 0 0 0 0 0 0 0 0 0 15
0 0 0 0 1 0 1 0 0 0 0 0 1 0 1 1 1 1 0 1 0 1 0 1 0 0 1 1 1 1 0 0 0 0 0 0 0 0 0 0 0 0 0 0 0 0 0 0 0 0 14
0 0 0 1 1 0 0 1 1 0 1 1 1 0 1 1 1 1 0 1 1 1 1 0 1 1 1 1 1 1 1 0 0 0 0 0 0 0 0 0 0 0 0 0 0 0 0 0 0 0 22
1 0 0 0 1 0 1 1 1 0 0 1 1 1 0 1 1 1 1 0 0 1 0 1 1 0 1 1 1 1 1 0 0 0 0 0 0 0 0 0 0 0 0 0 0 0 0 0 0 0 20
0 1 1 1 1 0 1 1 1 0 1 0 1 0 1 1 1 1 0 1 0 0 0 0 1 0 1 1 0 0 1 0 0 0 0 0 0 0 0 0 0 0 0 0 0 0 0 0 0 0 18
1 1 0 0 1 0 1 1 1 0 0 1 0 0 1 1 1 1 0 1 1 1 0 0 1 1 0 0 0 1 1 0 0 0 0 0 0 0 0 0 0 0 0 0 0 0 0 0 0 0 18
0 0 0 1 1 1 1 1 0 0 0 1 0 0 1 1 1 0 1 1 0 0 0 0 1 0 1 1 1 1 0 0 0 0 0 0 0 0 0 0 0 0 0 0 0 0 0 0 0 0 16
0 1 0 1 0 0 1 1 0 0 0 1 1 0 1 1 1 1 1 1 0 1 0 1 1 0 1 0 1 1 0 0 0 0 0 0 0 0 0 0 0 0 0 0 0 0 0 0 0 0 18
0 1 1 0 1 0 1 1 0 1 1 1 1 0 0 1 1 0 0 1 0 1 0 0 1 1 1 0 0 1 0 0 0 0 0 0 0 0 0 0 0 0 0 0 0 0 0 0 0 0 17
0 0 1 0 1 0 1 1 0 0 1 1 1 0 0 1 1 1 0 0 1 1 0 0 1 1 1 1 0 0 0 0 0 0 0 0 0 0 0 0 0 0 0 0 0 0 0 0 0 0 16
0 1 0 0 1 1 1 1 0 0 0 0 0 0 0 1 1 1 0 1 0 1 0 1 1 0 0 1 1 0 1 0 0 0 0 0 0 0 0 0 0 0 0 0 0 0 0 0 0 0 15
0 1 0 0 1 0 1 1 0 0 1 0 1 0 1 1 1 1 0 1 0 1 0 0 1 1 1 1 0 1 1 0 0 0 0 0 0 0 0 0 0 0 0 0 0 0 0 0 0 0 18
0 0 0 0 1 0 1 1 0 0 1 1 0 0 0 0 1 0 0 0 0 0 0 1 1 0 1 1 1 1 0 0 0 0 0 0 0 0 0 0 0 0 0 0 0 0 0 0 0 0 12
0 0 1 0 1 1 1 1 0 1 0 1 1 0 1 1 1 0 1 1 0 1 0 0 1 1 1 1 1 1 0 0 0 0 0 0 0 0 0 0 0 0 0 0 0 0 0 0 0 0 20
0 0 0 0 1 1 1 1 0 0 0 1 1 0 1 0 1 0 0 1 0 1 0 0 1 1 1 1 0 1 0 0 0 0 0 0 0 0 0 0 0 0 0 0 0 0 0 0 0 0 15
0 1 0 0 1 0 1 1 1 0 1 1 0 1 0 1 0 1 0 1 0 1 0 0 1 1 1 1 0 0 0 0 0 0 0 0 0 0 0 0 0 0 0 0 0 0 0 0 0 0 16
0 0 0 0 1 0 1 1 0 0 1 0 0 0 1 1 0 1 0 1 0 0 0 0 1 1 1 0 0 1 0 0 0 0 0 0 0 0 0 0 0 0 0 0 0 0 0 0 0 0 12
0 1 1 0 1 0 1 1 0 0 1 1 0 1 1 1 0 0 0 0 0 1 0 1 1 0 1 1 0 1 1 0 0 0 0 0 0 0 0 0 0 0 0 0 0 0 0 0 0 0 17
0 1 0 0 1 0 1 1 0 0 0 1 1 0 1 1 1 1 0 1 1 1 0 1 1 1 1 0 1 0 1 0 0 0 0 0 0 0 0 0 0 0 0 0 0 0 0 0 0 0 19
0 0 1 0 1 0 1 1 0 0 1 1 0 0 1 1 0 1 0 1 1 1 0 1 1 0 1 1 0 1 1 0 0 0 0 0 0 0 0 0 0 0 0 0 0 0 0 0 0 0 18
0 1 1 1 1 0 0 1 0 0 0 1 1 0 1 1 1 0 0 1 0 1 0 1 1 1 1 1 0 0 1 0 0 0 0 0 0 0 0 0 0 0 0 0 0 0 0 0 0 0 18
0 0 0 0 0 0 1 1 0 0 1 1 1 0 1 1 1 1 0 1 1 0 0 0 1 0 0 1 0 1 0 1 0 0 0 0 0 0 0 0 0 0 0 0 0 0 0 0 0 0 15
1 0 0 1 1 1 1 1 1 0 0 1 0 1 0 1 1 0 0 1 1 0 0 0 1 1 1 0 0 1 0 0 0 0 0 0 0 0 0 0 0 0 0 0 0 0 0 0 0 0 17
1 0 1 0 1 0 1 1 0 0 1 1 0 0 1 1 0 1 0 1 0 1 0 0 1 0 1 1 1 0 0 0 0 0 0 0 0 0 0 0 0 0 0 0 0 0 0 0 0 0 16
0 1 0 1 1 1 1 1 1 0 0 1 0 0 1 1 0 1 0 1 0 1 0 1 1 1 1 1 1 1 1 0 0 0 0 0 0 0 0 0 0 0 0 0 0 0 0 0 0 0 21
0 1 0 1 1 0 0 1 1 0 0 1 1 1 0 1 0 1 0 1 1 1 0 1 1 1 1 1 1 0 0 0 0 0 0 0 0 0 0 0 0 0 0 0 0 0 0 0 0 0 19
1 0 0 0 1 0 1 1 1 0 0 1 0 0 1 0 1 0 0 0 0 1 0 1 1 0 1 1 0 1 0 1 0 0 0 0 0 0 0 0 0 0 0 0 1 0 0 0 0 0 16
0 0 1 1 1 1 1 1 0 0 1 1 0 0 1 1 1 1 0 1 0 0 0 0 1 0 0 0 0 1 0 0 0 0 0 0 0 0 0 0 0 0 0 0 0 0 0 0 0 0 15
0 1 0 1 1 0 1 1 0 0 0 0 1 0 1 1 1 1 0 1 0 1 0 1 1 1 1 1 0 1 0 0 0 0 0 0 0 0 0 0 0 0 0 0 0 0 0 0 0 0 18
0 0 0 1 0 1 1 1 0 0 1 1 1 0 1 1 0 0 0 1 1 1 0 0 1 0 1 1 1 1 0 0 0 0 0 0 0 0 0 0 0 0 0 0 0 0 0 0 0 0 17
0 1 0 0 1 1 1 1 1 0 1 1 0 0 1 1 0 0 0 1 0 0 0 1 1 1 0 1 1 1 1 0 0 0 0 0 0 0 0 0 0 0 0 0 0 0 0 0 0 0 18
0 0 0 0 1 1 1 1 1 0 0 1 1 0 1 1 1 0 0 1 1 1 0 0 1 1 0 1 1 0 1 0 0 0 0 0 0 0 0 0 0 0 0 1 0 0 0 0 0 0 19
0 1 0 0 0 0 1 1 0 0 0 1 1 0 1 1 1 1 0 1 0 0 0 1 1 1 1 1 1 0 0 0 0 0 0 0 0 0 0 0 0 0 0 0 0 0 0 0 0 0 16
0 0 0 0 1 0 1 1 0 0 1 1 1 0 0 1 1 0 0 1 0 0 0 1 1 0 0 1 0 0 0 0 0 0 0 0 0 0 0 0 0 0 0 0 0 0 0 0 0 0 12
0 1 0 0 1 1 1 1 1 0 1 1 1 1 1 1 1 0 0 0 0 1 0 0 1 1 1 1 0 1 1 0 0 0 0 0 0 0 0 0 0 0 0 0 0 0 0 0 0 0 20
0 1 0 1 1 0 1 1 0 0 1 0 1 0 0 1 1 1 0 1 0 1 0 1 1 0 0 1 0 1 0 0 0 0 0 0 0 0 0 0 0 0 0 0 0 0 0 0 0 0 16
0 0 0 1 1 0 1 1 1 0 1 1 1 0 1 1 1 0 0 1 1 0 0 1 1 0 1 1 0 0 0 0 0 0 0 0 0 0 0 0 0 0 0 0 0 0 0 0 0 0 17
0 0 1 0 1 0 1 1 0 0 1 1 1 0 0 1 1 1 0 1 0 0 0 0 1 1 1 0 0 0 0 0 0 0 0 0 0 0 0 0 0 0 0 0 0 0 0 0 0 0 14
0 0 1 1 1 1 1 1 1 0 1 0 1 0 0 1 1 0 0 1 1 0 0 1 1 0 1 1 1 1 1 0 0 0 0 0 0 0 0 0 0 0 0 0 0 0 0 0 0 0 20
0 1 1 0 1 1 1 1 1 0 0 1 1 0 0 1 1 1 0 1 0 1 0 0 1 1 1 1 0 1 0 0 0 0 0 0 0 0 0 1 0 0 0 0 0 0 0 0 0 0 20
1 1 1 1 1 0 1 1 0 0 1 0 1 0 0 1 0 0 0 1 0 1 0 1 1 0 0 0 0 1 0 0 0 0 0 0 0 0 0 0 0 0 0 0 0 0 0 0 0 0 15
1 1 0 0 1 1 1 1 1 0 0 1 0 1 1 1 1 1 0 1 1 0 0 0 1 1 1 1 0 0 0 0 0 0 0 0 0 0 0 0 0 0 0 0 0 0 0 0 0 0 19
0 0 0 1 1 0 1 1 0 0 0 0 1 1 1 1 0 1 0 1 0 1 0 0 1 1 0 0 1 1 0 0 0 0 0 0 0 0 0 0 0 0 0 0 0 0 0 0 0 0 15
1 0 1 0 1 1 1 1 1 0 0 1 0 0 1 1 1 1 0 0 1 1 0 0 1 0 1 1 1 1 0 0 0 0 0 0 0 0 0 0 0 0 0 0 0 0 0 0 0 0 19
1 0 0 0 1 0 0 0 0 0 1 1 1 0 1 1 0 1 0 1 0 1 0 0 1 1 1 1 1 1 0 0 0 0 0 0 0 0 0 0 0 0 0 0 0 0 0 0 0 0 16
0 1 0 0 0 0 1 1 0 0 0 1 1 0 1 1 1 1 0 1 0 0 0 0 1 0 1 0 0 0 0 0 0 0 0 1 0 0 0 0 0 0 0 0 0 0 0 0 0 0 13
0 0 0 1 1 0 1 1 0 0 0 1 0 0 1 1 1 0 0 1 0 0 0 1 1 1 1 0 0 1 0 0 0 0 0 0 0 0 0 0 0 0 0 0 0 0 0 0 0 0 14
0 0 1 1 1 0 1 1 0 0 1 1 1 0 1 1 1 0 0 1 0 1 0 1 1 1 1 1 0 0 1 0 0 0 0 0 0 0 0 0 0 0 0 0 0 0 0 0 0 0 19
0 0 1 1 1 1 1 1 0 0 1 0 0 0 1 1 1 1 0 0 0 1 0 0 1 1 1 1 0 0 0 0 0 0 0 0 0 0 0 0 0 0 0 0 0 0 1 0 0 0 17
0 1 1 1 1 1 1 1 0 0 0 1 1 0 0 1 1 1 0 1 1 1 0 0 1 1 0 1 0 0 1 0 0 0 0 0 0 0 0 0 0 0 0 0 0 0 0 0 0 0 19
0 0 0 1 1 0 1 1 0 0 0 0 1 0 1 1 1 0 0 1 0 1 0 0 1 1 0 1 0 1 0 0 0 0 0 0 0 0 0 0 0 0 0 0 0 0 0 0 0 0 14
0 1 1 1 1 0 1 1 0 0 0 1 1 0 0 1 0 0 0 0 0 1 0 0 1 0 0 1 0 0 1 0 0 0 0 0 0 0 0 0 0 0 0 0 0 0 0 0 0 0 13
0 1 0 0 1 0 1 1 0 0 0 0 1 1 1 1 0 0 0 1 0 1 0 0 1 1 1 1 1 1 0 0 0 0 0 0 0 0 0 0 0 0 0 0 0 0 0 0 0 0 16
1 0 0 0 1 1 1 1 1 0 1 1 0 0 1 0 1 1 0 1 1 1 0 0 1 1 1 0 1 1 0 0 0 0 0 0 0 0 0 0 0 0 0 0 0 0 0 0 0 0 19
0 1 0 0 1 0 1 1 0 0 1 0 0 0 1 1 0 0 0 0 0 0 0 0 1 1 1 1 0 1 0 0 0 0 0 0 0 0 0 0 0 0 0 0 0 0 0 0 0 0 12
1 0 0 0 1 1 1 1 0 0 0 1 1 0 0 0 1 1 0 1 0 0 0 0 1 0 1 0 0 1 0 0 0 0 0 0 0 0 0 0 0 0 0 0 0 0 0 0 0 0 13
0 0 0 1 1 0 1 1 0 0 0 1 1 0 1 1 1 0 0 1 1 1 0 0 1 1 1 0 0 0 1 0 0 0 0 0 0 0 0 0 0 0 0 0 0 0 0 0 0 0 16
0 0 0 1 1 0 1 1 0 0 0 1 1 0 1 1 1 0 0 1 0 0 0 1 1 1 0 1 0 0 0 0 0 0 0 0 0 0 0 0 0 0 0 0 0 0 0 0 0 0 14
0 1 0 1 1 0 1 1 0 0 0 1 1 0 1 1 1 0 0 1 0 1 0 0 1 0 1 1 0 1 1 0 0 0 0 0 0 0 0 0 0 0 0 0 0 0 0 0 0 0 17
0 1 0 0 1 1 1 1 1 0 1 1 0 0 0 1 0 1 0 1 0 1 0 0 1 1 1 1 0 0 0 0 0 0 0 0 0 0 0 0 0 0 0 0 0 0 0 0 0 0 16
0 0 0 0 0 0 1 1 0 0 1 0 0 0 1 1 0 0 0 1 0 0 0 1 1 0 1 1 1 0 0 0 0 0 0 0 0 0 0 0 0 0 0 0 0 0 0 0 0 0 11
0 1 0 0 1 1 1 1 1 0 0 0 0 0 1 1 1 1 0 1 1 1 0 1 1 1 1 1 0 1 0 0 0 0 0 0 0 0 0 0 0 0 0 0 0 0 0 0 0 0 19
0 0 1 1 0 1 1 1 0 0 0 1 1 0 0 1 1 0 0 1 0 1 0 0 1 1 1 1 0 0 1 0 0 0 0 0 0 0 0 0 0 1 0 0 0 0 0 0 0 0 17
0 1 0 1 1 1 1 1 0 0 1 1 0 1 0 1 1 0 0 1 0 1 0 1 1 1 1 1 1 0 0 0 0 0 0 0 0 0 0 0 0 0 0 0 0 0 0 0 0 1 20
0 1 0 0 1 0 1 1 0 0 0 1 1 1 0 1 1 1 0 0 0 1 0 0 1 0 1 1 1 0 0 0 1 0 0 0 0 0 0 0 0 0 0 0 0 0 0 0 0 0 16
0 0 0 1 1 0 1 1 0 0 1 1 1 1 1 1 1 0 0 1 0 1 0 0 1 1 0 1 0 0 0 0 0 0 0 0 0 0 0 0 0 0 0 0 0 0 0 0 0 0 16
0 0 0 0 0 0 1 0 0 0 0 0 0 0 1 1 0 0 0 1 0 0 0 1 1 1 1 1 0 1 0 0 0 0 0 0 0 0 0 0 0 0 0 0 0 0 0 0 0 0 10
0 0 0 1 1 0 0 1 1 0 0 0 0 0 1 1 0 1 0 1 0 0 0 1 1 1 1 1 1 1 0 0 0 0 0 0 0 0 0 0 0 0 0 0 0 0 0 0 0 0 15
0 0 1 0 1 0 0 1 1 0 0 1 0 0 1 1 0 1 0 1 0 1 0 0 1 1 0 1 1 1 1 0 0 0 0 0 0 0 0 0 0 0 0 0 0 0 0 0 0 0 16
0 0 0 1 0 1 1 1 0 0 0 1 1 0 1 1 1 1 0 1 0 0 0 0 0 0 0 1 0 1 0 0 0 0 0 0 0 0 0 0 1 0 0 0 0 0 0 0 0 0 14
0 0 0 0 1 0 1 1 0 0 1 1 1 0 1 1 1 0 0 1 0 1 0 1 1 0 1 1 1 0 0 0 0 0 0 0 0 0 0 0 0 0 0 0 0 0 0 0 0 0 16
1 0 0 1 1 0 1 1 0 0 1 1 0 0 1 1 1 1 0 1 0 1 0 1 1 0 1 1 0 1 1 0 0 0 0 0 0 0 0 0 0 0 0 0 0 0 0 0 0 0 19
0 0 0 1 1 0 1 1 1 0 0 1 1 0 1 1 0 0 1 1 0 0 1 1 1 0 1 1 0 0 0 0 0 0 0 0 0 0 0 0 0 0 0 0 0 0 0 0 0 0 16
1 1 0 0 1 0 1 1 0 0 0 1 1 0 1 1 1 1 0 1 0 0 0 0 1 1 1 1 1 0 0 1 0 0 0 0 0 0 0 0 0 0 0 0 0 0 0 0 0 0 18
0 1 0 0 1 0 1 1 0 0 1 1 1 0 1 1 1 0 0 1 0 1 0 1 1 1 1 1 0 0 0 0 0 0 0 0 0 0 0 0 0 0 0 0 0 0 0 0 0 0 17
0 0 0 0 1 1 0 1 0 0 1 0 0 0 1 0 1 1 0 1 0 1 0 1 1 0 1 1 0 1 1 0 0 0 0 0 0 0 0 0 0 0 0 0 0 0 0 0 0 0 15
0 0 0 1 1 1 1 1 0 0 1 1 0 0 1 1 1 1 0 1 0 1 0 1 1 1 0 1 0 1 0 0 0 0 0 0 0 0 0 0 0 0 0 0 0 0 0 0 0 0 18
0 1 1 1 1 0 1 1 1 0 0 1 1 0 1 1 1 0 0 1 1 1 0 0 1 1 1 1 0 0 0 0 0 0 0 0 0 0 0 0 0 0 0 0 0 0 0 0 0 0 19
0 0 1 0 1 0 1 1 0 0 0 1 0 0 1 0 0 1 0 1 0 1 0 0 1 0 1 1 1 0 1 0 0 0 0 0 0 0 0 0 0 0 0 0 0 0 0 0 0 0 14
1 1 0 1 1 1 1 1 0 0 1 1 1 0 1 1 1 0 0 1 0 0 0 1 1 0 1 1 0 0 1 0 0 0 0 0 0 0 0 0 0 0 0 0 0 0 0 0 0 0 19
0 1 1 0 1 0 1 1 1 0 0 1 1 0 1 0 1 0 1 1 1 1 0 1 1 0 1 1 0 0 1 0 0 0 0 0 0 0 0 0 0 0 0 0 0 0 0 0 0 0 19
1 0 0 1 1 0 0 1 0 0 1 1 1 0 0 1 0 1 0 1 0 1 0 1 1 0 1 1 0 0 1 0 0 0 0 0 0 0 0 0 0 0 0 0 0 0 0 0 0 0 16
0 1 0 1 1 1 1 1 0 0 1 1 0 0 1 1 1 0 0 0 0 0 0 0 1 0 1 1 0 1 1 0 0 0 0 0 0 0 0 0 0 0 0 0 0 0 0 0 0 0 16
0 0 0 0 0 0 1 1 0 0 1 1 0 1 1 1 1 0 0 1 0 1 0 0 1 1 1 1 0 0 1 0 0 0 0 0 0 0 0 0 0 0 0 0 0 0 0 0 0 0 15
0 1 0 0 1 0 1 1 1 0 1 1 0 0 1 1 1 1 0 1 1 1 0 1 1 1 0 1 1 1 0 0 0 0 0 0 0 0 0 0 0 0 0 0 0 0 0 0 0 0 20
0 1 0 0 1 1 1 1 1 0 0 1 0 1 1 1 0 1 0 1 0 0 0 0 1 1 1 1 0 1 0 0 0 0 0 0 0 0 0 0 0 0 0 0 0 0 0 0 0 0 17
0 1 1 1 1 1 0 0 1 0 1 1 1 0 1 1 1 0 0 1 1 0 0 0 1 0 1 1 1 1 1 0 0 0 0 0 1 0 0 0 0 0 0 0 0 0 0 0 0 0 21
0 0 0 1 1 0 1 1 1 0 0 0 1 1 1 1 1 1 0 1 1 1 0 0 1 1 1 0 0 1 1 0 0 0 0 0 0 0 0 0 0 0 0 0 0 0 0 0 0 0 19
1 1 0 1 1 0 0 1 0 0 1 1 1 0 1 1 1 1 0 1 0 1 0 1 1 0 0 1 0 0 0 0 0 0 0 0 0 0 0 0 0 0 0 0 0 0 0 0 0 0 17
0 0 0 0 1 0 1 1 1 0 1 1 0 1 1 1 1 0 1 1 0 0 0 1 1 1 1 1 0 0 1 0 0 0 0 0 0 0 0 0 0 0 0 0 0 0 0 0 0 0 18
0 0 1 0 1 0 1 1 0 0 1 1 0 0 1 0 1 1 0 1 0 0 0 0 1 0 0 1 1 0 0 0 0 0 0 0 0 0 0 0 0 0 0 0 0 0 0 0 0 0 13
0 1 0 1 1 0 1 0 0 0 0 1 1 0 1 1 1 1 0 1 1 1 0 1 1 1 1 1 1 0 1 0 0 0 0 0 0 0 0 0 0 0 0 0 0 0 0 0 0 0 20
0 0 0 1 1 0 1 1 0 0 1 1 1 0 0 1 0 0 0 1 0 1 0 1 1 0 1 1 0 0 0 0 0 0 0 0 0 0 0 0 0 0 0 0 0 0 0 0 0 0 14
0 1 1 0 1 0 1 1 0 0 0 0 1 0 0 0 0 1 1 1 0 0 0 0 1 1 0 1 1 1 1 0 0 0 0 0 0 0 0 0 0 0 0 0 0 0 0 0 0 0 15
0 0 0 0 1 1 1 1 1 0 1 1 0 0 1 1 1 0 0 1 0 1 0 1 1 1 1 1 0 1 1 0 0 0 0 0 0 0 0 0 0 0 0 0 0 0 0 0 0 0 19
0 0 0 0 1 1 0 1 1 0 0 1 0 0 0 1 0 1 0 1 1 0 0 1 1 0 1 1 0 0 0 0 0 0 0 0 0 0 0 0 0 0 0 0 0 0 0 0 0 0 13
0 0 1 0 1 0 1 1 0 0 1 1 0 1 1 1 1 0 0 1 0 1 1 1 1 1 0 1 0 1 0 0 0 0 0 0 0 0 0 0 0 0 0 0 0 0 0 0 0 0 18
0 0 0 0 1 0 1 1 1 0 1 0 1 1 1 1 1 1 0 1 0 1 0 1 1 1 0 1 0 0 0 0 0 0 0 0 0 0 0 0 0 0 0 0 0 0 0 0 0 0 17
1 0 1 1 1 1 1 1 1 0 0 1 0 0 1 1 1 0 1 1 0 1 0 0 1 1 1 1 0 0 0 0 0 0 0 0 0 0 0 0 0 0 0 0 0 0 0 0 0 0 19
1 1 0 0 1 0 1 1 1 0 1 1 1 0 0 1 0 1 0 0 0 0 0 1 1 0 1 1 0 1 0 0 0 0 0 0 0 0 0 0 0 0 1 0 0 0 0 0 0 0 17
0 0 0 1 1 0 1 1 1 0 1 1 1 0 1 1 0 0 0 0 0 0 0 1 1 1 1 0 1 1 0 0 0 0 0 0 0 0 0 0 0 0 0 0 0 0 0 0 0 0 16
1 1 1 1 1 0 1 1 1 0 1 1 0 1 1 1 1 1 1 0 0 0 0 1 1 1 1 1 0 1 0 0 0 0 0 0 0 0 0 0 0 0 0 0 0 0 0 0 0 0 22
74 98 77 115 217 90 225 240 76 5 124 183 155 43 186 215 175 134 27 198 56 164 6 124 242 143 191 214 94 145 104 5 3 2 1 1 1 1 1 1 1 1 1 1 1 1 1 1 1 1 4166
