1 1 0 1 0 0 1 1 0 1 1 1 0 1 1 0 1 0 0 0 1 1 0 1 1 0 0 0 0 1 0 1 1 0 1 1 0 0 0 0 1 1 1 0 1 1 0 0 0 1 26
0 1 0 0 1 0 0 1 1 1 0 1 1 1 1 0 1 0 0 0 1 1 1 1 0 0 0 0 0 1 0 0 1 0 1 1 0 1 0 1 0 0 1 0 0 0 1 0 1 0 23
0 0 0 1 1 1 0 0 0 1 1 0 0 1 1 0 1 0 0 1 0 0 1 1 0 0 1 1 1 1 0 0 1 1 0 0 1 0 1 1 0 0 1 0 0 0 1 0 0 1 23
1 0 0 1 1 0 0 0 0 0 1 1 1 0 1 0 0 0 1 1 1 1 1 1 0 1 1 1 0 1 1 0 1 1 1 0 1 0 0 0 0 0 1 0 1 0 0 0 1 0 25
0 1 0 0 1 0 0 0 0 0 1 0 1 1 1 1 0 1 1 1 0 1 0 1 1 0 0 1 1 1 0 1 1 1 1 1 0 0 1 1 1 0 1 1 0 1 1 0 0 0 28
0 0 1 0 0 1 1 0 1 1 1 0 0 0 1 1 1 0 0 1 0 0 1 0 0 0 1 1 0 0 0 1 0 1 0 0 1 0 0 1 0 0 0 0 1 1 0 0 0 0 19
1 1 1 0 1 1 0 1 0 0 1 0 0 1 1 0 1 0 0 0 0 0 0 1 1 1 0 1 0 1 0 1 1 1 0 1 0 1 0 0 0 1 0 0 0 0 0 1 1 0 23
0 1 1 1 1 1 1 0 0 0 0 1 0 1 1 1 1 0 1 1 0 0 1 1 1 1 0 1 0 1 0 1 0 0 0 1 1 1 0 1 0 1 0 0 0 1 1 0 1 1 29
1 1 1 1 1 0 1 1 1 1 0 0 1 0 1 1 1 1 1 1 1 0 1 1 0 0 1 1 1 1 0 1 1 1 1 0 1 1 1 1 1 0 0 1 1 1 1 1 0 0 37
1 1 1 0 0 1 0 0 0 0 1 1 1 0 0 1 1 1 0 0 1 0 1 0 0 1 0 1 1 1 1 1 1 1 0 1 1 1 1 1 1 1 0 1 1 1 0 1 0 1 32
1 1 1 1 1 1 1 0 1 0 0 1 1 0 0 0 0 1 0 1 1 0 1 1 0 0 0 1 0 1 1 0 0 0 0 0 0 0 0 0 0 0 1 1 1 1 1 0 0 0 23
1 0 1 1 0 1 1 1 1 1 1 0 0 1 0 0 0 0 1 1 0 0 0 0 1 0 1 1 1 1 1 1 1 0 0 1 0 0 1 0 1 0 1 0 1 1 0 0 0 0 26
0 0 1 0 0 1 1 1 1 1 1 0 0 1 0 1 0 1 1 1 1 1 1 1 0 1 0 0 1 0 1 1 0 1 0 0 1 1 1 1 1 0 0 1 0 1 0 0 0 0 28
0 0 0 0 0 0 0 0 0 1 1 0 0 1 0 0 0 1 0 0 1 1 0 1 0 0 1 1 1 1 0 1 0 0 0 1 0 1 1 0 0 0 0 1 0 1 0 1 0 1 19
1 0 0 0 0 1 0 1 1 0 0 0 0 0 1 1 1 0 0 0 0 1 0 1 0 1 1 0 1 0 0 1 1 0 0 0 0 0 0 0 0 1 1 0 0 0 1 0 1 0 18
0 0 1 0 0 1 0 1 0 0 0 0 0 1 1 1 0 0 1 1 1 0 0 1 1 1 0 0 0 1 1 1 1 1 0 0 1 0 0 0 0 1 1 0 0 0 1 1 0 0 22
0 0 1 0 1 1 0 1 0 1 1 0 1 0 1 1 0 0 1 0 1 0 1 1 1 1 0 1 0 0 1 0 0 1 0 0 0 1 0 1 0 1 1 0 1 0 0 1 0 1 25
1 0 0 0 1 0 0 0 1 0 0 0 1 0 0 1 0 1 0 1 0 1 1 0 0 0 1 0 0 0 0 0 1 1 1 0 0 1 0 1 1 0 1 0 0 1 0 0 0 0 18
0 0 0 0 1 1 0 0 0 1 0 1 0 1 0 1 1 0 0 0 1 0 1 0 0 1 0 1 0 1 1 0 1 1 1 0 1 1 1 0 0 0 0 1 0 1 1 1 1 1 25
1 1 1 1 0 0 1 1 0 0 0 1 0 0 0 0 1 0 1 0 0 1 0 0 1 0 1 0 0 0 1 1 0 1 1 1 0 0 1 1 0 0 1 0 0 0 0 1 0 1 22
0 1 1 1 1 0 1 0 1 1 1 1 1 0 1 0 0 1 1 1 0 1 0 0 0 0 0 1 0 1 0 1 0 1 0 1 0 0 0 0 1 1 0 0 1 1 1 0 0 0 25
0 0 1 1 0 1 0 1 0 1 1 1 0 0 1 1 0 1 1 1 1 0 1 0 0 0 1 1 1 0 1 1 0 1 1 0 1 0 0 0 1 1 0 0 0 1 1 1 0 1 28
0 0 1 0 0 0 1 0 1 1 0 1 1 0 0 1 1 1 0 1 1 1 0 1 1 1 0 1 1 1 0 1 0 0 0 1 0 1 1 0 0 0 0 0 0 0 1 0 1 0 24
1 0 0 1 0 1 1 1 0 1 0 0 1 1 1 0 0 0 0 1 0 0 0 1 1 0 0 0 0 1 1 1 1 1 1 1 0 0 0 0 0 1 0 1 0 1 1 1 0 0 24
0 1 0 1 1 1 0 1 0 0 0 0 0 0 0 0 0 0 0 1 1 0 0 1 1 1 0 0 0 0 1 0 1 0 1 0 0 0 0 1 1 1 0 1 1 1 1 1 1 1 23
0 1 1 1 1 0 1 1 1 0 0 0 1 1 0 1 1 0 0 0 0 1 1 0 1 0 1 0 0 0 1 0 1 0 1 0 1 0 0 0 1 1 1 1 0 0 1 0 1 1 26
0 0 0 0 1 0 0 0 1 0 0 1 0 0 1 0 1 1 0 0 1 0 0 1 1 0 0 0 1 0 1 0 1 0 0 1 1 1 1 0 0 1 0 1 1 0 1 0 0 0 20
0 0 1 0 0 1 0 0 0 0 0 0 0 1 0 0 1 0 0 0 0 0 0 1 0 1 0 0 0 0 1 0 1 0 0 0 1 0 0 1 1 0 1 1 0 1 1 1 1 0 17
0 0 0 1 1 0 1 0 1 0 0 1 0 0 1 1 1 1 1 1 1 1 1 1 0 1 0 0 1 0 1 1 1 1 1 1 0 0 0 1 1 0 1 1 0 0 0 1 1 0 29
1 0 0 1 0 0 1 0 0 1 1 1 1 1 0 0 0 1 0 1 1 0 1 0 1 0 0 0 0 1 1 0 1 1 1 0 1 0 0 1 0 1 0 0 1 0 0 0 1 0 23
0 0 1 0 1 0 1 0 0 1 1 0 1 1 0 1 0 0 0 0 1 0 1 0 1 1 0 1 0 0 0 0 0 0 1 0 1 1 0 1 1 1 0 0 0 0 0 1 1 0 21
0 0 0 0 0 0 1 0 0 0 0 1 1 1 0 0 1 1 0 0 1 0 0 1 1 0 0 1 0 0 0 1 0 1 1 1 1 1 0 1 0 1 1 1 0 1 0 0 1 0 22
1 0 1 1 1 0 1 1 1 0 0 1 0 0 1 0 0 0 1 0 1 0 1 0 1 0 1 0 1 0 1 0 1 1 0 0 1 0 1 1 1 1 1 1 1 1 0 1 0 1 29
0 0 1 0 1 1 0 0 1 0 1 0 0 0 0 1 0 1 0 1 1 1 0 1 0 0 0 1 0 0 0 1 1 1 1 0 0 1 0 0 0 1 0 0 1 0 1 0 0 0 20
1 0 0 1 0 0 0 1 1 1 1 1 1 1 1 0 1 1 1 1 0 0 1 1 1 1 1 0 1 0 1 0 1 0 0 0 0 1 0 1 1 1 0 0 0 0 0 0 0 1 27
1 0 1 0 1 1 1 1 1 1 0 1 1 1 1 1 1 0 0 0 1 1 0 1 1 1 1 0 1 1 1 0 1 0 0 1 0 0 1 0 0 0 0 1 0 0 1 0 1 0 29
0 0 0 1 0 0 0 1 0 1 1 0 1 0 0 1 0 1 1 1 1 1 1 1 1 0 0 0 0 1 1 1 0 1 0 0 0 1 1 1 0 0 1 1 0 1 1 0 1 0 26
1 1 1 1 0 1 0 1 0 0 0 1 1 1 0 1 1 0 1 1 0 1 1 0 1 1 0 0 1 1 1 0 1 1 0 0 1 1 1 0 1 0 0 1 1 1 0 0 0 1 30
0 1 1 1 0 1 1 1 0 1 1 0 1 1 0 0 1 1 1 0 0 1 0 1 1 0 0 0 0 1 1 1 1 1 0 0 1 0 0 1 1 1 0 0 1 1 1 0 0 0 28
1 0 1 1 1 0 1 1 1 0 1 0 1 1 0 1 0 0 1 1 1 1 0 1 0 0 1 1 0 0 0 1 0 1 1 1 0 1 0 0 1 1 1 1 1 1 0 1 0 0 30
1 0 0 1 1 0 1 0 1 0 0 1 1 1 0 0 1 1 0 0 1 1 1 1 1 1 1 1 1 0 0 1 1 1 0 1 0 0 1 1 0 0 1 0 1 0 0 0 1 1 29
0 1 1 0 1 1 1 0 1 0 0 0 0 1 1 0 1 1 0 0 1 1 0 1 1 1 0 0 0 1 0 1 1 0 1 0 0 0 0 0 1 0 0 0 0 1 1 0 1 1 24
1 0 1 0 0 1 1 0 0 0 1 1 0 1 0 0 0 0 0 1 0 1 1 1 0 1 0 1 1 0 1 0 0 1 1 1 0 1 1 1 1 1 0 0 1 1 0 0 1 1 27
0 0 1 0 1 0 1 0 1 1 0 0 0 1 0 0 0 1 1 0 0 1 0 0 1 1 1 1 0 1 1 1 1 0 0 0 1 0 1 0 0 1 0 1 1 0 1 1 0 0 24
1 0 1 1 1 1 1 1 1 0 0 1 1 0 0 1 1 0 1 0 1 0 1 1 0 1 1 0 0 0 0 0 1 0 1 1 1 1 1 1 0 0 1 0 0 1 1 1 0 0 29
1 0 0 0 1 0 1 1 0 0 0 1 1 0 0 0 0 1 0 1 0 0 1 1 0 0 0 0 1 0 1 0 1 0 1 0 0 0 0 0 0 0 1 0 0 1 0 1 1 1 19
1 0 0 0 1 1 0 1 1 0 0 0 0 0 1 0 1 0 0 0 0 0 1 1 0 0 0 1 0 1 1 1 1 0 0 1 1 1 1 1 1 0 1 1 0 0 1 1 1 1 26
0 0 1 1 1 1 0 1 1 1 0 1 0 0 1 1 1 0 0 1 1 0 1 1 0 0 0 1 0 1 0 0 0 0 1 0 1 0 0 0 1 0 1 0 0 0 1 1 1 0 24
1 1 1 0 1 0 1 0 1 0 1 1 0 1 0 1 0 1 0 1 1 0 1 0 1 1 1 0 1 0 0 0 1 0 0 0 1 1 1 0 1 0 1 0 1 1 0 1 1 1 29
1 0 1 1 0 1 0 1 0 1 1 1 1 1 1 1 1 0 1 1 0 0 0 0 1 1 1 0 0 0 1 0 1 1 0 1 0 0 0 1 0 0 0 1 1 1 1 0 0 1 28
1 0 1 1 0 1 0 0 1 1 1 1 0 1 0 1 1 0 1 1 0 1 1 1 0 0 0 0 1 1 1 0 0 0 0 1 0 1 0 1 0 0 0 0 0 0 1 1 0 1 25
1 0 0 1 1 1 0 1 1 0 1 1 0 1 1 1 1 0 0 0 0 0 1 1 1 0 1 1 1 0 0 0 0 1 0 0 0 1 0 1 1 1 0 1 0 1 0 1 1 1 28
1 1 0 0 0 1 1 0 1 0 1 1 0 1 0 1 1 1 1 1 1 1 1 1 1 0 0 0 1 1 1 1 0 0 0 0 0 1 1 1 1 1 1 0 1 0 1 0 1 0 31
1 1 0 0 0 0 0 1 0 0 1 0 1 1 0 1 1 1 1 1 0 0 0 1 1 0 1 1 1 1 1 0 1 0 1 0 1 0 1 1 1 0 1 1 0 1 0 0 0 0 27
1 0 0 1 1 0 1 1 1 1 0 0 0 1 0 0 1 1 0 1 1 0 0 0 0 0 0 0 0 1 1 1 0 1 0 1 1 0 1 0 1 0 0 1 1 0 0 1 1 1 25
0 1 1 0 0 1 1 0 1 0 0 1 0 1 1 1 1 1 1 0 0 0 1 0 0 0 0 1 1 0 1 0 1 0 0 1 0 1 0 0 1 0 0 1 1 0 0 1 0 1 24
1 0 1 0 1 0 0 1 0 0 0 0 1 1 1 0 0 0 0 0 1 1 0 0 1 1 0 1 0 0 1 1 1 0 1 1 1 1 1 0 0 1 1 1 1 0 1 0 0 1 26
1 1 1 0 1 1 1 1 1 0 1 0 0 1 1 0 0 1 0 1 0 0 1 1 0 1 1 1 1 1 1 1 1 0 0 0 0 0 1 0 0 1 1 1 1 1 0 1 0 0 30
0 1 1 1 0 1 1 0 1 0 0 0 0 1 1 1 0 0 0 1 1 0 1 0 1 1 1 0 1 1 1 1 0 0 1 1 1 1 1 0 1 1 0 0 1 0 0 1 0 1 29
1 0 1 1 0 0 0 0 0 0 1 0 1 1 1 1 0 1 1 0 0 1 0 0 0 0 0 1 0 0 1 0 1 1 0 1 0 1 1 0 1 1 0 1 1 0 0 1 1 1 25
0 0 0 0 1 0 0 0 1 0 0 0 1 0 0 0 0 1 1 1 0 1 1 0 1 0 0 1 1 0 0 0 0 0 1 1 1 1 1 1 0 0 0 1 0 0 1 0 0 1 20
0 0 0 0 0 1 0 0 0 0 1 1 0 1 1 1 0 1 1 0 1 1 1 0 0 0 1 1 0 1 0 1 0 1 0 0 0 0 1 0 0 0 1 1 1 1 0 0 1 0 22
1 0 0 0 1 1 1 1 1 1 0 1 0 1 0 1 1 0 1 0 0 1 0 1 0 0 1 1 0 1 1 1 0 0 1 0 0 0 1 1 0 1 0 0 1 1 1 0 0 0 26
1 1 0 0 0 1 1 1 1 0 0 1 1 1 1 0 0 0 0 0 1 0 1 0 1 1 0 0 1 1 0 0 1 1 0 1 1 1 0 1 1 0 1 0 1 0 0 1 1 1 28
1 0 1 1 1 1 0 0 0 1 0 1 0 1 0 1 0 0 1 0 0 0 0 1 1 1 1 1 0 1 0 0 0 1 0 0 1 0 1 1 1 1 0 0 0 1 0 0 0 1 24
0 0 0 0 1 0 0 1 1 0 0 0 0 1 0 1 0 1 0 0 1 1 0 1 1 1 1 1 1 1 0 0 0 0 1 0 0 1 1 0 0 1 0 1 1 1 1 1 1 1 26
0 1 0 0 0 0 1 1 1 1 0 0 0 0 1 1 0 1 1 0 1 0 1 0 1 1 1 1 0 0 0 1 0 0 1 0 1 1 0 1 1 0 1 1 1 1 1 0 1 0 27
1 1 0 1 1 1 1 1 0 0 0 0 0 0 0 0 0 1 0 0 1 1 1 1 0 1 1 1 0 1 0 1 0 0 1 0 1 0 1 0 0 1 1 1 0 0 0 1 1 0 25
0 0 1 0 0 1 0 1 0 0 0 0 0 1 0 1 1 0 0 1 0 0 1 0 1 0 1 0 0 1 1 1 1 0 0 0 1 1 0 0 0 0 0 0 1 1 0 1 1 0 20
0 1 0 0 1 1 0 0 0 0 0 0 1 0 1 0 1 1 1 1 0 1 1 1 0 1 0 0 0 0 1 1 1 0 1 0 0 0 0 0 0 1 1 1 0 0 0 0 1 0 21
0 0 0 1 1 0 1 0 1 1 0 1 1 0 1 0 1 0 1 1 0 0 1 0 0 1 1 0 0 0 0 1 1 1 0 1 0 0 0 1 0 0 1 1 0 0 1 1 1 0 24
1 1 0 1 1 0 1 1 1 0 0 1 1 0 1 0 1 0 0 0 0 1 1 1 1 0 0 0 0 0 1 1 1 1 1 1 1 1 1 1 1 0 0 1 0 1 0 1 0 1 30
1 1 1 1 1 1 0 1 0 1 0 1 1 0 1 1 1 1 1 0 1 1 0 0 1 1 0 0 1 1 1 0 1 0 1 1 1 1 0 1 0 0 1 0 1 0 1 1 0 1 33
1 0 1 0 1 1 0 0 1 0 0 1 1 1 1 0 1 0 1 1 1 0 0 1 0 0 1 0 0 1 0 0 0 0 0 0 1 1 1 1 1 0 1 0 0 0 0 0 0 0 22
1 0 0 0 1 1 1 0 0 1 1 1 1 1 1 0 0 1 0 0 0 1 0 1 1 0 0 1 1 0 0 0 1 0 1 1 1 1 1 1 0 0 1 1 1 1 0 0 0 1 28
1 1 0 1 0 1 0 1 1 0 1 0 0 0 1 0 1 0 0 1 0 1 0 0 1 1 1 0 1 1 0 1 0 0 0 0 1 0 1 0 1 1 0 0 1 1 0 1 1 1 26
0 0 1 1 0 0 0 0 1 1 0 1 0 0 1 0 1 0 0 0 0 1 1 1 1 0 1 0 0 1 1 0 0 0 1 1 0 1 1 0 0 0 0 0 0 0 0 0 0 1 19
1 1 0 0 0 0 1 0 0 1 0 1 0 0 0 1 0 1 1 1 1 1 0 1 1 1 0 1 1 0 0 0 1 0 0 1 1 1 1 1 0 0 1 1 1 0 0 0 1 0 26
0 1 1 0 1 0 0 0 1 1 0 0 0 1 1 0 1 1 1 1 0 0 0 1 1 1 1 1 0 1 1 0 0 0 1 1 1 0 1 0 0 0 0 1 0 1 1 1 0 0 26
1 0 0 0 1 1 0 1 1 0 1 1 0 1 1 1 0 0 1 1 1 1 0 1 1 0 1 0 0 1 0 0 1 1 0 0 0 0 0 0 0 0 0 0 0 0 1 1 0 0 22
0 1 1 0 0 1 0 1 1 0 1 0 1 1 0 1 0 1 1 0 1 1 0 1 1 0 0 0 0 1 0 1 0 0 1 1 0 0 0 1 0 0 0 0 1 0 1 0 0 0 22
0 0 1 0 1 1 1 0 1 0 0 0 0 1 0 0 1 0 1 0 1 1 1 0 0 0 0 1 0 0 0 1 1 1 1 0 0 1 1 1 0 0 1 1 0 0 1 0 1 0 23
0 1 0 0 1 1 1 1 1 0 1 1 1 1 0 1 0 1 0 1 0 1 1 0 0 1 0 1 1 0 0 0 1 1 0 1 1 1 1 0 1 0 1 1 1 0 1 0 1 1 31
0 1 0 0 1 0 0 0 1 1 1 0 0 1 0 0 0 0 0 0 1 1 0 0 0 0 1 0 1 1 0 0 1 1 0 0 1 1 1 0 1 0 0 1 0 0 1 1 1 1 22
0 0 0 0 1 1 1 1 1 0 0 0 1 0 0 0 1 0 1 1 1 1 1 1 1 1 1 1 1 1 1 1 1 1 0 0 0 1 0 1 0 0 0 0 0 1 1 0 1 0 28
0 0 1 0 0 0 0 0 0 0 1 1 1 1 0 0 0 1 0 1 1 0 1 1 0 0 1 0 0 0 0 1 1 1 0 1 0 1 0 1 1 1 1 1 0 0 1 0 0 1 23
0 0 1 0 1 0 0 1 1 1 1 1 1 1 0 1 1 1 0 0 1 1 1 0 0 1 0 1 1 1 0 1 0 0 0 1 1 0 0 0 0 0 0 0 0 1 0 1 0 0 24
1 0 1 0 1 1 0 1 1 1 1 1 1 0 1 1 1 0 1 0 1 1 1 1 0 0 1 0 0 0 1 0 1 0 0 0 0 0 0 0 0 1 0 0 1 1 0 0 0 1 25
1 1 0 0 0 0 1 1 0 1 1 0 1 1 0 0 0 1 1 0 0 0 0 1 1 0 1 0 0 1 0 0 0 0 0 1 1 0 0 1 1 1 0 1 1 1 1 0 1 0 24
0 0 0 0 0 0 1 1 1 0 0 0 0 1 1 1 0 1 1 1 1 0 1 1 0 0 0 1 1 0 1 0 1 1 0 0 1 1 0 1 0 1 1 0 0 1 0 0 1 1 25
0 0 1 1 0 0 1 1 1 1 0 0 1 1 0 1 1 0 1 1 0 0 1 0 1 1 0 0 1 1 1 0 1 0 1 1 0 0 0 0 0 0 1 0 0 1 0 1 1 1 26
0 0 0 1 1 1 1 1 0 1 0 0 1 1 0 0 0 0 0 1 0 0 0 1 1 1 0 1 1 0 0 1 1 1 1 1 0 0 1 0 0 1 0 1 1 0 0 0 0 0 23
1 0 0 0 1 0 1 0 1 1 1 0 0 0 0 1 1 1 0 0 1 0 0 1 1 0 0 0 0 1 1 1 1 0 0 1 1 1 0 0 0 0 1 0 1 1 0 0 0 1 23
1 1 0 1 1 1 0 1 1 1 1 0 1 1 0 0 1 1 1 1 1 1 0 0 1 0 0 1 0 1 0 1 0 1 1 0 0 1 0 0 0 1 1 1 1 1 0 0 0 1 30
1 0 0 1 0 1 0 0 0 0 0 1 1 1 1 1 0 1 0 1 0 0 0 1 0 1 1 1 1 0 1 1 0 0 0 1 0 0 0 1 0 1 0 1 1 1 0 0 0 1 24
1 1 0 0 0 1 0 0 0 1 1 0 1 1 1 1 0 0 1 0 0 1 0 1 1 0 0 1 1 1 0 0 1 1 1 0 0 1 0 1 0 0 1 1 0 1 0 1 1 1 27
0 0 0 0 0 1 0 1 0 1 1 1 0 1 0 0 1 1 1 1 1 1 0 1 1 0 0 0 1 0 0 0 1 0 0 1 0 0 0 0 1 0 0 0 0 1 1 1 1 0 22
0 1 1 1 1 1 0 1 0 0 0 0 1 1 0 0 0 1 1 1 0 1 0 0 1 0 0 0 0 0 0 0 1 1 1 1 0 0 0 1 1 0 1 0 0 1 0 0 1 0 22
0 0 1 0 0 0 0 1 0 0 0 0 1 0 1 1 1 0 0 1 1 1 1 1 1 1 0 1 0 0 0 0 0 1 1 1 0 0 1 1 0 1 0 0 0 0 0 0 1 0 21
0 1 0 1 0 1 1 0 1 1 0 1 0 1 0 0 0 0 0 1 1 0 0 1 0 1 0 0 0 0 0 0 0 0 0 1 1 1 0 1 0 0 0 1 0 0 1 1 0 0 19
49 38 50 43 56 56 49 54 56 45 44 49 50 64 48 51 52 50 49 55 55 52 53 64 57 46 43 51 44 54 50 50 61 48 45 50 48 51 46 52 43 43 48 50 47 54 47 45 48 47 2500
