0 0 0 0 0 0 0 0 0 0 0 0 0 0 0 0 0 0 0 0 0 0 0 0 0 0 0 0 0 0 0 0 0 0 0 0 0 0 0 0 0 0 0 0 0 0 0 0 0 0 0 0 0 0 0 1 0 0 0 0 0 0 0 0 0 0 0 0 0 0 0 0 0 0 0 0 0 0 0 0 0 0 0 0 0 0 0 0 0 0 0 0 0 0 0 0 0 0 0 0 1
0 0 0 0 0 0 0 0 0 0 0 0 0 0 0 0 0 0 0 0 0 0 0 0 0 0 0 0 0 0 0 0 0 0 0 0 0 0 0 0 0 0 0 0 0 0 0 0 1 0 0 0 0 0 0 0 0 0 0 0 0 0 0 0 0 0 0 0 0 0 0 0 0 0 0 0 0 0 0 0 0 0 0 0 0 0 0 0 0 0 0 0 0 0 0 0 0 0 0 0 1
0 0 0 0 0 0 0 0 0 0 0 0 0 0 0 0 0 0 0 0 0 0 0 0 0 0 0 0 0 0 0 0 0 0 0 0 0 0 0 0 0 0 0 0 0 0 0 0 0 0 0 0 0 0 0 0 0 0 0 0 0 0 0 0 0 0 0 0 0 0 0 0 0 0 0 0 0 0 0 0 0 0 0 0 0 0 0 0 0 0 0 0 1 0 0 0 0 0 0 0 1
0 0 0 0 0 0 0 0 0 0 0 0 0 0 0 0 0 0 0 0 0 0 0 0 0 0 0 0 0 0 0 0 1 0 0 0 0 0 0 0 0 0 0 0 0 0 0 0 0 0 0 0 0 0 0 0 0 0 0 0 0 0 0 0 0 0 0 0 0 0 0 0 0 0 0 0 0 0 0 0 0 0 0 0 0 0 0 0 0 0 0 0 0 0 0 0 0 0 0 0 1
0 0 0 0 0 0 0 0 0 0 0 0 0 0 0 0 0 0 0 0 0 0 0 0 0 0 0 0 0 0 0 0 0 0 0 0 0 0 0 0 0 0 0 0 0 0 0 0 0 0 0 0 0 0 1 0 0 0 0 0 0 0 0 0 0 0 0 0 0 0 0 0 0 0 0 0 0 0 0 0 0 0 0 0 0 0 0 0 0 0 0 0 0 0 0 0 0 0 0 0 1
0 0 0 0 0 0 0 0 0 0 0 0 0 0 0 0 0 0 0 0 0 0 0 0 0 0 0 0 0 0 0 0 0 0 0 0 0 0 0 0 0 0 0 0 0 0 0 0 0 0 0 0 0 0 0 0 0 0 0 0 0 0 1 0 0 0 0 0 0 0 0 0 0 0 0 0 0 0 0 0 0 0 0 0 0 0 0 0 0 0 0 0 0 0 0 0 0 0 0 0 1
0 0 0 0 0 0 0 1 0 0 0 0 0 0 0 0 0 0 0 0 0 0 0 0 0 0 0 0 1 0 0 0 0 0 0 0 0 0 0 0 0 0 0 0 0 0 0 0 0 0 0 0 0 0 0 0 0 0 0 0 0 0 0 0 0 0 0 0 0 0 0 0 0 1 0 0 0 0 0 0 0 0 0 0 0 0 0 0 0 0 0 0 0 0 0 0 0 0 0 0 3
0 0 0 0 0 0 0 0 0 0 0 0 0 0 0 0 0 0 0 0 0 0 0 0 0 0 0 0 0 0 0 0 0 0 0 0 0 0 0 0 0 0 0 0 0 0 0 0 0 0 0 0 0 0 0 0 0 0 0 0 0 0 1 0 0 0 0 0 0 0 0 0 0 0 0 0 0 0 0 0 0 0 0 0 0 0 0 0 0 0 0 0 0 0 0 0 0 0 0 0 1
0 0 0 0 0 0 0 0 0 0 0 0 0 0 0 0 0 0 0 0 0 0 0 0 0 0 0 0 0 0 0 0 0 0 0 1 0 0 0 0 0 0 0 0 0 0 0 0 0 0 0 0 0 0 0 0 0 0 0 0 0 0 0 0 0 0 0 0 0 0 0 0 0 0 0 0 0 0 0 0 0 0 0 0 0 0 0 0 0 0 0 0 0 0 0 0 0 0 0 0 1
0 0 0 0 0 0 0 0 0 0 0 0 0 0 0 0 0 0 0 0 0 0 0 0 0 0 0 0 0 0 0 0 0 0 0 0 0 0 0 0 0 0 0 0 0 0 0 0 0 0 0 0 0 1 0 0 0 0 0 0 0 0 0 0 0 0 0 0 0 0 0 0 0 0 0 0 0 0 0 0 0 0 0 0 0 0 0 0 0 0 0 0 0 0 0 0 0 0 0 0 1
0 0 0 0 0 0 0 1 0 0 0 0 0 0 0 0 0 0 0 0 0 0 0 0 0 0 0 0 0 0 0 0 0 0 0 0 0 0 0 0 0 0 0 0 0 0 0 0 0 0 0 0 0 0 0 0 0 0 0 0 0 0 0 0 0 0 0 0 0 0 0 0 0 0 0 0 0 0 0 0 0 0 0 0 0 0 0 0 0 0 0 0 0 0 0 0 0 0 0 0 1
0 0 0 0 0 0 0 0 0 0 0 0 0 0 0 0 0 0 0 0 0 0 0 0 0 0 0 0 0 0 0 0 0 0 0 1 0 0 0 0 0 0 0 0 0 0 0 0 0 0 0 0 0 0 0 0 0 0 0 0 0 0 0 0 0 0 0 0 0 0 0 0 0 0 0 0 0 0 0 0 0 0 0 0 0 0 0 0 0 0 0 0 0 0 0 0 0 0 0 0 1
0 0 0 0 0 0 0 0 0 0 0 0 0 0 0 0 0 0 0 0 0 0 0 0 0 0 0 0 0 0 0 0 0 0 0 0 0 0 0 0 0 0 0 0 0 0 0 0 0 0 0 0 0 0 0 0 0 0 0 1 0 0 0 0 0 0 0 0 0 0 0 0 0 0 0 0 0 0 0 0 0 0 0 0 0 0 0 0 0 0 0 0 0 0 0 0 0 0 0 0 1
0 0 0 0 0 0 0 0 0 0 0 0 0 0 0 0 0 0 0 0 0 0 0 0 0 0 0 0 0 0 0 0 0 0 0 0 0 0 0 0 0 0 0 0 0 0 0 0 0 0 0 0 0 0 0 0 0 0 0 0 0 0 0 0 0 0 0 0 1 0 0 0 0 0 0 0 0 0 0 0 0 0 0 0 0 0 0 0 0 0 0 0 0 0 0 0 0 0 0 0 1
0 0 0 0 0 0 0 0 0 0 0 0 0 0 0 0 0 0 0 0 0 0 0 0 0 0 0 0 0 0 0 0 0 0 0 0 0 0 0 0 0 0 0 0 0 0 0 0 0 0 0 0 0 0 0 0 0 0 0 0 0 0 0 0 0 0 0 0 0 0 0 0 0 0 0 0 0 1 0 0 0 0 0 0 0 0 0 0 0 0 0 0 0 0 0 0 0 0 0 0 1
0 0 0 0 0 0 0 0 0 0 0 0 0 0 1 0 0 0 0 0 0 0 0 0 0 0 0 0 0 0 0 0 0 0 0 0 0 0 0 0 0 0 0 0 0 0 0 0 0 0 0 0 0 0 0 0 0 0 0 0 0 0 0 0 0 0 0 0 0 0 0 0 0 0 0 0 0 0 0 0 0 0 0 0 0 0 0 0 0 0 0 0 0 0 0 0 0 0 0 0 1
0 0 1 0 0 0 0 0 0 0 0 0 0 0 0 0 0 0 0 0 0 0 0 0 0 0 0 0 0 0 0 0 0 0 0 0 0 0 0 0 0 0 0 0 0 0 0 0 0 0 0 0 0 0 0 0 0 0 0 0 0 0 0 0 0 0 0 0 0 0 0 0 0 0 0 0 0 0 0 0 0 0 0 0 0 0 0 0 0 0 0 0 0 0 0 0 0 0 0 0 1
0 0 0 0 0 0 0 0 0 0 0 0 0 0 0 0 0 0 0 0 0 0 0 0 0 0 0 0 0 0 1 0 0 0 0 0 0 0 0 0 0 0 0 0 0 0 0 0 0 0 0 0 0 0 0 0 0 0 0 0 0 0 0 0 0 0 0 0 0 0 0 0 0 0 0 0 0 0 0 0 0 0 0 0 0 0 0 0 0 0 0 0 0 0 0 0 0 0 0 0 1
0 0 0 0 0 0 0 0 0 0 0 0 0 0 0 0 0 0 0 0 0 0 0 0 0 0 0 0 0 0 0 0 0 0 0 0 0 0 0 0 0 0 0 0 0 0 0 0 0 0 0 0 0 0 0 0 0 0 0 0 0 0 0 0 0 0 0 0 0 0 0 1 0 0 0 0 0 0 0 0 0 0 0 0 0 0 0 0 0 0 0 0 0 0 0 0 0 0 0 0 1
0 0 0 0 0 0 0 0 0 0 0 0 0 0 0 0 0 0 0 0 0 0 0 0 0 0 0 0 0 0 0 0 0 0 0 0 0 0 0 0 0 0 0 0 0 0 0 0 0 1 0 0 0 0 0 0 0 0 0 0 0 0 0 0 0 0 0 0 0 0 0 0 0 0 0 0 0 0 0 0 0 0 0 0 0 0 0 0 0 0 0 0 0 0 0 0 0 0 0 0 1
0 0 0 0 0 0 0 0 0 0 0 0 0 0 0 0 0 0 0 0 0 0 0 0 0 0 0 0 0 0 1 0 0 0 0 0 0 0 0 0 0 0 0 0 0 0 0 0 0 0 0 0 0 0 0 0 0 0 0 0 0 0 0 0 0 0 0 0 0 0 0 0 0 0 0 0 0 0 0 0 0 0 0 0 0 0 0 0 0 0 0 0 0 0 0 0 0 0 0 0 1
0 0 0 0 0 0 1 0 0 0 0 0 0 0 0 0 0 0 0 0 0 0 0 0 0 0 0 0 0 0 0 0 0 0 0 0 0 0 0 0 0 0 0 0 0 0 0 0 0 0 0 0 0 0 0 0 0 0 0 0 0 0 0 0 0 0 0 0 0 0 0 0 0 0 0 0 0 0 0 0 0 0 0 0 0 0 0 0 0 0 0 0 0 0 0 0 0 0 0 0 1
0 0 0 0 0 0 0 0 0 0 0 0 0 1 0 0 0 0 0 0 0 0 0 0 0 0 0 0 0 0 0 0 0 0 0 0 0 0 0 0 0 0 0 0 0 0 0 0 0 0 0 0 0 0 0 0 0 0 0 0 0 0 0 0 0 0 0 0 0 0 0 0 0 0 0 0 0 0 0 0 0 0 0 0 0 0 0 0 0 0 0 0 0 0 0 0 0 0 0 0 1
0 0 0 0 0 0 0 0 0 0 0 0 0 0 0 0 0 0 0 0 0 0 0 0 0 0 0 0 0 0 0 0 0 0 0 0 0 0 0 0 0 0 0 0 0 1 0 0 0 0 0 0 0 0 0 0 0 0 0 0 0 0 0 0 0 0 0 0 0 0 0 0 0 0 0 0 0 0 0 0 0 0 0 0 0 0 0 0 0 0 0 0 0 0 0 0 0 0 0 0 1
0 0 0 0 0 0 0 0 0 0 0 0 0 0 0 0 0 0 0 0 0 0 0 0 0 0 0 0 0 0 0 0 0 0 0 0 0 0 0 0 0 0 0 0 0 0 0 0 0 0 0 0 0 0 0 0 0 0 0 0 0 0 0 0 0 0 0 0 0 0 0 0 1 0 0 0 0 0 0 0 0 0 0 0 0 0 0 0 0 0 0 0 0 0 0 0 0 0 0 0 1
0 0 0 0 0 0 0 0 0 0 0 0 0 0 0 0 0 0 0 0 0 0 0 0 0 0 0 0 0 0 0 0 0 1 0 0 0 0 0 0 0 0 0 0 0 0 0 0 0 0 0 0 0 0 0 0 0 0 0 0 0 0 0 0 0 0 0 0 0 0 0 0 0 0 0 0 0 0 0 0 0 0 0 0 0 0 0 0 0 0 0 0 0 0 0 0 0 0 0 0 1
0 1 1 0 0 1 1 1 0 1 0 0 1 0 1 0 0 0 0 1 0 0 1 1 0 0 0 0 0 0 0 0 0 0 0 0 0 1 0 0 1 0 1 0 0 0 0 1 0 0 0 1 1 0 1 1 1 0 1 0 1 1 0 0 0 1 0 0 0 1 1 0 0 1 0 1 0 0 1 1 0 0 0 1 0 0 1 0 0 0 1 0 1 1 1 0 0 1 0 1 38
0 1 0 1 0 0 1 0 1 1 0 1 0 0 1 0 0 0 0 1 1 0 1 1 1 0 0 1 0 0 1 0 0 1 0 1 0 0 1 1 1 0 0 0 1 0 0 1 1 0 0 1 0 0 1 0 0 1 0 1 0 0 1 0 0 0 0 1 0 0 0 0 0 0 1 0 0 0 1 1 0 1 0 1 1 0 1 0 1 1 1 1 1 1 1 1 1 1 1 1 47
0 0 1 1 0 0 0 1 0 1 0 1 1 1 1 1 0 0 0 1 1 0 1 0 1 0 0 1 0 0 0 0 0 1 0 1 0 1 1 1 0 0 1 0 0 1 0 0 0 1 1 1 1 0 0 1 1 1 1 0 0 0 0 1 0 0 1 0 1 1 1 0 0 0 0 1 1 1 0 1 1 1 0 1 0 0 0 0 1 1 0 1 1 0 1 1 0 0 1 1 49
1 1 0 0 0 0 1 1 0 1 0 0 1 1 1 0 1 0 0 1 1 0 1 0 1 0 0 1 0 1 1 0 0 1 1 1 0 0 0 1 1 1 1 1 1 0 1 0 0 0 0 0 0 1 1 0 0 1 1 1 1 0 1 1 1 1 0 0 1 0 1 0 0 1 0 1 0 0 1 1 0 0 1 0 0 1 0 0 0 0 1 1 0 0 0 0 1 1 0 1 49
0 0 1 0 0 1 1 1 1 0 0 1 1 0 1 1 1 0 1 1 1 0 1 1 0 0 0 1 1 1 1 1 0 1 0 1 1 0 0 0 0 0 0 0 1 1 0 0 1 1 1 0 0 1 0 0 1 1 0 1 1 1 1 0 1 1 0 0 0 1 0 0 0 1 0 0 0 1 1 1 0 0 0 1 1 1 1 1 1 0 1 1 1 1 1 1 0 0 1 0 55
0 0 1 1 0 0 0 0 0 1 1 1 1 0 0 0 0 1 1 0 0 0 1 1 0 0 0 0 1 0 0 0 1 1 1 0 0 0 1 0 0 0 1 0 0 1 0 1 0 0 0 0 1 1 1 0 1 0 0 0 1 1 1 0 1 0 1 1 1 0 0 1 0 1 0 0 0 0 0 1 0 1 0 0 1 1 0 1 1 1 1 0 0 0 0 0 0 1 1 1 42
1 0 0 0 1 1 1 0 1 1 0 0 0 0 0 0 0 0 0 1 0 0 1 1 0 1 1 0 1 0 0 1 0 0 0 1 0 1 0 1 1 0 1 0 0 1 0 0 1 1 0 0 0 0 0 0 0 1 1 0 1 0 1 0 0 1 1 0 0 0 0 0 1 1 1 1 1 1 0 1 1 0 1 0 1 1 0 0 0 1 0 1 1 1 1 0 0 1 0 0 44
1 1 1 0 1 1 0 1 0 0 0 1 1 1 0 1 1 0 1 1 0 0 0 1 0 1 1 1 0 0 1 1 0 1 0 0 1 1 0 0 0 1 1 0 0 1 1 0 0 0 1 0 0 1 0 0 1 1 0 1 1 1 1 1 0 0 1 0 1 1 1 1 0 0 0 1 0 1 1 1 0 1 0 1 1 0 1 1 0 1 1 0 0 0 1 1 1 0 0 0 54
0 1 0 1 0 0 1 0 0 0 0 0 1 0 1 0 1 1 1 1 0 0 1 0 0 1 0 0 1 0 1 1 0 1 1 1 1 1 1 0 0 1 1 0 1 0 0 1 1 1 1 0 1 1 0 0 0 1 0 0 0 0 0 1 1 1 1 0 0 1 0 1 0 1 0 0 0 0 1 0 1 0 1 1 0 0 0 0 1 0 0 0 0 1 1 0 1 0 0 1 46
0 1 1 1 0 0 1 0 1 0 0 0 1 1 0 1 0 0 0 0 1 0 1 0 1 0 0 0 0 1 0 0 0 0 1 0 1 0 1 0 0 1 0 1 1 1 1 1 1 0 0 1 0 1 0 1 0 0 0 0 0 1 0 0 0 1 1 1 0 0 1 1 0 1 1 1 0 0 0 1 1 1 0 0 1 0 0 0 1 0 0 1 1 0 1 1 0 0 0 0 43
0 0 1 0 0 1 1 0 1 1 0 1 0 0 1 1 0 1 1 0 1 0 1 0 1 1 0 1 0 1 1 1 1 1 0 0 1 1 0 0 0 1 0 1 1 1 1 1 0 0 1 0 1 0 0 0 1 0 1 1 1 0 1 1 0 0 0 1 0 0 0 0 0 0 0 1 1 1 0 0 1 1 1 0 1 1 1 0 0 1 1 1 0 1 1 0 1 1 1 1 55
1 1 0 0 0 1 1 0 0 1 0 1 0 1 1 0 0 1 1 0 0 1 1 0 1 1 0 1 0 1 0 1 1 1 0 1 0 1 0 0 0 0 0 0 0 0 1 0 0 0 1 1 1 1 0 0 1 1 0 0 0 0 0 1 1 1 1 1 0 1 0 1 0 0 1 1 1 0 1 1 1 1 0 0 1 1 0 1 1 0 1 1 1 0 0 1 0 0 0 0 50
0 0 1 1 1 1 1 0 0 1 1 0 1 1 0 1 1 0 0 0 0 1 1 0 0 1 1 0 0 1 1 1 0 1 1 1 1 0 1 0 0 0 1 1 1 1 1 1 1 0 1 0 0 0 1 0 0 1 0 1 0 1 0 1 0 0 0 0 0 1 1 1 0 1 0 0 0 0 0 1 1 0 1 1 1 1 1 1 1 1 1 0 1 1 0 0 1 1 1 1 57
0 1 0 1 1 0 1 0 0 0 0 1 0 1 0 1 1 0 0 1 1 1 0 1 1 1 1 1 0 1 1 1 1 1 0 0 0 1 0 1 0 1 0 1 0 0 0 1 0 0 1 0 1 1 0 1 1 1 1 1 0 1 1 1 0 0 0 1 1 0 1 0 1 1 1 1 1 1 1 0 1 1 1 1 1 1 1 0 1 1 1 1 0 1 0 0 0 0 1 1 61
1 0 0 0 0 0 1 0 0 1 1 0 1 0 1 1 0 1 0 1 0 1 0 0 1 0 0 1 0 0 1 1 1 0 0 0 0 0 0 1 1 1 1 1 1 1 1 0 1 0 1 0 1 0 1 0 1 0 1 1 1 1 1 0 1 0 0 1 0 1 1 0 1 1 0 1 0 1 1 0 0 0 1 1 1 0 1 0 1 1 0 0 0 0 1 0 1 1 1 1 53
0 1 1 0 1 1 0 1 1 0 0 1 0 0 0 0 0 1 0 1 0 1 0 0 0 0 0 0 1 0 0 1 0 1 0 1 0 0 1 1 1 0 1 0 1 1 0 0 1 0 0 1 0 0 1 0 0 0 1 1 0 1 0 1 1 0 1 1 0 1 0 1 0 1 0 0 1 0 0 0 1 1 1 0 0 0 1 1 1 0 1 0 0 1 0 0 1 0 1 1 45
0 0 0 0 1 0 1 0 0 1 0 1 1 1 0 0 1 0 0 1 0 0 1 0 0 1 1 1 1 0 1 1 1 1 0 1 1 0 1 1 1 1 1 1 0 0 0 1 0 0 0 0 1 0 0 0 0 1 0 0 0 0 1 1 1 0 0 0 0 0 1 0 0 1 1 0 0 1 1 0 1 1 0 0 1 1 1 1 0 0 0 0 1 1 0 1 0 1 0 1 47
0 0 1 0 0 1 0 0 0 1 0 0 0 1 1 1 1 0 0 1 1 0 1 1 0 0 1 0 0 0 0 1 0 1 1 0 1 1 1 1 1 1 0 0 0 1 0 1 1 1 1 0 0 0 1 1 1 0 0 0 1 0 1 1 1 1 1 1 0 0 0 1 0 1 0 0 1 0 1 1 1 1 0 1 0 1 0 1 1 1 1 0 0 0 0 0 0 1 0 1 51
0 1 0 0 1 0 0 1 0 1 0 1 0 0 1 0 1 0 1 0 0 0 1 1 1 1 0 0 1 0 0 1 1 1 1 1 0 1 0 1 0 0 0 0 1 0 0 1 1 1 1 1 0 1 1 1 1 1 1 1 1 1 0 1 1 0 1 0 1 1 0 1 1 1 0 1 1 0 0 1 1 0 1 1 1 0 1 1 1 1 0 0 1 1 0 1 0 0 0 1 58
1 1 0 0 1 0 1 1 1 0 0 1 1 0 1 1 1 1 1 1 1 1 0 1 1 0 1 1 0 0 0 1 1 0 1 0 1 0 1 0 1 1 0 1 0 0 1 0 0 0 1 0 0 0 1 1 0 0 1 0 0 0 0 1 0 0 0 1 1 0 1 1 1 1 1 0 0 1 0 0 1 1 0 1 0 0 0 1 0 1 0 0 0 1 1 1 0 1 0 0 51
0 1 1 0 1 0 0 0 1 0 0 0 1 1 0 0 1 1 1 1 1 0 1 0 0 1 0 1 0 1 0 0 1 0 0 1 1 1 1 1 1 0 1 1 0 1 1 1 1 0 0 1 0 1 0 0 0 0 1 0 0 0 0 0 0 1 0 1 1 1 0 1 0 1 0 1 0 1 0 0 0 1 0 1 1 1 0 1 0 1 0 0 0 0 0 1 0 1 1 0 48
0 0 0 0 0 0 1 0 0 0 1 0 1 1 0 1 1 1 1 1 0 0 0 1 0 0 0 0 1 0 0 1 1 1 1 1 0 1 0 0 0 0 0 1 1 1 0 0 1 0 0 1 1 1 0 1 1 1 1 0 0 0 0 1 0 1 0 0 1 0 0 1 0 0 1 1 0 1 0 0 1 1 1 0 1 0 1 1 1 0 1 1 1 0 0 1 0 1 0 1 48
0 0 1 0 1 0 0 1 0 0 1 1 1 1 0 0 1 1 0 1 0 0 1 0 0 0 0 1 1 0 0 0 1 0 0 1 1 0 0 1 0 0 0 0 1 1 1 0 1 1 1 0 1 0 0 0 0 0 1 0 0 0 0 1 1 0 0 1 1 1 0 1 1 0 0 1 1 1 0 1 1 0 1 1 0 1 1 0 0 0 0 0 1 0 1 0 0 0 0 1 44
0 1 0 1 0 1 1 0 1 1 1 1 0 1 0 0 1 0 0 0 1 0 0 1 0 0 0 0 1 1 0 1 0 1 1 0 1 0 1 1 1 0 0 0 1 1 0 0 1 0 0 0 0 0 1 1 0 1 0 0 1 0 1 0 1 1 0 0 0 0 0 0 0 0 1 0 1 1 1 1 0 1 0 1 0 0 0 0 0 0 0 0 0 0 0 1 0 0 0 0 39
1 1 1 1 1 0 1 0 0 0 1 0 1 0 0 1 0 0 0 1 0 0 0 0 1 1 0 1 0 1 0 0 1 1 1 1 1 0 0 1 1 0 1 0 1 0 1 1 0 0 0 0 0 0 0 0 1 0 1 1 1 0 1 1 1 1 1 0 1 0 0 0 0 0 0 1 1 0 1 1 0 1 1 1 0 0 0 0 0 0 1 1 0 1 0 0 0 0 1 0 46
1 0 1 1 1 1 0 0 0 0 1 1 0 0 1 0 0 0 0 0 0 1 0 0 1 0 1 0 1 1 0 0 0 0 0 1 0 0 1 0 1 0 1 0 1 1 0 0 0 1 0 0 0 0 1 0 0 0 1 1 0 0 1 0 1 0 1 0 1 0 0 1 1 0 0 1 1 1 0 0 1 1 0 1 0 0 1 0 0 1 1 0 1 1 0 0 0 1 0 1 42
0 0 0 0 1 0 0 0 0 1 0 0 0 0 0 0 1 0 1 0 0 0 1 0 0 1 0 1 1 1 1 0 0 0 0 0 0 1 1 1 0 1 1 0 1 0 1 0 0 0 1 1 1 0 0 0 0 0 1 1 0 1 0 0 1 0 1 1 0 0 1 1 0 0 1 1 1 0 1 1 1 0 0 1 1 1 0 1 1 1 1 0 0 1 0 1 0 0 0 1 44
1 0 0 0 1 1 1 0 0 1 0 0 1 0 0 1 0 0 1 0 1 0 0 0 1 0 0 1 1 1 0 0 1 1 0 1 0 0 0 0 0 1 1 0 1 0 0 1 1 1 0 1 0 0 1 0 1 1 0 1 0 1 0 0 1 1 1 1 1 1 1 0 1 0 1 0 1 1 1 0 1 0 0 0 0 0 1 1 1 1 1 1 0 1 0 0 0 1 0 1 50
0 1 1 1 0 1 0 0 1 1 1 1 1 1 1 0 1 0 0 0 1 0 1 1 1 0 1 0 0 0 1 1 0 0 0 1 0 0 0 0 1 0 0 0 1 0 1 0 1 0 1 0 0 1 0 0 1 1 1 1 0 1 0 1 0 1 1 1 1 1 1 1 1 1 1 0 0 1 1 0 0 0 1 0 0 0 0 0 0 0 0 1 0 1 1 0 1 0 0 1 50
0 0 0 0 0 0 0 1 1 0 1 0 0 0 0 1 1 1 1 0 1 1 0 0 1 0 0 0 0 0 1 0 0 0 1 0 1 1 0 0 1 1 1 0 1 0 0 0 1 0 1 0 1 1 1 1 1 1 1 0 0 1 1 1 0 1 1 0 1 1 1 1 0 1 1 1 1 0 0 1 0 0 1 1 1 0 0 1 1 0 1 0 1 0 1 0 0 0 0 0 49
0 0 1 0 0 0 0 1 0 0 0 1 1 0 1 0 1 0 1 0 0 0 1 0 1 0 1 1 0 0 1 0 1 1 1 0 0 1 1 1 1 0 0 1 0 0 1 1 1 1 1 0 1 0 1 0 1 1 0 1 1 1 1 0 0 1 0 0 0 1 0 0 1 1 0 0 1 1 0 1 0 0 1 0 1 1 0 1 0 1 0 0 1 0 1 1 1 0 1 0 50
0 0 0 0 0 1 1 0 1 0 1 0 0 1 1 1 0 1 1 1 0 1 1 0 0 0 1 0 0 0 1 1 0 0 1 0 1 1 1 1 1 1 1 1 0 1 0 0 0 0 0 0 1 0 0 0 1 1 0 1 0 1 0 1 0 0 0 0 0 0 0 0 0 0 1 0 0 1 0 1 0 1 1 0 0 0 1 0 1 0 1 1 0 0 1 0 1 1 0 0 43
1 0 0 0 1 1 0 1 0 0 0 0 0 1 0 0 1 1 1 1 0 1 1 0 0 1 0 0 1 0 0 0 0 1 1 1 1 1 0 0 0 0 1 1 0 1 1 0 0 0 1 1 0 0 0 0 0 1 1 0 0 1 0 1 0 1 0 0 1 0 0 1 0 1 1 1 0 0 0 1 0 1 1 1 0 0 0 1 0 1 0 1 0 1 0 1 0 0 0 0 43
1 1 1 1 0 0 0 0 0 1 1 0 1 1 0 1 0 0 0 0 0 0 0 0 0 1 0 1 1 1 0 0 0 1 1 0 1 1 0 0 0 0 1 0 0 0 0 1 1 1 1 0 0 0 1 1 0 1 1 0 1 0 1 0 1 0 0 0 1 0 0 1 0 0 1 1 1 0 1 1 0 1 1 1 1 0 1 1 1 0 0 1 1 0 0 1 0 1 1 1 49
0 1 0 1 1 1 1 0 0 0 0 1 1 0 0 1 1 0 0 0 1 1 0 1 1 0 1 1 0 1 1 0 1 1 1 1 1 0 0 0 1 1 1 1 1 0 1 0 1 1 0 0 0 0 1 0 0 0 1 1 1 1 1 1 0 0 1 0 0 0 1 1 0 0 1 1 0 1 0 0 1 1 0 0 0 0 1 1 1 0 1 1 1 0 0 0 1 0 1 1 54
0 0 0 1 0 0 1 1 0 1 0 0 1 1 0 0 1 0 1 0 0 0 1 0 0 0 1 0 0 0 1 0 0 1 0 0 0 1 0 0 1 0 1 0 1 0 0 1 1 0 1 1 1 0 1 0 0 0 0 1 1 1 0 0 1 1 1 0 0 0 0 0 0 0 1 1 0 0 0 0 1 1 0 0 1 0 1 0 1 0 1 0 1 1 1 1 1 0 1 0 42
0 0 1 1 0 0 1 0 0 0 1 0 1 1 1 1 0 1 0 1 0 1 1 1 1 1 0 0 1 1 1 0 1 0 0 0 0 0 1 0 0 1 1 1 0 0 1 0 0 1 1 1 1 1 0 1 1 0 1 0 1 0 1 1 0 1 0 0 1 1 1 0 0 1 1 1 1 0 1 1 0 0 0 0 1 0 0 1 1 1 0 0 1 0 1 0 1 0 0 0 52
0 1 0 1 0 1 1 1 0 1 0 0 1 1 1 0 0 0 1 1 0 0 0 1 0 0 1 1 0 0 0 0 1 0 0 1 0 0 0 0 1 1 1 0 0 1 1 0 1 0 1 0 0 0 0 0 1 0 0 1 1 1 0 0 0 1 1 0 1 1 0 1 1 0 0 0 1 1 0 0 0 0 1 1 1 0 1 1 0 0 1 0 1 1 0 0 1 1 0 0 45
1 1 0 1 0 1 0 1 0 0 1 0 0 0 1 0 0 0 1 0 1 1 1 1 1 0 1 0 1 0 1 1 0 0 0 0 1 1 0 1 1 0 0 1 1 1 1 0 1 0 1 0 1 0 1 0 1 0 0 0 0 0 0 1 1 1 0 0 0 1 0 1 0 1 0 0 0 0 1 0 0 0 0 0 1 0 0 1 1 0 1 0 1 1 1 1 0 0 1 1 47
0 1 0 0 1 1 0 0 0 1 0 0 0 1 0 0 0 0 1 0 1 0 0 0 0 1 1 0 0 0 1 1 0 0 0 0 0 1 0 1 0 1 0 0 0 1 1 1 1 1 1 0 1 0 0 0 1 0 0 1 0 1 0 1 1 0 1 0 0 1 0 0 1 1 0 1 0 1 0 1 0 0 1 0 0 1 1 1 1 0 0 0 0 1 1 1 1 0 0 0 42
0 1 0 0 1 0 0 1 0 0 1 1 1 1 1 1 1 0 1 1 0 0 0 0 0 0 1 0 0 0 1 0 1 1 1 0 0 1 0 1 1 1 1 0 1 0 0 1 1 0 0 0 0 0 0 1 1 0 0 1 1 1 1 1 1 0 0 1 0 1 0 1 0 1 1 1 1 0 1 0 0 0 0 1 0 0 1 1 0 0 1 0 1 0 1 1 1 1 0 1 51
0 1 0 0 1 0 0 0 1 0 0 0 1 0 1 1 1 1 1 0 1 1 1 1 1 0 0 1 1 0 1 1 0 0 1 0 0 0 1 0 1 1 0 0 0 1 0 0 1 0 1 0 1 1 0 0 0 0 1 1 1 1 1 0 0 1 1 0 0 0 0 0 1 0 1 0 0 1 1 0 1 1 0 1 1 0 0 0 1 0 1 1 1 0 1 0 0 1 0 1 49
0 0 0 1 1 0 1 0 0 1 1 1 1 0 1 0 1 1 0 1 1 1 0 1 0 1 0 1 0 1 1 0 1 0 0 0 0 0 1 0 1 0 1 1 0 1 1 1 0 1 1 0 1 1 0 1 1 1 0 1 0 0 1 1 0 1 0 1 0 0 1 1 1 1 0 0 1 0 1 0 0 1 0 1 1 1 1 0 0 0 0 1 0 0 1 1 0 0 1 0 53
1 1 0 0 0 0 1 0 1 0 1 0 1 0 0 0 0 1 0 0 0 1 0 0 0 0 0 0 1 0 1 0 1 1 1 0 0 1 1 1 0 0 1 1 1 0 1 1 1 0 0 1 0 1 1 1 0 1 0 0 0 0 1 1 1 1 1 1 0 1 1 0 0 1 1 1 0 1 0 0 0 0 0 1 1 1 1 1 1 1 0 0 0 0 0 0 0 0 1 0 47
1 1 0 0 1 1 0 1 0 1 1 0 1 0 0 0 1 0 0 0 1 0 1 0 1 0 0 0 1 0 0 1 0 0 1 1 1 0 0 1 1 0 1 1 1 0 0 0 1 1 1 0 0 1 0 0 1 1 1 0 1 1 0 0 1 1 1 1 1 0 1 1 0 0 1 0 1 0 0 1 1 0 0 1 0 0 1 1 0 0 0 0 0 1 1 0 1 0 1 0 49
1 0 0 1 1 1 1 0 1 0 0 1 1 0 0 1 0 0 1 0 1 1 0 1 1 0 1 0 1 0 1 0 0 0 0 0 1 1 0 1 1 1 1 0 0 0 0 1 1 0 1 1 1 1 0 1 0 1 0 1 0 0 1 0 1 1 1 1 0 1 0 1 0 1 1 0 1 0 1 0 1 0 0 0 0 0 0 0 0 1 0 0 1 0 1 0 1 1 1 1 51
1 1 1 0 1 0 0 0 1 1 0 0 0 1 1 1 1 1 1 0 1 0 0 1 0 0 1 1 0 0 0 0 1 1 1 0 0 0 0 1 0 1 0 1 0 1 1 1 1 1 1 1 1 0 0 0 1 1 0 1 0 0 1 0 1 0 1 0 1 0 0 0 0 0 0 1 1 1 0 0 0 1 0 0 0 0 0 0 1 1 0 1 1 0 0 1 1 0 0 0 47
0 1 1 1 0 0 0 0 1 1 1 1 0 1 1 1 1 1 0 1 1 1 1 1 1 1 1 0 0 1 0 0 0 1 1 0 1 0 1 1 1 1 0 0 1 1 0 1 1 1 0 1 1 0 0 1 0 1 0 0 0 1 1 1 0 0 1 0 1 0 1 0 0 0 1 0 1 1 0 1 1 0 1 0 0 1 0 0 0 0 1 0 1 1 1 0 1 0 1 1 57
1 0 1 0 1 0 1 0 1 1 1 1 1 0 0 1 1 0 0 1 0 0 1 1 1 0 0 1 0 0 0 1 0 0 0 0 0 0 0 1 0 1 1 1 0 0 1 1 0 1 0 0 0 1 0 0 0 1 0 1 1 1 0 0 1 1 1 1 0 0 1 0 0 0 1 1 1 0 1 1 1 0 1 1 1 1 1 0 1 1 0 0 0 0 1 1 1 1 0 0 51
0 1 0 1 0 1 1 1 1 1 0 0 1 0 0 1 0 0 1 1 0 0 1 1 1 0 1 1 0 0 0 1 0 0 0 1 0 0 0 0 0 0 1 0 0 1 1 0 0 0 1 0 0 1 0 0 0 0 0 0 1 1 1 1 0 1 1 0 1 0 0 0 1 0 1 0 0 0 1 0 1 0 1 1 1 0 1 1 1 1 1 1 1 1 0 0 1 0 1 1 48
1 0 0 1 1 0 0 0 0 1 0 1 1 1 0 1 0 0 0 1 0 0 0 0 0 1 1 0 0 1 0 0 1 1 1 0 0 1 0 0 0 0 0 1 0 1 1 1 0 0 0 0 0 1 0 1 0 0 1 0 0 0 0 0 0 1 1 0 1 0 0 1 1 0 0 1 1 1 1 1 1 0 0 1 1 1 0 0 0 0 1 1 1 1 0 0 0 0 0 1 42
0 0 0 1 0 0 0 1 1 1 1 1 0 0 0 1 1 1 1 1 0 1 1 1 1 0 0 0 1 0 0 0 0 0 0 0 0 0 1 1 1 0 1 0 0 1 1 0 1 1 1 1 0 0 0 0 1 1 1 0 1 0 1 1 0 1 0 0 0 0 0 1 1 1 1 0 0 0 1 1 1 0 0 0 0 1 0 1 0 1 1 1 0 1 1 0 0 1 1 0 49
0 0 1 1 1 1 1 0 1 1 1 0 0 0 0 0 1 0 1 0 1 1 1 1 1 1 1 1 0 0 0 0 0 1 0 1 1 0 1 0 0 0 0 0 1 0 1 0 0 1 1 1 0 0 0 1 1 1 0 1 0 1 1 1 0 0 1 1 0 1 1 1 0 0 0 0 0 1 0 1 0 0 1 1 0 0 0 0 0 0 0 0 1 1 1 0 1 1 1 1 50
0 0 0 0 0 1 1 1 1 0 0 1 0 0 1 0 1 1 0 0 0 1 0 0 1 0 1 0 0 0 0 0 0 0 0 1 0 1 0 1 1 0 0 0 0 1 1 1 1 0 1 1 0 1 0 0 1 1 1 1 1 1 1 0 0 1 1 0 1 1 1 1 1 0 1 1 1 1 0 1 1 0 0 1 1 0 0 1 1 0 0 0 0 0 1 0 0 1 0 1 49
0 0 0 1 1 0 0 0 0 1 0 0 1 1 1 1 0 1 0 0 1 0 1 1 0 0 0 0 1 1 1 0 0 0 0 1 0 1 0 1 1 1 1 1 0 0 1 0 1 1 0 0 0 1 1 1 0 0 0 1 1 1 1 1 1 0 1 0 0 0 0 1 1 0 1 1 0 0 0 0 1 1 0 0 1 0 0 1 0 1 0 1 0 1 0 1 0 0 0 1 47
1 1 1 0 1 1 0 1 1 1 0 0 0 0 1 0 0 1 1 0 1 0 0 1 1 0 0 0 1 0 1 0 0 1 1 1 1 0 1 0 0 1 0 0 0 1 0 0 1 1 1 0 0 1 0 0 1 1 0 0 0 1 1 1 0 0 0 0 1 0 0 1 0 0 0 0 0 0 0 1 0 0 1 1 1 0 1 0 0 1 0 1 0 1 1 1 0 0 1 1 46
1 0 1 0 0 0 0 0 1 1 0 0 0 0 1 0 1 0 0 0 1 0 1 1 1 1 1 1 0 0 1 1 1 0 0 1 1 1 0 0 0 0 1 0 0 1 0 1 0 0 0 1 0 0 1 0 1 0 1 0 0 0 1 1 1 0 0 0 0 0 0 0 1 1 0 0 0 0 1 0 1 0 0 0 1 0 1 1 0 0 1 0 1 0 1 0 0 0 0 1 40
0 0 1 1 0 0 1 0 1 1 1 1 1 0 0 1 1 0 1 1 0 0 0 0 0 1 1 0 1 1 1 1 0 0 1 0 1 0 1 1 1 0 1 1 0 0 0 1 0 1 0 0 1 0 1 1 0 0 0 1 0 0 0 1 0 1 1 0 1 1 1 1 0 1 1 1 1 1 0 1 1 0 1 1 0 1 0 0 1 0 0 1 1 0 1 1 1 0 0 1 55
0 0 0 0 0 1 0 1 1 0 1 0 1 1 0 0 1 1 0 0 0 1 1 0 0 0 0 1 0 0 0 0 0 1 0 1 1 1 1 1 0 0 1 1 0 0 0 1 1 1 0 1 1 0 0 0 1 0 0 0 0 1 0 0 0 0 0 1 0 1 1 1 0 0 0 1 1 1 1 1 0 1 1 0 0 1 0 1 1 0 0 1 1 1 0 0 0 1 0 0 44
1 0 0 0 1 1 1 1 1 0 1 1 0 0 0 1 1 0 0 0 0 0 1 1 1 1 0 0 1 0 1 0 0 1 1 1 0 0 1 0 1 0 1 1 1 1 0 1 1 1 0 0 0 1 0 0 0 1 1 1 0 1 1 0 0 0 0 0 0 0 0 1 1 1 0 1 1 1 0 0 1 1 1 1 1 1 0 1 1 1 1 1 1 1 1 0 1 0 0 0 55
1 0 0 0 1 1 0 0 1 1 1 0 1 0 1 0 0 0 1 1 0 1 1 0 1 0 1 1 0 0 0 1 0 1 0 0 0 1 0 1 0 0 1 0 1 0 1 1 1 1 0 1 0 0 0 0 1 1 1 1 1 1 1 0 0 0 1 1 0 0 0 0 0 0 1 1 0 0 1 0 0 1 1 0 1 0 1 1 0 0 0 1 1 0 1 0 0 1 0 1 48
0 1 1 0 1 0 1 1 1 0 1 1 0 0 1 0 1 1 1 0 0 0 1 0 1 0 1 1 0 1 0 0 1 1 0 0 0 0 1 0 1 0 1 1 0 1 0 0 1 0 1 1 1 0 1 0 0 0 1 0 1 1 0 0 0 1 1 0 1 1 1 0 1 1 0 0 1 1 0 1 1 1 1 1 1 1 0 1 1 1 1 1 1 1 1 1 1 1 1 0 60
0 0 1 0 0 1 1 1 0 0 0 0 0 0 0 0 1 0 0 1 1 1 0 1 1 1 0 0 0 1 0 0 0 1 1 0 0 1 0 1 0 1 0 0 0 0 1 0 1 0 0 1 1 0 1 0 1 1 1 0 0 0 0 0 0 0 0 0 0 1 1 1 1 0 0 0 0 1 1 1 0 0 1 1 0 0 1 1 0 0 0 0 1 0 0 1 0 0 0 1 39
1 1 1 1 0 1 1 1 0 0 0 0 1 1 1 0 1 0 0 0 1 1 0 1 0 1 1 0 1 1 0 0 0 0 0 0 0 1 0 0 1 1 1 0 0 1 1 0 0 1 0 0 1 1 0 0 0 0 1 0 0 1 0 1 0 0 0 0 0 0 0 0 0 0 1 1 0 0 1 1 0 1 0 0 0 0 1 1 0 0 0 0 0 1 1 0 1 1 1 1 43
0 0 1 1 0 0 1 1 0 1 1 1 1 1 0 0 1 0 1 1 1 1 1 1 0 0 0 0 0 0 1 0 1 1 1 1 0 0 0 1 0 1 1 1 0 0 1 0 0 1 0 0 1 1 1 0 1 1 0 1 1 0 0 1 0 1 0 0 0 1 1 0 0 0 0 1 1 0 1 1 1 1 1 0 1 0 1 0 0 0 1 0 0 1 0 0 1 1 0 0 51
1 0 1 0 1 0 1 1 0 0 1 1 1 0 0 1 0 0 0 1 1 0 1 1 1 1 1 1 1 1 0 1 0 0 1 0 0 0 0 1 1 0 1 1 1 0 0 1 1 1 1 0 1 0 0 0 1 0 1 0 1 0 0 1 1 1 0 0 1 1 1 0 1 0 1 1 0 0 1 0 0 0 0 1 1 0 1 0 0 1 1 1 1 1 1 1 0 0 1 1 56
0 1 1 1 1 1 1 1 0 1 0 1 1 0 1 1 0 0 1 0 0 1 1 1 0 0 1 0 0 1 1 0 0 1 0 0 1 0 0 0 1 0 1 0 0 0 0 1 0 0 0 1 1 0 0 1 1 0 0 1 1 1 0 1 0 1 0 0 1 0 0 1 1 0 1 0 0 0 0 1 0 1 1 0 0 1 1 0 0 1 1 0 1 1 1 1 1 1 1 0 51
1 0 1 0 0 1 1 0 1 1 1 1 1 1 0 1 0 0 1 1 1 1 0 1 0 0 1 1 1 0 1 1 1 0 0 0 0 0 1 0 0 1 0 1 1 1 1 0 0 0 1 0 1 0 1 1 1 1 0 1 0 1 1 0 0 0 0 0 0 1 0 0 1 0 0 0 0 1 0 0 0 1 1 1 0 0 1 1 0 0 0 0 1 1 0 1 1 0 0 1 50
1 1 0 0 0 0 0 1 1 1 1 0 1 1 0 1 0 1 0 0 1 1 0 1 0 1 0 1 1 1 0 1 0 0 0 0 0 1 1 1 1 0 1 1 1 0 0 1 1 0 1 1 0 1 0 1 1 0 0 0 0 0 1 0 1 1 0 1 1 1 1 1 1 1 0 0 0 0 0 1 1 1 0 1 0 1 1 1 1 0 0 0 1 0 1 1 1 0 1 0 55
1 1 0 0 1 1 1 1 0 0 0 0 1 1 1 1 0 1 0 0 1 0 1 1 0 1 0 1 1 0 0 0 1 1 0 0 1 0 1 0 0 1 0 1 1 0 0 1 0 0 0 0 0 0 0 0 1 1 0 0 0 0 0 0 0 1 1 0 1 0 1 0 0 1 0 1 1 1 0 1 1 0 0 0 1 1 1 1 0 1 0 1 1 1 0 1 0 1 0 1 48
0 1 0 0 1 0 1 0 0 1 0 0 0 1 0 1 0 0 0 0 0 1 1 0 1 0 1 0 1 1 0 0 0 1 1 0 1 1 0 0 1 1 1 0 0 1 1 1 0 1 1 1 0 1 0 1 0 0 1 1 0 0 0 0 0 0 0 0 1 1 0 0 0 0 0 1 0 0 1 0 0 0 0 1 0 1 0 0 1 0 0 0 1 0 0 1 1 1 0 0 40
1 0 1 0 1 0 1 0 1 0 1 1 1 1 1 0 0 1 0 0 1 1 1 1 0 0 0 0 0 1 1 1 0 0 1 0 0 1 0 0 0 0 1 0 1 1 1 0 1 0 1 0 1 1 0 0 1 1 0 0 1 1 1 0 1 0 1 1 1 1 0 0 0 1 1 1 1 0 0 1 0 0 0 0 0 1 0 1 0 0 1 0 1 0 0 1 1 0 0 0 49
1 0 0 0 0 0 0 0 0 0 0 0 0 0 0 1 1 0 1 0 0 0 1 0 0 0 1 0 1 1 1 1 1 0 0 0 0 0 1 1 0 1 0 0 1 1 0 1 1 0 1 1 1 1 0 0 1 1 1 1 0 0 0 1 0 1 1 1 0 0 1 1 0 1 1 1 0 1 1 1 1 0 0 1 1 0 1 0 0 1 1 0 0 1 1 1 1 0 0 1 49
0 1 1 0 0 1 0 0 0 0 0 1 1 1 1 0 1 1 1 1 1 0 1 1 1 1 1 1 0 1 0 0 1 0 0 1 1 1 0 1 0 0 0 1 1 0 0 1 1 1 0 1 0 0 0 0 0 0 0 1 0 0 0 0 0 1 0 0 1 0 1 1 0 1 1 0 0 1 1 0 1 0 1 0 1 1 0 1 1 0 0 1 0 0 0 0 1 1 1 1 50
0 0 1 0 1 1 0 0 1 0 1 0 1 0 1 0 0 0 0 1 1 1 1 1 0 1 1 1 0 1 1 0 1 1 1 1 1 0 0 1 0 1 1 1 1 0 0 0 1 1 0 1 0 0 1 0 0 1 1 0 1 1 0 1 1 0 0 0 1 0 0 0 1 1 1 1 1 1 1 0 0 1 1 0 1 1 1 0 1 1 0 1 1 0 0 1 0 0 1 1 57
1 1 0 1 0 0 1 0 0 0 1 0 0 0 0 1 1 0 0 1 1 1 0 0 0 0 0 0 0 1 0 0 1 0 1 1 1 1 1 1 0 1 0 1 1 0 0 1 1 0 1 1 1 1 0 0 0 0 0 0 0 1 1 0 1 1 0 1 1 0 0 1 0 1 0 0 1 1 0 0 0 1 0 1 0 1 1 0 1 1 0 0 1 1 0 0 1 1 1 1 49
1 1 0 0 1 0 1 0 1 0 0 0 0 1 1 0 0 0 1 0 0 1 1 1 1 1 1 0 0 0 1 1 1 1 0 1 1 0 1 1 1 1 1 0 0 1 1 0 0 1 1 1 0 0 0 0 0 1 0 1 1 1 0 1 0 0 0 1 1 0 1 1 0 1 1 1 1 1 0 0 1 1 0 1 1 1 1 1 0 0 1 1 0 0 1 1 0 0 0 0 55
0 0 1 0 1 1 1 0 0 1 0 1 1 0 1 1 0 1 0 0 0 1 1 0 1 1 1 1 1 0 0 0 1 0 1 1 0 0 1 0 0 0 0 0 0 1 1 0 1 0 0 1 0 0 1 1 1 0 1 0 1 1 1 1 0 1 1 1 1 1 0 1 1 1 0 0 1 1 1 0 1 0 1 0 0 0 0 1 0 0 0 0 1 1 1 1 0 1 0 1 53
0 0 1 1 1 1 1 0 1 1 1 1 1 1 1 1 1 0 1 0 0 0 0 1 1 1 0 0 1 0 1 1 0 1 1 0 0 0 1 0 1 0 1 0 1 0 0 0 0 0 0 0 0 0 0 1 0 1 1 1 1 0 0 0 1 0 1 1 0 1 0 0 1 0 1 1 1 1 1 1 1 0 1 1 1 0 1 0 1 1 1 1 0 0 1 0 0 0 1 0 54
1 1 0 0 1 0 1 1 0 1 0 0 0 1 0 0 1 1 0 1 1 0 1 1 1 0 0 1 1 1 1 0 0 0 1 0 1 1 1 1 0 1 0 1 1 1 1 0 0 0 0 1 0 1 0 0 0 1 0 0 0 1 0 1 1 1 0 1 1 1 1 1 1 1 1 0 1 1 0 1 1 1 0 1 0 0 0 1 0 1 0 1 1 0 1 0 0 0 0 1 55
0 1 0 1 0 1 0 0 1 0 1 0 1 0 0 0 0 0 0 0 1 1 0 0 0 1 0 0 1 0 1 0 1 0 0 0 0 0 0 1 0 0 1 1 1 1 1 0 1 1 1 0 1 1 0 0 0 1 0 1 0 0 1 1 0 0 1 0 1 1 0 1 1 0 1 1 1 0 0 1 0 1 1 1 1 1 1 0 1 0 0 1 0 0 0 0 0 0 0 0 44
0 0 1 1 1 1 1 1 1 1 1 1 1 1 0 1 1 1 0 0 1 0 1 1 1 0 0 0 1 0 1 1 0 1 0 0 0 1 1 0 1 1 0 0 0 1 0 1 1 1 0 1 0 1 1 0 1 0 1 0 1 0 1 0 1 1 0 0 1 1 0 1 0 1 0 1 0 0 1 0 1 1 1 1 0 0 1 0 1 1 0 0 0 0 0 1 0 1 1 1 57
0 1 1 0 1 1 0 1 0 0 1 0 1 0 1 0 0 1 1 0 1 1 0 0 0 1 0 1 1 1 0 0 0 1 0 0 0 0 0 0 0 0 0 1 0 0 0 0 1 1 0 1 0 1 1 1 0 0 1 0 0 0 0 1 0 1 0 1 0 1 1 1 0 0 0 1 0 0 1 1 1 1 0 0 0 0 1 0 0 1 0 1 1 0 1 1 1 0 0 1 44
0 0 1 1 0 1 1 1 1 1 1 0 0 1 1 1 1 1 1 0 0 0 1 0 1 0 0 1 1 1 0 1 0 1 1 1 1 1 1 0 0 1 0 1 0 0 0 0 0 0 1 1 0 1 1 1 0 1 1 1 0 0 1 1 0 0 0 0 0 1 0 1 1 0 1 1 0 1 1 1 1 1 0 0 1 0 1 0 0 1 0 0 0 1 1 1 1 0 1 0 56
1 1 1 0 0 0 0 0 0 0 0 1 0 1 1 1 1 0 0 0 1 0 1 0 1 1 1 0 1 1 1 0 1 1 0 1 0 1 0 0 1 0 1 1 0 1 1 0 0 1 0 0 0 1 0 1 0 1 1 0 0 1 0 1 1 0 1 1 1 1 0 0 0 0 0 1 0 0 1 0 0 1 0 1 0 0 0 1 0 0 1 0 1 1 1 0 0 0 1 0 47
1 1 1 1 0 0 1 0 0 1 1 0 0 0 1 1 1 0 0 0 0 0 1 0 1 1 1 0 0 0 1 0 1 1 1 0 1 0 0 1 0 1 0 0 1 1 1 0 1 1 0 0 1 0 1 1 0 0 0 1 0 1 0 0 1 0 1 1 1 0 1 1 0 0 1 1 0 0 0 0 1 0 0 1 1 0 0 0 1 1 1 0 1 0 0 0 0 1 1 0 48
0 1 0 0 1 1 1 1 1 0 1 1 0 0 0 1 0 0 1 0 1 1 0 0 0 1 1 1 0 1 1 1 1 0 1 0 0 0 1 1 0 1 1 0 0 0 0 0 0 0 0 1 1 1 1 1 0 1 0 0 0 0 1 0 1 0 1 0 0 0 0 0 0 1 1 0 0 0 1 1 1 0 0 0 0 0 0 1 1 0 0 0 1 0 0 0 0 0 1 1 43
0 0 0 1 0 1 0 0 1 1 0 1 1 1 0 1 1 0 1 1 0 0 1 1 0 1 1 1 1 1 0 1 0 0 0 0 1 1 0 0 0 1 0 1 1 0 0 0 0 1 1 0 1 0 1 1 0 1 0 1 0 1 1 1 0 1 0 0 1 1 0 0 1 0 0 0 0 0 1 0 1 0 0 0 0 0 0 0 0 1 0 0 0 0 1 0 0 1 0 1 44
1 1 0 1 1 1 0 0 1 1 1 0 1 0 1 1 0 1 0 1 0 1 1 0 0 1 0 0 1 0 1 0 0 1 0 0 0 1 0 0 0 1 1 1 1 0 0 1 1 1 0 0 0 1 0 1 0 0 1 1 0 0 0 1 0 0 0 1 0 0 0 1 1 0 0 0 1 1 1 0 0 1 1 1 1 1 1 0 0 1 0 0 1 1 0 0 0 1 0 0 48
1 1 1 1 0 1 0 0 1 0 0 0 0 0 0 0 0 1 1 1 0 0 0 1 1 1 1 1 1 1 0 0 0 1 1 1 1 0 0 0 1 0 0 1 0 1 0 1 0 0 1 0 1 1 0 1 0 1 0 0 1 0 0 1 1 0 0 0 0 0 1 1 1 0 0 0 0 1 0 0 0 1 1 1 0 0 0 1 0 0 1 1 0 1 1 0 1 0 0 1 46
1 1 0 1 1 1 0 1 0 1 0 1 1 1 1 0 0 1 0 0 1 0 1 1 0 0 1 0 0 0 1 1 0 0 1 0 1 0 1 1 1 1 1 0 1 0 0 0 1 0 1 1 0 0 1 0 1 1 0 1 1 0 1 0 1 1 0 0 1 1 0 1 1 0 0 1 0 1 1 0 0 1 1 0 0 0 1 0 1 1 1 0 1 1 1 0 1 0 1 1 56
1 1 1 1 0 0 0 1 0 0 1 1 1 0 1 0 1 1 0 0 0 1 0 0 1 1 1 1 1 1 1 1 1 0 0 0 1 1 0 1 1 1 1 0 1 0 1 1 0 0 1 0 0 0 0 0 0 0 0 1 1 0 1 1 1 0 1 0 1 0 1 0 0 1 0 0 0 1 1 0 0 1 1 1 1 1 0 1 0 0 1 0 0 0 0 1 1 1 0 1 53
0 1 1 1 1 0 0 0 1 0 0 0 1 0 1 1 0 1 0 1 0 1 1 0 1 0 1 1 0 0 0 0 0 1 1 1 1 1 1 0 0 0 1 0 0 1 0 0 1 0 0 0 0 1 0 0 1 1 0 1 0 1 0 0 1 0 1 1 1 0 1 0 0 0 0 0 1 0 0 0 1 0 1 1 1 0 0 1 0 0 1 0 1 0 1 1 0 1 1 1 47
0 0 0 0 1 0 0 0 0 1 1 1 0 1 1 0 1 0 1 1 0 0 0 0 0 0 0 1 1 0 1 1 0 0 1 0 1 0 1 0 1 1 0 1 0 1 1 1 0 1 0 1 0 1 0 0 1 0 1 0 0 0 0 1 0 0 1 1 1 1 1 1 1 0 0 1 1 0 0 1 1 0 0 1 1 1 1 0 0 0 0 1 1 0 1 1 0 1 1 0 49
1 0 1 0 1 1 1 1 1 1 0 1 0 0 0 0 0 1 1 1 1 0 1 0 0 0 0 0 0 1 0 1 1 0 0 0 0 0 1 0 1 1 0 0 0 1 0 1 0 0 0 0 1 0 1 0 1 0 0 1 0 0 1 1 1 0 0 1 1 0 1 1 1 0 1 1 0 0 1 1 1 0 1 1 0 1 1 0 1 1 1 1 0 1 0 0 0 0 0 0 48
0 1 0 1 0 1 1 0 0 1 0 1 0 1 1 0 0 1 1 0 1 1 1 0 0 0 0 0 0 0 0 1 1 1 0 0 1 1 0 1 0 0 1 1 1 0 0 0 0 1 0 1 0 0 0 0 1 1 1 1 1 0 1 1 1 1 1 0 0 1 0 0 0 1 1 1 1 0 0 1 0 1 1 0 1 1 0 0 1 1 0 1 1 0 0 1 0 0 0 0 49
0 1 1 1 0 1 0 0 0 0 1 1 0 0 0 1 0 0 1 0 0 1 1 1 1 0 0 1 0 0 1 1 1 1 1 0 0 1 0 0 0 0 0 0 0 0 1 0 0 0 1 1 0 0 1 1 1 1 0 0 1 1 0 0 0 0 1 1 1 1 0 1 0 0 0 0 0 1 1 1 0 1 0 0 0 1 0 1 1 0 1 1 1 1 1 1 0 1 1 0 48
0 0 1 0 1 1 0 0 0 0 0 1 0 1 1 0 1 0 1 0 0 0 1 1 0 0 0 0 0 0 1 0 1 1 1 1 0 0 0 1 1 1 1 0 1 1 1 0 0 0 0 1 1 1 0 0 0 1 0 0 1 0 1 0 1 0 0 0 1 1 0 0 1 0 1 1 1 1 1 1 1 0 0 0 1 1 1 0 0 0 1 0 0 0 1 0 0 1 1 1 47
0 0 1 0 0 1 1 0 0 1 1 0 0 0 1 0 0 1 0 1 0 1 0 0 1 0 1 1 1 0 1 1 0 0 0 0 1 0 0 1 1 1 1 1 0 1 1 1 0 1 0 0 1 1 0 1 0 1 0 0 0 0 0 0 0 0 0 0 1 1 1 0 1 1 1 0 0 1 1 1 0 0 0 1 1 1 1 1 0 0 0 1 1 1 0 0 0 1 1 0 48
1 1 1 0 0 1 1 1 0 1 0 0 0 1 1 1 0 0 1 0 1 1 1 0 1 1 1 1 0 1 0 1 0 0 0 1 0 1 1 0 1 1 0 1 0 0 1 0 0 1 0 1 1 0 0 1 0 1 1 1 0 0 0 1 0 1 0 1 0 1 1 0 0 0 1 0 0 1 1 0 1 1 1 1 0 0 1 1 1 1 1 0 1 1 1 1 0 0 1 0 56
1 0 1 1 0 0 1 0 0 1 1 1 0 0 1 1 0 0 0 1 0 1 1 1 1 1 1 1 1 1 1 1 1 1 1 1 0 0 1 1 1 1 1 0 1 1 0 1 1 1 1 1 0 1 0 0 1 0 1 1 0 0 1 0 1 1 1 1 1 1 0 1 0 1 0 0 0 0 0 0 1 1 0 0 0 1 0 0 0 0 0 1 1 1 1 0 1 1 1 0 60
0 0 0 0 1 0 0 1 0 1 1 0 0 0 1 1 1 0 0 1 0 1 1 1 1 0 1 0 1 0 0 0 1 0 0 0 1 0 0 0 1 0 0 0 0 1 1 0 1 0 1 1 0 0 0 0 0 1 0 1 0 0 1 0 1 1 0 0 1 0 1 1 1 1 0 0 0 0 1 1 1 0 1 0 1 1 1 1 1 1 0 0 0 1 1 1 1 1 1 0 48
1 1 1 1 1 0 0 1 1 0 0 1 0 0 0 1 1 1 1 1 1 0 1 1 0 1 0 1 0 1 0 0 0 0 0 1 0 1 1 1 0 1 1 1 1 0 0 1 0 1 1 0 0 0 1 0 0 1 0 1 0 0 1 0 1 0 0 1 0 1 1 0 0 1 0 0 1 1 1 1 0 1 0 0 0 1 0 1 1 0 0 0 0 1 0 0 1 0 0 0 49
1 0 0 1 0 1 1 0 0 1 1 0 0 1 1 1 1 1 1 1 1 0 1 1 0 1 1 1 0 1 1 0 0 0 1 1 0 0 0 0 1 1 1 1 1 0 0 0 0 0 1 1 0 1 1 1 0 1 0 1 0 1 0 1 1 1 0 1 1 0 1 1 1 1 0 0 0 0 1 0 1 0 0 0 1 0 1 0 1 0 0 0 1 0 1 1 1 1 0 0 55
1 1 1 0 0 1 0 0 1 1 1 1 0 0 1 1 0 0 0 0 0 0 1 0 1 1 0 0 1 0 0 0 1 1 0 0 1 1 1 1 0 0 0 1 0 1 1 1 1 1 0 1 1 0 1 1 0 0 1 0 1 0 0 1 1 1 1 1 0 1 1 0 1 0 0 1 1 1 0 1 1 1 1 1 1 0 0 0 1 1 0 1 1 1 1 1 0 0 1 1 58
0 1 0 0 1 0 0 1 0 1 1 0 0 1 1 1 1 0 1 1 1 0 1 0 1 1 0 1 0 0 0 1 0 0 0 0 0 1 1 0 0 1 0 0 0 0 0 1 0 0 0 0 0 1 1 1 1 0 0 1 1 1 1 0 0 0 1 1 1 1 0 1 0 1 0 0 0 1 0 1 1 1 1 0 1 0 0 1 1 1 1 1 1 0 0 1 1 0 1 1 51
0 1 0 0 0 1 0 1 1 0 0 0 1 1 1 1 0 1 1 1 0 0 0 1 1 0 1 1 0 1 1 1 1 1 1 1 0 1 1 1 1 1 0 0 1 0 1 0 1 0 1 0 1 1 0 0 1 1 0 1 0 0 0 0 1 1 0 0 1 1 0 0 1 1 0 0 1 1 0 0 1 0 0 1 1 0 0 1 1 0 0 1 0 0 1 0 1 1 1 1 55
1 0 1 1 0 1 1 1 0 0 1 0 0 1 0 0 1 1 0 0 0 0 1 0 1 1 0 0 1 0 1 1 1 0 0 0 1 1 0 0 0 0 1 1 0 1 1 1 0 1 0 0 0 0 1 1 0 0 1 0 1 0 0 1 1 1 0 1 0 0 0 0 1 1 0 0 0 1 1 1 0 1 1 0 0 1 0 0 1 1 1 1 1 0 1 1 1 0 0 0 49
0 1 1 0 0 0 1 0 0 0 0 1 1 0 0 1 0 1 0 0 1 0 0 0 1 1 0 1 1 0 0 1 1 0 0 1 1 0 0 0 0 1 0 1 1 1 0 0 0 0 0 1 1 1 1 1 0 1 0 1 1 1 0 1 0 1 1 0 0 1 0 0 1 0 0 0 1 1 0 1 0 1 1 0 0 1 1 0 1 1 1 1 1 0 0 0 0 1 1 0 48
1 0 0 1 0 0 1 0 1 1 0 0 1 0 0 0 0 0 0 1 0 0 1 1 1 0 0 0 0 1 0 1 1 0 0 1 1 1 1 0 1 0 1 1 0 1 0 0 1 1 1 1 0 0 0 1 1 1 0 1 0 1 1 0 1 0 1 0 1 0 0 0 0 0 1 0 1 0 1 1 0 0 0 1 1 0 1 0 0 0 1 1 1 0 1 1 0 1 1 1 49
1 0 0 0 1 1 1 1 1 0 1 1 0 0 1 0 0 0 0 0 1 1 0 1 1 1 1 0 1 1 0 0 1 1 0 0 0 0 0 1 0 1 1 0 1 0 1 1 0 1 0 1 0 1 0 1 1 0 1 0 0 0 1 0 1 0 0 0 1 0 1 0 1 1 0 1 0 1 1 1 0 0 0 0 0 0 0 0 0 0 0 0 0 1 0 0 0 1 1 1 45
0 1 1 1 0 1 0 0 0 1 1 0 1 0 1 0 0 1 0 0 0 1 0 1 0 1 1 1 1 1 0 1 1 1 0 1 0 0 1 1 0 0 0 0 0 0 1 1 0 0 0 1 1 0 1 0 1 1 0 0 0 1 0 1 1 0 0 0 0 0 0 0 0 1 1 0 0 0 0 0 0 0 0 0 0 0 0 1 0 0 0 0 0 1 0 0 1 1 0 0 38
0 1 1 1 0 1 1 0 1 0 0 0 1 0 1 1 1 0 1 1 0 1 0 1 0 0 1 1 0 0 1 1 0 1 0 1 0 0 0 0 0 1 0 0 0 1 1 0 1 1 1 1 0 0 1 0 1 0 0 1 1 1 0 1 0 0 1 1 0 1 0 1 1 1 1 1 0 1 0 1 1 0 0 0 1 1 0 0 0 0 1 0 1 0 0 1 0 0 0 0 49
1 0 0 1 1 1 1 1 0 1 0 0 1 1 0 1 1 1 0 1 0 1 1 0 0 0 1 1 0 1 0 1 1 1 0 1 1 1 1 1 0 1 0 1 1 0 1 1 1 1 1 0 0 0 1 0 0 1 1 1 1 0 1 0 0 0 1 0 0 0 1 0 1 1 1 1 0 0 1 0 0 0 0 0 0 1 0 0 0 0 1 0 0 0 0 0 1 1 1 0 52
0 1 1 1 1 1 1 0 0 0 1 0 0 0 1 0 0 0 1 1 1 1 0 1 0 0 1 0 0 0 0 1 1 1 0 1 0 0 0 1 0 1 0 0 1 1 1 0 1 0 0 1 0 1 1 1 0 0 1 0 0 0 0 1 1 0 0 0 1 0 0 1 0 0 0 1 0 0 0 0 1 1 0 0 0 1 0 0 0 0 1 1 0 1 1 0 0 1 0 0 42
0 1 1 0 0 1 1 0 1 1 0 0 1 0 1 1 1 1 0 1 0 1 1 0 0 0 0 0 1 1 0 0 1 1 1 1 0 0 0 0 0 0 0 1 0 1 0 0 1 1 1 0 1 1 1 0 0 1 0 0 1 1 0 0 0 1 0 0 1 0 1 0 1 0 1 1 0 0 1 1 1 1 0 1 0 0 1 1 0 0 1 1 1 0 1 1 0 0 0 0 49
0 1 1 0 0 0 0 1 0 1 0 0 0 0 1 0 0 1 0 0 0 0 0 1 0 0 0 1 1 1 1 1 1 1 0 1 1 1 1 0 1 0 1 0 1 1 1 0 1 1 1 1 1 0 1 1 0 1 1 1 0 0 0 0 1 1 0 0 1 0 0 1 0 1 1 1 0 0 0 0 1 1 1 1 0 1 0 1 1 0 0 1 0 1 1 1 0 1 1 0 53
0 1 1 0 1 0 1 0 1 0 0 0 1 0 1 0 1 0 0 0 0 1 1 1 1 0 0 0 0 1 0 0 1 0 1 0 0 0 1 1 1 0 1 1 1 1 1 0 0 0 1 1 1 1 1 0 0 0 0 1 0 0 0 0 1 1 0 0 1 1 0 0 0 0 0 0 0 0 1 0 0 0 0 1 1 1 0 0 0 0 1 1 1 1 1 0 1 0 0 0 43
1 0 1 0 0 0 0 1 1 0 1 1 0 0 0 0 0 1 0 1 1 0 0 1 0 1 0 0 0 1 1 0 1 0 0 1 0 1 0 0 1 0 1 0 0 1 0 0 1 0 0 1 1 0 0 1 0 0 1 0 1 0 0 0 0 1 0 1 0 1 1 1 0 1 0 1 0 1 1 1 0 1 1 1 1 1 1 0 1 0 1 1 0 0 0 1 1 0 1 1 48
0 0 0 1 0 0 1 1 0 1 0 1 0 0 0 1 1 1 0 0 0 1 1 1 0 0 0 0 1 1 0 1 1 0 1 1 0 0 0 1 0 1 0 0 0 1 0 0 0 1 1 1 1 0 0 0 0 1 1 1 1 1 1 0 0 0 1 1 1 1 1 0 1 0 1 0 0 1 0 1 0 1 1 1 0 0 1 0 1 1 1 0 0 0 1 0 1 0 1 1 50
1 0 1 0 0 0 0 0 0 0 1 1 1 1 1 0 0 1 0 0 1 0 1 1 1 0 1 1 1 0 0 0 1 1 0 0 0 0 0 0 1 1 0 1 1 1 0 0 1 0 1 1 1 0 0 1 1 1 0 1 1 1 0 1 0 0 0 0 1 1 0 0 0 0 0 1 1 0 1 1 0 1 1 1 0 0 0 0 0 1 0 1 0 1 1 0 0 1 1 1 49
1 1 1 0 0 1 0 0 1 1 1 0 0 0 1 0 0 0 1 1 0 0 0 1 0 1 0 1 1 1 1 0 1 1 1 0 0 0 1 1 0 1 0 0 1 0 0 0 0 1 0 1 1 1 0 1 0 0 0 0 0 1 1 1 1 0 0 1 0 1 1 0 1 0 0 1 1 0 0 1 1 0 1 1 1 0 0 0 1 0 0 0 1 0 0 1 0 0 1 1 48
1 0 1 1 0 1 0 0 0 1 0 0 0 0 0 0 0 1 1 0 1 0 0 1 1 0 1 0 0 0 1 1 0 0 0 1 1 1 1 1 1 1 0 1 1 1 0 0 1 1 0 1 1 0 0 1 1 1 1 0 1 1 0 1 1 0 0 1 0 0 0 0 1 0 0 0 1 1 1 1 1 0 1 0 1 1 0 1 0 1 1 1 0 0 1 0 1 0 0 0 51
0 0 1 0 1 1 1 1 1 0 0 0 0 0 1 0 1 0 0 0 1 0 1 1 1 0 1 0 0 1 0 1 1 0 1 0 0 1 1 0 1 0 1 1 1 1 1 0 0 1 0 1 0 1 0 1 1 1 0 1 1 1 1 1 1 0 1 0 1 1 1 1 0 0 0 0 0 1 0 1 1 1 1 1 1 1 0 1 1 0 1 1 1 0 1 1 1 0 1 0 59
0 0 0 1 1 0 0 0 0 1 0 1 0 1 0 1 1 0 0 1 0 0 0 1 1 0 1 0 0 0 0 0 1 1 1 0 0 0 0 0 1 0 1 1 0 1 1 1 1 1 1 0 0 0 0 1 1 0 0 0 0 1 0 0 1 1 1 0 1 0 1 0 0 1 1 1 0 0 1 1 0 0 1 0 0 0 0 0 0 0 0 1 0 1 0 1 0 0 0 0 40
0 0 1 0 0 1 1 1 1 0 1 0 1 0 0 0 0 0 0 1 0 1 0 1 0 1 1 1 0 1 1 0 0 1 1 0 1 0 1 0 1 1 1 0 1 0 1 0 0 1 1 1 0 1 1 1 0 1 0 0 0 1 1 1 0 0 1 1 0 0 0 1 1 1 1 1 0 1 0 0 0 1 0 1 1 0 0 0 0 0 0 1 1 0 0 1 0 1 0 0 49
1 1 1 1 0 1 1 0 0 0 0 0 1 0 0 1 0 0 0 1 0 0 0 0 0 0 1 0 1 1 0 0 1 0 1 0 1 0 1 1 0 0 1 0 1 0 0 0 0 1 1 0 0 0 0 1 1 1 1 0 0 1 0 0 1 0 0 0 0 0 0 0 0 1 0 1 0 1 1 1 1 0 1 1 1 1 0 1 1 0 0 0 1 1 0 0 0 0 1 1 43
0 0 0 1 1 1 1 1 0 1 1 0 0 1 1 1 1 0 0 0 1 1 0 1 1 1 0 0 1 1 1 0 0 0 0 1 0 1 1 1 0 1 0 1 0 1 1 0 0 0 1 1 1 1 0 1 0 1 1 0 1 1 0 0 1 1 0 0 0 0 1 1 0 0 1 0 0 1 1 1 0 1 0 0 0 0 0 0 0 0 1 1 1 1 1 0 1 0 1 1 53
1 1 0 0 0 1 0 0 0 0 0 0 1 1 1 0 1 0 1 0 0 1 1 1 0 1 1 1 0 1 0 1 0 1 0 0 0 1 0 1 0 1 1 0 0 1 0 1 1 0 0 1 1 0 1 0 0 0 0 0 1 1 0 1 0 0 1 0 0 0 1 0 0 0 0 0 1 0 0 0 0 1 0 1 0 0 1 0 0 0 0 0 1 1 0 0 0 1 0 1 40
1 0 0 0 0 1 0 1 1 0 1 1 0 1 1 1 0 0 0 1 1 0 0 1 0 0 1 1 1 1 1 0 1 1 0 1 1 0 1 0 0 0 1 1 1 1 0 1 0 0 0 0 0 1 0 1 1 0 0 1 0 0 1 1 1 1 1 1 0 0 0 1 0 1 1 0 1 0 0 0 1 1 0 1 0 0 1 0 1 1 1 1 1 0 0 0 0 1 0 1 52
1 0 0 1 0 1 0 1 0 1 0 0 0 1 1 0 0 0 0 1 1 1 1 1 1 1 0 1 0 1 0 1 0 1 1 0 0 0 1 0 1 1 1 1 0 0 0 0 0 0 1 0 1 1 0 0 1 0 0 0 1 1 1 1 0 0 0 0 1 1 0 0 0 1 1 0 0 0 1 0 1 0 0 0 1 0 1 0 0 1 1 0 1 1 0 1 0 1 0 1 47
0 0 0 1 0 0 1 0 1 1 0 1 0 0 1 1 1 0 1 0 0 0 0 0 1 1 0 0 0 0 1 1 1 1 1 0 1 0 0 0 1 0 1 1 1 1 1 1 1 1 0 0 0 0 1 0 0 1 0 1 0 0 0 0 0 0 0 1 1 1 1 0 0 1 0 1 0 0 1 0 1 0 0 1 0 0 1 0 0 0 1 0 1 1 1 1 0 0 0 1 45
0 0 1 1 0 0 1 1 1 0 0 1 0 0 0 0 1 0 1 1 0 1 0 1 1 0 1 1 0 0 0 0 0 1 0 1 0 0 0 1 1 0 1 1 0 1 1 1 0 0 1 0 0 0 1 0 0 1 1 1 1 1 1 0 0 1 1 0 1 0 1 1 1 1 1 0 1 0 0 0 1 0 0 0 1 0 0 0 1 0 1 0 0 0 1 1 1 1 0 1 49
0 0 1 1 0 0 1 0 0 1 0 0 1 0 0 0 1 0 1 0 1 0 0 1 1 0 1 1 0 1 0 1 0 0 1 0 0 1 0 0 0 0 0 0 0 1 0 1 1 1 0 0 0 1 0 0 0 1 0 1 0 1 0 0 0 1 0 1 0 0 1 0 1 1 0 0 1 0 1 1 1 0 1 0 0 0 1 0 0 1 0 0 1 1 0 0 1 1 1 1 42
0 0 0 0 0 0 0 0 1 0 1 0 0 1 0 1 1 0 0 0 0 0 1 1 0 1 1 0 1 1 0 1 0 0 0 1 1 1 1 0 1 0 1 1 1 0 1 0 1 1 1 0 1 0 0 0 0 0 1 0 0 0 1 0 0 0 1 0 0 0 0 1 0 1 1 0 0 1 1 1 0 1 0 0 0 1 1 1 1 1 1 0 0 0 1 0 1 0 0 1 44
0 0 0 0 0 0 0 0 0 0 0 0 0 0 0 0 0 0 0 0 0 0 0 0 0 0 0 0 0 0 0 0 0 0 0 0 0 0 0 0 0 0 0 0 0 0 0 0 0 0 0 0 0 0 0 0 0 0 0 0 0 0 0 0 0 0 0 0 0 0 0 1 0 0 0 0 0 0 0 0 0 0 0 0 0 0 0 0 0 0 0 0 0 0 0 0 0 0 0 0 1
0 0 0 0 0 0 0 0 0 0 0 0 0 0 0 0 0 0 0 0 0 0 0 0 0 0 0 0 0 0 0 0 1 0 0 0 0 0 0 0 0 0 0 0 0 0 0 0 0 0 0 0 0 0 0 0 0 0 0 0 0 0 0 0 0 0 0 0 0 0 0 0 0 0 0 0 0 0 0 0 0 0 0 0 0 0 0 0 0 0 0 0 0 0 0 0 0 0 0 0 1
0 0 0 0 1 0 0 0 0 0 0 0 0 0 0 0 0 0 0 0 0 0 0 0 0 0 0 0 0 0 0 0 0 0 0 0 0 0 0 0 0 0 0 0 0 0 0 0 0 0 0 0 0 0 0 0 0 0 0 0 0 0 0 0 0 0 0 0 0 0 0 0 0 0 0 0 0 0 0 0 0 0 0 0 0 0 0 0 0 0 0 0 0 0 0 0 0 0 0 0 1
0 0 0 0 1 0 0 0 0 0 0 0 0 0 0 0 0 0 0 0 0 0 0 0 0 0 0 0 0 0 0 0 0 0 0 0 0 0 0 0 0 0 1 0 0 0 0 0 0 0 0 0 0 0 0 0 0 0 0 0 0 1 0 0 0 0 0 0 0 0 0 0 0 0 0 0 0 0 0 0 0 0 0 0 0 0 0 0 0 0 0 0 0 0 0 0 0 0 0 0 3
0 0 0 0 0 0 0 0 0 0 0 0 0 0 0 0 0 0 0 0 0 0 0 0 0 0 0 0 0 0 0 0 0 0 0 0 0 0 0 0 0 0 0 0 0 0 0 0 0 0 0 0 0 0 0 0 0 0 0 0 0 0 0 0 0 0 0 0 0 0 0 0 0 0 0 0 0 1 0 0 0 0 0 0 0 0 0 0 0 0 0 0 0 0 0 0 0 0 0 0 1
0 0 0 0 0 0 0 0 0 0 0 0 0 1 0 0 0 0 0 0 0 0 0 0 0 0 0 0 0 0 0 0 0 0 0 0 0 0 0 0 0 0 0 0 0 0 0 0 0 0 0 0 0 0 0 0 0 0 0 0 0 0 0 0 0 0 0 0 0 0 0 0 0 0 0 0 0 0 0 0 0 0 0 0 0 0 0 0 0 0 0 0 0 0 0 0 0 0 0 0 1
0 0 0 0 0 0 0 0 0 1 0 0 0 0 0 0 0 0 0 0 0 0 0 0 0 0 0 0 0 0 0 0 0 0 0 0 0 0 0 0 0 0 0 0 0 0 0 0 0 0 0 0 0 0 0 0 0 0 0 0 0 0 0 0 0 0 0 0 0 0 0 0 0 0 0 0 0 0 0 0 0 0 0 0 0 0 0 0 0 0 0 0 0 0 0 0 0 0 0 0 1
0 0 0 0 1 0 0 0 0 0 0 0 0 0 0 0 0 0 0 0 0 0 0 0 0 0 0 0 0 0 0 0 0 0 0 0 0 0 0 0 0 0 0 0 0 0 0 0 0 0 0 0 0 0 0 0 0 0 0 0 0 0 0 0 0 0 0 0 0 0 0 0 0 0 0 0 0 0 0 0 0 0 0 0 0 0 0 0 0 0 0 0 0 0 0 0 0 0 0 0 1
0 0 0 0 0 0 0 0 0 0 0 0 0 0 0 0 0 0 1 0 0 0 0 0 0 0 0 0 0 0 0 0 0 0 0 0 0 0 0 0 0 0 0 0 0 0 0 0 0 0 0 0 0 0 0 0 0 0 0 0 0 0 0 0 0 0 0 0 0 0 0 0 0 0 0 0 0 0 0 0 0 0 0 0 0 0 0 0 0 0 0 0 0 0 0 0 0 0 0 0 1
0 0 0 0 0 0 0 0 0 0 0 0 0 0 0 0 0 0 0 0 0 0 0 0 0 0 0 0 0 0 0 0 0 0 0 0 0 0 0 0 0 0 0 0 0 0 0 0 0 0 0 0 0 0 0 0 0 0 0 0 0 0 0 0 0 0 0 1 0 0 0 0 0 0 0 0 0 0 0 0 0 0 0 0 0 0 0 0 0 0 0 0 0 0 0 0 0 0 0 0 1
0 0 0 0 0 0 0 0 0 0 0 0 0 0 0 0 0 0 0 0 0 0 0 0 0 0 0 0 0 0 0 0 0 0 0 0 0 0 0 0 0 0 0 0 0 0 0 0 0 0 0 0 0 0 0 0 0 0 0 0 0 0 0 0 0 0 0 0 0 0 0 0 1 0 0 0 0 0 0 0 0 0 0 0 0 0 0 0 0 0 0 0 0 0 0 0 0 0 0 0 1
0 0 0 0 0 0 0 0 0 0 0 0 0 0 0 0 0 0 0 0 0 0 0 0 0 0 0 0 0 0 0 0 0 0 0 0 0 0 0 0 0 0 0 0 0 0 0 0 0 0 0 0 0 0 0 0 0 0 0 0 0 0 0 0 0 0 0 0 1 0 0 0 0 0 0 0 0 0 0 0 0 0 0 0 0 0 0 0 0 0 0 0 0 0 0 0 0 0 0 0 1
0 0 0 0 0 0 0 0 0 0 0 0 0 0 0 0 0 0 0 0 0 0 0 0 0 0 0 0 0 0 0 1 0 0 0 0 0 0 0 0 0 0 0 0 0 0 0 0 0 0 0 1 0 0 0 0 0 0 0 0 0 0 0 0 0 0 0 0 0 0 0 0 0 0 0 0 0 0 0 0 0 0 0 0 0 0 0 0 0 0 0 0 0 0 0 0 0 0 0 0 2
0 0 0 0 0 0 0 0 0 0 0 0 0 0 0 0 0 0 0 0 0 0 0 0 0 0 0 0 0 0 0 0 0 0 0 0 0 0 0 0 0 0 0 0 0 0 0 0 0 0 0 0 0 0 1 0 0 0 0 0 0 0 0 0 0 0 0 0 0 0 0 0 0 0 0 0 0 0 0 0 0 0 0 0 0 0 0 0 0 0 0 0 0 0 0 0 0 0 0 0 1
0 0 0 0 0 0 0 0 0 0 0 0 0 0 0 0 0 0 0 0 0 0 0 0 0 0 0 0 0 0 0 0 0 0 0 0 0 0 0 0 0 0 0 0 0 0 0 0 0 0 0 0 0 0 0 0 0 0 0 0 0 0 0 0 0 0 0 1 0 0 0 0 0 0 0 0 0 0 0 0 0 0 0 0 0 0 0 0 0 0 0 0 0 0 0 0 0 0 0 0 1
0 0 0 0 0 0 0 0 0 0 0 0 0 0 0 0 0 0 0 0 0 0 0 0 0 0 0 0 0 0 0 0 0 0 0 0 0 0 0 0 0 0 0 0 0 0 0 0 0 0 0 0 0 0 0 0 0 0 0 0 0 0 0 0 0 0 0 0 0 0 0 0 0 0 0 0 0 0 0 0 0 0 0 0 0 0 0 0 0 0 0 0 0 0 0 0 1 0 0 0 1
0 0 0 0 0 0 0 0 0 0 0 0 0 0 0 0 0 0 0 0 0 0 0 0 0 0 0 0 0 0 0 0 0 0 0 0 0 0 0 0 0 0 0 0 0 0 0 0 0 0 0 0 0 0 0 0 0 0 0 0 0 0 0 0 0 0 0 0 0 0 0 0 0 0 0 0 0 0 0 1 0 0 0 0 0 0 0 0 0 0 0 0 0 0 0 0 0 0 0 0 1
0 0 0 0 0 0 0 0 0 0 0 0 0 0 0 0 0 0 0 0 0 0 0 0 0 0 0 0 0 0 0 0 0 0 0 0 0 0 0 0 0 0 0 0 0 0 0 0 0 0 0 0 0 0 0 0 0 0 0 0 0 0 0 0 0 0 0 0 0 0 0 0 0 0 0 0 0 0 0 0 0 0 0 0 0 0 0 0 0 0 0 0 0 0 0 0 0 1 0 0 1
0 0 0 0 0 0 1 0 0 0 0 0 0 0 0 0 0 0 0 0 0 0 0 0 0 0 0 0 0 0 0 0 0 0 0 0 0 0 0 0 0 0 0 0 0 0 0 0 0 0 0 0 0 0 0 0 0 0 0 0 0 0 0 0 0 0 0 0 0 0 0 0 0 0 0 0 0 0 0 0 0 0 0 0 0 0 0 0 0 0 0 0 0 0 0 0 0 0 0 0 1
0 0 0 0 0 0 0 0 0 0 0 0 0 0 0 0 0 0 0 0 0 0 0 0 1 0 0 0 0 0 0 0 0 0 0 0 0 0 0 0 0 0 0 0 0 0 0 0 0 0 0 0 0 0 0 0 0 0 0 0 0 0 0 0 0 0 0 0 0 0 0 0 0 0 0 0 0 0 0 0 0 0 0 0 0 0 0 0 0 0 0 0 0 0 0 0 0 0 0 0 1
0 0 0 0 0 0 0 0 0 0 0 0 0 0 0 0 0 0 0 0 0 0 0 0 0 0 0 0 0 0 0 0 0 0 0 0 0 0 0 0 0 0 0 0 0 0 0 0 0 0 0 0 0 0 0 0 0 0 0 0 0 0 0 0 0 0 0 0 0 0 0 0 0 0 0 0 0 0 0 0 0 0 0 0 0 0 0 0 0 0 0 0 0 1 0 0 0 0 0 0 1
0 0 0 0 0 0 0 0 0 0 0 0 0 0 0 0 0 0 0 0 0 0 0 0 0 0 0 0 0 0 0 0 0 0 0 0 0 0 0 0 0 0 0 0 0 0 0 0 0 0 0 0 0 0 0 0 0 0 0 0 0 0 0 0 0 0 0 0 0 0 0 0 0 0 0 0 0 0 0 0 1 0 0 0 0 0 0 0 0 0 0 0 0 0 0 0 0 0 0 0 1
0 0 0 0 0 0 0 0 0 0 0 0 0 0 0 0 0 0 0 0 0 0 0 0 0 0 0 0 0 0 0 0 0 0 0 0 0 0 0 0 0 0 0 0 0 0 0 0 0 0 0 0 0 0 0 0 0 0 0 0 0 0 0 0 0 0 0 0 0 0 0 0 0 0 0 0 0 0 0 0 0 0 0 0 0 0 0 0 0 0 0 0 0 0 0 0 0 1 0 0 1
0 0 0 0 0 0 0 0 0 0 0 0 0 0 0 0 0 0 0 0 0 0 0 0 0 0 0 0 0 0 0 0 0 0 0 0 0 0 0 0 0 0 0 0 0 0 0 0 0 0 0 0 0 0 0 0 0 0 0 0 0 0 0 0 0 0 0 0 0 0 0 0 0 0 0 0 0 1 0 0 0 0 0 0 0 0 0 0 0 0 0 0 0 0 0 0 0 0 0 0 1
0 0 0 0 0 0 0 0 0 0 0 0 0 0 0 0 0 0 0 0 0 0 0 0 0 0 0 0 0 0 0 0 0 0 0 0 0 0 0 0 0 0 0 0 0 0 0 0 0 0 0 0 0 0 0 0 0 0 0 0 0 0 0 0 0 0 0 0 0 0 0 0 0 0 0 0 0 0 0 0 0 0 0 0 0 0 0 0 0 0 0 1 0 0 0 0 0 0 0 0 1
0 0 0 0 0 0 0 0 0 0 0 0 0 0 0 0 0 0 0 0 0 0 0 1 0 0 0 0 0 0 0 0 0 0 0 0 0 0 0 0 0 0 0 0 0 0 0 0 0 0 0 0 0 0 0 0 0 0 0 0 0 0 0 0 0 0 0 0 0 0 0 0 0 0 0 0 0 0 0 0 0 0 0 0 0 0 0 0 0 0 0 0 0 0 0 0 0 0 0 0 1
0 0 0 0 0 0 0 0 0 0 0 0 0 0 0 0 0 0 0 0 0 0 0 0 0 0 0 0 0 0 0 0 0 0 0 0 0 0 0 0 0 0 0 0 0 0 1 0 0 0 0 0 0 0 0 0 0 0 0 0 0 0 0 0 0 0 0 0 0 0 0 0 0 0 0 0 0 0 0 0 0 0 0 0 0 0 0 0 0 0 0 0 0 0 0 0 0 0 0 0 1
0 0 0 0 0 0 0 0 0 0 0 0 0 0 0 0 0 0 0 0 1 0 0 0 0 0 0 0 0 0 0 0 0 0 0 0 0 0 0 0 0 0 0 0 0 0 0 0 0 0 0 0 0 0 0 0 0 0 0 0 0 0 0 0 0 0 0 0 0 0 0 0 0 0 0 0 0 0 0 0 0 0 0 0 0 0 0 0 0 0 0 0 0 0 0 0 0 0 0 0 1
0 0 0 0 0 0 0 0 0 0 0 0 0 0 0 0 0 0 0 0 0 0 0 0 0 0 0 0 0 0 0 0 0 0 0 0 0 0 0 0 0 0 0 0 0 0 0 0 0 0 0 0 0 0 0 0 0 0 0 0 0 0 0 1 0 0 0 0 0 0 0 0 0 0 0 0 0 0 0 0 0 0 0 0 0 0 0 0 1 0 0 0 0 0 0 0 0 0 0 0 2
0 0 0 0 0 0 0 0 0 0 0 1 0 0 0 0 0 0 0 0 0 0 0 0 0 0 0 0 0 0 0 0 0 0 0 0 0 0 0 0 0 0 0 0 0 0 0 0 0 0 0 0 0 0 0 0 0 0 0 0 0 0 0 0 0 0 0 0 0 0 0 0 0 0 0 0 0 0 0 0 0 0 0 0 0 0 0 0 0 0 0 0 0 0 0 0 0 0 0 0 1
0 0 0 0 0 0 0 0 0 0 0 0 0 0 0 0 0 0 0 0 0 0 0 0 0 0 0 0 0 0 0 0 0 0 0 0 0 0 0 0 0 0 0 0 0 0 0 0 1 0 0 0 0 0 0 0 0 0 0 0 0 0 0 0 0 0 0 0 0 0 0 0 0 0 0 0 0 0 0 0 0 0 0 0 0 0 0 0 0 0 0 0 0 0 0 0 0 0 0 0 1
0 0 0 0 0 0 0 0 0 0 0 0 0 0 0 0 0 0 0 0 0 0 0 0 0 0 0 0 0 0 0 0 0 0 0 0 0 0 0 0 0 0 0 0 0 0 0 0 0 0 0 0 0 0 0 0 0 0 0 0 0 0 0 0 0 0 0 0 0 0 0 0 1 0 0 0 0 0 0 0 0 0 0 0 0 0 0 0 0 0 0 0 0 0 0 0 0 0 0 0 1
0 0 0 0 0 0 0 0 0 0 0 0 0 0 0 0 0 0 0 0 0 0 0 0 0 0 0 0 0 0 0 0 0 0 0 0 0 0 0 0 0 0 0 0 0 0 0 0 0 0 0 0 0 0 0 0 0 0 0 0 0 0 0 0 1 0 0 0 0 0 0 0 0 0 0 0 0 0 0 0 0 0 0 0 0 0 0 0 0 0 0 0 0 0 0 0 0 0 0 0 1
0 0 0 0 0 0 0 0 0 0 0 0 0 0 0 0 0 0 0 0 0 0 0 0 0 0 0 0 0 0 0 0 0 0 0 0 0 0 0 0 0 0 0 0 0 0 0 0 0 0 0 0 0 0 0 0 0 0 0 0 0 0 0 0 0 0 0 0 0 0 0 0 0 0 0 0 0 0 0 0 0 0 0 0 0 1 0 0 0 0 0 0 0 0 0 0 0 0 0 0 1
0 0 0 0 0 0 0 0 0 0 0 0 0 0 0 0 0 0 0 0 0 0 0 0 0 0 0 1 0 0 0 0 0 0 0 0 0 0 0 0 0 0 0 0 0 0 0 0 0 0 0 0 0 0 0 0 1 0 0 0 0 0 0 0 0 0 0 0 0 0 0 0 0 0 0 0 0 0 0 0 0 0 0 0 0 0 0 0 0 0 0 0 0 0 0 0 0 0 0 0 2
0 0 0 0 0 0 0 0 0 0 0 0 0 0 0 0 0 0 0 0 0 0 0 0 0 0 0 0 0 0 0 0 0 0 0 0 0 0 0 0 0 1 0 0 0 0 0 0 0 0 0 0 0 0 0 0 0 0 0 0 0 0 0 0 0 0 0 0 0 0 0 0 0 0 0 0 0 0 0 0 0 0 0 0 0 0 0 0 0 0 0 0 0 0 0 0 0 0 0 0 1
0 0 0 0 0 0 0 0 0 0 0 0 0 0 0 0 0 0 0 0 0 0 0 0 0 0 0 0 0 0 0 1 0 0 0 0 0 0 0 0 0 0 0 0 0 0 0 0 0 0 0 0 0 0 0 0 0 0 0 0 0 0 0 0 0 0 0 0 0 0 0 0 0 0 0 0 0 0 0 0 0 0 0 0 0 0 0 0 0 0 0 0 0 0 0 0 0 0 0 0 1
0 0 0 0 0 0 0 0 0 0 0 0 0 0 0 0 0 0 0 0 0 0 0 0 0 0 0 0 0 0 0 0 0 0 0 0 0 0 0 0 0 0 0 0 0 0 0 0 0 0 0 0 0 0 0 0 0 0 1 0 0 0 0 0 0 0 0 0 0 0 0 0 0 0 0 0 0 0 0 0 0 0 0 0 0 0 0 0 0 0 0 0 0 0 0 0 0 0 0 0 1
0 0 0 0 0 0 0 0 0 0 0 0 0 0 0 0 0 0 0 0 0 0 0 0 0 0 0 0 0 1 0 0 0 0 0 0 0 0 0 0 0 0 0 0 0 0 0 0 0 0 0 0 0 0 0 0 0 0 0 0 0 0 0 0 0 0 0 0 0 0 0 0 0 0 0 0 0 0 0 0 0 0 0 0 0 0 0 0 0 0 0 0 0 0 0 0 0 0 0 0 1
56 65 71 61 63 71 76 58 60 73 62 61 70 61 74 68 70 55 62 65 63 60 80 78 71 60 68 68 64 67 66 67 67 74 60 63 58 63 64 66 67 69 79 66 67 75 68 61 75 66 70 68 61 63 57 58 65 77 62 72 59 70 67 72 67 65 64 58 73 66 61 71 60 70 65 70 59 71 73 77 74 69 63 74 70 59 67 64 67 59 68 65 80 69 75 65 61 66 64 74 6666
