1 0 0 1 1 0 1 1 1 0 1 0 1 0 1 1 1 1 1 1 0 0 1 0 1 0 0 1 0 1 0 1 1 0 0 1 1 1 0 0 0 0 1 0 0 0 0 0 0 0 24
1 1 0 1 1 1 1 1 1 1 1 0 0 1 0 1 1 1 1 1 0 0 1 0 1 0 0 1 0 0 1 0 1 0 0 1 0 0 0 0 0 0 1 0 1 0 0 0 0 0 24
1 1 0 1 1 1 1 1 1 0 1 0 0 0 1 1 1 1 1 1 0 0 1 0 1 0 0 0 0 1 0 1 0 0 1 1 0 0 1 1 1 1 1 0 0 0 0 0 0 0 26
1 0 1 1 1 1 1 1 1 0 0 0 0 1 1 1 1 1 0 1 0 1 1 0 1 0 1 1 0 1 1 1 0 1 1 0 0 0 0 0 1 0 1 0 0 0 0 0 0 0 26
1 0 0 1 1 1 1 1 1 1 0 0 1 1 0 1 1 1 0 1 0 1 1 0 1 0 1 1 1 0 1 1 0 0 1 0 1 1 1 1 0 1 1 0 1 0 0 0 0 0 30
1 1 0 1 0 1 1 1 1 0 0 0 1 0 0 1 1 1 0 1 0 0 1 0 0 1 0 1 1 0 1 1 1 0 0 1 1 0 1 1 0 0 1 0 0 0 0 1 0 0 25
1 1 1 1 1 1 0 1 1 0 1 1 1 0 1 1 1 0 1 1 0 1 1 0 1 0 1 1 1 0 1 1 0 0 1 0 0 1 0 0 0 0 1 0 0 0 0 1 0 0 28
1 1 0 1 1 1 1 1 1 1 1 0 1 1 0 1 1 0 1 1 0 0 1 1 1 0 0 1 0 1 0 1 0 1 1 0 0 1 1 0 0 0 1 0 1 0 0 0 0 0 28
0 1 1 1 1 0 1 1 1 0 1 0 1 0 0 1 1 0 0 1 0 1 1 0 1 0 0 1 0 1 0 1 0 0 0 1 0 0 0 1 0 0 1 0 0 0 0 0 0 0 21
1 1 0 1 1 0 1 1 1 0 0 0 1 0 0 1 1 1 0 1 0 1 1 0 0 1 1 1 1 0 0 1 0 1 1 1 0 0 0 1 0 1 1 0 1 0 0 0 0 0 26
1 1 0 1 1 1 1 0 1 1 1 0 1 1 0 1 1 0 1 1 1 1 0 0 0 0 1 1 0 1 1 1 0 1 1 0 0 0 0 0 0 1 1 0 0 1 0 0 0 0 27
0 1 0 1 1 1 0 0 1 1 0 0 0 0 0 1 1 0 1 1 0 0 0 0 1 0 0 0 0 0 0 1 0 1 1 1 0 0 0 1 1 1 1 0 1 0 0 0 0 0 20
1 0 0 1 1 1 1 1 0 1 0 1 1 1 1 1 1 0 1 1 0 1 1 1 1 0 0 1 0 0 0 0 0 0 1 1 0 0 1 0 0 1 1 0 0 0 0 0 0 0 25
1 0 0 1 1 1 1 1 1 1 0 0 1 0 0 1 1 1 1 1 0 1 1 0 1 1 0 1 1 0 0 1 1 0 0 0 1 1 0 1 1 0 1 1 0 0 0 1 0 0 29
1 1 0 1 1 1 1 1 1 0 0 1 1 0 0 1 1 1 1 0 0 1 1 0 0 0 0 0 0 0 0 0 0 0 0 1 0 0 1 1 0 0 1 0 0 0 0 0 0 0 20
1 0 1 1 1 1 1 1 1 0 1 0 1 0 0 1 1 1 1 1 0 1 1 0 1 0 0 0 0 0 0 1 0 1 1 0 0 0 0 1 0 0 1 0 1 0 0 0 0 0 24
1 1 0 1 1 1 1 1 0 0 1 0 0 1 0 1 1 1 0 1 0 1 0 1 1 0 0 1 0 0 0 1 0 0 1 1 0 0 0 0 0 0 1 0 0 0 0 0 0 0 21
1 1 0 0 0 1 0 1 1 1 1 0 1 0 0 1 1 0 1 1 0 1 1 0 1 0 0 0 1 1 0 1 0 1 0 1 1 0 1 1 0 1 1 0 0 0 0 0 0 0 25
1 1 0 0 1 1 1 1 1 1 0 1 1 1 0 1 1 1 0 1 0 1 1 0 1 0 0 0 0 0 0 1 0 0 1 1 1 1 0 0 0 1 1 0 0 1 0 0 0 0 26
1 1 0 1 0 1 0 1 1 1 0 0 1 1 0 1 1 1 0 1 0 0 1 0 1 0 1 0 1 1 0 0 0 0 1 0 1 1 1 1 0 0 1 0 0 0 0 0 1 0 25
1 0 1 1 1 1 0 0 1 1 1 0 0 0 0 1 1 1 1 1 0 0 1 1 1 0 0 1 1 0 0 1 0 0 1 1 1 0 1 1 0 1 1 0 1 0 0 0 0 0 27
1 0 0 1 1 1 1 1 1 0 0 0 0 0 1 1 1 1 0 1 0 0 1 0 0 0 1 0 0 0 0 0 0 0 1 0 0 0 0 1 0 0 1 0 0 0 0 0 0 0 17
0 1 0 0 1 1 1 1 1 1 0 0 1 0 0 1 0 0 1 1 0 1 0 0 1 0 0 0 1 0 0 0 1 0 0 0 1 0 0 1 0 0 1 0 1 0 0 0 0 0 19
0 1 0 1 1 0 1 1 1 0 1 0 0 1 0 1 1 1 1 1 0 0 0 1 0 0 0 1 0 0 0 0 1 0 1 0 0 0 1 1 0 0 1 0 0 0 0 0 0 0 20
1 1 1 1 1 1 1 1 1 1 0 0 1 0 0 1 1 0 0 1 0 0 0 0 1 0 0 1 0 1 0 0 0 0 1 1 1 0 1 1 0 0 1 0 0 0 0 0 0 0 23
1 0 0 0 1 1 1 0 1 1 0 0 0 1 0 1 1 1 0 1 0 1 1 0 1 0 1 1 0 0 1 1 0 0 1 1 0 1 0 1 0 0 1 0 0 0 0 0 0 0 23
1 1 0 1 1 1 1 1 1 1 1 0 1 1 0 1 1 0 1 1 0 1 1 1 1 0 1 0 1 0 0 1 0 1 0 1 0 1 0 1 0 1 1 0 1 0 0 0 0 0 30
0 0 0 1 1 1 1 0 1 0 0 0 1 0 0 1 0 1 0 1 0 1 0 0 1 0 0 1 0 1 0 1 0 0 1 1 0 0 1 0 1 0 1 0 1 0 0 0 0 0 20
1 1 0 1 1 1 1 1 1 1 0 0 1 0 0 1 1 1 0 1 0 1 0 1 1 1 1 1 0 1 0 1 0 0 1 1 1 0 1 1 0 1 1 0 1 0 0 1 0 0 31
1 1 0 1 1 1 1 1 1 1 1 0 1 0 1 1 1 1 1 1 0 0 1 1 1 0 0 1 0 0 0 0 0 0 0 1 1 0 1 0 0 0 1 0 0 0 0 0 0 0 25
1 0 1 1 1 1 1 1 1 1 0 0 1 1 0 1 0 1 1 1 0 1 1 0 0 1 0 0 0 0 0 1 0 0 0 0 1 1 0 1 0 1 1 0 0 0 0 0 0 0 24
1 1 0 1 1 1 0 1 1 0 0 0 0 1 1 1 1 0 0 1 0 1 0 0 1 1 1 0 0 0 0 1 1 1 1 0 0 1 1 1 0 0 1 0 0 0 0 1 0 0 25
1 1 1 0 1 1 1 0 1 1 1 0 0 0 1 1 0 1 1 1 0 0 1 0 0 0 1 1 1 0 0 1 1 1 0 1 0 0 1 1 0 1 1 0 1 0 0 0 0 0 27
0 1 0 1 0 1 1 1 1 0 0 0 0 0 1 1 1 0 1 1 0 1 1 1 1 0 0 1 0 1 0 1 0 1 1 1 0 0 1 1 0 0 1 0 1 0 0 1 0 0 26
1 1 1 1 1 1 1 1 1 0 0 1 0 0 1 1 1 1 1 1 0 1 1 0 0 0 1 1 0 1 0 1 1 1 1 1 1 0 1 1 0 0 1 1 0 0 0 0 0 0 31
1 1 0 1 1 1 1 0 1 0 1 0 1 0 1 1 1 0 1 1 0 1 1 0 1 0 1 1 1 0 1 1 0 0 1 0 1 0 1 0 0 0 1 0 0 0 0 1 0 0 27
1 0 0 1 1 1 0 0 1 0 0 0 0 0 0 1 1 1 0 1 0 0 1 0 1 0 1 1 1 0 0 1 0 1 1 0 0 1 0 1 0 0 1 0 1 0 0 0 0 0 21
1 0 1 1 1 1 0 1 1 0 0 0 1 0 0 1 1 1 0 1 0 1 1 1 1 0 1 1 1 0 0 0 0 0 1 0 0 1 0 1 1 0 1 1 0 0 0 0 0 0 25
1 1 1 1 0 0 0 0 1 1 0 1 0 0 0 1 1 1 0 1 0 1 1 0 1 0 0 0 0 0 1 1 1 1 1 1 0 1 0 1 0 1 1 0 0 0 0 0 0 0 24
1 1 0 1 1 1 1 1 1 1 1 0 1 0 0 1 1 1 0 1 0 1 1 0 1 1 1 1 0 0 0 1 0 0 1 1 1 0 1 1 1 1 1 1 0 0 0 0 0 0 31
1 1 1 0 1 1 1 1 1 0 1 0 1 0 0 1 1 1 0 1 0 1 1 0 1 0 1 0 0 1 0 1 0 0 1 1 0 1 0 1 0 0 1 0 0 1 0 0 0 0 26
1 1 1 1 1 1 0 0 0 1 1 0 1 1 0 1 1 1 1 1 0 0 1 1 0 0 1 0 0 1 0 1 0 1 1 0 0 1 0 1 0 1 1 0 1 0 0 0 0 0 27
1 1 1 1 1 1 1 1 0 0 0 0 0 1 0 1 1 1 0 1 0 1 1 1 1 1 1 1 0 1 1 1 0 1 1 1 1 1 1 1 0 0 1 0 0 0 0 0 0 0 31
1 1 0 0 1 1 1 1 1 1 0 0 0 0 1 1 1 0 1 1 0 1 1 0 1 0 0 1 0 0 0 0 0 1 1 0 0 1 1 0 1 1 1 0 1 0 0 0 0 0 25
1 0 1 1 1 1 1 1 1 1 0 0 0 0 0 1 1 1 0 1 0 1 1 1 1 0 1 0 0 0 0 1 0 1 1 1 1 1 0 1 0 0 1 0 0 1 0 0 0 0 27
1 1 1 1 0 1 1 1 1 0 1 0 0 0 0 1 1 1 1 1 0 1 1 0 1 0 0 1 0 1 0 1 0 1 1 0 0 0 1 0 0 0 1 0 1 0 0 0 0 0 25
1 1 0 1 1 1 1 0 1 1 0 1 1 1 1 1 1 1 1 1 0 1 1 0 1 1 1 1 1 0 1 1 0 0 0 1 0 0 1 0 0 0 1 0 0 0 0 0 0 0 29
0 0 1 1 1 1 1 1 0 0 1 1 0 1 0 1 1 1 1 1 0 0 1 0 1 0 0 1 0 0 0 1 0 1 0 1 0 0 0 1 0 0 1 0 0 0 0 0 0 0 22
1 0 1 1 1 1 0 1 1 0 0 1 0 1 1 1 1 0 0 1 0 1 1 1 1 1 0 1 0 0 0 1 0 1 1 1 0 1 0 1 0 1 1 0 1 0 0 1 0 0 29
1 0 0 1 1 1 1 1 1 1 1 0 1 0 0 1 1 1 1 1 0 1 1 0 0 1 0 1 0 1 0 1 0 1 0 1 1 1 1 1 0 1 1 0 0 0 0 0 0 0 29
1 0 0 0 1 1 1 1 1 1 0 1 1 1 1 1 1 1 1 1 0 1 1 0 1 1 1 1 0 1 1 0 1 0 1 1 0 0 0 1 1 0 1 0 1 0 0 0 0 0 31
0 1 1 1 1 1 1 1 1 1 0 0 1 0 0 1 1 1 1 1 0 1 1 1 1 0 1 0 0 0 1 1 0 1 1 1 0 0 0 1 0 0 1 0 1 0 0 0 0 0 28
0 0 1 1 0 0 1 1 1 0 1 0 0 1 0 1 1 1 0 1 1 1 1 0 0 1 0 1 0 0 0 1 0 1 1 1 0 0 0 1 0 0 1 0 1 0 0 0 0 0 23
1 0 0 1 1 1 0 0 1 0 0 1 1 1 1 1 1 1 0 1 0 1 1 0 1 0 0 1 0 1 0 1 1 0 1 1 0 0 1 1 1 1 1 0 0 0 0 0 0 0 27
0 1 1 1 0 1 1 1 1 1 0 0 0 1 0 1 1 1 1 1 0 1 1 0 1 0 1 1 0 1 0 1 0 0 1 1 0 0 0 1 0 0 1 0 1 0 0 0 0 0 26
1 0 1 1 1 1 1 1 1 1 0 0 0 1 0 0 1 1 1 1 0 1 1 1 1 0 0 0 0 1 0 0 1 1 0 1 0 0 0 1 0 0 1 0 1 0 0 0 0 0 25
1 1 0 1 1 0 1 0 1 0 0 0 0 1 1 1 1 1 1 1 0 1 1 0 1 0 1 1 0 0 0 1 1 0 0 0 1 0 1 1 1 1 1 0 0 0 0 0 0 0 26
0 1 0 1 0 0 0 1 1 0 0 0 0 0 0 1 1 1 1 1 0 1 1 0 1 1 1 0 1 0 1 1 1 1 1 1 1 0 1 1 1 0 1 0 0 0 0 0 0 0 26
0 0 1 1 1 1 1 1 1 1 0 0 1 1 0 1 0 1 1 1 0 1 1 1 1 0 1 0 0 1 1 0 0 0 0 1 0 1 1 1 0 1 1 0 0 0 0 0 0 0 27
1 1 1 1 0 1 1 1 1 0 1 0 0 1 1 1 1 1 1 1 0 1 0 0 1 0 1 1 0 0 0 1 0 1 0 0 0 1 1 0 0 1 1 0 1 0 0 1 0 1 29
1 0 0 1 0 1 1 1 1 0 0 0 1 0 1 1 1 1 1 1 0 1 1 1 1 0 1 1 0 0 0 1 0 0 1 1 0 1 0 1 0 0 1 0 1 0 0 0 0 0 26
1 1 0 1 1 1 1 1 1 1 0 0 1 0 0 1 1 1 1 1 0 1 1 0 1 0 0 0 0 1 0 1 0 0 1 0 1 1 0 0 0 0 1 0 0 0 0 0 0 0 24
1 1 1 1 1 1 1 0 1 1 1 0 0 1 0 1 1 0 0 1 0 1 1 0 0 0 0 0 0 0 1 1 0 0 1 1 1 0 0 0 1 0 1 1 0 0 0 0 0 0 24
1 0 0 1 1 0 1 1 1 0 1 0 1 1 0 1 1 1 1 1 0 1 1 0 1 0 0 1 0 0 0 1 0 0 1 0 0 0 0 0 0 0 1 0 0 0 0 1 0 0 22
1 1 1 1 1 1 0 1 1 1 1 0 1 1 0 1 1 1 0 1 0 1 1 1 1 0 0 0 0 0 0 1 0 0 1 1 1 0 0 1 0 1 1 0 0 0 0 0 0 0 27
1 1 1 0 1 1 1 0 1 1 0 0 0 1 0 1 0 0 1 1 0 0 1 0 1 0 0 1 0 0 0 0 1 0 1 1 0 0 1 1 0 0 1 0 0 0 0 0 0 0 21
0 1 0 1 1 1 0 1 0 0 1 0 1 1 1 0 1 1 0 1 0 1 1 1 1 0 1 0 1 0 0 1 0 0 0 0 0 0 1 0 0 0 1 1 1 0 0 0 0 0 23
1 1 1 1 1 1 1 1 1 1 0 0 1 0 1 1 1 0 0 1 0 1 1 1 1 1 0 1 0 0 0 1 0 1 1 1 1 0 1 1 1 0 1 0 1 0 0 0 0 0 31
1 0 0 0 1 1 1 1 1 0 0 0 0 1 1 1 1 1 1 1 0 1 1 1 1 0 1 1 0 0 0 1 0 0 1 1 0 0 0 1 0 1 1 0 0 0 0 1 0 0 26
1 1 0 1 1 1 0 1 1 1 1 0 0 1 0 1 1 1 1 1 0 1 1 0 1 0 1 1 0 0 0 1 1 1 0 1 0 1 0 1 0 0 1 0 0 0 1 0 0 0 28
1 0 0 0 1 1 1 0 0 1 0 0 0 1 1 1 1 0 0 1 0 1 1 0 1 0 0 1 0 1 0 1 0 0 1 1 0 0 0 1 0 0 1 0 0 0 0 0 0 0 20
0 1 1 1 1 0 1 1 1 0 0 0 1 0 0 1 1 1 0 1 0 1 1 0 1 0 0 0 0 0 0 1 0 0 0 0 0 0 0 1 0 0 1 0 0 0 0 0 0 0 18
1 1 1 1 1 1 0 1 1 0 0 0 1 0 0 1 1 1 1 1 0 1 1 0 1 1 1 0 0 1 0 1 0 0 1 1 0 0 0 1 0 0 1 0 0 0 0 0 0 0 25
1 1 0 1 1 1 0 0 1 1 0 0 1 0 0 1 1 0 1 1 0 1 1 0 1 0 1 0 0 0 0 1 0 0 1 1 0 0 0 1 0 1 0 0 0 0 1 0 0 0 22
1 0 0 1 1 1 1 0 1 0 1 0 0 1 0 1 1 1 0 1 0 1 1 0 1 0 0 1 1 0 0 1 0 0 1 0 0 0 0 1 0 0 1 1 0 0 0 0 0 0 22
1 0 1 1 1 1 0 1 1 0 1 1 0 0 1 1 1 1 1 1 0 1 1 0 1 0 0 1 0 0 0 1 0 1 0 1 1 0 0 1 0 1 1 0 1 0 0 0 0 0 27
1 1 0 1 1 1 1 1 1 1 0 0 0 1 0 1 1 0 1 1 1 1 1 0 1 0 1 1 0 0 0 1 0 0 1 0 1 1 1 1 0 0 1 0 0 0 0 0 0 0 27
1 1 0 1 0 1 1 1 1 0 0 0 0 0 0 1 1 1 1 1 0 0 1 0 1 1 1 0 0 0 0 0 0 0 1 0 0 0 0 0 0 0 1 0 0 0 0 0 0 0 18
1 1 1 1 1 1 1 1 1 0 0 1 0 0 0 1 1 1 1 1 1 1 1 0 1 0 1 0 1 1 0 1 0 1 1 1 0 1 1 1 0 0 1 0 0 0 0 0 0 0 30
1 0 0 1 0 1 0 1 1 1 1 0 0 0 1 1 1 0 0 1 0 1 1 1 0 0 0 1 0 1 0 1 0 1 1 0 0 0 0 1 0 0 1 0 1 0 0 0 0 0 22
1 1 0 1 1 1 1 1 1 0 0 1 0 0 1 1 1 1 1 1 1 0 1 0 1 1 0 1 1 1 0 1 0 0 1 1 1 0 1 1 0 0 1 0 1 0 0 0 0 0 30
1 0 0 1 0 1 1 1 1 1 1 0 0 0 1 1 1 1 1 1 0 1 1 0 1 0 1 0 0 0 0 1 0 0 1 0 0 0 1 1 1 0 1 0 0 0 0 0 0 0 24
0 0 0 1 1 1 0 1 1 1 0 0 1 1 0 1 1 1 0 1 1 1 0 1 1 0 0 1 0 1 0 1 0 1 0 1 0 0 0 1 0 1 1 0 0 0 0 0 0 0 24
1 0 0 1 0 1 0 1 0 1 0 0 0 0 1 1 1 1 1 1 0 1 0 0 1 1 0 0 0 0 1 1 0 1 1 0 1 1 1 1 0 1 1 0 0 0 0 0 0 0 24
1 0 0 1 1 0 1 1 1 0 1 1 0 0 1 1 1 1 1 1 0 0 1 1 1 0 0 1 1 1 1 1 0 0 1 0 1 0 0 1 0 0 1 0 0 0 0 1 0 0 27
1 0 0 1 1 1 1 1 0 1 0 0 0 0 0 1 1 1 1 1 0 0 1 0 0 0 1 1 1 0 0 1 0 0 1 1 1 0 0 1 0 1 1 0 0 0 0 0 0 0 23
1 0 0 1 0 1 1 1 0 0 1 1 0 0 0 1 1 0 1 1 0 1 0 0 1 1 1 1 0 1 0 1 0 0 1 1 0 0 1 1 0 0 1 0 0 0 0 0 0 0 23
1 0 0 1 1 1 1 1 1 0 0 0 1 1 0 1 1 0 1 1 0 0 1 1 1 0 1 1 1 0 0 0 0 1 0 1 0 1 0 1 0 0 1 0 0 0 0 0 0 0 24
1 1 1 1 1 1 1 1 1 1 1 1 0 0 0 1 1 0 0 1 0 0 1 0 1 1 0 0 0 1 0 1 0 1 1 0 0 0 0 0 0 1 1 0 1 0 0 0 0 0 25
1 0 1 1 1 1 0 1 1 0 1 0 1 0 0 1 0 1 1 1 0 1 1 0 0 0 0 1 0 0 0 1 0 0 1 1 0 0 1 0 0 0 1 0 0 0 0 0 0 0 21
0 0 0 0 1 1 1 1 1 1 0 0 1 0 0 1 1 1 1 1 0 1 1 0 1 0 0 0 1 0 0 0 0 0 1 0 0 1 1 0 0 1 1 0 0 0 0 0 0 0 21
1 1 1 1 0 0 1 0 1 0 1 0 0 0 0 1 1 0 1 1 0 1 1 0 0 1 0 1 0 0 0 1 0 1 1 0 0 1 0 1 1 0 1 0 0 0 0 1 0 0 23
1 1 1 1 1 1 1 1 1 1 0 0 0 0 1 1 1 1 0 1 0 1 1 0 0 0 1 1 0 0 0 0 0 0 1 1 0 0 1 1 0 0 1 0 0 0 0 0 0 0 24
1 0 0 1 1 1 1 0 1 1 1 0 1 0 0 1 1 0 1 1 0 1 1 0 1 0 1 0 0 0 1 1 0 0 1 1 0 1 1 1 0 0 1 0 0 0 0 0 0 0 25
1 0 0 1 1 1 1 1 1 1 1 0 1 0 1 1 1 0 1 1 0 0 1 1 0 0 1 1 0 0 0 1 0 0 1 1 0 0 0 0 0 1 1 0 1 0 0 0 0 1 26
1 0 0 1 0 1 1 1 1 1 0 1 0 0 0 1 1 1 0 1 0 1 1 0 1 0 0 1 1 1 0 1 0 0 1 0 0 0 1 0 0 0 1 0 0 0 0 0 0 0 22
1 0 0 1 1 1 1 0 1 1 0 0 1 0 0 1 1 0 0 1 0 1 1 1 1 1 0 0 0 0 1 1 0 1 0 0 0 1 0 0 0 1 1 0 0 0 0 0 0 0 22
0 1 0 1 1 1 0 1 1 1 1 0 0 1 0 1 1 0 1 1 0 0 0 0 1 1 1 1 0 1 0 1 0 1 1 0 1 1 0 1 0 0 1 0 0 0 0 0 0 0 25
1 1 0 0 1 1 1 1 0 1 0 0 1 1 0 1 1 0 0 1 0 1 1 0 0 0 0 1 0 0 0 1 0 0 1 0 1 1 0 1 0 1 1 0 0 0 1 0 0 0 23
1 1 0 1 1 1 1 1 1 1 1 0 0 0 0 1 1 1 1 1 0 0 1 1 1 0 0 1 1 0 0 0 0 1 1 1 0 1 0 1 0 0 1 1 0 0 0 0 0 0 27
83 58 36 87 82 88 76 79 89 55 42 18 50 41 32 98 93 69 62 99 6 74 86 29 80 24 46 65 26 35 20 80 17 40 74 61 33 37 44 73 16 35 99 8 32 4 3 13 1 2 2500
