0 0 0 0 0 0 0 0 0 0 0 0 1 0 0 0 0 0 0 0 0 0 0 0 0 0 0 0 0 0 0 0 0 0 0 0 0 0 0 0 0 0 0 0 0 0 0 0 0 0 1
0 0 0 0 0 1 0 0 0 0 0 0 0 0 0 0 0 0 0 0 0 0 0 0 0 0 0 0 0 0 0 0 0 0 0 0 0 0 0 0 0 0 0 0 0 0 0 0 0 0 1
0 0 0 0 0 0 0 0 0 0 0 0 0 0 0 0 0 0 0 0 0 0 0 0 0 0 0 0 0 0 0 0 0 0 0 0 0 0 0 0 0 0 0 0 0 0 0 1 0 0 1
0 0 0 0 0 0 0 0 0 0 0 0 0 0 0 0 0 0 0 0 0 0 0 0 0 0 0 0 0 0 0 0 1 0 0 0 0 0 0 0 0 0 0 0 0 0 0 0 0 0 1
0 0 0 0 0 0 0 0 0 0 0 0 0 0 0 0 0 0 0 0 0 0 0 0 0 0 0 0 0 0 0 0 0 0 0 0 0 0 0 0 0 0 0 0 0 0 0 0 0 1 1
0 0 0 0 0 0 0 0 0 0 0 0 0 0 1 0 0 0 0 0 0 0 0 0 0 0 0 0 0 0 0 0 0 0 0 0 0 0 0 0 0 0 0 0 0 0 0 0 0 0 1
0 0 0 0 0 0 0 0 0 0 0 0 0 0 0 0 0 0 0 0 0 0 0 0 0 0 0 0 0 0 0 0 0 0 0 0 0 0 0 0 0 0 0 0 0 0 1 0 0 0 1
0 0 1 0 0 0 0 0 0 0 0 0 0 0 0 0 0 0 0 0 0 0 0 0 0 0 0 0 0 0 0 0 0 0 0 0 0 0 0 0 0 0 0 0 0 0 0 0 0 0 1
0 0 0 0 0 0 0 0 0 0 0 0 0 0 0 0 0 0 0 0 0 0 0 0 0 0 0 0 0 0 0 0 0 0 0 0 0 0 0 0 0 0 0 0 0 0 0 1 0 0 1
0 0 0 0 0 0 0 0 0 0 0 0 0 0 0 0 0 0 0 0 1 0 0 0 0 0 0 0 0 0 0 0 0 0 0 0 0 0 0 0 0 0 0 0 0 0 0 0 0 0 1
0 0 0 0 0 0 0 0 0 0 0 0 0 0 0 0 0 0 0 0 0 0 0 0 0 0 0 0 0 0 0 0 0 0 0 0 0 1 0 0 0 0 0 0 0 0 0 0 0 0 1
0 0 0 0 0 0 0 0 0 0 0 0 0 0 0 0 0 0 0 0 0 0 0 0 0 0 0 0 0 0 0 0 0 0 0 0 0 0 0 0 0 0 0 0 0 0 1 0 0 0 1
0 0 0 1 0 0 0 0 0 0 0 0 0 0 0 0 0 0 0 0 0 0 0 0 0 0 0 0 0 0 0 0 0 0 0 0 0 0 0 0 0 0 0 0 0 0 0 0 0 0 1
0 0 0 0 0 0 0 0 0 0 0 0 0 0 0 0 1 0 0 0 0 0 0 0 0 0 0 0 0 0 0 0 0 0 0 0 0 0 0 0 0 0 0 0 0 0 0 0 0 0 1
0 0 0 0 0 0 0 0 0 0 0 0 0 0 0 0 0 0 0 0 0 0 0 0 0 0 0 0 0 0 0 0 0 0 0 0 0 0 0 1 0 0 0 0 0 0 0 0 0 0 1
0 0 0 0 0 0 0 0 0 0 0 0 0 0 0 0 0 0 0 0 0 0 0 0 0 0 0 0 1 0 0 0 0 0 0 0 0 0 0 0 0 0 0 0 0 0 0 0 0 0 1
0 0 1 0 0 1 1 1 0 1 1 0 1 1 1 0 1 0 0 0 0 0 0 0 0 0 0 0 1 1 0 0 0 0 1 0 0 1 1 0 0 0 0 1 0 0 0 0 0 1 17
1 0 0 0 1 1 0 1 1 0 1 0 0 1 0 1 1 0 1 0 0 0 0 1 1 1 1 1 0 0 1 0 0 1 1 1 0 0 0 0 0 1 0 1 1 0 1 0 0 1 24
0 0 1 1 1 1 1 1 1 0 1 0 1 0 1 0 0 1 0 1 0 1 0 1 1 0 1 0 0 1 0 1 0 0 0 0 1 0 1 1 1 0 0 1 1 1 1 0 0 0 26
1 0 0 1 1 1 0 1 0 1 0 1 0 0 1 1 0 0 0 0 0 1 1 1 1 1 1 0 0 1 0 0 0 0 1 0 1 1 1 0 0 0 0 1 0 0 1 1 0 1 24
1 0 0 1 1 0 1 0 0 0 0 1 0 1 1 0 1 1 1 0 0 0 1 1 1 0 1 0 0 0 1 0 0 1 0 0 0 1 0 0 0 1 1 1 1 0 1 0 0 1 23
0 0 1 1 0 1 0 0 0 0 0 1 1 0 0 0 0 0 0 0 0 0 1 1 0 0 1 0 1 0 1 0 0 1 0 0 1 1 0 1 1 1 0 1 1 1 0 0 0 1 20
1 0 1 1 0 0 1 0 0 1 1 0 1 1 1 0 1 0 1 0 0 0 1 1 0 0 1 0 0 0 0 0 0 1 1 1 1 1 0 1 0 0 1 1 0 0 1 1 1 1 26
1 0 1 0 1 1 0 0 0 0 0 1 0 1 0 1 0 0 0 1 0 1 1 0 1 1 0 1 1 0 0 1 0 0 0 1 1 1 1 1 0 1 1 0 0 0 0 1 1 0 24
1 0 1 1 1 1 0 1 0 0 1 1 1 1 1 0 1 1 0 0 0 1 1 1 1 0 1 1 1 0 1 0 0 0 0 1 1 1 0 0 0 0 0 0 0 0 0 1 0 1 26
0 1 1 0 0 0 0 1 0 0 0 0 0 0 0 0 0 1 1 0 0 0 0 0 0 1 0 1 0 1 1 1 1 0 1 1 1 1 1 1 1 0 1 1 0 0 1 1 0 1 23
1 1 1 1 0 0 0 1 0 1 0 0 0 1 1 0 0 1 0 0 0 1 1 1 0 1 1 1 1 0 0 0 1 0 0 1 1 1 0 1 1 1 0 0 1 0 0 1 1 0 26
1 0 1 0 0 0 0 1 1 0 1 0 0 1 1 0 0 1 0 1 0 1 1 0 1 1 1 0 1 0 1 0 0 0 1 0 0 0 0 1 0 0 0 1 0 0 1 0 1 1 22
1 0 0 1 1 0 0 1 0 1 1 0 0 1 1 0 1 0 0 1 0 0 1 1 0 0 1 0 0 1 1 1 0 0 0 0 1 1 0 1 0 1 1 0 1 0 1 0 1 1 25
1 1 1 0 1 1 1 1 0 1 0 1 0 0 0 0 0 1 1 1 0 0 0 0 0 1 1 1 1 1 0 0 0 0 0 1 0 0 0 0 0 0 1 0 1 0 1 1 0 0 22
0 1 0 1 0 1 0 1 1 0 0 1 0 1 1 1 1 1 0 0 1 0 1 0 1 0 0 0 0 0 1 1 0 0 1 0 0 0 1 1 0 1 0 0 1 1 1 1 1 0 25
0 1 0 0 0 0 1 0 0 1 1 1 0 1 1 0 1 1 0 1 0 0 1 1 0 1 0 1 0 0 0 0 1 0 1 0 0 0 1 0 1 0 1 0 0 0 0 1 1 0 21
1 1 0 0 1 1 0 1 0 0 1 0 1 1 0 0 0 0 0 1 1 0 1 0 1 0 1 1 1 1 1 0 1 0 1 1 0 1 1 0 1 0 0 1 0 1 0 1 1 0 27
1 1 1 1 1 0 1 1 1 1 1 0 0 1 1 0 1 1 1 1 0 0 1 0 1 1 1 0 0 1 1 0 0 0 0 0 0 0 1 0 1 1 1 1 1 1 1 0 0 0 30
1 1 1 1 0 0 1 1 0 1 0 1 0 0 1 1 0 1 1 1 0 1 1 1 1 1 0 0 1 1 0 1 1 0 1 1 1 1 1 1 1 0 0 1 1 1 0 1 0 1 34
0 0 1 0 1 0 0 0 1 0 1 0 1 0 1 0 0 0 0 1 1 1 0 0 1 1 1 0 0 1 0 1 1 0 1 1 0 0 1 1 1 1 1 0 0 0 1 0 0 0 23
1 0 0 1 1 0 0 0 0 1 0 1 0 0 1 1 0 0 0 0 0 0 0 0 1 1 1 0 1 1 0 0 1 0 0 0 0 1 0 1 0 1 1 0 0 1 1 0 0 1 20
1 0 0 0 0 0 0 1 1 0 0 1 1 0 1 0 0 1 0 1 0 0 1 1 1 1 1 0 1 0 1 1 1 1 1 1 1 0 1 1 0 0 1 0 0 0 1 1 0 0 26
1 1 1 0 0 1 0 0 0 0 1 0 1 0 1 0 1 0 0 0 1 0 0 1 0 0 1 1 0 1 0 0 1 0 0 1 0 0 0 0 0 1 1 1 1 0 1 0 0 0 20
0 1 0 0 1 0 0 1 0 1 0 0 1 0 0 0 0 1 0 1 1 1 1 1 1 0 1 1 0 1 0 1 1 1 1 1 1 1 1 0 0 0 0 1 0 1 0 0 0 0 25
0 0 1 0 0 1 0 0 1 0 1 0 0 0 0 0 0 0 1 1 1 0 0 1 0 0 0 1 1 1 1 0 0 0 1 1 0 1 0 1 1 0 0 1 0 1 1 0 1 1 22
0 1 0 1 1 0 0 0 0 0 1 0 0 1 1 0 0 1 1 0 1 1 1 0 1 0 1 0 1 1 1 1 1 0 0 1 0 0 0 0 1 0 0 1 1 0 0 0 1 1 24
1 0 1 0 0 1 0 1 1 1 0 0 1 0 1 0 1 1 0 1 1 1 1 1 1 1 1 1 0 0 0 1 0 1 0 1 1 1 1 1 0 0 1 0 1 1 0 1 1 0 31
0 1 1 0 1 0 1 0 1 1 0 1 0 1 0 1 1 1 1 0 0 0 0 0 0 1 1 0 0 1 0 1 1 1 1 0 0 0 1 0 1 0 1 1 0 1 0 1 1 1 27
1 0 0 1 1 0 0 1 0 1 1 0 0 1 0 0 1 1 0 1 0 0 1 0 0 0 1 1 0 1 0 1 0 0 1 0 0 0 1 1 0 1 0 1 1 0 0 0 0 1 22
0 0 0 1 0 0 0 0 1 1 0 1 1 1 0 1 1 1 0 1 0 0 1 0 0 0 1 1 0 0 1 1 0 0 0 1 1 1 0 0 1 1 0 0 1 1 0 0 1 1 24
1 0 0 1 1 1 1 1 0 0 0 0 1 1 1 1 0 1 1 1 0 0 1 0 1 1 1 0 1 1 1 1 0 1 1 1 0 0 0 0 1 1 0 0 1 1 0 0 0 1 29
1 1 1 1 1 1 1 0 0 1 1 0 1 0 0 0 0 1 0 1 1 1 1 0 1 0 0 0 0 1 1 1 0 0 0 1 1 0 0 1 0 1 0 0 1 1 1 1 0 0 27
1 0 0 1 0 0 1 1 0 1 0 1 0 1 1 0 0 1 0 0 0 1 1 0 1 1 1 0 0 0 1 0 0 1 0 1 0 0 1 1 1 0 1 1 0 1 0 1 0 0 24
0 0 0 0 1 1 1 0 0 0 0 0 0 0 0 1 1 0 0 0 1 1 0 0 0 1 0 1 0 1 0 1 1 1 0 0 1 0 1 0 1 1 1 0 1 0 1 0 1 1 22
1 0 1 1 0 0 0 1 0 1 1 1 0 0 0 0 1 1 0 0 1 1 0 1 1 1 0 0 0 0 0 0 1 0 0 1 1 1 0 1 0 1 0 0 0 0 0 1 0 1 22
0 0 0 1 0 1 0 1 0 0 0 1 0 1 1 0 0 1 1 0 0 0 1 0 1 1 0 1 1 1 1 0 1 1 1 0 0 1 0 0 0 1 0 0 0 1 0 0 0 0 21
1 1 0 1 1 1 1 1 0 0 1 0 1 0 0 0 1 1 1 0 0 0 1 1 0 1 1 1 1 1 1 1 1 0 1 0 1 0 0 1 0 0 1 1 1 1 0 0 0 1 30
0 1 1 1 0 1 1 0 1 0 0 1 0 0 0 0 1 1 1 1 0 1 1 0 1 1 1 1 0 1 0 1 0 0 1 1 0 1 1 0 0 0 1 0 1 1 1 0 0 1 28
1 1 0 1 0 0 1 1 1 0 0 0 0 1 0 1 1 1 0 1 1 1 0 1 0 1 1 0 1 0 0 0 0 1 1 1 0 0 1 0 1 0 0 0 1 1 0 0 0 1 25
1 0 1 0 1 1 1 1 1 1 0 0 0 0 1 1 0 0 0 1 0 0 0 0 1 0 1 0 1 0 0 0 1 0 0 0 1 0 1 0 0 1 0 0 0 1 1 1 1 1 23
0 0 0 1 0 1 1 0 0 1 1 1 1 1 0 0 1 0 0 1 1 1 0 1 1 1 1 1 0 1 1 1 0 1 0 1 1 1 1 0 0 1 1 0 1 1 0 1 1 0 31
0 0 1 1 0 1 0 1 0 0 0 0 1 1 1 1 1 1 0 1 0 0 0 0 1 0 0 0 0 0 0 0 0 0 1 1 1 1 0 0 0 0 1 0 0 0 0 0 0 0 17
1 1 0 0 0 0 1 1 1 1 0 1 0 0 1 1 0 0 1 1 1 0 1 0 0 1 1 0 1 0 1 0 0 0 1 1 1 0 0 1 1 0 1 1 0 1 1 0 1 0 27
1 1 0 1 1 0 1 1 1 0 1 0 0 0 1 1 1 0 0 0 1 0 1 1 0 0 1 1 1 1 0 0 1 0 1 0 0 0 1 1 0 1 0 0 1 1 1 1 1 0 28
1 0 0 0 0 0 0 1 1 1 1 0 1 1 1 0 0 0 0 0 1 0 0 0 0 0 0 1 0 1 1 1 1 1 0 1 0 0 0 1 0 0 1 1 0 0 0 1 1 1 22
1 0 1 0 1 1 0 1 0 1 1 1 0 1 0 1 0 1 1 0 0 0 0 0 1 0 1 1 0 0 0 0 0 0 1 0 0 1 1 1 1 1 1 0 0 1 1 1 0 0 25
0 0 1 0 0 1 1 1 0 0 0 1 1 1 1 0 1 0 1 0 0 1 0 0 1 0 0 0 0 1 1 0 0 1 1 0 1 1 0 1 1 1 0 1 0 1 0 0 0 0 23
1 1 0 1 0 0 1 1 0 1 1 0 0 1 1 0 0 1 0 0 1 0 1 1 1 0 1 0 0 1 1 1 0 1 0 0 1 0 1 1 0 1 1 0 1 0 0 1 1 0 27
1 1 1 1 1 0 0 0 0 1 1 1 0 0 0 1 1 1 1 1 0 0 0 0 0 0 1 1 0 1 1 1 0 1 0 1 1 1 0 1 0 0 1 1 0 0 0 1 1 0 27
1 0 1 1 0 1 1 1 0 1 0 1 0 1 1 0 0 0 1 0 1 0 1 0 0 0 0 1 1 0 0 1 1 0 0 1 0 0 1 0 1 0 1 0 1 0 0 0 1 1 24
1 1 1 1 0 1 0 0 0 0 1 1 0 1 1 0 1 1 1 1 0 1 1 1 0 0 0 0 1 1 0 1 1 0 1 1 0 1 1 1 0 1 1 0 1 1 1 1 1 1 33
1 1 1 0 0 1 1 1 1 0 0 0 0 0 0 0 1 1 1 0 0 1 1 1 1 0 1 0 1 1 1 1 1 0 1 1 0 0 1 0 0 0 1 0 0 0 1 0 1 1 27
1 0 1 1 1 1 1 1 0 0 0 1 1 0 0 0 1 1 1 0 0 1 0 0 1 1 1 0 1 0 0 0 1 0 1 1 1 1 0 1 1 1 0 0 1 1 1 1 1 0 30
1 1 1 1 0 0 1 1 0 0 1 0 0 0 1 1 0 1 0 1 0 0 0 0 0 1 1 0 1 1 1 0 0 0 0 0 0 0 1 1 0 0 1 0 0 1 1 0 0 0 21
1 1 0 0 1 1 0 1 0 0 1 0 0 1 0 0 1 1 1 0 1 1 1 1 1 0 0 1 0 0 1 1 0 0 1 0 1 1 1 1 1 1 0 0 1 0 1 1 1 0 29
0 1 0 1 1 1 0 1 1 0 1 0 1 0 0 0 1 0 1 0 0 1 0 0 1 0 0 1 0 0 1 1 1 1 0 0 0 0 1 0 1 1 0 1 0 0 1 1 1 1 25
0 1 1 1 0 0 0 0 0 1 1 0 0 1 0 0 0 0 0 0 0 0 0 0 1 1 1 1 0 1 1 1 1 0 0 1 1 1 1 0 0 0 1 1 0 0 0 1 1 0 22
0 0 0 0 0 1 1 1 1 0 0 1 0 0 1 1 0 0 0 0 0 1 1 0 0 0 0 0 0 0 0 1 1 0 0 0 0 1 1 1 1 1 0 0 1 1 1 0 1 1 21
0 1 0 1 1 0 0 1 0 0 1 0 0 1 0 0 0 1 0 0 0 0 1 0 1 0 0 0 1 1 0 0 0 0 1 1 1 0 0 1 0 1 0 1 0 0 1 1 0 0 19
0 0 0 1 0 0 0 0 1 1 0 0 1 0 0 0 0 0 1 0 0 0 1 0 1 1 0 0 1 1 1 0 1 0 0 0 1 0 0 0 1 0 0 0 0 1 0 1 1 1 18
0 0 1 1 1 1 0 1 0 0 0 1 0 1 0 0 1 1 1 1 0 1 1 0 1 1 1 0 0 0 0 0 1 0 0 0 0 0 0 1 1 1 1 0 0 1 0 0 1 0 23
0 0 1 0 0 1 0 1 0 1 0 0 0 1 0 1 0 0 0 0 0 0 1 0 0 0 0 1 0 0 0 1 0 1 1 0 0 1 0 0 1 1 1 0 1 1 1 1 1 0 20
1 0 1 1 0 1 1 0 0 1 1 0 1 1 1 0 1 0 1 1 0 1 1 0 1 0 1 1 0 1 1 1 1 1 0 0 0 1 1 1 0 0 0 0 1 0 0 1 1 0 29
0 1 0 1 1 1 1 0 0 1 0 1 1 1 1 0 1 0 0 1 0 0 0 0 0 1 0 0 0 0 1 1 0 1 0 1 1 1 0 1 1 1 0 1 0 0 0 1 1 0 25
1 1 1 1 0 0 0 0 0 1 1 0 1 1 0 0 0 1 1 1 1 1 1 0 0 1 1 1 1 1 0 0 1 1 0 0 0 1 0 1 0 0 1 1 1 1 1 1 0 0 29
1 1 1 0 0 0 1 0 1 1 1 0 0 0 1 1 0 1 1 0 0 1 1 0 1 0 0 1 0 0 1 1 0 1 0 0 1 0 1 0 1 1 0 0 1 0 1 1 0 0 25
0 0 0 1 1 0 0 0 0 0 1 1 0 1 0 0 0 1 1 0 0 0 0 0 1 0 1 0 0 0 0 0 1 0 0 0 0 0 0 0 1 0 0 1 1 0 1 0 1 1 16
0 0 1 0 1 0 1 1 0 1 0 0 1 1 0 1 0 0 1 0 0 0 1 0 0 1 1 0 0 0 0 1 0 1 0 1 0 0 0 1 0 1 0 0 0 1 1 0 1 0 20
0 0 0 0 1 1 1 0 1 1 0 1 1 0 0 0 0 1 1 0 1 1 1 1 0 0 0 0 1 0 1 1 1 1 0 1 1 1 0 1 0 0 0 0 1 0 1 0 0 1 25
1 0 0 0 1 0 0 0 1 1 1 1 0 1 1 1 0 0 0 0 0 1 1 0 1 1 0 1 1 0 1 0 1 1 0 0 0 1 0 1 0 0 0 0 1 1 0 0 1 0 23
1 0 0 0 1 1 0 1 0 0 1 1 0 0 0 0 0 1 1 1 0 1 1 1 1 0 0 1 1 0 1 1 1 1 0 0 1 1 1 1 0 0 1 1 0 0 0 1 1 0 27
0 0 0 1 1 0 0 1 1 1 0 0 0 0 0 1 1 0 1 1 0 0 1 0 1 0 1 0 1 0 1 0 0 1 0 1 0 1 1 1 0 1 1 1 0 0 0 1 1 1 25
1 0 1 1 0 0 1 0 1 1 1 1 1 1 0 0 1 1 0 0 1 1 1 0 0 1 1 0 0 0 1 0 0 0 0 0 1 0 1 1 0 0 0 0 1 0 0 1 1 1 25
1 0 1 1 0 1 0 0 1 1 1 1 0 1 1 0 0 0 0 1 1 1 0 0 1 1 0 1 0 0 0 0 1 0 0 1 0 0 0 0 0 0 1 0 1 0 0 0 0 0 20
0 0 1 1 0 0 1 0 1 1 0 0 0 1 0 0 0 0 1 1 0 0 1 0 1 0 1 0 1 1 0 1 0 0 0 0 0 1 0 1 1 1 1 1 1 0 1 1 0 1 24
1 1 1 1 0 0 0 0 0 1 1 0 0 0 0 0 0 1 1 0 1 1 0 1 1 1 1 1 0 0 0 0 1 1 0 0 1 0 1 0 1 0 1 0 1 0 0 1 1 1 25
0 1 1 0 1 1 1 1 0 1 0 1 1 0 0 1 0 0 1 0 1 0 1 1 0 0 1 0 0 1 1 1 1 1 1 0 1 0 1 1 1 0 0 0 1 1 0 1 1 0 29
1 1 0 0 0 1 1 0 1 0 0 0 1 0 1 1 0 1 0 0 0 1 0 1 1 0 0 0 0 0 1 1 0 0 0 0 1 1 0 1 0 0 0 1 0 1 1 1 1 1 23
1 0 0 0 1 1 0 0 0 0 0 0 1 1 0 0 0 1 0 0 1 0 0 0 1 1 1 1 1 0 0 0 0 1 0 1 0 1 0 1 1 1 0 0 0 1 0 0 0 1 20
1 1 1 0 1 0 1 1 1 0 0 1 0 1 1 0 0 0 0 0 1 0 0 1 0 0 1 0 0 0 1 1 1 1 0 0 0 1 0 1 1 1 0 0 1 0 0 1 1 1 25
1 1 0 1 0 1 0 1 1 1 0 0 0 0 0 1 1 0 1 1 0 0 1 0 1 1 1 1 1 0 0 1 0 1 1 0 1 0 0 1 1 1 1 0 1 1 1 1 0 0 29
0 1 0 0 1 1 0 1 1 0 0 1 1 1 1 0 1 1 0 1 0 1 0 1 0 0 1 1 1 1 1 1 0 1 0 0 1 1 0 0 0 0 0 1 0 1 0 0 1 0 26
0 0 0 1 0 1 0 0 1 0 1 1 0 1 0 0 1 1 1 0 1 1 0 0 1 1 1 0 1 0 0 0 1 0 1 0 0 1 1 1 0 1 1 0 1 1 0 0 0 0 24
0 0 0 0 0 1 1 1 0 0 0 0 0 0 0 1 0 0 0 1 1 1 0 1 0 0 1 0 1 1 0 1 1 0 0 1 1 1 0 1 0 1 0 0 0 0 0 0 0 1 19
0 0 1 0 0 0 1 1 1 0 1 1 1 1 0 1 0 1 0 0 1 1 1 1 0 0 0 0 1 1 1 1 0 1 0 0 1 0 1 1 1 1 0 1 0 0 0 0 0 1 26
1 1 1 1 1 0 1 1 0 0 1 0 1 0 0 1 1 0 1 0 1 1 0 0 1 1 0 0 1 0 1 0 1 1 1 0 1 1 0 0 0 0 0 0 0 0 1 0 1 0 25
1 1 1 1 0 0 0 1 1 0 1 0 1 0 0 1 1 1 0 1 0 1 0 0 1 1 0 0 1 0 0 0 1 0 0 1 1 1 1 0 1 1 0 1 0 1 1 1 0 0 27
0 0 0 0 1 0 0 1 0 1 0 1 0 0 1 0 0 1 0 1 0 1 1 1 1 1 1 1 0 0 0 0 0 1 0 1 0 0 0 1 0 1 1 0 1 0 1 1 1 1 24
0 0 1 1 0 0 0 1 0 0 0 0 0 1 1 0 1 1 1 1 1 1 0 0 1 1 0 1 0 1 1 0 0 1 0 0 0 1 0 0 1 1 0 0 1 0 0 0 1 0 22
1 0 0 0 1 0 0 0 1 0 1 1 0 0 1 0 1 0 0 1 0 0 1 0 1 0 0 0 0 1 0 1 0 1 0 0 0 1 0 0 0 1 0 0 1 0 1 1 0 1 19
0 1 0 1 1 0 1 0 1 1 0 0 0 0 0 1 1 0 1 0 1 0 1 1 0 0 1 1 1 0 1 1 0 0 1 0 1 0 1 0 0 1 0 1 0 1 0 0 1 1 25
1 0 0 1 1 0 0 1 0 0 1 1 1 0 0 1 1 0 1 0 1 0 1 0 0 1 0 1 1 1 1 0 1 0 0 1 1 1 0 1 1 1 1 1 1 1 1 0 0 1 30
1 0 1 0 0 0 1 1 1 0 1 1 1 0 1 1 0 1 0 0 1 0 1 0 0 1 0 0 0 0 1 1 1 0 0 1 0 1 0 0 0 1 0 0 1 1 1 0 1 0 24
1 1 0 0 0 1 0 1 0 1 1 1 1 0 0 0 0 0 1 1 0 0 0 0 0 0 0 1 1 0 0 1 0 1 0 0 0 1 0 0 0 1 0 0 1 1 1 0 0 1 20
1 0 1 0 1 0 1 1 1 1 1 0 0 0 0 0 1 0 1 0 0 1 1 0 1 1 0 1 0 0 0 1 0 1 1 0 1 0 1 1 1 1 0 1 0 1 1 1 1 1 29
1 1 1 0 1 0 0 0 1 1 1 1 1 1 0 0 0 0 1 0 1 1 1 1 1 1 1 1 1 0 0 0 1 0 0 1 1 0 1 0 1 0 1 1 1 1 0 1 0 0 30
1 1 0 0 1 1 1 0 1 0 0 0 0 1 0 0 0 0 0 0 0 0 0 0 1 1 1 0 0 0 1 0 1 1 1 0 1 0 0 0 0 1 0 0 0 1 1 1 1 0 20
1 1 0 0 1 1 1 1 0 1 1 1 0 1 1 0 0 1 0 1 0 1 1 1 0 1 1 0 1 0 1 0 0 1 0 0 0 1 0 0 1 0 0 0 1 1 1 1 0 0 27
1 0 0 1 1 1 1 0 1 1 0 1 1 0 0 1 0 1 1 0 0 1 1 0 1 1 0 0 0 0 0 0 1 0 1 1 1 1 1 0 1 0 0 0 1 0 1 1 1 0 27
1 1 0 1 1 0 1 0 1 1 0 0 1 1 0 0 1 1 0 1 0 1 0 1 1 0 0 1 0 1 0 0 1 1 1 1 1 0 1 0 0 0 1 1 1 1 0 1 0 0 28
0 0 1 0 0 1 0 0 0 0 0 1 1 1 1 1 0 1 0 0 1 0 1 0 1 0 1 0 0 0 1 1 1 0 0 1 1 1 0 0 0 1 0 1 1 0 1 0 0 0 22
0 0 1 0 0 1 1 0 0 0 1 0 0 0 1 0 0 0 1 1 0 1 1 0 0 1 1 0 0 0 0 0 1 0 1 1 0 1 0 0 0 0 0 0 0 0 0 0 0 0 15
0 0 1 1 0 0 0 1 0 0 1 1 0 1 0 0 0 1 0 1 0 0 0 1 1 0 1 1 0 0 0 0 1 1 0 0 1 1 1 0 0 0 0 1 1 0 1 1 1 1 23
1 1 0 0 0 0 1 0 0 1 1 0 0 0 1 0 0 0 1 1 1 1 0 0 1 0 1 0 1 1 0 0 0 0 1 0 1 0 1 0 0 0 0 1 1 1 1 0 1 0 22
0 1 1 0 1 1 0 1 1 0 0 1 0 1 1 0 0 0 0 0 1 1 1 0 0 1 0 0 1 0 1 1 1 1 0 1 1 1 0 1 0 0 1 1 1 1 0 0 1 0 27
0 1 1 1 1 0 0 1 1 0 0 0 0 0 1 0 0 0 1 1 0 1 0 0 1 1 1 1 1 0 1 1 0 1 0 1 0 1 0 1 0 1 0 0 0 0 1 0 0 0 23
1 0 1 1 1 0 1 1 0 1 1 0 1 1 0 0 0 1 1 0 0 0 0 0 1 0 1 1 1 1 1 0 0 1 1 0 0 0 1 0 1 0 1 0 0 1 0 1 0 0 25
0 1 1 1 0 1 1 1 1 1 0 0 0 1 1 1 1 0 0 0 0 0 1 0 0 0 1 1 1 0 1 0 1 1 0 0 0 0 0 0 1 0 1 0 1 1 0 0 0 1 24
1 0 0 0 1 1 0 0 1 1 0 1 1 1 0 1 0 1 0 1 0 1 1 0 1 0 0 1 1 1 1 1 0 1 0 1 0 1 0 0 0 1 1 1 0 1 0 0 1 0 27
1 1 0 0 0 1 1 0 0 0 0 0 0 1 1 0 0 1 0 0 0 0 0 0 0 1 0 1 0 1 0 1 1 1 0 1 0 0 0 0 1 1 1 1 0 1 0 1 1 0 21
0 0 1 1 0 1 0 1 1 0 0 1 1 1 0 0 0 1 0 1 1 1 0 0 0 1 0 0 1 1 1 1 0 0 0 0 1 0 1 1 0 1 0 1 1 1 0 0 0 0 24
1 1 0 1 1 0 0 1 0 1 1 0 1 1 1 0 1 0 0 0 0 0 0 0 1 1 0 0 1 0 0 0 0 0 0 1 0 1 1 1 1 1 1 1 0 1 1 1 1 0 26
0 0 0 0 1 1 0 1 0 0 0 1 1 1 0 1 0 0 1 0 1 1 0 1 0 1 0 0 0 1 0 0 0 0 0 1 0 1 0 0 0 1 0 1 1 0 1 1 1 0 21
1 0 0 0 0 1 1 0 1 0 0 1 1 0 1 1 0 1 0 1 0 0 1 1 1 0 1 1 1 0 0 1 0 0 1 0 0 1 0 0 1 1 0 0 0 0 0 0 0 1 22
0 0 0 1 1 0 0 1 0 1 1 0 0 1 0 0 0 0 0 1 1 0 0 0 0 0 0 1 0 0 1 0 0 1 0 0 1 0 1 0 1 0 0 0 1 0 1 0 1 0 17
1 1 0 0 1 0 0 0 0 1 0 1 0 1 0 0 1 0 0 0 0 0 0 0 0 1 0 1 0 0 1 1 1 0 1 0 1 0 1 1 0 0 1 0 0 1 1 1 1 1 22
0 0 0 1 0 0 1 1 0 0 1 0 0 1 0 1 0 0 1 1 1 1 1 1 1 1 0 0 0 0 1 1 1 0 0 0 1 0 1 0 1 1 1 0 0 0 1 0 1 1 25
1 0 0 1 0 1 1 1 0 0 1 1 1 0 0 0 0 1 0 0 1 0 1 0 1 0 0 0 0 0 0 0 0 0 0 0 0 0 1 1 1 1 0 1 1 0 0 1 1 0 20
0 0 0 1 0 1 1 0 1 1 1 1 0 1 1 1 0 0 0 1 0 0 1 0 0 1 0 0 1 0 0 0 0 1 1 0 1 1 0 0 0 1 0 0 0 1 0 0 1 1 22
1 0 0 1 0 1 0 0 0 1 1 0 0 0 1 0 0 1 1 1 0 0 1 0 1 0 0 0 1 1 1 1 0 0 1 0 1 1 0 1 1 0 0 1 0 1 0 1 0 0 23
1 1 1 0 0 1 1 1 0 0 0 1 1 1 0 1 1 1 0 1 0 0 0 0 1 1 1 0 1 1 0 1 1 1 0 1 1 1 1 0 0 1 1 1 1 1 1 0 0 0 31
0 0 1 1 0 1 1 1 0 1 1 0 1 1 0 1 0 1 0 1 0 0 0 0 1 0 0 1 0 1 0 0 0 1 1 1 0 0 1 1 0 0 0 1 1 0 0 1 1 1 25
0 0 1 1 1 1 1 1 0 0 0 1 0 0 1 1 0 0 0 1 0 1 1 0 0 0 1 0 0 0 0 1 1 1 0 1 0 1 0 1 1 0 1 1 1 1 0 0 1 1 26
0 0 1 0 0 1 0 1 0 1 0 0 0 1 0 1 1 1 1 0 0 0 0 0 0 0 1 1 0 0 1 0 0 0 1 1 0 0 0 1 1 1 0 0 0 1 0 1 0 1 20
0 1 1 0 0 0 1 0 0 0 0 1 0 0 0 0 1 0 0 0 1 0 1 1 1 1 1 0 1 1 0 0 0 1 1 0 0 1 0 0 1 1 1 1 0 1 1 0 0 1 23
0 0 0 1 0 1 1 0 0 1 0 0 1 0 1 1 0 1 0 0 0 0 1 0 1 1 1 0 1 1 0 0 1 0 0 0 0 1 1 1 1 1 0 1 0 0 0 0 1 0 22
1 0 1 1 0 0 0 1 1 1 0 1 1 0 1 1 1 1 1 0 1 1 0 0 0 1 1 1 1 0 1 0 0 1 1 0 1 0 1 1 1 1 0 0 0 1 1 0 0 0 29
0 1 0 1 1 1 0 0 1 0 0 1 1 0 0 1 0 0 0 1 0 1 1 1 0 0 1 0 0 1 1 1 1 1 0 1 1 0 1 1 1 0 1 0 1 1 0 1 1 0 28
1 0 0 0 1 1 0 0 0 0 0 1 0 1 1 0 0 1 0 0 1 1 0 1 0 0 1 1 0 0 0 0 1 1 1 1 1 0 1 1 0 1 1 1 1 1 0 1 1 0 26
0 0 1 0 1 0 1 0 1 0 0 0 1 1 1 1 0 0 0 0 0 1 0 1 0 1 1 0 0 1 1 1 1 1 0 0 1 1 0 0 1 1 1 0 1 0 1 1 0 1 26
0 0 1 1 0 0 1 0 0 1 0 1 0 0 0 0 1 1 0 1 0 0 1 1 0 1 1 1 1 1 0 0 1 0 1 0 1 0 0 0 1 1 1 0 0 0 1 1 1 1 25
1 0 0 1 0 1 1 1 1 1 0 1 0 0 1 0 0 1 1 0 0 0 1 1 1 0 0 0 0 0 0 1 0 0 1 1 1 0 1 0 0 1 1 1 0 1 1 0 0 0 24
1 1 0 1 1 0 0 1 0 1 1 1 1 1 0 0 1 0 0 1 1 1 0 0 1 0 0 1 1 1 0 0 0 1 0 1 1 0 0 0 1 0 1 1 1 0 0 1 1 0 27
1 1 1 1 1 0 1 0 1 1 0 1 0 1 1 1 1 1 0 0 1 1 0 0 0 0 0 0 1 1 1 1 1 1 0 0 1 1 0 0 1 1 0 1 1 1 1 1 1 0 32
1 0 1 0 0 1 1 0 1 1 0 0 1 0 1 0 0 1 0 1 0 1 0 0 1 0 0 1 0 1 1 1 0 1 1 1 0 1 0 1 0 0 1 1 0 0 0 0 1 0 24
1 1 0 1 1 0 0 1 1 0 0 0 1 0 1 1 1 0 1 1 0 1 0 0 1 0 0 1 1 0 0 1 0 0 0 1 0 0 1 1 1 1 1 0 1 1 1 1 0 1 28
0 1 1 0 1 1 0 0 1 0 0 1 0 0 0 1 1 1 1 0 0 0 1 1 1 1 1 0 1 1 1 0 1 0 1 1 0 0 0 1 0 0 1 0 0 1 0 0 1 0 25
0 1 0 0 1 0 0 1 1 0 1 1 0 1 1 0 0 0 0 0 0 0 0 0 0 0 0 1 0 0 0 0 1 1 0 0 0 0 0 1 1 0 1 1 0 0 0 1 1 1 18
1 1 0 1 0 0 0 0 1 1 1 0 0 1 0 0 0 1 1 1 1 0 0 0 0 0 1 1 1 1 0 1 0 1 0 0 0 0 0 1 0 0 0 1 1 1 0 0 0 0 21
0 0 1 1 1 0 0 1 1 1 1 1 0 1 0 1 1 1 1 0 1 1 0 0 0 1 1 0 1 1 1 1 1 0 1 1 1 0 0 0 0 0 0 1 0 1 1 1 1 0 30
1 1 1 0 0 0 0 0 0 1 1 0 1 1 1 0 1 0 1 0 0 1 1 1 1 1 0 1 0 1 0 0 0 0 1 1 0 0 1 1 0 1 1 0 0 0 0 0 1 0 24
1 0 0 1 0 0 0 0 0 0 0 0 0 0 0 1 0 1 1 1 1 0 0 1 1 0 0 1 0 0 1 1 0 1 1 1 1 1 0 0 1 0 1 1 1 1 0 0 0 0 22
1 0 0 0 1 1 1 1 0 1 0 0 0 0 1 0 0 0 0 0 1 1 1 0 0 1 1 0 0 1 1 0 1 0 0 0 1 0 1 0 1 1 0 1 1 1 1 0 0 1 24
0 0 0 1 1 1 1 1 1 1 1 1 0 1 0 0 0 1 1 1 1 1 0 1 0 0 1 1 0 1 0 1 1 1 1 1 0 0 0 0 0 0 1 1 1 1 1 0 1 0 30
0 0 0 1 1 0 0 0 0 0 1 0 0 1 0 0 0 0 1 0 0 0 0 1 1 0 0 1 0 1 1 1 1 0 1 1 1 0 0 1 1 0 0 0 0 0 0 0 1 1 19
1 0 0 0 1 1 0 0 0 1 1 0 1 0 0 1 1 0 0 0 0 1 1 1 0 1 0 1 0 0 0 0 1 1 1 1 0 0 1 1 0 0 0 0 1 0 1 0 1 0 22
1 0 0 0 1 0 0 1 1 1 1 0 0 1 0 0 0 0 0 1 0 1 0 0 1 0 0 0 0 0 1 1 1 1 1 0 1 1 1 0 1 0 0 0 0 1 1 1 0 0 22
0 0 1 1 0 0 1 1 1 1 1 1 0 1 0 0 1 0 0 0 0 0 0 0 0 1 1 0 1 1 1 0 0 0 1 0 1 0 0 0 0 1 1 0 1 1 0 0 1 0 22
0 1 1 1 1 0 0 0 0 0 1 1 1 1 1 1 1 0 1 1 0 0 0 0 1 0 0 1 1 0 0 1 0 0 0 0 0 0 1 0 0 1 0 0 0 0 0 0 1 0 20
1 0 0 1 0 0 0 0 0 1 1 0 1 0 1 1 0 1 0 1 0 1 1 0 0 1 1 0 0 0 0 0 1 0 0 0 0 0 1 1 0 1 1 0 0 0 0 1 1 1 21
0 0 0 1 1 1 0 0 1 1 1 0 0 0 0 1 0 1 1 0 1 1 0 1 1 1 0 1 0 0 1 0 0 0 0 1 0 1 1 0 1 0 0 1 1 1 1 0 0 0 24
0 0 0 1 0 0 1 0 1 1 0 0 1 0 0 0 0 1 1 1 0 0 0 1 1 1 0 1 1 0 1 0 0 0 1 1 0 1 1 1 0 0 0 0 1 1 1 1 0 0 23
0 1 1 1 1 0 0 1 1 0 0 0 0 1 1 1 0 1 1 0 0 1 1 1 1 1 1 1 0 0 0 0 1 0 0 0 0 1 1 0 1 0 0 1 0 0 0 1 0 1 25
1 1 0 1 0 1 0 1 0 0 0 0 1 1 1 0 1 1 0 0 1 0 0 1 0 0 1 0 1 1 0 1 1 1 1 1 1 1 0 0 1 0 0 1 0 0 0 1 0 1 26
1 0 1 0 0 1 0 0 1 1 0 1 0 1 0 0 0 1 1 1 0 1 0 0 0 1 0 1 0 0 0 0 0 1 0 0 0 0 1 1 0 1 0 0 1 1 0 0 0 1 20
1 0 0 0 0 1 1 0 1 1 0 1 1 1 1 1 0 0 0 1 1 0 0 1 0 0 0 1 0 1 0 0 1 0 0 1 0 1 1 0 1 1 1 0 1 0 0 0 0 0 23
0 1 0 0 1 1 1 1 0 0 0 1 1 1 1 0 1 1 1 1 0 0 1 0 0 1 1 1 1 0 1 1 0 1 0 1 1 1 1 0 0 1 0 1 0 1 0 0 1 0 29
0 1 0 0 1 0 0 1 1 0 0 1 1 0 1 0 1 0 0 1 0 1 1 1 0 0 0 1 0 0 1 1 0 0 0 1 0 0 1 1 1 1 0 0 0 1 0 1 1 1 24
1 0 0 1 1 1 0 1 0 0 0 0 1 0 1 1 1 1 1 1 0 1 1 0 1 0 1 0 0 0 0 1 1 1 1 1 1 0 1 0 0 1 0 0 1 1 0 1 1 0 28
1 1 1 1 1 1 1 0 0 1 1 0 1 0 0 0 1 0 0 0 0 1 1 0 1 0 0 0 1 1 1 0 1 0 1 1 0 0 1 1 1 1 1 0 0 1 1 1 1 1 30
1 0 1 0 1 1 1 0 1 0 1 0 0 1 0 1 0 0 1 1 0 0 1 1 0 0 0 0 1 1 0 0 0 1 0 1 1 1 1 1 0 1 1 1 1 0 0 0 0 0 25
0 0 0 0 1 1 0 0 0 1 0 0 1 1 0 1 1 0 0 1 0 1 1 0 0 0 1 0 1 0 1 1 1 0 0 0 1 0 0 1 1 1 1 0 0 1 0 1 0 1 23
0 0 1 1 0 0 1 0 0 0 1 1 1 0 0 0 1 1 0 0 0 0 1 1 0 0 1 0 0 1 1 0 1 1 0 0 0 0 1 1 0 1 1 0 0 0 0 1 1 1 22
0 1 1 0 0 1 0 1 0 1 0 0 1 1 0 1 0 1 1 0 1 1 0 1 0 0 0 0 0 0 1 1 1 0 0 1 0 0 1 0 0 0 1 1 0 1 0 0 0 0 21
1 0 0 1 1 0 1 0 0 1 1 0 0 1 1 1 1 1 1 0 0 0 0 0 0 1 0 0 0 1 1 0 1 1 1 1 0 0 1 0 0 0 1 0 1 1 0 1 0 1 25
1 0 1 0 0 0 1 0 1 0 1 0 0 0 0 1 1 1 1 0 0 1 0 0 0 0 0 0 0 1 0 1 1 0 1 1 1 1 0 0 0 1 1 0 1 1 0 1 0 1 23
1 0 1 1 0 1 1 1 0 1 1 0 1 1 1 0 0 0 1 0 1 0 1 1 0 1 1 1 0 1 0 0 0 0 1 0 0 0 0 0 0 0 1 0 0 0 1 0 1 1 24
1 1 0 0 0 1 1 1 1 0 1 1 0 1 0 1 1 1 1 1 0 1 0 0 0 0 1 1 0 0 1 0 0 0 0 1 1 0 1 0 1 0 0 0 0 0 1 1 1 1 26
0 0 0 1 0 0 0 0 0 0 0 0 0 0 0 0 0 0 0 0 0 0 0 0 0 0 0 0 0 0 0 0 0 0 0 0 0 0 0 0 0 0 0 0 0 0 0 0 0 1 2
0 0 0 0 0 0 0 0 0 0 1 0 0 0 0 0 0 0 0 0 0 0 0 0 0 0 0 0 0 0 0 0 0 0 0 0 0 0 0 0 0 0 0 0 0 0 0 0 0 0 1
0 0 0 0 0 0 0 0 0 0 0 0 0 0 0 0 0 0 0 0 0 0 0 0 0 0 0 0 0 0 0 0 0 0 0 0 0 0 0 0 0 1 0 0 0 0 0 0 0 0 1
0 0 1 0 0 0 0 0 0 0 0 0 0 0 0 0 0 0 0 0 0 0 0 0 0 0 0 0 0 0 0 0 0 0 0 0 0 0 0 0 0 0 0 0 0 0 0 0 0 0 1
0 0 0 0 0 0 0 0 0 0 0 0 0 0 0 0 0 0 0 0 0 0 0 0 0 0 0 0 0 0 0 0 0 0 0 0 0 0 0 0 1 0 0 0 0 0 0 0 0 0 1
0 0 0 0 0 0 0 0 0 0 0 0 0 0 0 0 0 0 0 0 0 0 0 0 0 0 0 0 0 0 0 0 0 0 0 0 0 0 0 0 0 0 0 0 1 0 0 0 0 0 1
0 0 0 0 0 0 0 0 0 0 0 0 0 0 0 0 0 0 0 0 0 0 0 0 0 0 0 0 0 0 0 0 0 0 0 0 0 0 0 1 0 0 0 0 0 0 0 0 0 0 1
0 0 0 0 0 0 0 0 0 0 0 0 0 0 0 0 0 0 0 0 0 0 0 0 0 0 0 0 0 0 0 0 0 1 0 0 0 0 0 0 0 0 0 0 0 0 0 0 0 0 1
0 0 0 0 0 0 0 0 0 0 0 0 0 0 0 1 0 0 0 0 0 0 0 0 0 0 0 0 0 0 0 0 0 0 0 0 0 0 0 0 0 0 0 0 0 0 0 0 0 0 1
0 0 0 0 0 0 0 0 0 0 0 0 0 0 0 0 0 0 0 0 0 0 0 0 0 0 0 0 0 0 0 0 0 0 0 0 0 0 0 0 0 0 1 0 0 0 0 0 0 0 1
0 0 0 0 0 0 0 0 0 0 0 0 0 0 0 0 0 0 0 0 0 0 0 0 0 0 0 0 0 0 0 0 0 0 0 0 0 0 0 0 0 0 1 0 0 0 0 0 0 0 1
0 0 1 0 0 0 0 0 0 0 0 0 0 0 0 0 0 0 0 0 0 0 0 0 0 0 0 0 0 0 0 0 0 0 0 0 0 0 0 0 0 0 0 0 0 0 0 0 0 0 1
0 0 0 0 0 0 0 0 0 0 0 0 0 0 0 0 0 0 0 0 0 0 0 0 0 0 0 0 0 0 0 1 0 0 0 0 0 0 0 0 0 0 0 0 0 0 0 0 0 0 1
0 0 0 0 0 0 0 0 0 0 0 0 0 0 0 0 0 0 0 1 0 0 0 0 0 0 0 0 0 0 0 0 0 0 0 0 0 0 0 0 0 0 0 0 0 0 0 0 0 0 1
0 0 0 0 0 0 0 0 0 0 0 1 0 0 0 0 0 0 0 0 0 0 0 0 0 0 0 0 0 0 0 0 0 0 0 0 0 0 0 0 0 0 0 0 0 0 0 0 0 0 1
0 0 0 0 0 0 0 0 0 0 0 0 0 0 0 0 0 0 0 0 0 0 1 0 0 0 0 0 0 0 0 0 0 0 0 0 0 0 0 0 0 0 0 0 0 0 0 0 0 0 1
0 0 0 0 0 0 0 0 0 0 0 0 0 0 0 0 0 0 0 0 0 0 0 1 0 0 0 0 0 0 0 0 0 0 0 0 0 0 0 0 0 0 0 0 0 0 0 0 0 0 1
0 0 0 0 0 0 0 0 0 0 0 0 0 0 0 0 0 0 0 0 0 0 1 0 0 0 0 0 0 0 0 0 0 0 0 0 0 0 0 0 0 0 0 0 0 0 0 0 0 0 1
0 0 0 0 0 0 0 0 0 0 0 0 0 0 0 0 0 0 0 0 0 0 0 0 0 0 0 0 0 0 1 0 0 0 0 0 0 0 0 0 0 0 0 0 0 0 0 0 0 0 1
0 0 0 0 0 0 0 0 0 0 0 0 1 0 0 0 0 0 0 0 0 0 0 0 0 0 0 0 0 0 0 0 0 0 0 0 0 0 0 0 0 0 0 0 0 0 0 0 0 0 1
0 0 0 0 0 0 0 0 0 0 0 0 0 0 0 0 0 0 0 0 0 0 0 0 0 0 0 0 0 0 0 0 0 0 0 0 0 0 0 0 0 0 0 0 0 1 0 0 0 0 1
0 0 0 0 0 0 0 0 0 0 0 0 0 0 0 0 0 0 0 0 0 0 0 0 0 0 0 0 0 0 0 0 0 0 0 0 0 0 0 0 0 0 0 0 0 0 0 0 1 0 1
0 0 0 0 0 0 0 0 0 0 0 0 0 0 0 0 0 0 0 0 0 0 0 0 0 0 0 0 0 0 0 0 0 0 1 0 0 0 0 0 0 0 0 0 0 0 0 0 0 0 1
0 0 1 0 0 0 0 0 0 0 0 0 0 0 0 0 0 0 0 0 0 0 0 0 0 0 0 0 0 0 0 0 0 0 0 0 0 0 0 0 0 0 0 0 0 0 0 0 0 0 1
0 0 0 0 0 0 0 0 0 0 0 0 0 0 0 0 0 0 0 0 0 0 0 0 0 0 0 0 0 0 0 0 0 0 0 0 0 0 0 0 0 0 0 0 1 0 0 0 0 0 1
0 0 0 0 0 0 0 0 0 0 0 0 0 0 0 0 0 0 0 0 0 0 0 0 0 0 0 0 0 0 0 0 0 0 1 0 0 0 0 0 0 0 0 0 0 0 0 0 0 0 1
0 0 0 0 0 0 0 0 0 0 0 0 0 1 0 0 0 0 0 0 0 0 0 0 0 0 0 0 0 0 0 0 0 0 0 0 0 0 0 0 0 0 0 0 0 0 0 0 0 0 1
0 0 0 0 0 0 0 0 0 0 0 0 0 0 0 0 0 0 1 0 0 0 0 0 0 0 0 0 0 0 0 0 0 0 0 0 0 0 0 0 0 0 0 0 0 0 0 0 0 0 1
0 0 0 0 0 0 0 0 0 0 0 0 0 0 0 0 0 0 0 0 0 0 0 0 0 0 0 0 0 0 0 0 0 0 0 0 0 0 0 0 0 0 0 0 0 1 0 0 0 0 1
0 0 0 0 0 0 0 0 0 0 0 0 0 0 0 0 0 0 0 0 0 0 0 0 1 0 0 0 0 0 0 0 0 0 0 0 0 0 0 0 0 0 0 0 0 0 0 0 0 0 1
0 0 0 0 0 0 1 0 0 0 0 0 0 0 0 0 0 0 0 0 0 0 0 0 0 0 0 0 0 0 0 0 0 0 0 0 0 0 0 0 0 0 0 0 0 0 0 0 0 0 1
0 0 0 0 0 0 0 0 0 0 0 0 0 0 0 0 0 0 0 0 0 0 0 0 0 0 0 0 0 0 0 0 1 0 0 0 0 0 0 0 0 0 0 0 0 0 0 0 0 0 1
0 0 0 0 0 0 0 0 0 0 0 0 0 0 0 0 0 0 0 0 1 0 0 0 0 0 0 0 0 0 0 0 0 0 0 0 0 0 0 0 0 0 0 0 0 0 0 0 0 0 1
0 0 0 0 0 0 0 1 0 0 0 0 0 0 0 0 0 0 0 0 0 0 0 0 0 0 0 0 0 0 0 0 0 0 0 0 0 0 0 0 0 0 0 0 0 0 0 0 0 0 1
0 0 0 0 0 0 0 0 0 0 0 0 0 0 0 0 0 0 0 0 0 0 0 0 0 0 0 0 0 0 0 0 0 1 0 0 0 0 0 0 0 0 0 0 0 0 0 0 0 0 1
0 0 0 0 0 0 0 0 0 0 0 0 0 0 0 0 0 0 0 0 1 0 0 0 0 0 0 0 0 0 0 0 0 0 0 0 0 0 0 0 0 0 0 0 0 0 0 0 0 0 1
0 0 0 0 1 0 0 0 0 0 0 0 0 0 0 0 0 0 0 0 0 0 0 0 0 0 0 0 0 0 0 0 0 0 0 0 0 0 0 0 0 0 0 0 0 0 0 0 0 0 1
0 0 0 0 0 0 0 0 0 0 0 0 0 0 0 0 0 0 0 0 0 0 0 0 0 0 0 0 0 0 0 0 0 1 0 0 0 0 0 0 0 0 0 0 0 0 0 0 0 0 1
0 0 0 0 0 0 0 0 0 0 0 0 0 0 0 0 0 0 0 0 0 0 0 0 0 0 0 0 0 0 0 0 0 0 0 0 1 0 0 0 0 0 0 0 0 0 0 0 0 0 1
0 0 0 0 0 0 0 0 0 0 0 0 0 0 1 0 0 0 0 0 0 0 0 0 0 0 0 0 0 0 0 0 0 0 0 0 0 0 0 0 0 0 0 0 0 0 0 0 0 0 1
0 0 0 0 0 0 0 0 0 0 0 0 0 0 0 0 0 0 0 0 0 0 0 1 0 0 0 0 0 0 0 0 0 0 0 0 0 0 0 0 0 0 0 0 0 0 0 0 0 0 1
0 0 0 0 0 0 0 0 0 0 0 0 0 0 0 1 0 0 0 0 0 0 0 0 0 0 0 0 0 0 0 0 0 0 0 0 0 0 0 0 0 0 0 0 0 0 0 0 0 0 1
0 0 0 0 0 0 0 0 0 0 0 0 0 0 0 0 0 0 0 0 0 0 0 0 0 0 0 0 0 1 0 0 0 0 0 0 0 0 0 0 0 0 0 0 0 0 0 0 0 0 1
0 0 0 0 0 0 0 0 1 0 0 0 0 0 0 0 0 0 0 0 0 0 0 0 0 0 0 0 0 0 0 0 0 0 0 0 0 0 0 0 0 0 0 0 0 0 0 0 0 0 1
0 0 0 0 0 0 0 0 0 0 0 0 0 0 0 0 0 0 0 0 0 0 0 0 0 0 0 0 0 0 0 0 0 1 0 0 0 0 0 0 0 0 0 0 0 0 0 0 0 0 1
0 0 0 0 0 0 0 0 0 0 0 0 0 0 0 0 0 0 0 0 0 1 0 0 0 0 0 0 0 0 0 0 0 0 0 0 0 0 0 0 0 0 0 0 0 0 0 0 0 0 1
0 0 0 0 0 0 0 0 0 0 0 0 0 0 0 0 1 0 0 0 0 0 0 0 0 0 0 0 0 0 0 0 0 0 0 0 0 0 0 0 0 0 0 0 0 0 0 0 0 0 1
0 0 0 0 0 0 0 0 0 0 0 0 0 0 0 0 0 0 0 0 0 0 0 0 0 0 0 0 0 0 0 0 0 0 0 0 0 0 0 1 0 0 0 0 0 0 0 0 0 0 1
0 0 0 0 0 0 0 0 0 0 0 0 0 0 0 0 0 0 0 0 0 0 0 0 0 0 0 0 0 0 0 0 0 1 0 0 0 0 0 0 0 0 0 0 0 0 0 0 0 0 1
0 0 0 0 0 0 0 0 0 0 0 0 1 0 0 0 0 0 0 0 0 0 0 0 0 0 0 0 0 0 0 0 0 0 0 0 0 0 0 0 0 0 0 0 0 0 0 0 0 0 1
0 0 0 0 0 0 1 0 0 0 0 0 0 0 0 0 0 0 0 0 0 0 0 0 0 0 0 0 0 0 0 0 0 0 0 0 0 0 0 0 0 0 0 0 0 0 0 0 0 0 1
0 0 0 0 0 0 0 0 0 0 0 0 0 0 0 0 0 0 0 0 0 0 0 0 0 0 0 0 0 0 0 0 0 0 0 0 0 0 0 0 0 0 1 0 0 0 0 0 0 0 1
0 0 0 0 0 0 0 0 0 0 0 0 0 0 0 0 0 0 0 0 0 1 0 0 0 0 0 0 0 0 0 0 0 0 0 0 0 0 0 0 0 0 0 0 0 0 0 0 0 0 1
0 0 0 0 0 0 0 0 0 0 0 0 0 0 0 0 0 0 0 0 0 0 0 0 0 0 0 0 0 0 0 1 0 0 0 0 0 0 0 0 0 0 0 0 0 0 0 0 0 0 1
0 0 0 0 0 0 0 0 0 0 0 0 0 0 0 0 0 0 0 0 0 0 0 0 0 0 0 0 0 0 0 0 0 0 0 0 0 0 0 0 0 0 1 0 0 0 0 0 0 0 1
0 0 0 0 0 0 0 0 0 0 0 0 0 0 0 0 0 1 0 0 0 0 0 0 0 0 0 0 0 0 0 0 0 0 0 0 0 0 0 0 0 0 0 0 0 0 0 0 0 0 1
0 0 0 0 0 0 0 0 0 0 0 0 0 0 0 1 0 0 0 0 0 0 0 0 0 0 0 0 0 0 0 0 0 0 0 0 0 0 0 0 0 0 0 0 0 0 0 0 0 0 1
0 0 0 0 0 0 0 0 0 0 0 0 0 0 0 0 0 0 0 0 0 0 0 0 0 0 0 0 0 0 0 0 0 0 0 0 0 0 0 0 0 0 0 0 0 0 0 0 1 0 1
0 0 0 0 0 0 0 0 0 0 0 0 0 0 0 0 0 0 0 0 0 0 0 0 0 0 0 0 0 0 0 0 0 0 0 0 0 0 0 0 0 0 0 0 0 0 0 1 0 0 1
0 0 0 0 0 0 0 0 0 0 0 0 0 0 0 0 0 0 0 0 0 0 0 1 0 0 0 0 0 0 0 0 0 0 0 0 0 0 0 0 0 0 0 0 0 0 0 0 0 0 1
0 0 0 0 0 0 0 0 0 0 0 0 0 0 0 0 0 0 0 0 0 0 0 0 0 0 0 0 0 0 0 0 0 0 0 0 0 0 0 0 0 0 0 0 0 0 0 0 1 0 1
0 0 0 0 0 0 0 0 0 0 0 0 0 0 0 0 0 0 0 0 0 0 0 0 0 0 0 0 0 0 0 0 1 0 0 0 0 0 0 0 0 0 0 0 0 0 0 0 0 0 1
0 0 0 0 0 0 0 0 0 0 0 0 0 0 0 0 0 0 0 0 1 0 0 0 0 0 0 0 0 0 0 0 0 0 0 0 0 0 0 0 0 0 0 0 0 0 0 0 0 0 1
0 0 0 0 0 0 0 0 0 0 0 0 0 0 0 0 0 0 0 0 0 0 0 0 0 0 0 0 0 0 0 0 1 0 0 0 0 0 0 0 0 0 0 0 0 0 0 0 0 0 1
0 0 0 0 0 1 0 0 0 0 0 0 0 0 0 0 0 0 0 0 0 0 0 0 0 0 0 0 0 0 0 0 0 0 0 0 0 0 0 0 0 0 0 0 0 0 0 0 0 0 1
0 0 0 0 0 0 0 0 0 0 0 0 0 0 0 0 0 0 0 0 0 0 0 0 0 0 0 0 0 0 0 0 0 0 0 0 0 0 0 1 0 0 0 0 0 0 0 0 0 0 1
95 69 85 95 85 88 81 94 74 87 82 80 76 95 81 71 74 94 79 80 63 85 92 68 91 81 93 80 77 80 86 84 87 83 74 86 84 83 85 89 79 91 83 75 88 93 80 89 94 78 4166
