1 1 1 0 0 0 1 0 1 1 0 1 0 1 0 1 1 1 1 0 0 0 1 1 0 1 1 1 0 0 0 1 1 1 1 1 1 1 1 1 0 1 1 1 1 0 1 0 1 0 32
0 0 0 0 1 0 1 0 1 0 0 1 1 0 1 0 1 0 1 1 1 1 1 1 0 1 0 0 0 1 0 1 1 1 1 1 0 1 0 0 0 1 0 1 1 0 1 1 0 0 26
0 1 0 0 0 0 1 0 0 1 0 1 0 0 1 1 0 0 1 0 1 0 0 0 1 1 0 0 1 0 1 1 1 0 0 1 1 1 0 0 1 1 0 1 1 1 1 1 0 0 24
0 1 0 0 1 0 1 0 1 1 0 1 0 1 1 0 1 0 0 0 1 1 1 1 1 1 1 1 1 0 0 0 1 1 1 1 0 1 0 0 1 1 0 1 1 0 0 0 0 0 27
1 0 0 0 0 0 1 0 0 1 0 1 1 0 1 1 1 0 1 0 0 1 1 0 0 1 0 1 0 0 0 1 1 0 1 1 1 0 0 1 0 1 0 1 1 0 0 1 0 0 23
0 0 0 1 1 0 1 0 0 1 0 1 1 1 0 1 1 0 0 0 0 0 1 0 0 1 0 1 0 0 0 1 0 1 1 1 1 1 0 0 0 1 1 1 1 1 1 1 1 0 26
1 0 0 1 1 0 1 0 1 1 0 1 0 0 0 1 1 1 1 0 1 1 0 1 0 0 1 1 0 1 1 1 0 1 1 1 0 1 1 0 0 1 0 0 1 1 0 0 1 0 28
0 0 0 1 0 0 0 0 0 1 0 1 1 0 0 0 0 0 1 1 1 1 0 1 0 1 0 1 1 0 0 1 1 0 1 1 1 1 1 0 0 1 0 0 1 1 1 0 0 0 23
0 1 0 1 1 0 1 0 1 1 0 1 0 0 1 1 0 0 1 0 1 0 0 0 0 1 0 1 1 0 0 1 1 1 1 0 0 1 1 0 0 1 0 1 1 0 1 1 1 0 26
0 1 0 0 0 0 1 0 0 1 0 1 0 1 1 1 0 0 1 0 0 1 1 0 1 1 1 1 0 0 1 1 0 1 0 1 1 0 1 0 0 1 0 1 1 0 0 0 0 0 23
0 0 1 0 1 0 1 0 0 0 0 1 1 0 0 1 0 0 1 0 1 1 0 0 1 0 0 0 1 0 0 1 0 1 0 1 0 1 1 1 0 0 0 1 1 0 1 1 0 0 21
0 1 0 0 0 0 1 0 0 1 1 1 1 0 0 1 1 1 1 0 1 1 1 1 0 0 0 1 0 0 1 0 1 1 0 1 1 1 0 1 0 1 0 1 1 0 0 0 1 0 26
0 0 0 1 0 0 1 0 0 1 0 1 0 1 1 1 1 1 1 0 1 1 0 0 1 1 0 1 0 0 1 1 1 1 0 1 0 1 0 0 1 1 0 1 1 0 0 1 0 0 26
0 0 1 0 1 0 1 0 0 1 0 1 1 0 1 0 0 0 1 0 1 1 0 0 1 1 0 1 1 1 0 0 1 1 0 1 1 0 0 0 0 1 1 1 0 0 1 1 0 0 24
1 0 1 0 1 0 1 0 0 1 1 1 1 0 0 1 1 0 1 0 1 1 0 0 0 1 1 1 0 0 1 1 1 1 1 1 1 1 0 0 0 1 1 1 1 1 1 0 0 0 30
0 0 0 0 0 1 0 0 0 1 0 1 0 1 0 1 1 1 1 0 1 1 0 0 0 1 1 1 0 0 0 0 1 1 1 1 1 1 1 0 0 1 0 1 1 0 0 0 1 0 24
0 0 0 1 0 0 1 0 0 1 0 1 1 0 0 1 1 0 1 0 0 0 1 0 0 1 0 1 0 1 1 1 1 1 1 1 1 1 1 0 0 1 0 1 1 0 1 1 0 0 26
1 0 0 0 1 0 1 0 0 1 0 0 1 1 0 0 0 1 1 0 0 1 1 1 1 1 0 0 0 0 1 1 1 1 1 1 1 0 1 0 0 1 0 1 1 0 1 0 0 0 25
0 0 0 0 0 1 0 0 0 1 0 1 1 1 1 1 1 0 1 1 0 1 1 1 0 0 1 0 0 1 0 1 1 1 1 1 1 0 0 0 1 1 0 1 1 0 1 0 0 0 26
1 0 0 0 1 0 1 0 0 1 0 1 0 0 0 0 0 0 1 0 0 1 0 0 0 1 0 1 1 0 0 1 1 0 1 0 0 1 0 0 0 1 0 1 1 1 1 1 1 1 22
1 0 0 0 0 0 1 0 1 1 0 1 0 0 1 0 1 0 1 1 0 1 1 1 1 1 1 1 1 0 0 1 0 1 1 1 1 1 1 0 0 1 0 1 1 0 0 1 0 0 28
0 0 0 0 1 0 1 0 0 1 0 1 0 0 0 1 1 0 1 1 0 1 0 0 1 1 1 0 1 0 0 0 1 0 1 1 1 1 0 0 1 1 1 1 1 0 0 0 0 0 23
1 0 0 0 0 0 1 0 0 1 0 1 1 0 0 1 1 1 1 0 1 1 1 0 1 1 0 1 0 0 1 1 1 1 1 1 1 1 0 0 0 1 0 1 1 0 1 0 0 0 27
1 0 0 0 1 0 1 0 1 1 0 1 0 0 0 1 1 0 1 0 0 1 0 0 0 1 0 1 0 0 0 1 0 1 0 1 0 1 0 0 0 1 1 1 1 0 0 1 0 0 21
0 0 0 1 1 0 0 0 0 1 0 1 0 1 0 1 1 1 1 1 1 1 0 0 1 0 1 0 0 0 0 1 1 1 1 1 1 1 1 0 0 1 0 1 1 0 1 0 0 0 26
0 0 0 0 1 0 0 0 0 1 0 1 0 0 0 1 1 1 1 1 0 1 1 1 1 0 1 1 1 1 0 1 1 1 1 1 1 1 0 1 0 1 0 1 1 1 0 0 1 0 29
0 0 0 1 1 0 1 0 0 1 0 1 0 0 0 1 1 0 1 0 0 1 0 1 1 1 0 1 0 0 0 1 0 1 1 1 0 0 1 0 0 1 0 1 1 0 1 0 0 0 22
0 0 1 1 0 0 0 0 0 1 0 1 0 0 1 1 0 0 1 0 1 1 1 0 1 0 0 1 1 0 0 1 1 0 1 1 0 1 1 1 0 1 1 1 1 0 0 1 1 0 26
0 0 0 1 0 1 1 0 0 1 0 1 1 1 0 0 1 0 1 1 0 0 1 0 1 1 0 1 0 0 0 0 1 1 1 0 0 1 0 0 1 1 0 1 1 0 1 0 1 0 24
0 0 0 0 0 0 1 0 0 1 1 1 0 0 0 0 1 1 1 0 0 1 1 1 1 1 1 0 0 0 0 1 1 1 1 1 0 0 0 0 0 1 0 1 1 0 0 0 0 0 21
0 0 1 0 1 1 1 0 0 1 0 1 0 0 1 0 1 0 1 0 1 1 0 0 0 1 0 0 0 0 1 1 1 1 1 0 1 1 0 1 0 0 1 1 1 0 1 0 0 0 24
0 0 1 0 1 0 1 0 1 1 0 1 0 0 0 1 1 1 1 1 1 1 1 0 1 0 0 1 0 1 0 1 0 1 1 1 1 1 0 0 0 1 0 1 1 0 1 0 1 0 28
0 0 1 0 0 0 1 0 0 1 0 1 1 1 0 1 1 1 1 0 0 1 1 0 1 0 1 1 1 0 0 1 0 1 1 1 1 1 1 1 0 1 0 1 1 0 1 0 1 0 29
0 0 0 1 1 0 1 0 0 0 0 1 1 0 0 1 1 0 1 1 1 1 1 1 1 0 1 1 0 0 1 1 1 1 1 0 1 1 1 0 0 1 0 1 1 0 1 0 0 0 28
0 0 0 0 1 0 1 0 0 1 1 1 1 0 1 1 1 1 1 0 0 1 1 1 1 0 0 0 0 0 0 1 1 1 1 1 1 1 0 0 0 1 0 1 1 0 1 0 1 0 27
0 0 0 0 0 0 1 0 0 1 0 1 0 0 0 1 0 1 1 0 1 1 0 1 0 1 1 0 0 1 1 0 0 1 1 1 1 1 1 1 1 1 1 1 1 1 1 0 1 0 28
0 0 0 0 1 0 1 0 0 0 0 1 1 0 0 0 1 0 1 0 0 1 1 1 1 1 0 1 0 0 0 1 1 1 1 1 1 1 0 0 0 1 0 0 1 1 1 0 1 0 24
0 0 0 0 1 0 1 1 0 1 0 1 1 0 0 1 1 0 1 0 1 1 0 1 0 0 0 0 0 0 0 1 0 0 1 1 1 1 1 1 0 1 1 1 1 1 1 1 0 0 26
0 0 0 0 1 0 1 0 0 1 0 1 0 0 1 0 1 1 1 0 0 0 1 1 1 0 0 1 0 0 1 1 1 1 1 0 1 1 0 0 0 1 0 1 1 1 1 1 1 0 26
0 1 0 0 0 0 1 0 0 1 0 1 1 1 0 1 1 0 1 0 1 1 1 0 0 1 0 0 0 0 0 1 1 1 1 1 1 1 1 0 0 1 0 1 1 1 0 0 0 0 25
0 0 0 0 0 1 1 0 0 1 0 1 1 0 0 1 1 0 1 1 0 0 0 1 1 1 1 1 0 1 0 1 1 1 1 1 1 1 0 0 1 1 0 1 1 1 1 1 0 0 29
0 0 0 1 0 0 1 0 1 1 0 1 0 0 1 1 0 0 1 1 0 1 0 1 1 1 0 0 0 0 1 1 1 1 1 1 0 1 0 0 0 1 0 1 1 0 1 1 0 0 25
0 0 0 0 0 0 1 0 0 1 0 1 1 1 1 1 0 0 1 0 1 1 0 1 1 1 0 1 1 0 0 0 0 1 1 0 1 1 0 0 0 1 0 1 1 0 0 0 0 0 22
1 0 0 0 1 0 1 0 0 1 0 1 0 0 0 1 1 1 1 1 0 1 1 0 0 1 1 1 0 0 0 1 1 0 1 1 1 0 1 0 0 1 0 1 1 1 1 0 0 0 26
0 0 0 0 0 0 1 0 0 1 0 1 1 0 1 1 1 0 1 1 1 1 0 1 0 1 0 1 1 0 0 1 1 0 0 1 1 0 0 0 0 1 1 1 1 0 0 1 1 0 25
1 1 1 0 0 0 1 0 0 1 0 1 0 0 0 0 1 1 1 0 1 1 0 0 0 1 0 1 0 1 1 1 1 1 1 1 1 1 0 0 0 1 0 0 1 0 0 0 0 0 24
0 0 1 1 0 0 1 0 1 1 0 1 0 0 1 1 1 1 1 0 1 1 1 1 0 1 0 1 0 0 0 1 1 1 1 1 1 1 0 0 1 1 1 1 1 0 1 0 0 0 30
1 0 1 1 1 0 1 0 0 1 0 1 1 0 1 0 1 1 1 0 0 1 0 0 0 1 0 1 0 0 0 1 1 1 1 1 0 1 0 0 0 1 0 1 1 0 0 0 0 0 24
0 0 0 0 1 0 1 0 1 0 0 1 1 0 1 1 1 0 1 1 0 1 1 1 1 1 0 0 1 1 0 0 1 1 1 1 1 1 0 0 0 1 0 0 1 0 0 0 0 1 26
0 0 0 0 1 0 1 0 0 1 0 1 0 1 0 0 0 1 1 0 1 1 1 0 1 1 0 1 0 0 0 1 1 1 1 1 0 1 1 0 0 1 0 1 1 0 0 0 1 0 24
0 1 0 0 0 0 1 0 0 1 0 1 0 1 0 1 1 0 1 1 0 1 0 0 0 0 0 0 0 1 0 1 1 1 1 0 1 0 1 0 0 1 0 1 1 1 1 0 1 0 23
0 0 0 0 1 0 0 0 0 1 1 1 0 0 1 0 0 0 1 1 0 0 0 1 0 1 0 0 0 0 1 1 1 0 1 1 1 0 1 0 0 1 1 1 1 0 0 0 0 0 20
0 0 1 0 0 0 1 0 0 0 0 1 0 0 0 1 1 0 1 1 0 1 0 0 1 1 0 1 1 0 0 1 1 1 1 0 1 1 0 0 0 1 0 1 1 1 0 0 1 0 23
1 1 0 0 1 0 1 0 0 1 0 1 0 0 0 1 0 0 1 1 1 1 1 0 0 1 0 1 1 0 0 0 1 1 0 1 1 1 1 0 0 1 0 1 1 0 0 1 0 1 26
0 0 0 1 0 0 1 0 0 1 0 1 0 0 0 0 1 1 1 0 0 1 1 0 1 1 0 1 1 1 1 1 0 1 1 0 1 1 0 1 0 1 0 1 1 1 1 1 0 0 27
0 0 0 0 1 0 1 0 0 1 0 1 1 0 0 1 1 0 1 0 1 1 0 1 1 0 1 1 0 0 1 1 1 1 0 1 1 1 0 0 0 1 0 1 1 0 1 1 0 0 26
0 0 1 0 0 0 1 0 0 1 0 1 0 0 0 1 1 1 1 1 1 0 0 1 1 1 0 1 1 0 0 1 1 0 1 1 1 0 0 0 0 1 0 1 1 0 1 1 1 0 26
1 0 1 0 0 0 1 0 1 1 0 1 1 1 1 1 0 0 1 0 1 1 0 0 1 1 0 1 1 0 0 1 1 1 0 1 1 1 0 1 0 1 1 1 0 0 1 0 0 0 28
0 1 0 0 0 0 0 0 0 1 0 1 1 0 1 1 0 0 1 0 0 1 1 0 1 0 0 0 1 0 0 1 0 1 1 1 1 1 1 1 0 1 0 1 1 0 0 1 1 0 24
0 1 0 0 1 0 1 0 0 1 1 1 0 1 0 1 1 0 1 0 1 0 0 0 0 0 1 0 1 0 1 1 1 0 1 0 1 1 0 0 0 1 1 0 0 0 1 1 1 0 24
0 0 0 0 0 0 1 0 0 1 0 1 0 0 0 1 1 0 1 0 0 0 0 0 1 1 0 1 1 1 0 0 1 1 1 0 1 0 0 0 0 1 0 1 1 0 1 0 1 0 20
1 1 0 0 0 0 1 0 0 1 0 1 0 0 1 1 1 1 1 1 1 0 1 1 0 1 1 0 0 0 0 0 1 1 1 1 1 1 1 0 1 1 0 0 1 0 1 1 0 0 28
1 0 0 0 1 0 1 0 0 1 0 1 1 0 0 0 1 0 1 0 1 1 1 0 1 1 0 0 0 0 0 1 0 0 1 1 0 0 1 0 0 1 0 1 1 0 1 0 1 0 22
1 0 0 1 1 0 1 0 0 1 0 1 1 1 0 0 1 0 1 0 0 1 0 0 1 1 1 1 0 0 0 1 1 1 0 1 1 1 1 0 0 1 0 1 1 0 1 1 0 0 27
0 0 0 0 1 0 1 0 0 1 0 1 1 0 0 1 1 0 1 0 1 1 1 1 0 1 1 1 0 0 1 1 0 1 1 1 1 0 0 1 0 1 0 0 1 0 0 1 0 0 25
0 0 0 0 1 0 1 0 0 1 0 1 1 0 0 1 0 0 1 0 0 1 1 0 1 1 0 1 1 0 0 1 1 1 1 1 0 1 0 0 0 1 0 1 1 0 0 1 0 0 23
0 0 0 1 0 0 1 0 0 1 0 1 0 0 0 1 1 0 0 0 0 1 1 1 0 1 0 1 1 0 1 0 1 1 1 1 1 1 1 0 0 1 0 1 1 0 0 1 0 1 25
0 0 0 1 0 0 1 0 0 1 0 1 1 0 0 1 1 0 1 0 0 1 1 1 0 1 0 1 0 0 0 0 1 1 1 1 1 0 1 0 0 1 0 1 1 1 0 0 1 0 24
0 0 0 1 1 0 1 0 0 1 0 1 0 0 0 1 1 1 1 1 1 1 0 1 1 1 0 1 1 0 1 1 1 1 1 0 0 1 0 0 0 1 0 1 1 0 0 0 1 0 27
0 0 0 0 1 0 1 0 1 1 0 1 1 1 1 0 1 1 1 1 0 1 0 0 0 1 0 1 0 0 1 1 0 1 1 1 0 1 0 0 0 1 1 0 1 0 0 1 0 0 25
0 1 0 0 0 0 1 0 0 1 0 1 0 0 0 1 1 1 1 0 1 0 0 0 0 1 0 1 0 0 0 1 1 1 1 1 0 0 0 0 1 1 0 1 0 1 1 1 0 0 22
0 0 0 0 1 0 1 0 0 1 0 1 0 0 1 0 1 0 1 1 0 1 1 0 0 1 1 1 1 1 1 1 1 1 1 1 1 1 1 0 0 1 0 1 1 0 1 1 0 0 29
0 0 0 0 0 0 1 0 0 0 0 1 0 0 0 1 1 0 1 1 0 1 0 1 1 1 1 1 0 1 0 1 1 0 1 1 1 1 0 0 0 1 0 1 1 0 1 1 1 0 25
1 0 0 0 0 0 1 0 0 1 0 1 0 0 1 1 1 0 0 1 0 1 0 0 1 1 0 0 0 0 0 0 0 1 1 1 1 1 0 1 0 1 1 1 1 0 0 1 0 1 23
0 0 0 0 1 0 1 0 0 1 0 1 0 0 0 1 0 1 1 0 0 0 0 1 1 1 0 1 1 0 1 1 0 0 1 1 1 1 0 0 0 1 1 1 1 0 1 0 0 0 23
1 0 1 0 1 0 0 0 0 1 0 1 0 0 0 1 0 1 1 0 0 1 0 0 1 1 1 1 0 0 0 1 1 1 1 1 0 0 0 1 0 1 1 1 1 0 1 0 0 0 24
0 0 0 0 1 0 1 0 0 1 0 1 1 0 0 1 1 0 1 1 1 1 1 1 1 1 0 1 0 0 0 1 0 1 1 1 0 0 0 1 0 1 0 0 1 0 1 1 1 0 26
0 0 0 0 1 0 1 0 0 1 0 1 1 0 0 1 1 0 1 1 0 1 1 1 1 0 0 0 0 0 1 1 1 0 1 1 0 1 1 0 0 0 0 1 1 1 1 1 0 0 25
1 1 0 0 1 0 1 0 0 1 0 1 0 1 0 1 0 0 1 0 0 1 0 0 1 1 1 0 1 0 0 1 0 1 1 1 1 1 0 0 0 0 1 1 1 0 1 0 1 0 25
0 0 0 0 1 1 1 0 0 1 0 1 0 0 0 1 0 1 1 0 0 1 0 0 1 1 0 1 0 1 0 1 0 1 1 1 0 1 0 1 0 1 0 1 1 0 1 1 0 0 24
0 0 0 0 0 0 1 0 0 1 0 0 1 0 0 1 1 0 1 0 1 0 1 0 0 1 0 1 0 0 0 0 1 1 0 1 1 1 0 0 0 1 0 0 0 0 1 0 1 0 18
0 1 0 1 0 0 1 0 1 1 0 1 1 0 1 1 1 0 0 0 0 1 1 0 1 0 1 1 0 1 0 0 1 1 1 1 1 0 1 0 0 1 0 0 1 0 0 0 1 0 25
0 0 0 0 0 0 1 1 0 1 1 1 0 0 0 0 1 0 1 1 0 1 1 1 1 0 0 1 0 0 0 0 1 1 1 1 1 1 0 0 0 1 0 1 1 0 0 0 0 0 22
0 0 1 0 1 0 1 0 0 1 0 1 1 0 0 0 1 0 1 0 0 1 0 1 1 0 1 1 1 0 0 1 1 1 1 1 0 1 0 0 0 1 1 1 1 0 1 1 0 0 26
0 0 0 0 1 0 1 0 0 1 0 1 0 0 0 0 0 1 1 0 1 1 1 0 1 1 0 1 0 1 0 1 0 1 1 1 1 1 0 0 0 1 0 1 1 0 1 0 0 0 23
0 0 0 0 0 0 1 0 0 1 0 1 0 0 1 1 1 0 1 0 1 1 0 0 1 1 0 1 1 0 0 1 1 0 1 1 1 0 0 0 1 1 0 1 1 0 1 0 0 0 23
0 0 0 1 1 0 1 0 0 1 0 1 0 1 0 0 1 0 1 0 1 1 1 0 1 1 0 0 0 0 1 1 0 1 1 1 0 1 0 0 0 1 0 1 1 0 0 0 1 0 23
0 0 0 0 1 0 1 0 0 1 0 1 0 0 0 1 1 1 1 0 0 1 1 0 1 0 1 1 0 1 0 1 1 1 1 1 0 1 1 0 0 1 0 1 1 0 0 0 1 1 26
0 0 0 1 0 0 1 0 0 1 0 1 1 1 0 0 1 0 1 0 1 1 1 0 1 1 1 1 0 1 0 1 1 1 1 0 0 1 1 0 0 0 0 1 1 0 1 0 0 0 25
1 1 1 0 1 0 1 0 0 1 0 1 0 0 0 0 1 1 1 0 0 1 0 1 1 1 1 0 0 0 0 1 1 1 1 1 0 0 0 0 0 0 0 1 1 0 0 0 0 0 22
0 0 0 0 0 0 1 0 0 1 1 1 1 0 0 1 1 1 1 1 1 1 1 0 1 1 1 1 0 0 1 1 1 1 1 0 1 0 0 0 1 1 0 1 1 1 0 0 0 0 28
1 0 0 0 0 0 1 0 0 1 0 1 0 0 0 0 1 0 1 1 1 1 1 0 1 1 0 0 0 0 0 1 1 1 1 1 1 0 0 1 0 1 1 1 1 0 0 1 0 0 24
0 0 0 0 0 0 1 0 0 1 0 1 1 1 0 1 1 0 1 1 1 1 0 1 0 1 0 1 1 0 0 1 1 1 1 1 1 0 0 0 0 0 1 1 1 0 1 0 1 0 26
1 0 1 0 1 1 1 0 0 1 0 1 1 0 1 0 1 0 1 0 0 1 0 0 0 1 1 0 0 0 1 1 1 1 1 0 0 1 0 0 1 1 1 1 1 0 0 0 0 0 25
0 0 0 0 0 0 1 0 1 1 0 1 1 0 1 1 1 1 1 0 1 1 1 1 1 1 0 1 0 0 0 1 1 0 1 1 0 1 0 1 0 0 0 1 1 0 1 1 1 0 28
0 0 0 0 0 0 1 0 0 0 0 1 0 0 1 0 0 0 1 0 0 1 0 1 1 0 0 1 1 1 0 0 1 1 1 1 1 1 1 0 0 1 0 1 1 0 0 1 1 0 22
0 0 0 1 1 0 1 0 0 1 0 1 1 1 1 1 0 0 1 0 1 1 0 0 0 1 1 1 0 0 0 1 1 1 1 1 1 1 1 0 1 1 0 1 1 0 1 0 0 0 28
0 1 0 0 0 0 1 0 0 1 0 1 1 1 0 0 1 0 1 0 0 1 0 1 1 1 0 1 0 0 0 1 1 1 0 1 1 1 0 0 1 0 0 1 1 0 0 0 1 0 23
0 0 0 1 0 0 0 0 0 1 0 1 1 1 0 1 1 0 1 0 0 1 1 0 0 1 1 0 0 1 1 0 1 1 0 1 1 1 0 0 1 1 1 1 1 1 1 0 0 0 26
1 0 0 1 0 1 0 0 0 1 0 1 1 0 0 1 1 0 1 0 1 1 1 1 0 1 0 0 0 0 1 1 1 0 0 1 1 0 0 0 0 1 0 1 1 0 1 0 0 0 23
24 18 18 25 50 8 89 2 15 92 8 98 47 26 33 69 75 34 95 32 48 84 51 44 60 77 35 70 33 23 31 80 76 81 84 84 69 74 36 20 17 91 25 88 95 22 59 41 38 6 2500
