0 0 0 0 0 0 0 0 0 0 0 0 0 0 0 0 0 0 0 0 0 1 0 0 0 0 0 0 0 0 0 0 0 0 0 0 0 0 0 0 0 0 0 0 0 0 0 0 0 0 1
0 0 0 0 0 0 0 0 0 0 0 0 0 0 0 0 0 0 0 0 0 0 0 0 0 0 0 0 0 0 0 0 0 0 0 0 0 1 0 0 0 0 0 0 0 0 0 0 0 0 1
0 0 0 0 0 0 0 0 0 0 0 1 0 0 0 0 0 0 0 0 0 0 0 0 0 0 0 0 0 0 0 0 0 0 0 0 0 0 0 0 0 0 0 0 0 0 0 0 0 0 1
0 0 0 0 0 0 0 0 0 0 0 0 0 1 0 0 0 0 0 0 0 0 0 0 0 0 0 0 0 0 0 0 0 0 0 0 0 0 0 0 0 0 0 0 0 0 0 0 0 0 1
0 0 0 0 0 0 0 0 0 0 0 0 0 0 0 0 0 0 0 0 0 0 0 0 0 0 0 0 0 0 0 0 1 0 0 0 0 0 0 0 0 0 0 0 0 0 0 0 0 0 1
0 0 0 0 0 0 0 0 0 1 0 0 0 0 0 0 0 0 0 0 0 0 0 0 0 0 0 0 0 0 0 0 0 0 0 0 0 0 0 0 0 0 0 0 0 0 0 0 0 0 1
0 0 0 0 0 0 0 0 0 0 0 0 0 0 0 0 0 0 0 1 0 0 0 0 0 0 0 0 0 0 0 0 0 0 0 0 0 0 0 0 0 0 0 0 0 0 0 0 0 0 1
0 0 0 0 0 0 0 0 0 0 0 0 0 0 0 1 0 0 0 0 0 0 0 0 0 0 0 0 0 0 0 0 0 0 0 0 0 0 0 0 0 0 0 0 0 0 0 0 0 0 1
0 0 0 0 0 0 0 0 0 0 0 0 0 0 0 0 0 0 0 0 0 0 0 0 0 0 0 0 0 0 0 0 0 0 0 1 0 0 0 0 0 0 0 0 0 0 0 0 0 0 1
0 0 0 0 0 0 0 0 0 0 0 0 0 0 0 0 0 0 0 0 0 0 0 0 0 0 0 0 0 1 0 0 0 0 0 0 0 0 0 0 0 0 0 0 0 0 0 0 0 0 1
0 0 0 0 0 0 0 0 0 0 0 0 0 0 0 0 0 0 0 0 0 0 0 0 0 0 0 0 0 0 0 0 0 0 0 0 0 0 0 0 1 0 0 0 0 0 0 0 0 0 1
0 0 0 0 0 0 0 0 0 0 0 0 0 0 0 0 0 0 0 0 0 0 0 0 0 0 0 0 0 0 0 0 0 0 1 0 0 0 0 0 0 0 0 0 0 0 0 0 0 0 1
0 0 0 0 0 0 0 0 0 0 0 0 1 0 0 0 1 0 0 0 1 0 0 0 0 0 0 0 0 0 0 0 0 0 0 0 0 1 1 0 0 0 0 0 1 0 0 0 0 0 6
0 1 0 0 0 0 0 0 0 0 0 0 1 1 0 0 1 0 0 0 0 1 0 1 0 0 0 0 1 0 0 0 0 0 0 0 0 0 0 0 0 0 1 1 1 1 0 0 0 0 11
0 0 0 0 0 0 0 1 0 0 0 0 1 1 0 0 0 0 0 1 0 0 0 1 0 1 1 0 1 0 0 0 0 1 1 1 0 1 0 0 0 0 0 0 0 1 0 0 0 1 14
0 0 0 0 1 0 0 1 0 0 0 0 1 0 1 1 1 0 0 1 1 0 0 1 0 1 0 0 1 0 1 0 0 1 1 1 1 0 1 0 1 0 1 1 0 0 0 0 1 0 21
0 0 0 0 1 0 0 0 0 0 0 0 0 1 0 1 0 0 0 0 1 1 1 1 1 0 1 0 1 0 0 0 1 0 0 1 0 1 0 1 0 0 0 0 1 0 0 0 1 1 17
0 0 1 1 1 0 0 1 1 0 0 0 0 0 1 0 1 0 0 0 1 1 0 1 1 1 0 0 0 0 0 0 0 0 0 1 0 1 0 1 0 0 1 1 1 1 0 1 0 1 21
0 0 0 0 0 0 0 1 0 0 0 1 0 0 1 0 0 0 0 0 0 0 1 0 1 0 0 0 0 0 1 0 1 1 1 1 1 0 1 1 1 0 0 1 0 1 0 0 0 1 17
0 0 0 1 0 1 0 0 0 0 0 1 1 1 1 0 1 0 0 1 0 1 1 1 1 1 0 1 0 0 0 1 0 0 0 0 0 1 0 1 1 1 1 0 0 1 0 0 0 1 22
0 1 1 1 1 0 0 1 1 0 0 0 1 1 0 1 0 1 1 0 0 0 1 1 1 0 1 1 1 0 0 0 0 0 0 0 0 0 1 0 1 0 0 0 0 1 0 0 0 0 20
0 1 1 0 1 0 0 1 1 0 1 0 1 0 1 0 0 1 0 0 1 1 0 0 0 1 1 0 0 0 1 1 0 0 0 1 1 0 1 1 1 0 0 1 0 0 0 1 1 1 24
0 0 1 1 0 0 0 0 0 1 0 0 0 1 1 1 1 0 0 0 0 1 1 1 1 0 0 0 1 0 0 0 1 0 0 1 1 0 1 1 1 0 0 1 0 1 0 0 0 0 20
0 1 1 0 0 0 1 1 0 1 0 0 0 0 0 1 0 1 0 1 1 0 0 0 1 1 0 0 0 0 0 0 0 1 1 0 0 0 0 0 1 0 0 0 1 0 0 0 1 1 17
0 0 0 0 0 0 1 0 1 1 0 0 0 0 1 0 0 0 0 0 0 0 0 0 1 1 1 0 0 0 1 0 0 1 1 0 1 1 0 0 0 1 1 0 0 0 0 0 1 1 16
0 0 0 1 1 1 1 1 1 1 1 0 1 1 1 0 1 0 0 0 1 0 0 0 1 0 0 1 0 1 1 1 1 1 1 0 0 1 0 0 0 0 0 1 0 0 0 0 0 1 24
1 0 1 0 0 0 1 0 1 1 0 0 0 1 0 0 0 1 0 0 1 1 0 1 0 0 1 0 1 0 1 1 1 1 0 0 1 0 1 0 1 0 0 0 1 1 0 1 1 1 24
1 1 1 1 1 1 1 1 0 1 0 0 0 1 0 1 0 0 0 0 1 1 0 1 0 1 1 0 0 0 1 0 1 1 0 1 0 0 0 0 0 1 1 1 0 1 1 1 1 1 28
0 1 1 0 1 0 0 0 1 0 0 0 0 1 1 0 1 0 0 1 1 1 1 1 1 0 0 1 1 0 1 0 1 1 1 0 1 1 0 1 1 1 0 1 0 0 1 1 1 0 28
1 0 1 1 0 0 0 1 1 1 0 1 0 0 1 1 1 1 1 1 0 0 1 0 0 0 1 0 0 1 0 0 0 0 1 1 0 1 1 1 0 0 0 1 1 0 0 0 1 1 25
1 1 1 1 0 1 0 0 1 1 0 0 0 1 1 1 0 1 0 1 0 0 1 1 1 0 0 1 0 1 0 0 0 0 1 1 0 0 1 1 1 1 0 1 0 1 1 0 0 1 27
0 1 0 1 1 1 1 0 0 1 1 1 0 1 0 0 1 0 1 0 0 1 1 1 0 1 0 0 1 1 0 0 0 1 1 1 0 0 1 1 1 1 1 1 1 0 0 1 0 0 28
0 1 1 0 0 1 0 0 1 0 1 1 1 1 0 0 1 0 0 0 0 0 1 1 0 1 0 1 0 0 1 0 1 0 0 0 1 1 1 1 1 0 1 0 1 1 0 0 1 1 25
1 0 0 1 1 1 1 1 0 1 1 0 0 1 0 1 0 1 1 0 0 0 1 0 1 1 1 0 1 0 1 1 0 0 0 0 0 0 0 1 0 1 0 1 0 0 1 1 1 1 26
1 1 0 1 1 0 1 1 1 0 0 0 1 1 1 1 0 1 0 1 1 1 0 1 0 1 1 1 0 0 1 1 0 0 0 1 1 0 0 1 1 0 0 0 0 1 0 1 0 0 27
1 1 0 1 1 1 0 1 1 1 0 1 0 1 1 0 1 1 0 1 1 1 0 1 1 1 1 1 0 1 1 1 0 1 0 0 0 1 0 0 0 1 1 0 1 0 0 0 0 0 29
0 0 0 0 1 1 0 1 1 1 1 0 0 0 1 0 0 1 1 1 0 0 0 1 0 0 0 1 1 1 1 0 1 0 1 1 1 0 0 1 0 0 0 1 0 0 0 0 1 0 22
0 0 0 0 1 1 0 0 1 0 1 0 0 0 0 1 0 1 0 1 1 0 0 1 0 1 1 1 0 1 0 0 0 1 1 1 1 0 0 1 1 0 1 1 0 1 1 0 1 0 24
1 1 1 1 0 1 1 0 1 0 0 1 0 0 1 1 0 0 1 1 0 0 1 0 1 1 1 1 0 1 1 0 1 1 1 0 1 0 0 1 1 1 0 1 1 1 1 1 0 1 32
0 1 1 0 0 0 1 0 1 1 0 0 0 1 1 0 1 0 1 1 1 0 1 1 0 1 0 1 0 1 1 0 0 1 0 1 1 1 0 1 0 1 0 1 1 0 1 0 0 1 27
0 1 1 0 1 1 0 0 0 1 1 0 1 1 1 1 0 1 1 0 1 0 1 0 0 0 1 1 0 0 1 0 1 1 1 1 0 0 1 0 0 1 1 1 0 1 1 0 1 0 28
1 0 1 0 1 1 0 1 1 0 1 0 0 1 1 1 0 0 1 0 1 0 1 0 0 0 1 1 1 1 0 1 1 1 1 1 1 1 0 1 1 0 0 1 1 0 1 1 1 1 32
1 0 0 0 0 1 1 1 0 1 1 0 1 1 0 1 0 0 0 1 1 1 0 0 0 1 0 0 1 1 1 0 1 0 0 0 0 0 0 0 1 0 1 0 0 0 0 0 0 1 20
1 1 0 1 1 0 1 0 0 1 1 1 1 1 0 0 0 0 1 0 0 1 1 0 0 0 0 0 1 1 1 0 1 0 1 1 0 0 1 0 1 0 1 0 1 1 1 0 0 1 26
1 1 0 1 0 0 0 0 0 1 0 1 1 1 0 1 1 0 1 1 1 0 1 0 0 0 1 0 1 0 0 0 1 0 0 0 1 1 0 0 1 1 0 0 1 0 1 0 1 0 23
1 0 0 1 0 1 0 1 1 0 1 1 0 1 0 0 0 1 1 1 1 0 0 0 0 1 1 0 0 0 1 0 0 1 0 0 0 0 0 1 1 0 0 0 1 1 1 1 1 0 23
0 1 1 0 1 0 1 0 1 1 1 0 1 1 1 1 0 1 1 1 0 0 1 1 0 1 0 0 1 0 1 1 0 1 0 0 0 1 1 1 1 1 1 1 0 0 0 0 1 1 30
0 1 1 0 1 0 0 1 1 1 1 0 1 1 0 0 0 1 0 1 1 0 1 1 0 0 0 1 0 0 0 1 1 0 1 1 0 0 0 0 0 0 0 1 0 1 1 1 1 0 24
0 1 0 0 1 1 0 0 0 0 1 1 0 0 1 0 1 0 0 0 0 0 0 1 1 0 0 0 0 0 1 0 1 0 0 0 1 1 0 1 1 1 0 1 1 1 0 1 1 1 22
1 1 0 0 0 1 1 0 1 0 0 1 0 0 1 1 0 1 1 0 1 1 0 1 1 1 1 0 0 0 0 0 1 0 1 0 0 1 1 1 0 1 1 0 1 1 0 0 1 0 26
0 0 1 1 1 1 0 0 0 1 1 0 0 0 0 0 1 1 0 1 1 0 1 1 0 1 0 1 0 1 1 1 1 0 1 1 1 1 0 0 1 1 1 0 0 1 1 1 0 0 28
0 0 0 1 1 1 0 0 0 0 1 1 0 0 1 1 0 1 0 0 0 0 1 0 0 1 1 1 1 1 0 0 1 1 1 0 0 1 0 0 1 0 0 0 0 1 1 0 1 1 23
1 0 0 1 0 1 0 0 1 1 1 0 0 0 1 1 0 0 0 0 1 0 1 0 1 1 1 1 1 1 1 1 1 1 0 1 1 1 1 0 1 1 0 1 0 0 1 1 1 0 30
1 1 1 0 0 1 0 0 0 0 0 0 0 1 1 0 0 1 0 0 0 1 0 0 0 1 0 1 1 1 1 1 0 0 1 0 0 0 0 0 0 0 1 0 1 0 0 0 1 1 19
1 1 1 1 0 0 0 0 1 1 1 0 1 1 0 1 0 0 0 0 0 0 0 0 0 0 0 1 0 0 1 1 1 0 1 1 1 1 0 1 0 0 0 0 1 0 1 0 1 0 22
0 1 0 1 0 0 0 1 1 0 1 0 1 0 0 1 0 0 0 0 1 1 0 0 1 1 1 1 1 0 1 0 0 1 1 1 0 1 1 0 1 1 1 0 1 0 0 0 0 1 25
1 1 0 1 0 0 1 0 0 0 1 1 0 1 0 0 0 1 0 0 1 1 0 1 1 0 1 0 0 0 0 1 0 0 1 1 1 0 0 0 0 1 0 0 1 1 1 0 1 1 23
0 0 1 0 1 0 0 0 1 1 0 0 1 0 0 1 0 1 1 0 1 1 0 1 0 1 0 1 0 1 1 1 1 0 0 1 0 1 0 1 1 1 1 0 1 1 1 1 0 1 28
0 0 0 1 1 1 0 1 1 0 0 0 0 0 1 1 0 0 1 0 1 0 0 0 0 0 0 0 1 1 1 0 1 0 1 0 1 0 1 0 0 0 0 1 0 0 1 1 0 0 19
1 1 1 1 1 1 0 1 0 0 1 0 1 1 1 1 0 1 1 0 0 1 1 0 1 0 1 1 0 1 0 0 0 0 1 1 1 1 0 1 0 1 0 0 1 1 0 1 0 0 29
1 1 0 0 1 0 1 0 0 1 0 1 1 0 0 1 1 1 0 0 1 0 0 1 0 1 0 0 1 1 1 1 1 0 0 0 1 0 0 0 1 1 1 0 1 0 1 0 0 0 24
1 0 1 0 0 1 0 0 1 1 1 0 0 0 1 1 0 0 0 1 0 0 1 0 0 1 1 0 1 0 0 0 0 1 0 1 0 1 0 1 1 1 1 1 0 1 1 0 1 0 24
1 0 0 0 0 1 0 0 0 0 0 1 0 1 0 0 1 0 1 1 1 1 0 0 0 1 0 0 1 1 1 0 1 1 0 0 0 1 0 1 1 0 0 0 1 0 1 1 1 0 22
0 0 1 0 0 1 1 0 1 1 0 1 0 0 0 0 0 0 1 1 1 0 1 1 1 0 1 1 0 0 0 0 1 1 1 0 1 1 0 1 1 0 0 1 1 1 0 0 0 0 24
0 0 1 0 0 1 0 1 0 0 1 1 0 0 0 1 0 1 1 0 1 0 1 0 0 1 0 0 1 0 0 0 0 1 0 0 0 1 0 0 0 1 0 1 0 0 0 0 0 1 17
0 0 0 0 1 1 0 0 1 0 0 1 1 0 1 0 0 1 1 1 1 1 1 0 1 1 0 1 1 1 1 0 1 1 0 0 0 0 1 0 1 1 0 1 0 0 0 0 1 1 26
0 0 1 1 1 1 0 0 1 1 1 1 0 0 0 0 1 1 0 0 1 1 0 0 1 0 1 0 0 0 0 0 1 0 1 0 0 1 1 0 1 0 1 0 1 0 1 0 0 0 22
1 1 0 0 1 0 0 0 1 1 1 1 0 0 0 1 0 1 0 0 1 1 1 1 1 1 0 0 0 0 1 1 0 0 1 0 1 0 0 0 0 1 0 1 0 0 0 0 0 0 21
1 1 1 1 0 1 0 0 1 1 0 0 0 1 1 0 0 0 1 1 0 0 1 0 1 1 1 1 1 1 1 1 0 0 1 1 0 0 1 1 0 0 1 1 0 1 1 0 1 1 30
0 1 0 0 0 1 1 1 0 0 0 0 0 1 0 0 1 1 0 1 0 0 1 1 0 1 0 1 1 0 1 0 1 0 0 1 1 1 1 0 1 1 1 1 0 0 1 0 1 0 25
0 1 0 0 0 0 0 1 1 0 0 0 1 1 0 1 0 0 1 1 0 0 0 1 1 0 0 0 1 1 0 0 0 1 1 1 1 0 1 1 1 0 0 0 0 0 0 0 1 0 20
1 0 1 1 0 0 0 0 0 0 0 0 0 1 0 0 0 1 0 0 1 0 1 0 1 1 1 1 1 1 1 1 1 0 1 1 0 1 0 1 0 1 1 0 0 0 1 1 0 1 25
1 1 1 1 1 0 1 1 0 0 0 0 1 1 0 0 0 1 1 0 1 0 1 1 0 0 0 0 1 1 1 0 1 1 0 0 1 0 0 0 0 0 1 0 0 0 1 0 0 0 22
0 1 1 1 0 0 1 1 0 0 0 1 1 1 0 1 0 0 0 0 0 0 1 1 1 1 0 0 1 0 0 1 0 0 0 1 1 0 0 1 1 0 1 0 1 0 1 0 0 0 22
0 1 0 1 1 0 1 1 1 1 0 0 1 1 1 0 0 0 0 1 0 1 1 0 1 0 1 0 0 1 0 1 0 1 0 0 1 1 1 0 1 1 1 0 1 0 0 0 1 0 26
0 1 1 0 1 0 1 0 0 0 0 1 1 0 1 1 0 1 0 1 1 1 0 0 1 1 1 0 1 1 1 0 0 1 0 1 1 1 0 0 1 0 1 1 0 1 0 0 1 1 28
0 0 0 0 0 1 0 1 0 1 1 1 1 1 0 1 0 0 0 1 1 1 1 0 0 0 0 1 1 0 1 1 1 0 0 0 0 1 0 0 0 0 1 1 0 0 1 1 0 1 23
1 1 0 0 1 0 1 1 0 1 0 1 0 1 0 0 0 1 0 1 0 1 1 1 1 1 0 1 1 0 0 0 0 0 0 0 0 1 1 1 1 0 0 1 0 1 0 0 0 1 24
1 1 1 0 1 0 0 0 0 1 1 1 1 0 0 0 1 1 1 0 1 0 1 0 1 0 0 0 0 0 1 1 1 0 0 1 0 1 1 0 0 0 0 1 1 0 0 1 0 1 24
1 0 1 0 1 0 0 1 0 0 1 0 0 0 1 1 1 0 0 0 1 1 0 0 0 0 0 0 0 0 1 0 0 0 1 0 0 1 1 0 0 0 0 0 1 0 1 0 0 0 16
1 1 1 1 1 0 0 1 0 1 1 0 0 0 1 0 0 1 1 1 0 0 0 1 1 1 1 1 0 1 1 1 1 1 1 1 1 0 1 1 1 1 1 1 0 1 0 1 0 1 34
1 1 0 0 1 1 0 1 0 1 1 0 0 0 0 1 0 1 0 0 1 1 0 0 1 1 0 1 0 0 1 1 1 0 1 0 1 0 1 1 0 0 1 1 0 0 1 1 0 0 25
0 1 0 0 1 1 0 0 1 1 1 0 1 0 1 1 1 0 1 1 0 0 1 0 0 1 1 1 0 0 0 1 0 0 1 0 1 0 1 0 0 1 1 0 1 1 1 1 0 0 26
0 1 1 1 1 0 1 0 0 1 1 0 1 0 1 1 1 1 1 0 0 0 0 0 0 0 1 1 0 1 1 1 0 1 0 0 0 0 1 1 0 0 0 0 1 1 0 0 0 0 23
1 1 0 0 1 0 0 1 1 0 0 1 1 1 0 1 1 1 1 0 1 0 0 0 1 1 1 1 1 0 0 1 1 1 0 0 0 1 0 1 1 1 1 0 1 1 0 1 0 1 30
1 0 0 1 0 1 1 1 0 0 0 0 1 0 1 1 1 1 1 1 1 1 0 1 0 1 0 0 1 1 0 1 1 0 0 1 0 0 0 1 0 0 1 0 0 1 0 1 0 1 26
0 0 1 0 0 1 1 1 1 0 0 0 0 1 0 0 0 0 1 1 0 0 1 0 1 0 1 1 0 1 1 0 0 0 1 1 1 1 1 0 1 0 0 1 0 0 0 1 1 1 24
1 0 0 1 1 1 1 0 1 1 1 0 1 0 1 1 1 0 1 0 1 0 0 0 1 1 0 1 1 0 1 1 0 1 0 1 0 0 1 1 0 1 1 0 1 1 0 0 0 1 29
0 0 1 0 0 1 0 0 0 0 1 1 0 1 1 1 1 1 0 1 1 1 0 0 1 1 1 1 1 0 1 0 0 0 0 0 0 1 1 1 1 1 1 0 0 1 1 0 0 1 27
1 1 1 0 0 0 0 1 1 0 1 1 1 1 0 1 1 1 0 0 0 0 1 0 1 0 0 1 0 0 1 0 0 1 1 1 1 1 0 1 1 0 1 0 0 1 0 0 1 0 26
0 1 0 1 1 1 1 1 1 0 0 0 1 0 0 1 1 0 1 0 0 1 0 1 0 0 1 0 0 0 0 0 1 1 0 1 0 0 0 1 1 0 1 1 1 0 1 1 1 1 26
0 0 0 1 0 0 0 0 1 1 0 0 0 1 0 0 1 1 1 1 0 0 1 1 0 1 1 0 1 1 1 0 1 0 1 1 1 1 1 0 0 0 1 0 0 0 0 1 1 0 24
1 1 0 1 1 0 0 1 1 0 0 0 1 0 1 1 1 0 0 0 0 1 0 1 1 1 1 1 1 1 1 1 0 1 0 1 0 1 0 0 0 1 0 0 0 1 0 1 0 1 27
0 0 0 0 1 0 1 0 1 0 1 1 1 1 0 1 1 1 0 1 0 0 1 0 0 1 0 1 0 1 0 1 0 0 0 1 1 1 0 0 0 0 1 1 1 1 1 0 0 1 25
0 0 1 0 0 0 1 1 0 0 1 1 1 0 1 0 1 1 0 0 0 0 0 1 0 1 1 1 0 0 0 0 0 1 0 0 0 0 0 0 1 1 1 0 1 0 1 1 1 0 21
0 0 1 0 1 1 1 0 0 0 1 0 1 1 0 0 0 0 0 1 0 0 1 0 0 1 1 1 0 0 1 0 0 0 0 0 1 1 0 1 1 0 1 1 0 0 0 1 1 1 22
0 1 0 1 0 0 0 1 1 1 0 1 0 1 1 1 1 0 0 0 0 0 0 0 0 1 1 0 1 1 0 1 1 1 1 0 1 0 0 0 1 0 0 1 1 0 1 1 1 1 26
1 0 0 1 0 0 0 1 1 0 1 0 1 0 1 1 0 1 0 0 0 1 1 0 1 1 0 1 0 1 0 1 0 1 1 1 0 0 0 0 1 1 1 1 0 1 0 1 1 0 26
0 0 1 0 0 1 1 1 0 1 0 1 0 1 0 1 0 0 1 1 0 1 0 0 1 0 0 0 1 0 0 0 0 0 0 1 0 1 0 1 1 1 0 0 1 0 1 0 0 1 21
0 0 1 1 1 1 0 1 1 0 0 0 0 1 0 0 0 1 0 0 1 0 1 1 1 1 1 1 0 1 0 1 1 0 0 1 0 0 1 0 0 0 0 1 1 0 0 0 0 1 23
1 1 1 1 0 0 1 1 0 0 1 1 0 1 1 0 1 0 0 1 0 0 1 1 0 0 0 0 0 0 1 0 1 0 0 0 1 1 1 0 0 1 1 1 1 0 1 0 1 0 25
1 0 1 0 0 0 1 1 1 1 1 0 1 1 0 1 0 0 0 1 1 0 0 1 0 1 1 0 0 0 1 1 0 1 1 1 1 0 0 0 0 0 1 0 1 0 0 0 0 1 24
0 0 0 1 1 1 1 1 0 1 1 1 0 0 0 0 1 1 1 0 0 1 1 0 1 0 1 1 0 1 0 1 0 1 0 1 1 0 0 1 0 0 0 1 0 0 1 1 0 0 25
0 0 1 1 0 1 1 1 1 1 1 1 0 1 0 0 0 1 0 1 0 1 0 0 0 0 0 1 0 0 0 1 0 1 1 1 0 1 1 0 0 0 1 0 0 0 1 1 0 0 23
1 0 0 1 0 1 1 0 0 0 1 0 0 1 0 0 0 0 1 1 1 1 1 1 1 0 1 1 1 0 1 0 0 0 1 1 0 0 1 0 1 0 0 1 1 1 0 0 1 0 25
1 1 1 0 1 0 1 1 1 1 1 0 0 1 1 0 0 1 0 0 1 0 0 0 1 0 1 0 1 0 1 0 1 1 0 0 0 0 0 1 1 0 0 0 0 1 1 1 0 0 24
1 0 0 1 0 0 1 0 1 0 1 0 1 1 0 0 0 0 1 1 0 0 0 0 0 1 0 0 1 1 0 1 1 1 1 1 0 1 1 0 0 0 0 1 1 1 1 1 1 0 25
0 0 1 0 0 1 1 1 1 1 0 0 1 0 0 1 0 1 1 1 0 1 0 1 0 1 0 0 1 1 1 0 0 0 0 0 0 0 1 0 0 0 1 0 0 0 1 1 1 0 22
0 1 0 0 0 0 0 1 1 0 1 0 0 0 0 1 0 0 0 1 0 1 0 0 0 0 1 1 0 1 1 1 0 0 1 1 1 1 1 1 0 1 1 0 1 0 1 0 0 0 22
1 1 1 1 1 0 0 0 1 0 1 0 0 1 0 0 0 1 1 0 0 1 1 0 0 0 1 0 0 0 0 1 1 0 1 0 1 1 1 0 0 0 1 0 1 0 0 0 1 1 23
0 1 1 1 1 0 0 0 0 0 1 0 0 0 1 1 1 0 1 0 1 1 1 0 0 0 0 0 0 0 0 0 0 0 0 0 0 0 0 0 0 0 0 0 0 0 0 0 0 0 12
0 0 0 0 0 0 0 0 0 0 0 0 0 0 0 0 0 0 0 0 0 0 0 0 0 0 0 0 0 0 0 1 0 0 0 0 0 0 0 0 0 0 0 0 0 0 0 0 0 0 1
0 0 0 0 0 0 0 0 0 0 0 0 0 0 0 0 0 0 0 0 0 0 0 0 0 0 0 0 0 1 0 0 0 0 0 0 0 0 0 0 0 0 0 0 0 0 0 0 0 0 1
0 0 0 0 0 0 0 0 0 0 0 0 0 0 0 0 0 0 0 0 0 0 0 0 0 0 0 0 0 0 0 0 0 0 0 0 0 0 0 0 0 1 0 0 0 0 0 0 0 0 1
0 0 0 0 0 0 0 0 0 0 0 0 0 0 0 0 0 0 0 0 0 0 0 0 0 0 0 0 0 0 0 0 0 0 0 0 0 0 0 0 0 0 0 0 0 0 0 0 1 0 1
0 0 0 0 0 0 0 0 0 0 0 0 0 0 0 0 0 0 0 0 0 0 0 0 0 0 0 0 0 1 0 0 0 0 0 0 0 0 0 0 0 0 0 0 0 0 0 0 0 0 1
0 0 1 0 0 0 0 0 0 0 0 0 0 0 0 0 0 0 0 0 0 0 0 0 0 0 0 0 0 0 0 0 0 0 0 0 0 0 0 0 0 0 0 0 0 0 0 0 0 0 1
0 0 0 0 0 0 0 0 0 0 0 0 0 0 0 0 0 0 0 0 0 0 0 0 0 0 0 0 1 0 0 0 0 0 0 0 0 0 0 0 0 0 0 0 0 0 0 0 0 0 1
0 0 0 0 0 1 0 0 0 0 0 0 0 0 0 0 0 0 0 0 0 0 0 0 0 0 0 0 0 0 0 0 0 0 0 0 0 0 0 0 0 0 0 0 0 0 0 0 0 0 1
0 0 0 0 0 0 0 0 0 0 0 0 0 0 0 0 0 0 0 0 0 0 0 0 0 0 0 0 0 0 0 0 0 0 0 0 0 0 0 0 0 0 0 0 0 1 0 0 0 0 1
0 0 0 0 0 0 0 0 0 0 0 0 0 0 0 0 0 0 0 0 0 0 0 0 0 0 0 0 0 0 0 0 0 0 1 0 0 0 0 0 0 0 0 0 0 0 0 0 0 0 1
0 0 0 0 0 0 0 1 0 0 0 0 0 0 0 0 0 0 0 0 0 0 0 0 0 0 0 0 0 0 0 0 0 0 0 0 0 0 0 1 0 0 0 0 0 0 0 0 0 0 2
0 0 0 0 0 0 0 0 1 0 0 0 0 0 0 0 0 0 0 0 0 0 0 0 0 0 0 0 0 0 0 0 0 0 0 0 0 0 0 0 0 0 0 0 0 0 0 0 0 0 1
0 0 0 0 0 0 0 0 0 0 0 0 0 0 0 0 0 0 0 0 0 0 0 0 0 0 0 0 0 0 0 0 0 0 0 0 0 0 0 0 0 0 0 0 0 0 1 0 0 0 1
0 0 0 0 0 0 0 0 0 0 0 0 0 0 0 0 0 0 0 0 0 0 0 0 0 0 0 0 0 0 0 1 0 0 0 0 0 0 0 0 0 0 0 0 0 0 0 0 0 0 1
0 0 0 0 0 0 0 0 0 0 0 0 0 0 0 0 0 0 0 0 0 0 0 0 0 0 0 0 0 0 0 0 0 0 0 0 0 0 0 0 0 0 0 0 0 0 0 0 1 0 1
0 0 0 0 0 0 0 0 0 0 0 0 0 0 0 0 0 0 0 0 0 0 0 0 0 0 0 0 0 0 0 0 0 0 0 0 0 0 0 0 0 1 0 0 0 0 0 0 0 0 1
0 0 0 0 0 0 0 1 0 0 0 0 0 0 0 0 0 0 0 0 0 0 0 0 0 0 0 0 0 0 0 0 0 0 0 0 0 0 0 0 0 0 0 0 0 0 0 0 0 0 1
0 0 0 0 0 0 0 0 0 0 0 0 0 0 0 0 0 0 0 0 0 0 0 0 0 0 0 0 0 0 0 0 0 0 0 1 0 0 0 0 0 0 0 0 0 0 0 0 0 0 1
0 0 0 0 0 0 0 0 0 0 0 0 0 0 0 0 0 0 0 0 0 0 0 0 0 0 0 0 0 0 0 0 0 0 0 0 0 0 0 0 0 0 0 0 0 0 0 1 0 0 1
0 0 0 0 0 0 0 0 0 0 0 0 0 0 0 0 0 1 0 0 0 0 0 0 0 0 0 0 0 0 0 0 0 0 0 0 0 0 0 0 0 0 0 0 0 0 0 0 0 0 1
1 0 0 0 0 0 0 0 0 0 0 0 0 0 0 0 0 0 0 0 0 0 0 0 0 0 0 0 0 0 0 0 0 0 0 0 0 0 0 0 0 0 0 0 0 0 0 0 0 0 1
0 0 0 0 0 0 0 0 0 0 0 0 0 0 0 0 0 0 0 0 0 0 0 0 0 0 0 0 0 0 0 0 0 0 0 0 0 0 0 1 0 0 0 0 0 0 0 0 0 0 1
0 0 0 0 0 0 0 0 0 0 0 0 0 0 0 0 0 0 0 0 0 0 0 0 0 0 0 0 0 0 0 0 0 0 1 0 0 0 0 0 0 0 0 0 0 0 0 0 0 0 1
0 0 0 0 0 0 0 0 0 0 0 0 0 0 0 0 0 0 0 0 0 0 1 0 0 0 0 0 0 0 0 0 0 0 0 0 0 0 0 0 0 0 0 0 0 0 0 0 0 0 1
0 0 0 0 0 1 0 0 0 0 0 0 0 0 0 0 0 0 0 0 0 0 0 0 0 0 0 0 0 0 0 0 0 0 0 0 0 0 0 0 0 0 0 0 0 0 0 0 0 0 1
0 0 0 0 0 0 0 0 0 0 0 0 0 0 0 0 0 0 0 0 0 0 0 0 0 0 0 0 0 0 0 0 0 0 0 1 0 0 0 0 0 0 0 0 0 0 0 0 0 0 1
0 0 0 0 0 0 0 0 0 0 0 0 0 0 0 0 0 0 0 0 0 0 0 0 0 1 0 0 0 0 0 0 0 0 0 0 0 0 0 0 0 0 0 0 0 0 0 0 0 0 1
0 0 0 0 0 0 0 0 0 0 0 0 0 0 0 0 0 0 0 0 0 0 0 1 0 0 0 0 0 0 0 0 0 0 0 0 0 0 0 0 0 0 0 0 0 0 0 0 0 0 1
0 0 0 0 0 0 0 0 0 0 0 0 0 0 0 0 0 0 0 0 0 0 0 0 0 0 0 0 1 0 0 0 0 0 0 0 0 0 0 0 0 0 0 0 0 0 0 0 0 0 1
0 0 0 0 0 0 0 0 0 0 0 0 0 0 0 0 0 0 0 0 0 0 0 0 0 0 0 0 0 0 0 0 0 0 0 0 0 0 0 0 0 0 0 0 0 0 0 0 1 0 1
0 0 0 0 0 0 0 0 0 0 0 0 0 0 0 0 0 0 0 0 0 0 0 0 0 0 0 0 0 0 0 0 0 0 0 0 0 0 0 0 0 0 0 0 0 0 0 0 1 0 1
0 0 0 0 0 0 0 0 0 0 0 0 0 0 0 0 0 0 0 0 0 0 0 0 0 0 0 0 0 0 0 0 0 0 0 0 0 0 0 0 0 0 0 0 0 0 0 0 1 0 1
0 0 0 0 0 0 0 0 0 0 0 0 0 0 0 0 0 0 0 0 0 0 0 0 0 0 0 0 0 0 0 0 0 0 0 0 0 0 0 0 0 0 0 1 0 0 0 0 0 0 1
0 0 0 0 0 0 0 0 0 0 0 1 0 0 0 0 0 0 0 0 0 0 0 0 0 0 0 0 0 0 0 0 0 0 0 0 0 0 0 0 0 0 0 0 0 0 0 0 0 0 1
0 0 0 0 0 0 0 0 0 0 0 0 0 0 0 0 0 0 0 0 0 0 0 0 0 0 0 0 0 0 0 0 0 0 0 0 0 0 0 0 0 0 0 0 0 0 1 0 0 0 1
0 0 0 0 0 0 0 0 0 0 0 0 0 0 0 0 0 0 0 0 0 0 0 0 0 0 0 0 0 0 0 0 0 0 0 0 0 0 0 0 0 0 0 0 0 0 0 0 0 1 1
0 0 0 0 0 0 0 0 0 0 0 0 0 0 0 0 0 0 0 0 0 1 0 0 0 0 0 0 0 0 0 0 0 0 0 0 0 0 0 0 0 0 0 0 0 0 0 0 0 0 1
1 0 0 0 0 0 0 0 0 0 0 0 0 0 0 0 0 0 0 0 0 0 0 0 0 0 0 0 0 0 0 0 0 0 0 0 0 0 0 0 0 0 0 0 0 0 0 0 0 0 1
0 0 0 0 0 0 0 0 0 0 1 0 0 0 0 0 0 0 0 0 0 0 0 0 0 0 0 0 0 0 0 0 0 0 0 0 0 0 0 0 0 0 0 0 0 0 0 0 0 0 1
0 0 0 0 0 0 0 0 0 0 0 0 1 0 0 0 0 0 0 0 0 0 0 0 0 0 0 0 0 0 0 0 0 0 0 0 0 0 0 0 0 0 0 0 0 0 0 0 0 0 1
0 0 0 0 0 0 0 0 0 0 0 0 0 0 0 0 0 0 0 0 0 1 0 0 0 0 0 0 0 0 0 0 0 0 0 0 0 0 0 0 0 0 0 0 0 0 0 0 0 0 1
0 0 0 0 0 0 0 0 0 0 0 0 0 0 0 0 0 0 0 0 0 0 0 0 0 0 0 1 0 0 0 0 0 0 0 0 0 0 0 0 0 0 0 0 0 0 0 0 0 0 1
0 0 1 0 0 0 0 0 0 0 0 0 0 0 0 0 0 0 0 0 0 0 0 0 0 0 0 0 0 0 0 0 0 0 0 0 0 0 0 0 0 0 0 0 0 0 0 0 0 0 1
0 0 0 0 0 0 0 0 1 0 0 0 0 0 0 0 0 0 0 0 0 0 0 0 0 0 0 0 0 0 0 0 0 0 0 0 0 0 0 0 0 0 0 0 0 0 0 0 0 0 1
0 0 0 0 0 0 0 0 0 0 0 0 0 0 1 0 0 0 0 0 0 0 0 0 0 0 0 0 0 0 0 0 0 0 0 0 0 0 0 0 0 0 0 0 0 0 0 0 0 0 1
0 0 0 0 0 0 0 0 0 0 0 1 0 0 0 0 0 0 0 0 0 0 0 0 0 0 0 0 0 0 0 0 0 0 0 0 0 0 0 0 0 0 0 0 0 0 0 0 0 0 1
0 0 0 0 0 1 0 0 0 0 0 0 0 0 0 0 0 0 0 0 0 0 0 0 0 0 0 0 0 0 0 0 0 0 0 0 0 0 0 0 0 0 0 0 0 0 0 0 0 0 1
0 0 0 0 0 0 0 0 0 0 0 0 0 0 0 0 0 0 0 0 0 0 0 0 0 0 0 0 0 0 0 0 0 0 0 0 0 0 0 0 0 0 0 0 0 0 0 1 0 0 1
0 0 0 0 0 0 0 0 0 0 0 0 0 0 0 0 0 0 0 0 0 0 1 0 0 0 0 0 0 0 0 0 0 0 0 0 0 0 0 0 0 0 0 0 0 0 0 0 0 0 1
0 0 0 0 0 0 0 0 1 0 0 0 0 0 0 0 0 0 0 0 0 0 0 0 0 0 0 0 0 0 0 0 0 0 0 0 0 0 0 0 0 0 0 0 0 0 0 0 0 0 1
0 0 0 0 0 0 0 0 0 0 0 0 0 0 0 0 1 0 0 0 0 0 0 0 0 0 0 0 0 0 0 0 0 0 0 0 0 0 0 0 0 0 0 0 0 0 0 0 0 0 1
0 0 0 0 0 1 0 0 0 0 0 0 0 0 0 0 0 0 0 0 0 0 0 0 0 0 0 0 0 0 0 0 0 0 0 0 0 0 0 0 0 0 0 0 0 0 0 0 0 0 1
0 0 0 0 0 0 0 0 0 0 0 0 0 0 0 0 0 0 0 0 0 0 0 0 0 0 0 0 0 0 0 0 0 0 0 0 0 0 1 0 0 0 0 0 0 0 0 0 0 0 1
0 0 0 0 0 0 0 0 0 0 0 0 0 0 0 0 0 0 0 0 0 0 0 0 0 0 0 1 0 0 0 0 0 0 0 0 0 0 0 0 0 0 0 0 0 0 0 0 0 0 1
0 0 0 0 0 0 0 0 0 0 0 0 0 0 0 0 0 0 0 0 0 0 0 0 0 0 0 0 0 0 0 0 0 0 0 0 0 0 0 0 0 0 0 0 0 0 1 0 0 0 1
0 0 0 0 0 0 0 0 1 0 0 0 0 0 0 0 0 0 0 0 0 0 0 0 0 0 0 0 0 0 0 0 0 0 0 0 0 0 0 0 0 0 0 0 0 0 0 0 0 0 1
0 0 0 0 0 0 0 0 0 0 0 0 0 0 0 0 0 0 0 0 0 0 0 0 0 0 1 0 0 0 0 0 0 0 0 0 0 0 0 0 0 0 0 0 0 0 0 0 0 0 1
0 0 0 0 0 0 0 0 0 0 0 0 0 0 0 0 0 0 1 0 0 0 0 0 0 0 0 0 0 0 0 0 0 0 0 0 0 0 0 0 0 0 0 0 0 0 0 0 0 0 1
0 0 0 0 0 0 0 0 0 0 1 0 0 0 0 0 0 0 0 0 0 0 0 0 0 0 0 0 0 0 0 0 0 0 0 0 0 0 0 0 0 0 0 0 0 0 0 0 0 0 1
0 0 0 0 0 0 0 0 0 0 0 0 0 0 0 0 0 0 0 0 0 0 1 0 0 0 0 0 0 0 0 0 0 0 0 0 0 0 0 0 0 0 0 0 0 0 0 0 0 0 1
0 0 0 0 0 0 0 0 0 0 0 0 0 0 0 0 0 0 0 0 0 1 0 0 0 0 0 0 0 0 0 0 0 0 0 0 0 0 0 0 0 0 0 0 0 0 0 0 0 0 1
0 0 0 0 0 0 0 0 0 0 0 0 0 0 0 0 0 0 0 0 0 0 0 0 0 0 0 0 0 0 0 0 0 0 0 0 0 0 0 0 0 1 0 0 0 0 0 0 0 0 1
0 0 0 0 0 0 0 0 0 0 0 0 0 0 1 0 0 0 0 0 0 0 0 0 0 0 0 0 0 0 0 0 0 0 0 0 0 0 0 0 0 0 0 0 0 0 0 0 0 0 1
0 0 0 0 0 0 0 0 0 0 0 0 0 0 0 0 0 0 0 0 0 1 0 0 0 0 0 0 0 0 0 0 0 0 0 0 0 0 0 0 0 0 0 0 0 0 0 0 0 0 1
0 0 0 0 0 0 0 0 0 0 0 0 0 0 0 0 0 0 0 0 0 0 0 0 0 0 0 0 0 1 0 0 0 0 0 0 0 0 0 0 0 0 0 0 0 0 0 0 0 0 1
0 0 0 0 0 0 1 0 0 0 0 0 0 0 0 0 0 0 0 0 0 0 0 0 0 0 0 0 0 0 0 0 0 0 0 0 0 0 0 0 0 0 0 0 0 0 0 0 0 0 1
0 0 0 0 0 0 1 0 0 0 0 0 0 0 0 0 0 0 0 0 0 0 0 0 0 0 0 0 0 0 0 0 0 0 0 0 0 0 0 0 0 0 0 0 0 0 0 0 0 0 1
0 0 0 0 0 0 0 0 1 0 0 0 0 0 0 0 0 0 0 0 0 0 0 0 0 0 0 0 0 0 0 0 0 0 0 0 0 0 0 0 0 0 0 0 0 0 0 0 0 0 1
0 0 0 0 0 0 0 0 0 0 0 0 0 0 0 0 0 0 0 0 0 0 0 0 0 0 0 0 0 0 1 0 0 0 0 0 0 0 0 0 0 0 0 0 0 0 0 0 0 0 1
0 0 0 0 0 0 0 0 0 0 0 0 0 0 0 0 0 0 0 0 0 0 0 0 1 0 0 0 0 0 0 0 0 0 0 0 0 0 0 0 0 0 0 0 0 0 0 0 0 0 1
0 0 0 1 0 0 0 0 0 0 0 0 0 0 0 0 0 0 0 0 0 0 0 0 0 0 0 0 0 0 0 0 0 0 0 0 0 0 0 0 0 0 0 0 0 0 0 0 0 0 1
0 0 1 0 0 0 0 0 0 0 0 0 0 0 0 0 0 0 0 0 0 0 0 0 0 0 0 0 0 0 0 0 0 0 0 0 0 0 0 0 0 0 0 0 0 0 0 0 0 0 1
0 0 0 0 0 0 0 0 0 0 0 0 0 0 0 0 0 0 0 1 0 0 0 0 0 0 0 0 0 0 0 0 0 0 0 0 0 0 0 0 0 0 0 0 0 0 0 0 0 0 1
0 0 0 0 0 0 0 0 0 0 0 0 0 0 0 0 0 0 0 0 1 0 0 0 0 0 0 0 0 0 0 0 0 0 0 0 0 0 0 0 0 0 0 0 0 0 0 0 0 0 1
0 0 0 0 0 0 0 0 0 0 0 0 0 0 0 0 0 0 0 0 0 0 0 0 0 0 0 0 0 0 0 0 0 0 0 0 0 0 0 0 0 0 0 0 0 0 0 1 0 0 1
0 0 0 0 0 0 0 0 0 0 0 0 0 0 0 0 1 0 0 0 0 0 0 0 0 0 0 0 0 0 0 0 0 0 0 0 0 0 0 0 0 0 0 0 0 0 0 0 0 0 1
0 0 0 0 0 0 0 0 0 0 0 0 0 0 0 0 0 0 0 0 0 0 0 0 0 0 0 1 0 0 0 0 0 0 0 0 0 0 0 0 0 0 0 0 0 0 0 0 0 0 1
0 0 0 0 0 0 0 0 0 0 0 0 0 0 0 0 0 0 0 0 0 0 0 0 0 0 0 0 0 0 0 0 0 0 0 0 0 0 0 0 0 0 0 0 0 0 1 0 0 0 1
0 0 0 0 0 1 0 0 0 0 0 0 0 0 0 0 0 0 0 0 0 0 0 0 0 0 0 0 0 0 0 0 0 0 0 0 0 0 0 0 0 0 0 0 0 0 0 0 0 0 1
0 0 0 0 0 0 0 0 0 0 1 0 0 0 0 0 0 0 0 0 0 0 0 0 0 0 0 0 0 0 0 0 0 0 0 0 0 0 0 0 0 0 0 0 0 0 0 0 0 0 1
0 0 0 0 1 0 0 0 0 0 0 0 0 0 0 0 0 0 0 0 0 0 0 0 0 0 0 0 0 0 0 0 0 0 0 0 0 0 0 0 0 0 0 0 0 0 0 0 0 0 1
0 0 0 0 0 0 0 0 0 0 0 0 0 0 0 0 0 0 0 0 0 0 0 0 0 0 0 0 0 0 0 0 0 0 1 0 0 0 0 0 0 0 0 0 0 0 0 0 0 0 1
0 0 0 0 0 0 0 0 0 0 0 0 0 0 0 0 0 0 0 0 0 0 0 0 1 0 0 0 0 0 0 0 0 0 0 0 0 0 0 0 0 0 0 0 0 0 0 0 0 0 1
0 0 0 1 0 0 0 0 0 0 0 0 0 0 0 0 0 0 0 0 0 0 0 0 0 0 0 0 0 0 0 0 0 0 0 0 0 0 0 0 0 0 0 0 0 0 0 0 0 0 1
0 0 0 0 0 0 0 0 0 0 0 0 0 0 0 0 0 0 0 0 0 0 0 0 0 0 0 0 0 1 0 0 0 0 0 0 0 0 0 0 0 0 0 0 0 0 0 0 0 0 1
0 0 0 0 0 0 0 0 0 0 0 0 0 0 0 0 0 0 0 0 0 0 0 0 0 0 0 0 0 0 0 0 0 0 0 0 0 0 0 0 0 0 0 0 0 0 0 0 1 0 1
0 0 0 0 0 0 0 0 0 0 0 0 0 0 0 0 0 0 0 0 0 0 1 0 0 0 0 0 0 0 0 0 0 0 0 0 0 0 0 0 0 0 0 0 0 0 0 0 0 0 1
0 0 0 0 1 0 0 0 0 0 0 0 0 0 0 0 0 0 0 0 0 0 0 0 0 0 0 0 0 0 0 0 0 0 0 0 0 0 0 0 0 0 0 0 0 0 0 0 0 0 1
0 0 0 0 0 0 0 0 0 0 0 0 0 0 0 0 0 0 0 0 0 0 0 0 0 0 0 0 0 0 0 0 0 0 0 0 0 0 0 0 0 0 0 0 0 0 1 0 0 0 1
0 0 0 0 0 0 0 0 0 0 0 0 0 0 0 0 0 0 0 0 0 0 0 0 0 0 0 0 0 0 0 0 0 0 0 0 0 0 0 0 0 0 0 0 0 0 1 0 0 0 1
0 0 0 0 0 0 0 0 0 0 0 0 0 0 0 0 0 0 0 0 0 0 0 0 0 0 0 0 0 0 0 0 0 0 0 0 0 0 0 0 0 0 0 0 0 0 1 0 0 0 1
0 0 0 0 0 0 0 0 0 0 0 0 0 0 0 0 0 0 0 0 0 0 0 0 0 0 0 0 0 0 0 0 0 0 0 0 0 0 1 0 0 0 0 0 0 0 0 0 0 0 1
0 0 0 0 0 0 0 0 0 0 0 0 0 0 0 0 0 0 0 0 0 0 0 0 0 1 0 0 0 0 0 0 0 0 0 0 0 0 0 0 0 0 0 0 0 0 0 0 0 0 1
0 0 0 0 0 1 0 0 0 0 0 0 0 0 0 0 0 0 0 0 0 0 0 0 0 0 0 0 0 0 0 0 0 0 0 0 0 0 0 0 0 0 0 0 0 0 0 0 0 0 1
0 0 0 0 0 0 0 0 0 0 0 0 0 0 0 0 0 0 0 0 0 0 0 1 0 0 0 0 0 0 0 0 0 0 0 0 0 0 0 0 0 0 0 0 0 0 0 0 0 0 1
0 0 0 0 0 0 0 0 0 0 0 0 0 0 0 0 0 0 0 0 0 0 0 0 0 0 0 0 0 0 0 0 0 0 1 0 0 0 0 0 0 0 0 0 0 0 0 0 0 0 1
0 0 0 0 0 0 0 0 0 0 0 0 0 0 0 0 0 0 0 0 0 0 0 0 0 0 0 0 0 0 0 0 0 0 0 0 0 0 0 0 0 1 0 0 0 0 0 0 0 0 1
0 0 0 0 0 0 0 0 0 0 0 1 0 0 0 0 0 0 0 0 0 0 0 0 0 0 0 0 0 0 0 0 0 0 0 0 0 0 0 0 0 0 0 0 0 0 0 0 0 0 1
0 0 0 0 0 0 0 0 0 0 0 0 0 0 0 0 0 0 0 0 0 0 0 1 0 0 0 0 0 0 0 0 0 0 0 0 0 0 0 0 0 0 0 0 0 0 0 0 0 0 1
0 0 0 0 0 0 0 0 0 0 0 0 0 0 0 0 0 0 0 0 0 0 0 0 0 0 0 0 0 0 0 0 0 0 1 0 0 0 0 0 0 0 0 0 0 0 0 0 0 0 1
0 0 0 0 0 0 0 0 0 0 0 0 0 0 0 0 0 0 0 0 0 0 0 0 0 0 0 0 0 0 0 0 0 0 0 0 0 0 0 0 0 0 1 0 0 0 0 0 0 0 1
0 0 0 0 0 0 0 0 0 0 0 0 0 0 0 0 0 0 0 0 0 0 0 0 0 0 0 0 1 0 0 0 0 0 0 0 0 0 0 0 0 0 0 0 0 0 0 0 0 0 1
0 0 0 0 0 0 0 0 0 0 0 0 0 0 0 0 0 0 0 0 0 0 0 0 0 0 0 0 0 1 0 0 0 0 0 0 0 0 0 0 0 0 0 0 0 0 0 0 0 0 1
0 1 0 0 0 0 0 0 0 0 0 0 0 0 0 0 0 0 0 0 0 0 0 0 0 0 0 0 0 0 0 0 0 0 0 0 0 0 0 0 0 0 0 0 0 0 0 0 0 0 1
0 0 0 0 0 0 0 0 0 0 0 0 0 0 0 0 0 0 0 0 0 0 0 0 0 0 0 0 0 0 0 1 0 0 0 0 0 0 0 0 0 0 0 0 0 0 0 0 0 0 1
0 0 0 0 0 0 0 0 0 0 0 0 0 0 0 0 0 0 0 0 0 0 0 0 0 0 0 0 0 0 0 0 0 0 0 0 0 0 0 0 0 0 0 0 1 0 0 0 0 0 1
0 0 0 0 0 0 0 0 0 0 0 0 0 0 0 0 1 0 0 0 0 0 0 0 0 0 0 0 0 0 0 0 0 0 0 0 0 0 0 0 0 0 0 0 0 0 0 0 0 0 1
0 0 0 0 0 0 0 0 0 0 0 0 0 0 0 0 0 0 0 0 0 0 0 0 0 0 1 0 0 0 0 0 0 0 0 0 0 0 0 0 0 0 0 0 0 0 0 0 0 0 1
0 0 0 0 0 0 0 0 0 0 0 0 0 0 0 0 0 0 0 1 0 0 0 0 0 0 0 0 0 0 0 0 0 0 0 0 0 0 0 0 0 0 0 0 0 0 0 0 0 0 1
0 0 0 0 0 0 0 0 0 0 0 0 0 0 0 0 0 0 0 0 0 0 0 0 0 0 0 0 0 1 0 0 0 0 0 0 0 0 0 0 0 0 0 0 0 0 0 0 0 0 1
0 0 0 0 0 0 0 0 0 0 0 0 0 0 0 0 0 0 0 0 0 0 0 0 0 0 0 0 0 0 0 0 0 0 0 0 0 0 0 1 0 0 0 0 0 0 0 0 0 0 1
0 0 0 0 0 0 0 0 0 0 0 0 0 0 0 0 0 0 0 0 0 0 0 0 0 0 0 0 0 0 0 0 0 0 0 0 0 0 0 0 0 0 1 0 0 0 0 0 0 0 1
0 0 0 0 0 0 0 1 0 0 0 0 0 0 0 0 0 0 0 0 0 0 0 0 0 0 0 0 0 0 0 0 0 0 0 0 0 0 0 0 0 0 0 0 0 0 0 0 0 0 1
0 0 0 0 0 0 0 0 0 0 0 0 0 0 0 0 0 0 0 0 0 0 0 0 0 0 0 0 0 0 0 0 0 1 0 0 0 0 0 0 0 0 0 0 0 0 0 0 0 0 1
0 0 0 0 0 0 0 0 0 0 0 0 0 0 0 0 0 1 0 0 0 0 0 0 0 0 0 0 0 0 0 0 0 0 0 0 0 0 0 0 0 0 0 0 0 0 0 0 0 0 1
0 0 0 0 1 0 0 0 0 0 0 0 0 0 0 0 0 0 0 0 0 0 0 0 0 0 0 0 0 0 0 0 0 0 0 0 0 0 0 0 0 0 0 0 0 0 0 0 0 0 1
0 0 0 0 0 0 0 0 0 0 0 0 0 0 0 0 0 0 0 0 0 0 0 0 0 0 0 0 0 1 0 0 0 0 0 0 0 0 0 0 0 0 0 0 0 0 0 0 0 0 1
0 0 0 0 0 0 0 0 0 0 0 0 0 0 0 0 0 0 0 0 0 0 0 0 0 0 0 0 0 0 0 0 0 0 0 0 0 0 0 0 0 0 0 0 0 0 0 0 0 1 1
0 0 0 0 0 0 0 0 0 0 0 0 0 0 0 0 0 0 0 0 0 0 0 0 0 0 0 1 0 0 0 0 0 0 0 0 0 0 0 0 0 0 0 0 0 0 0 0 0 0 1
0 0 0 0 0 0 0 0 0 0 0 0 0 1 0 0 0 0 0 0 0 0 0 0 0 0 0 0 0 0 0 0 0 0 0 0 0 0 0 0 0 0 0 0 0 0 0 0 0 0 1
0 0 0 0 0 0 0 0 0 0 0 0 0 0 0 0 0 0 0 0 0 0 0 0 0 0 0 0 0 0 0 0 0 0 0 0 0 0 0 0 0 0 0 0 0 1 0 0 0 0 1
0 0 1 0 0 0 0 0 0 0 0 0 0 0 0 0 0 0 0 0 0 0 0 0 0 0 0 0 0 0 0 0 0 0 0 0 0 0 0 0 0 0 0 0 0 0 0 0 0 0 1
0 0 0 0 0 0 0 0 0 0 0 0 0 0 0 0 0 0 0 0 0 0 0 0 0 0 0 0 0 0 0 0 0 0 0 0 0 0 0 0 0 0 0 0 0 0 0 0 0 1 1
0 0 0 0 0 0 1 0 0 0 0 0 0 0 0 0 0 0 0 0 0 0 0 0 0 0 0 0 0 0 0 0 0 0 0 0 0 0 0 0 0 0 0 0 0 0 0 0 0 0 1
0 0 0 0 0 0 0 0 0 0 0 0 0 0 0 0 0 0 0 0 0 0 0 0 0 0 0 0 0 0 0 0 1 0 0 0 0 0 0 0 0 0 0 0 0 0 0 0 0 0 1
0 0 0 0 0 0 0 0 0 1 0 0 0 0 0 0 0 0 0 0 0 0 0 0 0 0 0 0 0 0 0 0 0 0 0 0 0 0 0 0 0 0 0 0 0 0 0 0 0 0 1
0 0 0 0 0 0 0 0 0 0 0 0 0 0 0 0 0 0 0 0 0 0 0 0 0 0 0 0 0 0 0 1 0 0 0 0 0 0 0 0 0 0 0 0 0 0 0 0 0 0 1
0 0 0 0 0 1 0 0 0 0 0 0 0 0 0 0 0 0 0 0 0 0 0 0 0 0 0 0 0 0 0 0 0 0 0 0 0 0 0 0 0 0 0 0 0 0 0 0 0 0 1
0 0 0 0 0 0 0 0 0 0 0 0 0 0 0 0 0 0 0 0 0 0 0 0 0 0 0 0 0 0 0 0 0 0 0 0 0 0 0 0 0 0 0 0 0 0 0 0 0 1 1
0 0 0 0 0 0 1 0 0 0 0 0 0 0 0 0 0 0 0 0 0 0 0 0 0 0 0 0 0 0 0 0 0 0 0 0 0 0 0 0 0 0 0 0 0 0 0 0 0 0 1
0 0 0 0 0 0 0 0 0 0 1 0 0 0 0 0 0 0 0 0 0 0 0 0 0 0 0 0 0 0 0 0 0 0 0 0 0 0 0 0 0 0 0 0 0 0 0 0 0 0 1
0 0 0 0 0 0 0 0 0 0 0 0 0 0 0 0 0 0 0 0 0 0 0 0 0 0 0 0 0 1 0 0 0 0 0 0 0 0 0 0 0 0 0 0 0 0 0 0 0 0 1
0 0 0 0 0 0 0 0 0 0 0 0 0 0 0 0 0 0 0 0 0 0 0 0 0 0 0 0 0 0 0 0 0 0 0 0 0 0 0 1 0 0 0 0 0 0 0 0 0 0 1
0 0 0 0 0 0 1 0 0 0 0 0 0 0 0 0 0 0 0 0 0 0 0 0 0 0 0 0 0 0 0 0 0 0 0 0 0 0 0 0 0 0 0 0 0 0 0 0 0 0 1
0 0 0 1 0 0 0 0 0 0 0 0 0 0 0 0 0 0 0 0 0 0 0 0 0 0 0 0 0 0 0 0 0 0 0 0 0 0 0 0 0 0 0 0 0 0 0 0 0 0 1
1 0 0 0 0 0 0 0 0 0 0 0 0 0 0 0 0 0 0 0 0 0 0 0 0 0 0 0 0 0 0 0 0 0 0 0 0 0 0 0 0 0 0 0 0 0 0 0 0 0 1
0 0 0 0 0 0 0 0 0 0 0 0 0 0 0 0 0 0 0 0 0 0 0 0 0 0 0 0 0 1 0 0 0 0 0 0 0 0 0 0 0 0 0 0 0 0 0 0 0 0 1
0 0 0 0 0 0 0 0 0 0 0 0 1 0 0 0 0 0 0 0 0 0 0 0 0 0 0 0 0 0 0 0 0 0 0 0 0 0 0 0 0 0 0 0 0 0 0 0 0 0 1
0 0 0 0 0 0 0 0 0 0 0 0 0 0 0 0 0 0 0 0 0 0 0 0 0 0 0 0 0 0 0 0 0 0 0 0 1 0 0 0 0 0 0 0 0 0 0 0 0 0 1
46 51 53 50 53 53 45 53 58 48 54 40 46 58 47 53 41 52 42 49 51 48 54 48 48 58 51 53 50 52 57 46 48 46 53 55 46 52 45 51 53 44 52 49 49 46 53 43 53 54 2500
