1 0 1 1 1 1 0 0 0 1 1 0 1 1 0 1 1 1 1 1 0 0 1 0 1 1 1 0 1 0 0 0 0 0 0 0 0 1 1 1 0 0 1 0 1 1 0 1 0 0 0 0 1 0 1 1 1 0 1 0 1 0 0 1 0 1 0 0 1 0 1 0 0 1 0 1 0 0 0 0 1 0 1 0 0 0 1 1 0 0 0 1 1 0 0 0 0 1 1 1 47
1 0 0 0 1 0 0 1 0 1 0 1 0 1 0 1 1 0 1 1 0 0 1 0 1 0 1 0 0 1 0 0 1 1 1 1 0 1 1 1 0 1 0 0 0 1 0 0 0 0 1 0 1 0 1 1 1 0 0 1 1 0 0 0 1 1 0 0 1 0 1 0 1 1 1 0 0 0 1 0 1 0 1 0 0 1 1 0 0 0 1 0 0 1 0 0 1 1 1 1 48
1 0 0 0 1 1 0 0 0 1 0 0 0 1 1 1 1 0 1 1 0 1 1 1 1 0 1 0 1 1 1 0 1 0 0 1 0 1 1 1 0 0 0 1 0 1 0 0 1 0 1 0 1 0 1 1 0 0 0 1 1 0 0 0 1 1 0 1 1 0 0 1 1 0 1 0 1 0 1 1 1 0 1 0 0 1 1 1 1 1 1 0 0 0 0 1 0 0 1 1 53
0 1 1 1 0 0 0 1 0 1 0 0 0 1 1 1 1 1 1 1 0 1 1 1 1 0 1 0 1 1 0 0 0 0 1 0 0 1 1 0 0 0 0 1 1 1 1 1 0 0 1 0 1 0 1 0 1 0 0 1 1 0 0 0 1 0 0 1 1 0 0 0 1 0 1 1 0 0 0 1 1 0 1 0 0 1 1 1 0 0 1 0 0 0 1 1 1 0 1 1 51
0 0 0 0 0 0 0 1 0 1 0 0 1 1 0 1 1 0 1 1 0 1 1 0 1 1 1 0 0 0 1 0 1 0 0 1 0 1 1 1 1 0 0 1 1 1 0 0 0 0 1 0 1 0 1 0 1 1 0 0 1 0 0 0 1 0 0 1 1 0 0 1 1 0 1 1 1 0 0 1 1 0 1 0 0 1 1 1 1 0 1 0 0 0 1 1 1 1 1 1 51
1 1 0 0 1 1 1 1 0 1 0 1 1 1 1 1 1 1 1 0 0 0 1 0 1 1 1 0 1 1 0 1 1 0 1 1 0 1 1 0 0 0 0 1 1 1 0 1 1 0 0 1 0 0 1 1 1 0 0 0 1 0 0 0 1 1 0 1 1 1 0 0 1 0 1 1 0 1 1 1 1 0 0 0 0 1 1 1 0 1 1 0 1 0 0 1 1 0 1 1 59
0 1 0 0 1 0 0 1 0 1 0 0 0 1 1 1 1 1 1 1 0 0 1 0 1 0 1 0 1 1 0 0 0 0 1 1 0 1 1 0 1 1 0 1 1 1 0 1 0 0 1 0 1 0 1 0 1 0 0 0 1 0 0 1 1 1 0 0 1 1 0 0 0 0 1 1 0 0 0 1 0 0 1 1 0 1 1 1 1 1 0 0 0 0 1 1 1 1 1 1 52
1 0 0 0 1 0 0 1 0 1 0 0 1 0 0 1 1 1 1 1 1 1 0 0 0 0 1 1 0 0 0 0 0 1 1 1 0 1 1 1 1 1 0 1 0 0 0 0 1 0 0 1 1 0 1 0 0 0 0 0 1 0 0 0 1 1 0 0 1 0 1 0 0 0 1 1 1 0 1 0 1 0 1 0 1 1 1 1 0 0 0 0 0 0 0 1 1 1 1 1 47
0 0 0 0 0 0 0 1 0 1 0 0 0 1 1 1 1 0 1 1 0 1 1 0 1 0 1 0 1 0 1 0 1 1 0 1 0 1 1 1 0 0 0 0 0 0 0 1 1 0 0 0 0 0 1 0 0 1 0 1 1 0 0 0 1 1 0 1 1 0 0 1 0 1 1 1 0 0 0 1 1 0 1 1 0 1 1 1 0 1 0 1 0 1 1 1 1 1 1 1 50
0 0 0 1 1 0 0 1 0 1 0 1 1 1 1 1 1 0 1 1 1 0 1 0 1 1 1 0 1 1 0 0 1 1 1 1 0 1 1 1 0 0 1 1 1 0 0 1 0 0 1 1 0 0 1 0 1 0 0 0 1 0 0 0 1 1 1 0 1 0 0 0 0 1 1 1 0 0 0 1 1 0 1 0 0 0 1 1 0 1 0 0 1 0 0 1 0 1 1 1 53
0 1 0 0 1 1 0 1 1 1 0 0 0 1 1 1 1 0 0 0 0 1 1 0 1 1 1 0 1 0 1 0 1 0 0 1 0 1 1 1 0 0 1 0 0 0 0 1 1 0 1 0 1 0 1 1 1 0 0 1 1 0 0 1 1 0 0 0 1 0 0 1 0 0 1 1 0 0 0 1 1 0 1 0 0 1 1 1 1 0 1 1 1 0 0 1 0 1 1 1 52
1 0 0 0 1 0 0 0 0 1 0 0 0 0 0 1 1 0 1 1 0 1 1 0 0 1 1 1 1 1 1 0 0 0 1 1 1 1 1 0 0 0 0 1 0 0 0 0 0 0 1 0 0 0 1 0 1 0 0 1 1 0 1 0 1 1 0 0 1 0 0 0 0 0 1 1 1 1 0 0 1 1 1 1 1 1 1 1 0 0 0 0 0 0 0 1 0 1 1 1 46
0 0 0 0 1 0 0 0 0 1 1 0 0 1 0 1 1 1 1 1 0 1 1 0 1 0 1 0 1 0 0 1 0 0 0 0 0 1 1 1 0 0 0 1 0 1 0 0 0 0 1 0 1 0 1 0 1 0 0 1 0 0 0 0 1 1 0 1 1 0 0 0 0 1 1 1 1 0 0 0 1 0 1 1 0 0 1 0 1 1 1 0 0 0 1 1 1 0 1 1 45
1 0 0 1 0 0 0 1 0 1 0 1 1 1 1 1 1 1 1 1 1 1 0 0 1 0 1 0 1 0 0 0 1 1 1 1 0 1 1 1 1 0 0 1 0 1 0 1 1 0 0 0 1 0 1 0 1 1 1 1 1 0 0 0 1 1 0 0 1 0 1 0 1 1 1 1 0 1 1 0 1 0 0 0 0 1 1 1 1 0 1 0 0 1 1 0 1 1 1 1 59
1 0 0 0 1 0 0 0 0 1 0 0 0 1 0 1 1 0 1 1 0 0 1 0 1 1 1 1 1 1 0 0 1 0 0 1 0 1 1 0 0 0 0 1 1 1 0 1 1 1 1 0 1 0 1 1 1 0 0 0 0 0 0 0 1 1 0 0 1 0 1 1 0 1 1 1 0 0 0 0 1 1 1 1 0 1 1 1 0 1 1 0 0 0 1 0 0 1 0 0 49
1 0 0 0 1 1 0 1 0 1 0 0 0 1 1 1 1 0 1 0 0 1 1 0 1 0 0 0 1 0 1 1 1 1 0 1 0 1 1 0 1 0 0 0 0 0 0 0 0 1 1 0 1 0 1 0 1 0 0 0 0 0 0 0 0 1 0 0 1 0 1 0 1 0 1 1 1 0 0 0 1 0 1 1 0 0 1 1 0 1 0 0 1 1 1 0 1 1 1 1 47
0 1 0 1 1 0 0 1 0 1 1 0 0 0 1 0 1 1 1 1 0 1 0 0 1 0 1 0 1 1 1 0 1 0 0 0 1 1 1 1 1 1 0 1 1 0 0 1 0 0 1 0 1 0 1 1 1 0 0 1 0 0 0 0 1 1 0 1 1 0 1 0 0 0 0 1 0 0 0 0 1 0 0 0 0 0 1 1 0 1 1 0 1 0 0 0 1 0 1 1 48
0 0 1 0 1 0 0 1 0 1 0 0 0 0 1 1 1 0 1 1 0 0 1 0 0 1 1 0 1 1 1 0 1 1 0 1 0 1 1 1 1 0 0 0 0 1 1 1 0 1 0 0 1 0 1 1 1 1 0 0 0 0 0 0 1 0 0 1 1 1 1 0 0 1 1 1 1 0 1 0 1 0 1 1 1 1 1 1 0 1 0 0 0 0 0 1 0 1 1 1 53
0 0 0 0 1 0 0 0 0 1 0 0 1 1 1 1 0 0 1 1 0 0 1 0 0 0 1 0 1 1 0 0 1 1 1 1 0 1 0 1 0 0 0 1 1 1 0 0 1 0 1 0 1 0 1 1 0 0 0 1 1 0 0 0 1 1 0 1 1 1 0 0 0 0 1 1 1 1 0 0 0 0 1 0 0 1 1 1 0 1 0 0 0 1 0 1 0 0 1 1 46
1 0 1 0 1 1 0 1 0 1 0 0 1 0 0 1 0 0 1 1 0 0 1 0 1 0 1 0 0 0 0 0 1 0 1 1 1 1 1 1 0 0 1 1 1 1 0 0 1 0 1 0 1 0 1 0 1 0 0 0 1 0 0 0 1 1 0 1 1 0 0 1 0 1 1 1 0 0 0 1 0 1 1 1 0 1 1 1 0 0 0 0 0 0 1 1 0 1 1 1 50
0 1 0 0 1 0 0 1 0 0 0 0 0 1 0 1 1 0 1 1 1 1 1 0 1 0 1 0 1 0 0 0 1 1 1 0 0 1 0 1 0 1 0 1 1 0 0 0 0 0 0 0 1 0 1 1 0 1 0 1 1 0 1 0 1 1 0 0 1 0 1 1 0 0 0 1 1 1 0 1 1 0 1 0 0 0 1 1 1 0 0 0 0 1 0 1 1 1 1 1 49
0 0 0 1 1 1 0 1 0 1 0 0 0 1 0 1 1 0 1 1 1 0 1 0 0 0 1 0 0 0 1 1 0 0 1 0 1 1 1 1 1 0 0 1 1 1 0 1 1 0 1 1 0 0 1 0 1 1 0 1 1 0 0 0 1 1 0 0 1 0 0 0 1 0 1 1 0 0 0 1 0 0 1 0 0 1 1 1 0 1 1 0 0 0 0 1 0 1 1 1 50
1 0 0 1 1 0 0 1 0 1 1 0 1 1 0 1 1 1 1 0 0 1 1 0 1 0 1 0 1 0 0 0 1 0 1 0 0 1 1 1 0 0 0 1 1 1 0 0 1 0 0 0 1 0 1 0 1 1 0 0 1 0 0 0 1 1 0 0 1 0 0 0 0 0 1 1 1 0 1 1 0 0 0 0 1 1 1 1 0 0 1 0 1 0 0 0 1 1 1 1 49
0 0 0 0 0 0 0 1 0 1 0 0 0 1 1 1 1 1 1 1 0 1 1 0 1 1 1 0 1 0 1 0 1 0 1 1 0 1 1 1 0 0 0 1 0 0 0 0 0 0 1 0 1 0 1 1 1 1 0 0 1 0 0 0 0 1 0 0 1 0 0 0 0 0 1 1 1 0 0 0 1 0 0 0 1 1 1 1 1 0 1 0 0 0 0 1 1 1 1 1 47
1 0 0 0 0 1 1 1 0 1 0 1 1 1 0 1 0 0 1 0 0 1 0 0 1 0 1 0 0 0 0 0 1 0 0 0 0 0 0 1 0 0 0 1 1 1 0 0 1 1 0 0 1 0 1 0 1 1 0 0 0 0 0 0 0 1 1 1 1 1 1 0 0 0 0 1 0 0 0 0 1 0 1 0 0 1 1 1 0 0 1 0 0 0 1 1 1 0 1 1 42
0 0 0 0 1 0 0 0 0 0 0 0 0 1 0 1 1 0 1 1 0 1 1 0 1 0 1 0 1 0 0 0 0 1 1 1 1 1 1 1 0 0 0 1 1 0 0 0 0 0 1 0 1 0 1 0 1 0 1 0 1 0 0 0 0 1 0 1 1 0 0 0 0 0 1 1 0 0 0 1 1 0 0 0 1 0 1 1 0 0 1 0 1 0 0 1 0 1 1 1 42
1 0 0 1 0 0 0 1 0 1 0 0 0 1 0 1 1 0 1 1 0 1 0 0 0 0 1 0 0 1 1 0 1 0 1 1 0 0 1 1 1 0 0 1 0 0 0 0 0 0 1 0 1 1 1 0 1 0 0 0 1 0 0 0 1 0 1 1 1 0 1 0 0 0 1 0 0 0 0 1 1 0 0 0 0 1 1 1 0 0 0 0 0 0 1 1 0 0 1 1 41
0 1 0 1 0 0 0 0 0 1 0 0 1 1 0 1 1 0 1 1 0 0 0 0 1 1 1 0 1 1 1 0 1 0 0 0 0 1 1 1 0 1 0 1 0 1 0 0 1 0 1 0 1 0 1 0 1 0 0 1 1 0 0 0 0 1 0 1 1 0 0 1 0 0 0 1 1 0 0 1 1 0 1 0 0 1 1 1 0 0 0 0 0 1 0 0 0 1 0 1 44
0 1 0 1 1 1 0 1 0 1 0 0 0 1 0 1 1 1 1 1 0 0 1 0 1 0 1 0 1 1 1 1 1 0 1 1 1 1 1 1 1 0 0 0 0 1 0 0 1 0 0 1 1 0 1 0 1 0 1 1 1 0 0 0 1 1 1 0 1 0 0 0 1 0 1 1 1 0 0 0 1 0 0 1 1 1 1 1 0 1 0 0 0 0 0 1 1 1 1 1 56
0 0 0 0 1 1 0 1 0 1 0 0 0 1 0 1 1 0 1 0 0 1 1 0 0 1 1 0 0 0 1 0 1 0 1 1 0 1 0 1 0 1 1 1 1 1 0 0 0 1 1 0 1 1 1 0 1 0 0 0 0 0 0 0 0 1 0 1 1 0 1 1 0 0 1 1 0 1 0 1 1 1 1 0 0 0 1 1 0 1 0 1 0 0 0 0 0 1 1 1 48
0 0 0 1 1 1 0 1 0 1 0 0 1 1 1 1 1 1 1 1 0 1 0 0 1 0 1 0 0 1 1 0 0 1 0 0 0 1 1 0 1 0 0 1 1 1 0 0 0 0 1 0 0 0 1 0 0 1 0 1 1 0 0 0 0 1 0 1 1 0 1 0 1 0 1 1 0 1 0 1 1 1 1 0 0 0 1 1 1 1 0 0 0 0 0 0 0 1 1 1 49
1 0 0 0 1 1 0 1 0 1 0 0 0 1 0 1 1 1 1 1 0 1 1 0 1 0 1 0 1 1 1 0 1 1 1 0 0 1 1 1 1 0 0 0 1 0 0 0 0 1 0 0 0 1 1 1 1 0 0 0 1 1 0 1 0 0 0 0 1 0 1 0 0 0 0 1 0 0 1 0 0 0 0 0 0 1 1 0 0 1 0 0 1 1 0 1 0 0 1 1 46
0 0 0 0 0 0 0 1 0 1 0 0 1 1 1 1 1 0 1 1 0 1 0 0 1 0 1 0 1 1 1 0 1 0 1 1 0 1 1 1 1 0 0 1 0 1 0 0 0 0 0 0 1 0 1 0 1 1 0 1 0 0 0 0 1 1 0 1 1 0 1 1 0 0 1 1 0 0 0 1 1 0 1 1 0 0 1 1 0 1 0 0 1 1 0 1 1 1 0 1 50
1 0 0 0 0 1 0 1 0 1 0 0 1 1 1 1 0 0 1 1 0 1 1 0 1 0 1 0 0 0 1 0 1 0 1 1 0 1 1 0 1 0 0 1 1 0 0 0 1 1 1 0 1 0 1 0 1 1 1 1 1 0 0 0 1 1 0 1 1 1 1 0 1 0 0 1 0 0 0 0 1 1 1 1 0 1 1 1 0 0 1 1 0 1 0 0 0 1 1 1 54
1 0 1 0 0 0 0 1 0 1 0 0 1 1 0 1 1 0 1 0 1 0 1 0 1 0 1 0 1 1 1 0 0 1 0 0 0 1 1 0 0 0 0 1 1 1 0 0 0 0 1 0 0 0 1 0 1 0 0 0 1 0 0 0 1 1 1 0 1 1 0 0 1 0 0 1 0 0 0 1 1 1 1 1 0 1 1 1 1 1 0 0 1 1 1 1 1 1 0 1 50
1 1 0 0 0 0 0 0 0 1 0 1 1 1 1 1 1 0 1 1 0 0 1 0 1 1 1 0 1 0 1 0 1 1 0 0 0 1 1 1 0 1 0 1 1 1 0 0 0 0 1 0 1 0 1 0 1 0 0 1 1 0 0 0 1 1 0 0 1 1 1 1 0 0 1 1 1 1 1 0 1 0 0 0 0 1 1 1 0 1 0 0 0 1 0 1 0 1 1 1 53
1 0 0 0 1 0 0 1 0 1 0 0 1 1 0 1 0 0 1 1 0 0 1 0 1 0 1 0 1 0 1 0 0 0 0 1 0 1 1 0 0 0 1 1 1 0 0 0 0 0 1 0 1 0 1 0 0 0 0 0 1 0 0 0 1 1 0 0 1 1 1 1 1 0 1 1 0 0 1 0 1 0 0 1 0 1 1 1 0 0 1 0 0 0 0 0 0 1 1 1 43
0 0 1 0 1 1 0 0 0 1 0 0 1 1 0 1 1 0 0 1 0 1 1 0 1 0 1 0 0 1 0 0 1 1 1 1 0 1 1 1 1 1 0 1 1 0 0 0 1 0 1 1 1 0 1 0 0 0 0 1 1 0 0 0 1 1 0 1 1 0 1 1 0 1 1 1 0 0 0 1 1 0 1 0 0 1 1 0 1 0 0 0 0 0 1 1 1 1 1 1 53
1 1 0 0 1 0 0 0 0 1 0 0 1 1 0 1 1 0 0 0 0 1 1 0 1 0 1 0 1 0 1 0 1 1 1 0 0 1 1 1 0 0 0 1 1 0 0 0 0 0 1 0 1 0 1 0 0 1 0 1 1 0 1 0 0 1 0 0 1 0 1 0 1 1 1 1 1 1 0 1 1 0 1 0 0 1 1 1 1 1 0 0 1 1 0 1 1 1 1 1 53
0 1 0 0 0 0 0 1 0 1 0 0 0 1 0 1 1 0 1 0 0 0 1 0 1 0 1 0 1 1 1 0 1 1 0 1 0 1 1 1 0 0 0 1 1 1 0 0 0 1 0 0 1 0 1 0 1 0 0 1 1 0 0 1 0 1 0 0 1 1 0 1 1 0 0 1 1 0 0 1 1 1 1 1 0 0 1 1 0 1 1 0 0 0 0 0 0 1 0 1 47
0 0 0 1 0 1 0 1 1 1 1 0 1 1 1 0 1 0 1 0 0 0 1 0 0 0 1 0 1 1 1 0 0 0 0 1 0 1 1 1 1 1 0 1 0 1 0 0 1 0 1 1 1 0 1 0 1 0 0 1 1 0 0 1 1 1 1 0 1 0 0 0 1 1 1 0 0 0 1 0 1 0 0 0 0 1 1 1 0 0 1 0 1 0 0 1 1 1 1 1 52
1 1 0 0 1 1 0 1 0 1 0 0 1 0 1 1 1 1 1 0 0 1 1 0 1 0 1 0 1 0 1 0 1 0 1 1 0 1 1 1 1 1 0 1 1 0 0 0 1 0 0 0 1 0 1 1 1 1 0 1 1 0 0 1 1 1 0 0 1 0 1 1 1 1 1 1 0 1 0 1 1 0 1 0 0 0 1 1 1 0 1 0 1 0 0 0 1 1 1 1 59
1 0 0 1 0 0 0 1 0 1 0 0 0 1 1 1 1 0 1 1 0 0 1 0 1 0 1 0 1 0 0 0 0 0 0 1 0 1 1 1 0 0 0 1 1 0 0 0 0 0 0 1 1 0 1 0 1 0 0 0 1 0 0 0 1 1 0 0 1 1 1 0 0 0 0 1 1 0 0 1 1 0 1 1 0 0 1 1 0 1 1 0 0 0 1 1 1 1 1 1 46
0 0 0 0 1 1 0 1 0 1 0 0 0 1 0 1 1 0 1 1 0 0 1 0 1 0 1 0 1 1 1 0 1 0 1 0 0 1 1 0 0 0 1 1 1 0 0 0 0 1 1 0 1 1 1 0 1 0 0 1 0 0 1 0 1 1 1 0 1 0 1 1 1 0 1 1 0 0 0 1 0 0 1 0 1 1 1 1 0 1 0 0 0 1 1 1 0 1 1 1 52
0 0 0 0 1 0 0 1 0 1 0 1 0 1 0 1 1 1 1 1 0 0 1 0 0 0 1 0 1 0 1 0 1 0 0 1 1 1 1 1 1 0 0 0 0 1 0 0 0 0 1 1 1 0 1 1 0 0 0 0 0 0 0 0 1 1 0 0 1 1 0 0 0 1 1 0 0 0 0 1 1 0 1 0 0 1 1 1 0 0 0 0 1 0 0 0 0 0 1 1 42
1 0 0 0 1 0 0 1 0 1 0 1 0 0 1 1 1 0 1 0 1 1 1 0 0 1 1 0 1 1 0 0 1 1 1 1 0 1 1 0 0 0 0 1 1 1 0 0 1 0 1 0 1 0 1 0 1 1 0 1 1 0 0 0 0 1 0 0 1 1 1 0 0 0 1 1 0 1 0 1 1 0 0 0 0 1 1 1 0 0 1 0 1 0 1 0 0 1 1 0 50
0 1 0 0 1 0 0 0 0 1 1 1 1 1 0 1 0 0 1 1 0 0 1 0 0 1 1 0 1 0 1 0 1 1 0 1 1 1 1 1 0 1 0 1 1 0 0 0 0 1 0 1 0 0 1 1 0 0 0 1 1 0 0 0 1 1 0 1 1 0 0 1 0 0 0 1 1 1 1 0 1 0 1 1 0 1 1 1 0 1 0 0 1 0 1 1 0 1 0 1 52
1 0 0 0 1 1 0 1 0 1 0 0 0 1 0 1 1 0 1 1 0 1 1 0 1 0 1 0 1 0 1 0 1 1 0 0 1 1 1 1 1 0 0 1 0 1 0 1 0 0 0 0 0 0 1 0 0 0 0 0 0 0 0 0 1 1 0 0 1 0 0 0 1 0 1 1 1 0 0 1 1 0 0 1 0 0 1 1 0 1 0 0 1 0 0 1 0 1 1 1 45
0 0 0 1 1 0 0 1 0 1 0 0 1 1 0 1 1 0 1 1 0 1 1 0 0 1 1 0 0 1 1 0 1 1 0 1 0 1 1 1 0 0 0 0 1 1 0 0 1 0 0 0 1 1 1 1 1 0 0 1 1 0 0 0 1 1 1 0 1 0 1 1 0 0 1 1 0 0 0 0 1 0 1 0 0 1 1 1 0 0 1 1 0 0 1 1 1 0 1 1 52
1 0 0 0 0 0 0 1 0 1 0 1 0 1 0 1 1 1 1 0 0 1 0 0 0 0 1 0 1 0 0 0 0 0 0 1 0 1 1 1 0 0 0 1 1 1 0 0 0 1 1 0 1 0 1 0 0 0 0 0 1 0 0 1 1 1 0 0 1 0 1 0 0 0 1 1 0 0 0 1 1 0 1 1 0 1 1 1 0 1 0 0 1 0 0 1 0 0 1 1 43
1 0 0 0 1 1 0 1 0 1 1 0 1 1 0 1 1 0 1 1 0 0 1 1 1 1 1 0 1 1 0 1 1 1 1 0 0 1 1 1 0 0 0 1 0 0 0 0 1 0 0 0 1 0 1 0 0 1 0 0 1 0 0 0 0 1 0 0 1 0 1 0 0 1 1 1 0 0 0 1 1 0 1 1 0 1 1 1 0 1 0 0 1 1 0 1 0 0 0 1 50
1 0 0 0 1 1 0 0 0 1 1 0 0 1 0 1 1 0 0 1 0 0 1 0 1 0 1 0 0 1 1 0 1 0 1 1 0 1 1 1 0 1 1 1 0 1 0 0 1 0 0 1 0 0 1 0 1 0 0 0 1 0 1 0 1 1 0 1 1 1 0 0 0 0 1 1 0 0 0 0 1 0 1 0 0 1 1 1 1 0 0 0 0 0 1 1 1 1 1 1 49
1 0 0 0 0 0 0 1 0 1 0 0 1 1 1 1 1 0 0 1 1 1 0 0 1 0 1 0 0 0 1 0 1 1 1 1 0 1 1 1 0 0 0 1 0 1 0 0 0 1 0 0 1 0 1 0 1 1 0 0 1 0 0 0 1 1 0 1 1 1 1 0 0 0 1 1 1 0 1 0 1 0 0 0 0 1 1 0 0 0 0 0 0 0 0 1 0 1 1 1 46
0 0 0 0 1 0 0 1 0 1 1 0 0 1 0 1 1 0 1 0 0 1 1 0 1 0 1 1 1 1 1 0 1 0 1 0 0 1 1 0 0 0 1 1 1 1 0 0 0 0 0 0 1 0 1 0 1 1 0 1 1 0 0 0 1 1 0 0 1 1 1 1 0 1 1 1 0 0 0 0 1 1 1 0 0 1 1 1 0 0 1 0 0 0 1 0 0 1 1 1 50
0 0 0 1 1 1 0 1 0 1 1 0 0 0 0 1 1 1 1 1 1 1 1 0 1 1 1 0 1 0 1 0 1 0 1 1 0 1 1 0 0 0 1 0 1 1 0 0 1 0 0 0 1 0 1 0 1 1 0 0 1 0 1 0 1 1 0 0 1 1 1 1 0 0 1 1 0 1 0 0 1 0 0 0 1 1 1 1 0 0 1 0 1 0 0 1 1 1 1 1 55
0 0 0 0 1 1 0 1 0 1 1 0 0 0 0 1 1 0 1 1 0 1 1 0 0 1 1 0 1 0 1 0 1 0 0 1 0 1 1 1 0 0 0 1 1 1 0 0 1 1 1 0 1 0 1 0 1 1 0 1 0 0 0 0 1 1 0 0 1 0 1 1 1 1 1 1 0 0 0 0 1 0 1 0 1 0 1 0 0 1 1 0 0 0 0 1 1 1 1 1 51
0 0 1 0 1 0 0 1 0 1 0 0 0 1 0 1 0 0 1 1 0 1 1 0 1 0 1 0 0 0 0 0 1 1 1 1 0 1 1 0 0 0 1 1 0 1 0 0 1 0 1 1 1 0 1 0 1 0 0 0 1 0 0 1 1 1 0 1 1 0 1 1 1 0 1 1 0 0 0 0 1 0 0 0 0 0 1 1 1 1 0 0 0 1 0 1 1 0 1 1 48
1 1 0 0 0 1 0 0 1 1 0 0 1 1 1 1 1 1 1 1 0 0 1 0 1 0 1 0 1 1 1 0 1 1 1 0 0 1 1 1 0 0 0 1 1 1 0 1 0 0 1 0 1 0 1 0 0 1 0 1 1 0 0 1 0 1 0 0 1 1 1 0 0 0 1 1 0 0 0 1 1 0 0 0 1 1 1 1 0 1 1 1 0 0 0 0 1 1 1 1 55
0 0 0 0 1 1 0 1 0 1 0 1 1 1 1 1 0 0 1 0 0 1 1 0 1 0 1 0 1 1 1 0 0 1 0 0 0 1 1 1 0 0 1 0 1 1 0 1 0 0 1 1 1 0 1 1 1 1 1 1 1 0 0 0 1 1 0 0 1 0 0 0 0 0 1 0 1 1 0 0 1 1 0 0 1 1 1 1 0 1 0 0 0 1 1 1 1 0 1 1 54
0 0 0 0 1 1 1 1 0 1 0 0 1 1 0 1 1 1 1 1 0 1 1 0 1 0 1 0 1 1 1 0 1 0 0 1 0 1 1 1 1 0 0 1 1 1 0 0 0 0 0 0 1 0 1 0 1 0 0 0 1 0 0 0 1 1 0 1 1 1 1 0 0 1 1 1 0 0 0 1 1 0 1 1 0 0 1 1 0 0 1 0 0 0 0 1 0 0 1 1 51
1 0 0 0 1 1 0 0 0 1 0 1 0 1 0 1 1 0 1 1 0 1 0 0 0 0 1 1 0 0 1 0 0 1 1 1 0 1 1 1 0 0 1 1 0 1 0 0 1 1 0 1 1 0 1 0 1 1 0 1 0 0 0 0 0 1 0 1 1 1 1 0 0 0 1 1 1 1 0 1 1 0 1 0 1 1 1 0 0 1 1 0 0 0 0 1 0 1 1 1 52
1 1 0 0 1 0 0 1 0 1 0 0 0 1 1 1 1 0 1 1 0 0 0 1 0 1 1 0 0 0 1 0 0 0 0 1 0 1 1 0 1 0 0 1 0 0 0 1 0 0 1 0 1 0 1 1 1 0 0 1 1 0 0 0 1 1 0 1 1 0 1 1 0 0 1 1 0 0 0 1 1 0 0 1 0 1 1 1 0 0 0 0 1 0 0 1 1 1 1 1 48
1 1 0 1 0 1 0 1 0 1 0 0 0 1 1 1 1 0 1 0 0 1 1 0 0 0 1 0 1 1 1 0 0 1 1 1 0 1 1 1 0 0 0 1 1 0 0 0 1 0 1 0 1 0 1 0 1 0 1 1 1 0 0 1 1 1 1 0 1 0 0 0 0 0 0 1 0 0 0 0 1 0 1 0 0 1 1 1 0 0 1 0 1 0 1 0 0 0 1 1 49
0 1 0 1 1 0 0 1 0 1 0 0 1 1 0 1 1 0 1 1 0 1 1 0 1 0 1 0 1 1 1 0 0 1 1 1 1 1 1 0 0 1 1 1 1 1 0 1 0 0 0 0 0 0 1 1 1 1 0 0 1 0 0 0 0 1 0 0 1 0 1 0 0 0 1 1 1 0 0 0 1 0 1 1 1 1 1 1 1 0 0 0 0 0 0 1 0 0 1 1 52
0 0 1 0 1 0 1 1 0 1 0 0 1 1 0 1 1 0 1 0 0 1 1 0 0 0 1 0 0 0 1 0 1 1 0 0 0 1 1 1 1 0 0 0 1 1 0 0 0 1 1 0 0 0 1 0 0 0 0 1 1 0 1 0 1 1 0 0 1 1 1 0 0 0 1 1 1 1 0 1 1 0 1 0 0 0 1 1 0 0 0 0 0 0 0 1 0 0 1 1 45
0 0 0 0 1 1 0 1 0 1 0 1 0 1 1 1 1 0 1 0 0 1 1 0 1 0 1 0 1 1 1 0 1 0 1 1 0 1 1 1 0 0 1 1 1 1 0 0 1 1 1 0 1 0 1 1 1 0 0 0 1 0 0 1 1 1 1 1 1 0 0 0 0 0 1 1 0 1 0 1 0 0 1 1 0 1 1 1 1 1 0 1 0 0 0 1 1 1 1 1 58
0 1 0 1 1 0 0 1 0 1 0 0 1 1 0 1 1 0 1 1 0 0 1 0 1 0 1 0 0 0 0 0 0 0 1 1 1 1 1 1 0 0 0 0 1 0 0 0 1 0 1 1 1 0 1 0 1 1 0 1 1 0 0 0 1 1 0 0 1 1 0 0 0 0 1 1 0 1 0 0 1 1 0 1 0 1 1 1 0 1 0 1 1 0 0 0 1 1 1 1 50
0 0 0 1 0 0 0 1 0 1 1 0 0 1 1 1 1 1 1 1 0 1 1 0 1 0 1 0 0 0 0 0 1 1 1 1 0 0 1 1 1 0 0 1 0 1 0 0 1 0 1 0 1 0 1 0 1 1 0 0 0 0 0 0 1 1 0 1 1 1 1 0 1 1 1 0 0 0 0 0 1 0 0 0 0 0 1 1 0 0 1 0 1 0 0 1 1 1 1 1 49
0 0 0 0 1 1 0 1 0 1 1 1 1 0 1 1 1 1 1 1 0 0 1 0 0 1 1 0 1 1 1 0 1 0 1 0 0 1 1 1 0 1 0 1 1 0 0 1 0 0 1 0 1 0 1 0 1 0 0 1 1 0 0 1 1 1 0 1 1 0 1 0 1 0 0 1 0 0 0 0 1 0 0 0 0 1 1 1 0 0 0 0 0 0 0 1 0 1 1 1 50
1 0 0 0 1 0 0 1 0 1 1 0 0 1 0 1 1 1 1 1 0 0 1 0 1 0 1 0 0 0 0 0 0 0 0 0 0 1 1 1 1 0 0 0 1 1 0 0 0 0 0 0 0 0 1 0 0 0 0 1 1 0 0 0 1 1 0 1 1 1 1 1 0 0 1 1 0 1 0 1 0 1 1 1 0 0 1 1 0 0 0 0 1 0 0 1 1 0 1 1 44
1 0 0 0 1 0 0 0 0 1 0 0 0 1 0 1 1 0 1 1 0 0 1 0 1 0 1 0 1 1 1 0 1 1 1 1 0 1 1 1 0 0 0 0 1 0 0 1 0 0 0 0 1 0 1 0 1 0 0 0 1 0 0 0 0 1 0 1 1 0 1 0 1 1 1 1 0 0 0 1 1 0 0 0 0 0 1 1 0 1 1 0 0 0 0 0 0 1 1 1 44
1 0 0 0 0 0 0 1 0 1 0 0 1 1 0 1 0 0 1 1 0 1 0 0 1 0 1 1 1 0 1 0 1 0 1 1 0 1 1 1 1 0 0 1 0 0 0 0 1 0 0 1 1 0 1 0 1 1 0 0 0 0 0 0 0 1 0 0 1 0 1 1 1 0 1 1 1 0 0 1 1 0 1 0 0 1 1 1 1 0 0 0 0 0 1 1 0 1 1 1 48
0 1 0 1 0 1 0 1 0 1 0 0 0 1 0 1 1 0 1 1 0 0 0 0 1 0 1 1 1 0 1 0 0 0 1 0 0 1 1 1 1 0 0 0 0 0 0 0 0 0 0 0 0 0 1 0 0 0 0 0 1 0 0 0 1 1 0 0 1 1 0 0 0 0 1 1 0 0 0 1 1 0 0 1 0 1 1 1 0 0 0 0 0 1 0 1 0 1 1 1 39
0 0 0 1 0 1 0 1 1 1 1 0 0 0 0 1 1 0 1 1 1 0 1 0 0 0 1 0 1 0 0 0 1 1 0 1 0 1 1 1 0 0 0 1 0 0 0 1 0 0 0 0 1 0 1 1 1 0 0 1 1 0 0 0 1 1 1 1 1 0 0 1 0 0 1 1 0 0 1 0 1 0 1 0 0 1 1 1 1 1 1 1 0 0 0 1 0 0 0 1 48
0 0 1 0 1 0 0 1 0 1 0 0 0 1 0 1 1 1 1 1 1 1 0 0 1 0 1 0 0 0 0 1 1 1 1 0 0 1 1 1 0 0 1 0 1 0 0 0 0 0 1 0 1 0 1 0 0 0 1 0 1 0 0 0 1 1 0 0 1 0 0 0 0 1 1 1 0 1 0 0 1 0 1 0 0 1 1 1 0 1 1 0 1 1 0 1 0 1 1 1 48
1 1 0 0 0 0 0 0 0 1 0 0 0 1 0 0 0 0 1 1 1 0 0 0 1 0 1 0 0 0 0 0 1 0 1 1 0 1 1 1 1 0 0 1 0 0 0 0 1 0 1 0 1 0 1 0 1 0 0 1 1 0 1 0 0 1 0 1 1 0 1 0 1 0 1 1 1 1 0 1 1 1 1 0 0 0 1 1 0 1 1 0 0 0 0 1 0 0 1 1 45
0 0 1 0 1 1 0 1 0 1 0 0 1 1 1 1 0 0 1 1 0 1 1 0 1 0 1 0 1 0 1 0 1 0 1 0 1 1 1 1 1 0 0 1 1 1 0 0 0 0 1 0 1 0 1 0 0 1 0 0 0 0 1 0 0 1 0 0 1 0 0 0 1 1 1 1 0 0 0 1 1 0 1 0 0 0 1 0 0 0 0 0 1 1 1 1 1 1 0 1 49
1 1 0 0 0 0 0 1 0 1 0 1 1 1 0 1 1 0 1 1 1 0 1 0 1 0 1 0 1 0 1 1 1 1 0 1 0 1 1 0 1 0 0 1 1 1 0 0 0 0 0 1 1 0 1 1 1 0 1 0 1 0 0 0 0 1 0 1 1 1 1 0 0 0 1 1 0 0 0 1 0 0 0 1 0 0 1 1 0 1 1 0 0 0 0 1 0 1 1 1 51
1 0 0 0 1 0 0 1 0 1 0 1 0 1 0 1 1 0 0 0 0 1 0 0 1 0 1 0 0 1 0 0 1 1 1 1 0 1 1 0 1 1 0 0 1 0 0 0 1 0 1 0 1 0 1 0 1 0 0 0 1 0 0 0 1 1 0 0 1 1 1 0 1 0 1 1 0 1 0 0 1 0 1 0 0 1 1 1 0 0 0 0 0 0 0 1 0 1 1 1 45
1 0 0 0 0 0 0 1 0 1 0 1 1 1 1 1 1 0 1 0 1 0 1 0 1 1 1 0 1 0 0 0 1 1 1 1 0 1 1 0 1 0 0 0 1 1 0 1 0 0 1 0 1 0 1 1 0 1 0 0 1 0 0 0 1 1 0 1 1 0 0 0 1 0 1 1 0 0 1 0 1 1 0 0 0 1 1 0 0 1 0 0 0 1 0 0 0 1 1 0 48
1 0 0 0 1 0 0 0 0 1 0 1 1 0 0 1 1 0 1 1 0 1 1 0 1 0 1 0 1 0 0 0 0 0 1 1 1 1 1 0 0 0 0 1 1 1 0 0 1 0 0 0 1 0 1 0 0 0 0 1 1 0 1 0 1 1 0 1 1 1 0 1 0 1 1 1 0 1 0 0 0 1 0 0 0 1 1 1 0 1 1 0 0 0 0 1 1 0 1 1 48
1 0 0 0 1 0 0 1 0 1 0 0 0 1 1 1 1 0 1 1 0 1 1 0 1 1 1 0 1 0 1 0 1 1 0 0 0 1 1 0 1 0 0 1 1 0 0 0 1 0 1 0 1 0 1 0 1 0 0 1 1 0 0 0 1 1 1 1 1 0 0 0 0 0 1 1 0 0 0 0 1 0 1 1 0 1 1 1 0 1 0 0 0 1 0 1 0 1 1 1 50
0 0 0 0 1 1 0 1 0 1 0 0 0 1 1 1 1 1 1 1 1 0 1 0 1 1 1 0 1 1 1 0 1 1 1 1 0 1 0 1 1 0 0 1 1 1 0 1 1 1 0 0 1 0 1 0 0 0 0 0 0 0 1 0 1 1 1 1 1 0 1 0 1 0 1 1 0 0 0 1 1 0 1 0 0 1 1 1 0 0 1 0 0 0 0 1 1 1 1 1 56
1 0 0 0 1 1 0 1 0 1 0 1 0 1 1 1 1 1 1 0 1 1 1 0 1 0 1 0 0 0 1 0 0 0 1 1 0 1 1 1 0 0 0 1 0 1 0 1 0 1 1 0 1 0 1 1 1 0 1 0 1 0 0 0 1 1 0 0 1 0 1 0 0 1 1 1 1 0 0 1 1 0 0 1 1 1 1 0 1 1 1 0 0 0 1 1 0 1 1 1 56
1 1 1 0 0 0 1 1 0 1 0 1 0 1 1 1 0 0 1 1 0 1 1 0 1 0 1 0 1 0 1 0 1 1 1 0 0 1 1 1 1 0 0 1 1 0 0 1 1 0 0 1 1 0 1 0 1 0 0 0 1 0 0 0 0 1 0 0 1 1 1 1 0 0 1 1 1 1 0 1 1 0 0 1 0 1 1 1 0 1 1 0 0 1 0 1 1 0 1 1 56
0 0 0 0 0 0 0 1 0 1 0 0 1 1 0 1 1 1 1 1 0 1 1 1 1 0 1 0 1 1 1 0 0 0 1 1 0 1 1 1 0 0 0 1 1 1 0 0 1 0 1 0 1 0 1 1 1 0 0 0 1 0 0 0 0 1 0 1 1 0 0 0 0 1 1 1 0 1 1 0 1 0 0 1 0 1 1 1 0 0 1 0 0 1 0 1 1 1 1 1 52
0 0 0 0 0 1 0 0 0 1 0 0 0 0 1 1 1 1 0 0 0 1 1 1 1 0 1 0 0 1 0 0 1 1 1 0 0 1 1 1 0 0 0 0 1 1 1 1 1 1 0 0 1 0 1 1 1 0 0 0 1 0 0 0 1 1 0 1 1 1 1 0 1 0 1 1 0 1 0 0 1 0 1 1 0 1 1 1 0 0 1 0 0 1 1 1 1 1 1 1 53
0 0 0 1 0 0 0 1 0 1 0 1 1 0 1 1 1 0 1 1 0 0 1 0 1 0 1 0 0 0 0 0 0 1 1 1 0 1 1 1 0 0 0 1 1 0 0 1 0 1 0 0 1 0 1 0 1 0 0 1 1 0 1 0 1 1 0 1 1 0 1 0 0 0 1 1 1 0 0 1 1 0 1 0 0 1 1 1 0 0 0 0 1 1 1 1 1 0 1 1 50
1 1 0 1 1 1 0 1 1 1 0 1 0 1 0 1 0 0 1 0 0 1 1 0 1 0 1 0 1 0 1 0 0 1 0 1 0 1 1 1 1 0 0 1 0 1 0 1 0 0 0 1 1 0 1 0 1 0 1 1 1 0 0 0 1 1 0 0 1 0 1 0 1 0 1 1 0 0 0 0 1 1 1 0 1 1 1 1 1 1 0 0 0 1 1 1 0 1 1 1 56
0 0 0 1 1 0 0 1 0 1 0 1 0 1 1 1 1 0 1 1 0 1 1 0 1 1 1 0 1 1 1 0 0 1 0 1 0 1 1 1 0 0 1 1 0 0 0 0 0 0 0 0 1 0 1 0 1 1 0 1 0 0 0 0 1 1 0 1 1 1 0 1 0 0 1 1 1 0 1 1 1 0 1 1 0 0 1 1 0 1 1 0 0 1 1 1 1 1 1 1 56
0 0 0 0 1 1 0 0 0 1 1 0 0 1 0 1 1 0 0 0 0 0 1 0 1 1 1 0 1 1 1 0 1 1 1 1 0 1 1 0 0 0 0 1 1 1 0 0 0 1 0 0 1 1 1 0 1 1 0 1 1 0 1 0 1 1 0 1 0 1 0 0 1 1 1 1 0 1 0 0 1 0 0 0 0 0 1 1 0 1 0 0 0 1 1 1 0 0 1 1 50
0 0 0 0 0 0 0 1 0 1 0 0 0 1 0 1 1 1 1 1 0 1 1 0 0 0 1 0 1 0 1 0 0 0 1 1 0 1 1 1 0 0 0 1 0 0 1 0 0 0 1 0 1 0 1 1 1 1 0 0 1 0 0 0 1 1 1 0 1 1 1 1 0 0 1 1 1 1 0 1 1 0 0 0 0 1 1 0 1 1 1 0 0 0 0 1 1 1 1 1 50
1 0 0 1 0 1 0 1 0 1 1 1 1 1 1 1 1 1 1 1 0 1 1 0 0 0 1 0 1 0 1 0 1 1 0 1 0 1 1 0 0 0 0 1 0 1 0 1 1 1 1 0 1 0 1 0 0 0 0 1 1 0 0 1 0 1 0 0 1 0 0 1 1 1 1 1 0 0 0 0 1 0 1 1 1 1 1 1 1 1 1 0 0 0 0 1 1 1 0 1 57
1 1 0 0 0 0 1 1 0 1 0 0 0 1 0 1 0 0 1 1 0 0 1 0 1 0 1 0 0 0 0 0 1 0 0 1 0 1 1 1 1 0 0 0 0 1 0 0 0 0 1 0 1 0 1 0 1 1 1 0 1 0 0 1 1 1 0 0 1 0 1 0 0 0 1 0 0 0 0 0 1 0 1 0 1 1 1 1 0 0 1 0 0 1 1 1 1 1 1 1 46
1 0 0 0 1 1 0 1 0 1 0 0 0 1 0 1 0 0 1 1 0 1 1 0 1 0 1 0 1 0 0 0 1 0 1 1 0 1 1 1 1 0 0 1 0 1 0 0 1 0 0 0 1 0 1 0 1 0 0 1 1 0 0 1 0 1 0 1 1 1 0 0 0 1 1 1 0 0 1 1 1 0 1 0 0 1 1 1 0 1 1 0 0 0 0 1 0 1 1 1 50
0 0 0 1 1 1 0 0 0 1 0 0 0 1 1 1 1 0 1 1 0 0 0 0 1 0 1 0 0 0 1 0 1 0 1 0 0 1 1 1 1 0 1 1 1 1 1 0 1 0 0 0 1 1 1 0 1 1 1 1 0 0 0 0 0 1 0 0 1 1 1 0 0 0 1 0 1 0 0 1 1 1 1 0 0 1 1 1 0 1 0 0 0 0 1 1 0 1 1 1 51
0 0 0 1 1 1 0 1 0 1 0 1 0 1 0 1 1 1 1 1 0 0 0 0 1 0 1 0 1 1 0 0 0 0 0 1 0 1 1 1 1 1 1 1 0 1 0 1 0 0 1 0 1 1 1 0 0 0 0 0 0 0 0 0 0 0 0 1 1 0 1 1 0 0 1 1 1 1 0 1 1 0 0 0 0 1 1 1 1 1 0 0 1 1 1 1 0 1 1 1 52
1 1 0 0 0 1 0 0 0 1 0 0 0 1 0 1 1 1 1 1 0 0 0 0 1 1 1 0 1 1 0 0 0 1 1 1 1 1 0 0 1 0 0 1 1 1 0 1 1 0 1 0 1 0 1 0 0 0 0 1 0 0 0 0 1 1 0 0 1 1 0 1 1 0 1 0 0 0 0 0 1 0 0 0 0 1 1 1 0 1 0 0 1 0 0 1 0 1 1 1 47
1 1 0 0 0 0 0 1 0 1 0 1 0 1 0 1 1 1 1 1 0 0 1 0 0 0 1 0 1 0 1 0 1 1 1 0 1 1 1 1 1 0 0 0 0 0 0 0 0 0 0 0 0 0 1 0 1 0 0 1 1 0 1 0 1 1 0 0 1 0 1 0 0 1 1 1 0 0 0 0 1 0 0 0 0 1 1 1 0 1 1 0 1 0 0 0 0 1 1 1 45
0 1 0 0 1 0 0 0 0 1 0 1 1 1 0 1 1 1 1 1 0 0 1 0 1 0 1 0 1 0 0 0 1 1 1 0 0 1 1 1 1 0 0 1 1 1 0 0 0 0 0 0 1 0 1 0 1 0 0 1 0 0 1 0 1 1 0 0 1 0 1 1 1 0 1 0 0 0 0 1 1 0 0 0 1 1 1 1 0 1 1 0 0 0 0 1 0 1 1 1 49
1 0 0 0 1 1 0 1 0 1 0 1 0 1 0 1 1 1 1 1 1 1 1 0 0 1 1 0 1 1 0 0 0 1 1 0 1 1 1 1 0 0 0 1 1 0 0 0 1 0 0 0 1 0 1 0 1 1 0 0 1 0 0 0 1 1 0 0 1 0 0 0 0 0 1 1 1 0 1 1 1 0 0 0 0 0 1 1 0 1 0 0 1 0 0 1 1 1 1 1 51
1 0 0 0 0 1 0 1 0 1 0 1 0 0 0 1 1 1 1 1 1 0 1 0 0 0 1 0 1 0 1 0 0 1 0 1 0 1 1 1 1 0 0 1 1 1 0 0 0 0 0 1 1 0 1 0 0 1 0 0 0 0 0 0 1 1 0 1 1 0 0 1 0 0 1 1 0 1 0 0 1 0 0 0 0 0 1 1 0 1 1 0 0 1 0 1 1 1 1 1 47
0 1 0 0 0 1 0 1 0 1 0 1 1 1 1 1 1 0 1 0 0 1 1 0 0 0 1 0 1 0 1 0 1 0 1 1 1 1 1 1 1 0 0 1 1 0 0 0 0 0 1 1 1 0 1 0 0 0 0 1 1 0 0 0 1 1 0 0 1 1 0 0 0 0 1 1 0 0 0 0 1 0 1 0 0 1 1 1 0 1 1 0 1 1 0 1 0 1 1 1 51
1 0 1 0 1 1 0 1 0 1 1 0 1 1 0 1 1 0 1 1 0 0 1 0 1 0 1 1 1 0 0 1 1 1 0 1 0 1 1 1 1 0 0 0 1 1 1 1 1 0 1 0 0 0 1 0 1 0 1 0 1 0 0 0 1 1 0 1 1 0 1 0 0 0 1 1 0 0 1 1 1 0 1 0 0 0 1 1 0 0 1 0 0 0 1 1 1 1 1 1 56
0 0 0 0 1 1 0 1 0 1 0 0 0 1 0 1 1 0 1 1 0 1 1 0 1 0 1 0 1 1 0 0 0 1 1 0 0 1 1 1 1 0 0 1 0 1 0 0 0 0 1 0 1 0 1 0 1 0 0 1 1 0 0 0 1 1 0 0 1 0 0 1 1 1 1 1 1 0 0 1 1 0 1 1 0 0 1 1 0 1 1 0 0 0 1 1 0 1 1 1 51
1 0 0 0 1 1 0 1 0 1 0 0 0 1 0 1 1 1 1 1 0 0 1 0 0 1 1 0 1 1 1 0 0 1 1 0 0 1 1 1 0 0 1 1 1 0 0 1 1 0 0 0 1 0 1 0 0 1 0 1 1 0 1 0 0 1 0 0 1 1 0 1 1 1 0 1 1 0 0 1 1 0 1 1 1 1 1 1 0 0 0 0 0 1 0 1 0 0 1 1 53
0 0 0 1 1 1 0 1 0 1 0 1 1 1 1 1 1 1 1 1 0 0 1 0 1 1 1 0 1 0 0 0 1 1 1 1 0 1 1 1 1 0 0 1 0 1 0 0 1 0 1 0 1 0 1 1 1 0 0 0 1 0 0 0 1 1 0 0 1 0 0 0 1 0 1 1 0 0 0 1 1 0 1 0 0 1 1 1 1 0 1 0 0 0 1 1 0 1 0 1 54
0 0 0 0 0 1 0 1 0 1 1 0 0 1 0 1 1 0 1 1 0 1 0 0 1 0 0 0 1 1 1 0 1 1 0 1 1 1 1 0 1 0 0 1 1 0 0 1 1 0 0 0 1 0 1 0 0 0 0 0 1 0 0 0 1 1 1 0 1 0 1 0 1 1 1 1 0 0 0 1 1 0 1 0 0 0 1 1 0 1 1 0 1 0 0 1 0 1 1 1 49
1 0 0 1 1 1 0 1 0 1 0 0 1 0 0 1 1 0 0 1 1 0 1 0 1 0 1 0 1 1 1 0 0 1 0 1 0 1 1 1 0 0 0 1 1 0 0 0 0 0 1 0 1 0 1 0 1 0 0 0 1 0 0 0 1 0 0 1 1 1 0 1 0 1 0 1 1 0 0 0 1 0 0 1 0 1 1 1 0 0 1 0 0 0 0 1 0 1 1 1 47
1 0 1 0 0 1 0 1 0 1 0 1 1 1 1 1 0 0 1 1 0 1 1 0 1 0 0 0 1 1 0 0 1 1 0 1 1 1 1 1 0 0 0 1 0 1 0 0 1 0 0 0 1 0 1 0 1 1 0 1 0 0 0 0 1 1 1 0 1 0 1 0 0 0 1 1 0 0 1 1 1 0 0 0 0 0 1 1 0 0 1 0 0 0 0 1 1 0 1 1 49
1 0 0 0 1 1 0 0 0 1 1 0 0 0 0 1 1 0 1 1 0 1 1 0 1 0 1 0 1 0 0 0 0 0 0 0 0 1 1 0 0 0 0 1 0 1 0 0 1 1 1 0 0 0 1 0 0 0 1 1 1 0 0 0 1 1 1 0 1 1 1 0 1 1 0 1 0 0 0 0 1 0 0 1 0 0 1 1 0 0 1 0 1 0 1 1 0 1 1 1 45
1 1 0 1 0 1 0 1 0 0 0 0 1 1 1 1 1 0 1 0 1 0 1 1 1 0 1 0 0 0 1 1 1 1 1 1 0 1 1 1 0 0 0 1 0 1 0 0 1 0 0 0 1 0 1 0 0 1 1 1 1 0 0 1 1 1 1 1 1 0 0 0 1 0 1 1 1 1 0 1 1 1 1 0 0 1 1 1 0 1 1 0 0 0 1 0 0 0 1 1 57
1 1 0 0 1 0 0 0 0 1 0 0 0 1 1 1 1 1 1 1 0 1 0 0 0 0 1 0 1 1 0 1 1 1 0 1 0 1 1 1 0 0 0 1 1 1 0 0 1 0 1 0 0 0 1 1 1 0 0 1 0 0 0 0 1 1 0 1 1 0 1 1 0 0 0 0 0 1 0 0 1 0 0 0 1 0 1 1 0 1 1 0 0 0 1 0 0 1 1 1 48
1 0 0 1 1 1 1 0 0 1 0 1 0 1 1 1 1 0 1 1 0 0 1 0 1 0 1 0 1 1 1 1 1 1 0 1 0 1 1 1 0 0 0 1 1 1 0 0 0 1 0 0 1 0 1 0 1 0 0 0 1 0 0 0 1 1 0 1 1 0 1 0 0 0 1 1 0 0 0 0 1 1 1 1 0 0 1 1 1 1 1 0 0 0 0 1 1 0 0 1 53
1 0 0 0 1 1 0 1 0 1 0 0 0 1 0 1 1 0 1 1 0 1 0 0 0 0 1 0 1 1 1 0 0 1 1 1 0 1 1 0 0 0 0 1 1 1 0 0 1 0 1 0 1 0 1 0 1 0 0 0 1 0 0 0 0 1 0 0 1 0 1 0 0 0 1 1 0 1 0 0 0 0 1 1 0 1 1 1 1 0 0 1 0 0 0 1 1 1 1 1 47
0 0 1 0 1 1 0 1 0 1 0 0 1 1 0 1 1 1 1 1 0 1 1 0 1 0 1 0 1 1 0 0 0 0 1 1 0 1 1 1 1 0 1 1 1 1 0 0 1 0 1 0 1 0 1 0 1 1 0 1 1 0 0 1 0 1 0 0 1 0 0 1 0 0 1 1 0 1 0 0 1 0 1 0 0 0 1 1 0 0 1 1 0 0 0 1 1 1 1 1 54
0 1 0 0 0 0 0 1 0 1 0 0 0 0 0 1 0 1 1 1 0 1 1 0 0 0 1 0 1 0 1 0 1 0 1 1 0 1 1 1 1 1 0 1 1 0 0 0 0 1 1 0 1 0 1 0 1 1 0 0 1 0 0 0 0 1 0 1 1 0 0 1 0 1 1 1 0 1 0 0 1 0 1 0 0 1 1 1 1 1 1 0 1 1 0 1 1 1 1 1 52
1 0 0 0 0 0 0 1 0 1 1 0 0 1 1 1 1 0 1 1 1 0 1 0 1 0 1 0 1 0 1 0 0 1 1 0 0 1 1 1 0 0 1 1 0 0 0 0 1 1 1 0 0 0 1 1 0 1 0 0 1 0 0 0 1 1 1 1 1 0 1 1 1 0 1 1 0 0 0 1 1 0 0 1 0 1 1 1 1 1 0 0 0 1 0 1 0 0 1 1 52
0 0 0 0 0 0 0 0 1 1 0 1 1 0 0 1 1 0 1 1 0 1 0 0 0 1 1 0 1 0 0 0 1 1 1 1 0 1 1 1 1 0 0 1 1 1 0 0 0 0 0 0 0 0 1 1 1 1 0 1 1 0 0 0 0 1 0 0 1 1 0 0 0 0 1 1 1 0 0 0 1 0 1 1 0 1 1 1 0 0 0 0 0 0 1 1 0 0 1 1 45
1 0 0 1 1 1 0 1 0 1 0 0 1 0 0 1 1 1 1 0 0 1 1 0 1 1 1 0 1 1 0 1 1 1 1 0 0 1 1 0 0 0 0 1 0 0 0 1 1 0 0 0 1 0 1 0 1 0 0 0 1 0 1 0 1 1 0 0 1 0 1 1 0 0 1 1 0 0 0 0 1 1 1 0 0 1 1 1 0 0 1 0 0 0 0 1 1 0 1 1 50
1 0 0 0 0 1 0 1 0 1 0 0 1 1 1 1 1 1 1 1 0 0 1 0 1 1 1 0 1 1 0 1 1 1 1 1 0 1 0 1 0 0 1 1 0 1 0 1 1 0 0 0 0 0 1 0 0 0 0 1 0 0 0 0 1 1 0 0 1 0 1 0 1 0 1 1 0 0 1 0 1 0 0 0 0 1 1 1 1 1 0 0 0 1 1 1 1 1 1 1 53
1 0 0 0 1 0 0 1 0 1 0 0 0 1 0 0 0 1 1 1 0 0 1 0 1 0 1 0 1 0 0 0 0 0 1 0 0 0 1 0 1 1 1 1 0 1 0 0 0 1 0 0 0 0 1 0 1 0 1 0 1 0 0 0 0 1 1 0 1 0 1 1 1 0 1 1 0 0 0 1 1 1 1 0 0 1 1 1 0 1 0 0 1 0 1 1 1 1 1 1 47
1 0 0 0 0 0 0 1 0 1 0 0 0 0 1 1 0 0 1 1 0 0 1 0 1 0 1 1 1 0 1 0 0 0 0 1 0 1 1 1 1 0 0 1 0 1 0 0 1 1 1 0 1 0 1 1 0 0 0 0 1 0 1 1 1 1 0 0 1 0 0 0 0 0 0 1 0 1 0 0 1 0 0 0 0 1 1 1 0 1 1 0 0 0 1 1 0 1 1 1 45
1 0 0 0 1 1 0 0 0 1 1 0 1 1 1 1 1 0 1 1 0 1 1 0 1 0 1 0 1 1 0 0 0 0 1 1 0 1 1 1 1 0 0 1 0 0 0 0 0 0 1 0 1 0 1 0 1 0 0 0 0 0 1 0 1 1 0 0 1 0 0 0 1 0 1 1 0 0 0 0 1 0 1 0 0 1 1 1 0 1 0 1 1 0 0 1 0 1 1 1 48
0 0 0 0 1 1 0 1 0 1 0 0 1 1 1 1 1 1 1 1 0 1 0 0 1 0 1 0 1 0 1 0 1 1 1 0 0 1 1 0 1 0 1 1 1 1 0 1 0 0 1 0 1 0 1 0 1 0 0 0 1 0 1 0 1 1 0 0 1 1 0 1 1 0 1 1 1 1 0 1 1 0 0 0 0 1 1 1 0 0 0 0 1 0 0 1 0 1 0 1 53
0 0 0 0 1 0 0 0 0 1 1 0 1 1 0 1 1 1 1 1 0 0 1 0 0 0 1 1 1 1 0 0 0 1 0 1 0 1 1 0 1 1 0 0 1 0 0 0 1 0 1 0 1 0 1 0 0 0 1 0 1 0 0 0 1 1 0 0 1 0 0 0 1 1 1 0 1 0 0 1 1 0 1 0 1 1 1 1 0 1 1 0 0 1 0 1 1 1 1 1 50
1 0 0 1 1 0 0 0 0 1 0 0 1 1 1 1 1 0 1 1 0 1 0 0 1 0 1 0 1 0 1 0 0 0 1 1 0 1 1 1 0 0 1 1 0 1 0 0 0 0 1 0 0 0 1 0 1 0 0 1 1 0 0 1 1 1 1 0 1 0 1 0 1 0 0 1 0 0 0 1 1 0 1 0 0 1 1 1 1 0 1 0 0 1 0 1 1 1 1 1 51
0 0 0 1 1 0 0 1 0 1 0 0 1 0 0 1 1 0 1 1 0 1 1 0 0 1 1 0 0 1 1 0 0 0 0 1 0 1 1 1 0 0 0 1 1 1 0 0 1 1 0 0 1 0 1 0 1 0 1 1 1 0 1 0 0 1 0 0 1 1 1 1 0 0 0 1 0 0 0 0 1 0 1 0 0 1 1 1 0 0 1 0 1 1 0 1 0 1 1 1 49
0 0 0 0 1 0 1 1 0 1 1 1 1 0 1 1 0 0 1 1 0 1 1 0 1 0 1 0 0 1 1 0 1 0 1 0 0 1 1 1 1 0 0 1 0 1 0 0 0 0 1 0 0 0 1 0 1 0 0 1 0 0 1 0 1 1 0 0 1 0 1 0 1 1 0 1 0 0 1 1 1 0 1 0 0 0 1 1 0 1 1 1 0 0 1 0 1 1 1 1 51
1 0 0 0 0 0 0 0 0 1 1 0 1 1 0 1 0 1 1 1 0 1 0 0 0 0 1 0 0 0 1 0 1 0 1 1 0 1 1 1 1 0 0 1 0 1 0 0 0 0 1 1 1 0 1 0 1 0 0 0 0 0 0 0 0 1 0 1 1 1 0 0 0 1 1 1 0 0 1 1 0 0 1 1 0 1 1 1 1 1 1 0 0 0 1 1 0 1 1 1 48
0 0 0 0 0 1 0 1 0 1 1 0 1 1 0 1 1 1 1 1 0 0 1 0 1 0 1 0 0 1 1 0 0 1 1 0 0 1 1 1 0 0 0 1 0 0 0 1 0 1 0 0 1 0 1 0 1 0 1 0 0 0 0 0 1 1 0 0 1 1 1 0 0 1 1 1 0 0 0 1 1 0 1 0 1 1 1 1 1 1 0 0 0 1 0 1 0 1 1 1 50
1 0 0 0 0 1 1 1 0 1 0 1 1 1 0 1 1 0 1 1 0 0 1 1 1 0 1 0 1 0 1 0 1 0 1 1 0 1 1 1 0 0 0 1 0 0 0 0 0 0 0 0 1 0 1 0 1 0 0 0 0 0 0 0 1 1 1 1 1 0 0 0 0 0 0 1 1 1 0 0 1 0 0 1 0 1 1 1 1 1 1 0 1 0 0 0 0 1 1 1 48
1 1 0 1 0 0 0 0 0 1 0 1 0 1 0 1 1 1 1 1 0 1 1 1 1 0 1 0 1 0 1 0 1 1 1 1 0 1 1 1 0 0 0 1 1 0 0 1 0 0 1 1 1 0 1 0 1 0 0 0 1 0 0 0 0 1 0 1 1 0 0 0 0 0 1 1 0 0 0 0 1 0 0 0 0 1 1 1 0 1 1 0 0 0 0 0 1 1 1 1 49
0 0 0 0 0 0 0 1 0 1 0 1 1 0 0 1 1 0 1 1 0 0 1 0 1 1 1 0 1 1 0 0 1 0 1 0 0 1 1 1 1 0 0 1 1 1 0 1 0 0 0 0 1 0 1 1 1 0 0 0 0 0 1 0 1 1 0 1 1 1 1 0 1 1 1 1 0 1 0 0 0 0 1 0 0 1 1 1 1 0 0 0 0 0 0 1 0 1 1 1 49
1 1 0 0 1 1 0 1 0 1 1 0 0 1 0 1 1 1 1 1 0 0 1 0 0 0 1 0 1 0 1 0 0 0 1 0 0 1 1 0 0 0 0 1 1 0 0 0 1 0 0 0 1 0 1 0 1 0 0 1 1 0 0 1 1 1 0 0 1 1 0 0 0 1 1 1 0 0 0 1 1 0 1 0 1 1 1 0 0 0 1 0 0 1 0 1 0 1 1 1 48
1 1 0 0 0 0 0 1 0 1 0 0 0 1 0 1 1 0 1 1 0 0 1 0 1 0 1 0 1 1 0 0 1 1 0 1 0 1 1 1 0 0 0 0 1 0 0 0 0 1 1 1 1 0 1 0 1 0 0 1 1 0 0 0 1 1 0 1 1 1 0 1 0 0 1 1 0 0 0 0 1 1 1 0 0 1 1 0 0 1 0 0 1 1 0 1 1 0 1 1 49
0 0 0 0 1 0 0 0 0 1 1 1 0 0 0 1 1 0 1 1 0 1 1 0 0 0 1 0 1 1 1 0 1 1 1 0 0 1 1 0 0 0 0 1 0 0 0 1 0 1 1 0 1 0 1 1 1 1 0 1 1 0 0 0 1 1 0 0 1 1 1 0 0 1 1 1 0 1 0 0 0 0 1 0 0 1 1 1 0 1 0 0 0 0 1 1 1 1 1 1 50
0 0 0 1 0 1 0 1 0 1 0 1 1 1 1 1 1 0 1 1 0 1 1 0 0 0 1 0 1 1 0 0 1 0 1 1 0 1 1 1 1 0 1 0 1 1 0 1 0 0 1 0 1 0 1 1 1 0 0 0 1 0 0 1 1 1 0 0 1 0 1 1 0 0 1 1 0 1 0 0 1 0 1 1 0 1 1 1 0 1 1 0 1 1 0 0 0 1 1 1 56
1 0 0 0 1 0 1 1 0 1 0 0 0 1 1 1 1 0 1 1 0 0 1 0 1 0 1 0 0 0 0 0 1 1 0 1 0 1 1 1 1 0 0 1 0 0 0 0 1 0 1 1 1 0 1 1 1 0 0 1 1 0 0 0 1 1 0 1 1 0 0 1 1 0 1 1 1 0 0 1 1 0 0 0 0 1 1 1 0 0 1 0 0 0 0 1 0 1 1 1 50
0 1 0 0 1 0 1 1 0 1 0 1 0 0 1 1 1 0 1 1 0 1 0 0 1 0 1 0 1 0 0 0 1 0 1 1 1 1 1 1 1 0 0 1 1 0 0 1 1 0 0 0 1 0 1 0 0 0 0 1 1 0 0 0 1 1 0 0 1 1 0 1 0 1 0 1 0 0 1 1 1 0 1 1 0 0 1 1 0 1 1 0 0 1 0 1 0 0 1 1 51
1 0 1 0 0 0 0 0 0 1 0 0 0 1 0 1 0 1 1 1 0 0 0 0 1 0 1 0 0 1 1 1 1 1 1 1 0 1 1 0 1 0 0 0 1 1 0 0 0 0 1 0 1 0 1 1 1 1 0 0 0 0 0 0 1 1 0 0 1 0 0 1 1 0 1 1 1 1 0 1 1 0 1 0 0 1 1 1 0 1 1 0 0 0 0 1 1 1 1 1 50
0 0 1 0 1 1 0 1 0 0 0 0 0 0 0 1 1 1 1 1 0 1 1 0 0 1 1 0 1 0 0 1 1 1 1 1 0 1 0 1 1 0 0 1 1 1 0 0 1 0 0 0 1 0 1 0 0 0 0 0 1 0 0 0 1 1 0 1 1 0 0 0 0 0 1 1 1 1 0 0 1 0 1 0 0 1 1 1 0 1 0 0 0 0 0 1 1 1 0 1 47
0 0 0 0 0 0 0 1 0 1 0 0 0 1 1 1 1 0 1 1 0 0 1 0 0 1 1 0 1 1 1 0 1 0 0 0 0 1 1 1 0 1 1 1 0 0 0 0 0 1 1 0 1 1 1 1 0 0 0 1 1 0 0 0 1 1 0 1 1 0 1 0 0 0 0 1 0 0 0 1 1 0 1 1 0 1 1 1 0 1 1 0 0 0 0 0 1 0 1 1 47
0 1 0 0 1 0 1 1 0 0 0 1 0 0 0 1 1 1 1 1 0 0 1 0 1 1 1 0 1 0 0 0 0 0 1 1 0 1 1 1 0 0 1 1 0 1 0 0 0 1 0 0 1 0 1 0 1 1 1 0 1 0 0 0 1 1 0 1 1 1 0 1 1 1 1 1 0 1 0 0 1 1 0 0 0 0 1 1 0 0 1 0 0 1 0 1 0 1 1 1 51
1 1 0 1 1 1 0 1 0 0 0 0 0 1 0 1 1 1 1 1 0 1 1 0 1 0 1 0 0 0 0 0 1 0 0 1 1 1 1 1 1 1 0 1 0 1 0 0 1 0 0 0 1 0 1 1 1 1 0 1 1 0 0 1 1 1 0 0 1 0 0 1 0 0 0 1 1 1 0 0 1 0 0 1 0 0 1 1 0 0 1 0 0 0 1 1 0 1 1 1 52
0 1 1 1 1 0 0 0 0 1 0 0 0 1 0 1 0 0 0 1 0 1 1 0 1 0 1 0 1 1 0 0 1 1 1 0 0 1 1 1 0 0 0 1 0 1 0 1 1 0 0 0 1 0 1 0 1 0 0 0 1 0 0 1 1 1 1 0 1 0 1 0 1 1 1 1 0 1 1 1 0 0 0 1 0 0 1 1 0 0 0 0 0 0 1 1 0 0 1 1 48
1 1 0 0 0 1 0 1 0 1 1 0 1 1 1 1 1 0 1 1 0 0 0 0 1 0 1 0 1 1 1 0 0 0 1 0 1 1 1 1 0 1 0 1 0 0 0 0 0 1 0 0 1 0 1 0 1 0 1 0 1 0 0 1 1 1 0 1 1 1 0 0 0 0 1 0 1 1 1 0 1 0 1 0 1 1 1 1 0 0 0 0 1 1 0 1 0 1 1 1 53
1 0 0 1 1 0 1 0 0 1 0 0 1 1 0 1 1 0 1 1 0 0 1 1 1 0 1 0 1 0 1 1 1 1 1 1 1 1 1 1 0 1 0 1 0 0 1 0 1 1 0 0 1 0 1 0 1 1 0 1 1 0 0 0 1 1 0 0 1 0 0 0 1 0 1 1 0 0 0 1 1 0 1 0 0 1 1 1 0 0 1 0 0 0 1 1 1 1 0 1 55
0 0 0 0 1 1 0 1 0 1 0 1 0 0 0 1 1 0 1 1 0 1 1 0 1 0 1 1 1 0 1 0 0 1 0 1 0 1 1 0 0 0 0 1 1 1 0 0 1 0 0 0 1 0 1 0 1 0 0 0 1 0 1 0 0 1 0 0 1 0 1 0 1 0 1 1 1 0 0 0 1 1 1 0 1 1 1 1 1 0 0 0 1 0 0 1 0 1 1 1 49
0 0 0 0 1 1 0 1 0 1 1 0 1 0 1 1 0 0 1 1 0 0 1 0 1 1 1 0 1 0 1 0 1 0 0 1 0 1 1 1 0 1 0 1 1 0 0 0 0 0 1 0 1 0 1 0 1 0 0 0 1 0 0 0 1 1 0 1 1 1 1 0 0 0 1 1 0 0 0 0 1 0 1 0 1 1 1 1 0 1 1 0 1 0 0 1 1 0 1 1 50
0 0 0 0 1 1 0 1 0 1 0 0 0 0 0 1 1 1 1 1 0 1 1 0 0 0 1 0 0 0 1 0 1 0 0 0 0 1 1 1 0 0 0 0 0 0 0 1 0 0 0 0 1 0 1 0 1 0 0 1 1 0 0 0 0 1 1 1 1 1 0 0 1 0 0 1 0 0 0 0 1 0 0 1 0 0 1 1 0 0 1 0 1 0 0 0 0 1 1 1 39
1 0 0 1 0 0 0 1 0 1 0 0 1 1 0 1 1 0 1 1 0 0 1 0 1 0 1 0 1 1 1 0 0 1 1 1 0 1 1 1 0 0 0 1 1 1 1 0 0 0 1 1 1 1 1 0 1 1 0 1 1 0 0 1 0 1 0 0 1 0 1 0 0 0 1 1 0 1 0 1 1 1 0 1 0 1 1 1 0 0 1 0 0 0 0 1 1 1 1 1 55
1 0 0 0 1 1 0 1 1 1 0 1 1 0 1 1 1 1 1 1 0 0 1 0 1 0 1 0 0 1 1 0 0 1 1 0 0 1 1 0 0 0 0 1 0 1 0 0 1 0 1 0 1 0 1 0 1 1 0 1 1 0 0 0 0 1 0 1 1 0 1 0 1 1 1 1 0 0 0 1 1 0 1 0 1 1 1 1 0 1 1 0 1 1 1 1 0 1 1 1 57
0 0 0 1 0 0 0 0 0 1 0 0 1 1 0 1 1 1 1 1 0 1 1 0 1 0 1 0 0 1 1 0 1 0 0 1 0 1 1 1 1 0 0 1 0 1 0 0 0 1 0 1 1 0 1 1 0 0 0 1 0 0 0 1 1 1 0 0 1 0 1 0 1 1 1 0 0 0 1 0 1 0 1 1 0 1 1 1 0 0 0 1 0 0 0 1 0 0 1 1 48
0 0 0 0 1 0 0 1 0 1 0 0 0 1 0 1 1 0 1 1 0 0 1 0 1 1 1 0 1 0 1 0 1 1 1 0 0 1 1 1 0 0 0 1 1 0 0 0 0 0 0 1 1 0 1 0 0 1 0 0 1 0 1 1 1 1 0 1 1 0 0 0 1 1 1 0 1 0 1 1 1 0 1 0 1 1 1 1 0 1 1 0 1 0 0 0 1 1 1 1 52
1 1 0 1 1 1 0 1 0 1 0 1 1 0 1 1 1 1 1 1 0 1 1 0 1 0 1 0 1 1 0 0 1 0 0 1 0 1 1 1 0 0 1 1 1 0 0 0 0 0 0 0 0 0 1 1 1 1 0 0 1 0 0 0 1 1 0 0 1 0 0 0 0 0 1 1 0 0 0 1 1 0 1 1 0 1 1 1 0 1 1 0 1 0 0 1 0 1 1 1 53
0 0 0 1 1 1 1 0 0 1 0 0 1 1 1 1 1 0 1 1 0 0 1 0 1 0 1 0 0 1 0 0 1 1 1 1 0 1 1 1 1 0 1 1 1 0 0 0 0 1 0 0 1 0 1 1 1 1 0 0 1 0 0 1 0 0 0 0 1 1 1 0 0 0 1 1 1 1 0 1 0 0 0 0 0 0 1 1 0 0 0 0 1 0 0 1 1 1 1 1 51
0 0 0 1 1 1 0 0 0 1 0 1 0 1 0 1 1 0 1 1 0 1 0 0 1 1 1 0 0 1 0 0 1 0 0 1 0 1 1 1 1 0 1 1 1 1 0 1 1 0 1 1 1 0 1 1 1 1 0 0 1 0 0 0 1 0 1 0 1 0 0 0 0 1 0 1 1 0 0 1 1 0 1 0 0 1 1 1 0 0 0 0 0 0 1 1 0 1 1 1 52
0 1 0 0 1 1 0 1 0 1 0 0 0 1 0 1 0 0 1 1 0 0 0 0 1 0 1 0 1 1 0 0 1 1 0 0 0 1 1 1 0 0 0 1 0 1 0 0 0 0 0 0 1 0 1 1 1 0 0 1 0 0 0 0 1 1 0 1 1 1 1 0 0 0 1 1 1 1 0 1 0 1 1 0 1 1 1 1 0 1 0 0 0 0 1 1 0 1 1 1 48
0 0 0 0 1 1 0 1 0 1 0 0 0 1 1 1 1 1 1 1 0 0 1 0 1 0 1 0 1 1 1 0 1 1 1 0 0 1 1 1 1 0 0 1 1 0 0 0 1 0 1 0 1 0 1 0 0 0 0 0 1 0 0 0 1 1 0 0 1 1 1 1 0 0 1 1 1 1 0 1 1 0 0 0 1 0 1 1 0 0 0 0 1 0 0 1 1 1 1 1 52
1 0 0 0 1 1 1 0 0 1 1 0 0 0 0 1 1 1 0 1 1 1 1 0 1 0 1 0 1 1 1 0 1 0 0 1 0 1 1 1 1 0 0 1 1 0 0 1 1 0 0 0 1 0 1 0 1 0 0 1 0 0 0 0 1 0 1 1 1 0 1 1 0 0 1 0 0 0 0 0 1 0 0 0 0 1 1 1 0 0 1 0 0 0 0 1 0 0 1 1 47
1 0 0 0 1 1 0 0 0 1 1 1 0 1 1 1 1 1 1 1 0 0 1 0 0 0 1 1 0 1 0 0 1 0 0 1 0 1 1 0 0 0 0 1 1 1 0 1 1 0 1 0 1 0 1 0 1 1 0 0 1 0 0 0 1 1 0 1 1 1 0 1 0 1 1 1 1 0 1 0 1 0 0 0 1 0 1 1 1 1 0 0 1 1 0 1 1 0 1 1 55
1 1 0 0 0 0 0 0 0 1 0 0 0 0 1 1 1 0 1 1 0 1 1 0 1 0 1 0 1 0 1 0 0 0 0 0 0 1 1 1 0 0 0 1 1 1 0 0 1 0 1 0 1 0 1 0 1 1 0 0 1 0 0 1 1 1 0 0 1 1 0 0 1 0 1 1 1 0 0 1 0 0 1 0 0 1 1 1 0 0 1 0 0 1 0 1 0 1 1 1 47
0 0 1 0 0 0 0 1 0 1 0 0 1 1 1 1 1 1 1 0 0 0 0 0 1 0 1 0 1 1 1 0 0 1 0 1 0 1 1 1 0 1 0 1 1 1 0 0 1 0 0 1 1 0 1 1 1 1 0 1 1 0 1 0 1 1 1 1 1 1 1 1 0 0 1 1 0 0 1 1 1 0 0 0 1 1 1 1 1 0 0 0 0 1 0 1 0 1 1 1 57
1 1 0 0 1 0 0 1 1 1 1 1 0 1 0 1 1 0 1 0 0 0 1 0 1 1 1 0 1 1 1 0 1 1 1 1 0 1 1 1 0 1 0 1 1 1 0 1 1 0 1 1 1 0 1 1 1 0 0 1 1 0 0 0 1 1 0 0 1 1 0 0 1 0 1 1 1 0 1 0 1 0 1 0 0 1 1 0 0 0 0 0 0 1 0 1 1 0 0 1 57
0 1 0 0 1 1 1 1 0 1 0 0 0 1 0 1 1 1 1 0 0 1 1 0 1 0 1 0 1 0 1 0 0 1 1 1 0 1 1 0 0 1 0 1 0 1 0 0 1 0 0 0 1 0 1 0 1 1 0 1 1 0 0 0 0 1 0 1 1 0 0 0 1 0 1 1 0 0 0 0 1 0 0 1 0 1 1 1 1 1 1 0 0 0 0 1 1 1 1 1 51
1 0 1 1 0 0 0 1 0 1 0 0 0 1 0 1 1 0 1 1 0 1 1 0 0 1 1 0 0 1 1 1 0 1 1 1 0 1 1 0 0 0 0 1 1 1 0 1 0 1 1 1 1 0 1 0 1 0 0 1 0 0 0 1 1 1 1 1 1 0 1 0 0 0 0 1 1 0 0 0 1 0 1 0 0 1 1 1 1 0 1 0 0 0 0 1 0 1 1 1 53
0 0 0 0 0 0 0 1 0 0 0 0 0 1 0 1 1 0 1 0 0 0 1 0 0 0 1 0 0 0 1 0 1 0 1 1 1 1 1 1 0 0 0 1 1 1 0 0 1 1 1 0 1 0 1 0 1 0 0 1 0 0 0 0 0 1 0 1 1 1 1 0 1 0 0 1 0 0 0 1 1 0 0 0 0 1 1 1 1 1 0 0 0 0 0 1 0 1 1 1 43
1 0 0 1 0 1 0 1 0 1 1 0 0 0 0 1 1 1 0 1 0 1 1 0 0 0 1 0 1 0 1 0 1 0 1 0 0 1 1 1 0 0 1 1 0 0 0 0 0 0 1 0 1 0 1 0 0 0 0 0 0 0 0 0 1 1 0 0 1 0 0 0 1 0 1 1 0 0 0 0 1 1 1 1 0 0 1 1 1 1 0 0 0 1 0 0 1 1 1 1 44
0 1 0 1 0 1 0 1 0 1 0 1 0 1 0 1 1 0 0 1 0 0 0 0 0 0 1 0 1 0 0 1 0 1 0 1 0 1 1 0 0 1 0 1 0 0 0 1 1 0 1 0 0 0 1 0 1 0 0 0 1 0 0 1 0 1 0 1 1 0 1 0 0 0 1 1 1 0 0 1 1 0 0 0 0 1 1 1 0 1 1 0 0 1 1 1 1 1 1 1 47
0 0 0 0 0 1 0 1 0 1 1 0 0 1 0 1 1 0 1 0 0 0 1 0 1 0 1 0 1 1 1 0 0 1 0 1 0 1 1 1 0 0 0 1 1 0 0 0 1 0 1 0 1 1 1 1 1 1 0 0 1 0 0 0 1 1 0 0 1 0 1 0 0 0 1 1 1 1 0 0 1 0 1 0 0 1 1 1 0 1 1 0 0 1 0 1 0 0 1 1 49
1 0 0 1 1 1 0 0 0 1 1 0 1 1 0 1 1 0 1 1 0 1 0 0 1 1 1 1 1 0 1 0 0 0 0 1 0 0 1 1 1 1 0 1 1 1 0 0 0 0 0 1 1 0 1 0 0 0 1 1 1 0 0 0 0 1 0 0 1 1 0 1 0 0 0 1 0 0 0 1 1 0 0 0 0 1 1 1 0 0 1 0 0 1 0 1 1 1 1 1 50
0 1 0 0 1 0 0 0 0 1 0 0 0 1 0 1 1 0 1 1 0 0 1 0 1 0 1 0 1 1 0 0 0 0 0 1 1 1 1 1 0 1 0 1 0 1 0 1 1 0 1 0 1 0 1 0 0 0 0 1 1 0 1 0 1 1 1 1 1 0 0 0 0 0 1 1 0 0 0 0 1 0 0 0 0 0 1 1 0 0 1 0 1 1 0 1 0 1 1 1 46
1 0 1 1 1 0 0 1 1 1 0 0 1 1 0 1 1 1 1 1 0 1 1 0 0 0 1 0 1 0 1 0 1 0 0 1 0 1 1 0 0 0 0 1 1 0 0 1 1 0 1 0 1 0 1 1 1 0 1 0 1 0 0 0 0 1 0 1 1 0 1 1 0 0 1 1 1 0 0 0 1 0 1 1 0 1 1 0 1 0 0 0 0 0 1 0 0 1 1 1 52
1 0 0 0 0 1 0 1 0 1 0 0 1 1 0 1 1 1 1 1 0 1 1 0 1 1 1 0 1 1 0 0 0 1 1 1 0 1 1 1 0 0 0 0 0 0 0 0 0 0 1 1 1 0 1 0 1 0 0 0 1 0 0 0 1 1 0 1 1 1 1 0 0 0 1 1 1 0 0 0 1 0 1 0 0 1 1 1 0 0 0 0 0 0 0 1 1 1 1 1 49
0 1 1 1 0 0 1 0 0 1 1 0 0 1 1 1 1 0 1 1 0 1 1 0 0 0 1 0 0 1 1 0 1 0 0 1 1 1 1 1 1 0 0 1 0 0 0 0 0 0 0 0 1 0 1 0 1 0 0 0 0 0 0 1 1 1 0 0 1 1 1 1 0 0 1 1 1 0 0 0 1 0 0 1 0 1 1 1 0 1 0 0 0 1 0 1 0 0 1 1 48
1 1 0 0 1 1 1 0 0 1 0 1 0 1 0 1 1 0 1 1 0 0 1 0 0 1 1 0 0 1 0 0 1 1 1 0 0 1 1 1 0 0 1 0 1 0 0 0 1 0 0 0 1 0 1 1 1 1 0 1 1 0 0 0 0 1 0 1 1 0 0 1 0 1 1 1 1 0 0 0 0 1 0 0 0 1 1 1 1 0 0 0 0 0 1 1 1 1 1 1 51
1 0 1 0 1 0 0 1 0 1 0 1 1 1 1 1 1 1 1 1 0 1 1 0 1 1 1 0 1 0 0 0 1 1 1 0 0 1 1 1 0 0 1 1 1 1 0 0 1 0 0 0 1 1 1 0 1 1 0 1 0 0 0 0 1 1 0 1 1 1 1 0 1 0 1 1 0 0 0 1 1 0 1 0 0 1 1 1 0 1 1 0 0 0 0 1 0 1 1 1 58
1 0 0 0 1 1 1 1 0 1 0 0 0 1 1 1 1 0 1 1 0 1 1 0 1 0 1 0 0 0 1 1 1 0 1 1 0 1 1 0 1 0 0 1 1 0 0 1 1 0 1 0 0 0 1 0 0 1 0 1 1 0 0 0 1 1 1 1 1 1 1 0 0 0 1 1 0 0 0 1 1 0 0 0 0 0 1 1 0 0 1 0 1 0 0 0 1 1 1 1 52
1 0 0 0 0 0 0 1 0 1 0 0 0 0 0 1 1 0 1 1 0 0 1 0 0 0 1 0 1 1 1 0 0 0 1 0 0 1 1 0 1 0 0 1 1 1 0 1 1 0 0 0 1 0 1 0 0 0 0 0 1 0 1 0 0 1 1 1 1 1 0 1 0 0 1 1 1 1 0 1 1 0 1 0 0 1 1 1 0 0 0 0 1 1 0 1 1 1 1 1 48
0 0 0 0 1 0 1 1 0 1 0 0 0 1 1 1 1 0 1 1 1 1 0 0 1 0 1 0 0 0 1 0 1 0 0 1 0 1 1 0 0 0 1 1 0 1 0 0 1 0 0 0 1 0 1 0 0 0 0 1 1 0 0 0 1 1 1 0 1 1 0 0 1 0 1 1 0 0 0 1 1 0 0 1 0 0 1 1 1 0 1 0 0 1 1 1 1 1 1 1 49
0 0 1 0 0 1 0 1 0 1 0 0 0 1 1 1 1 0 1 1 0 1 1 0 0 1 1 0 1 0 0 0 0 0 0 1 0 1 1 0 1 0 1 1 0 0 0 0 1 0 1 0 1 0 1 1 1 1 0 1 1 0 0 0 1 1 0 1 1 0 1 0 0 1 1 1 0 0 0 0 1 0 0 0 0 1 1 1 1 0 1 0 1 0 0 1 0 0 1 1 48
0 1 0 0 1 0 0 1 0 1 0 0 1 1 1 1 1 0 1 1 0 0 1 0 1 1 1 0 1 0 0 0 1 1 1 0 0 1 1 0 1 1 1 0 0 0 1 1 1 1 1 0 1 0 1 1 1 1 0 1 1 0 0 0 0 1 0 1 1 0 1 0 1 0 1 1 1 0 0 1 1 0 0 1 0 1 1 1 0 1 1 0 0 1 0 1 0 1 1 1 57
1 1 0 1 1 1 1 1 0 1 1 0 0 1 0 1 1 0 1 1 0 1 1 0 1 0 1 0 1 1 1 0 1 0 0 0 0 1 1 0 0 0 0 1 1 1 0 1 1 1 1 0 1 0 1 0 1 0 0 0 1 0 0 0 1 1 0 1 1 1 1 0 0 0 1 1 1 1 0 0 1 0 0 0 0 0 1 1 0 0 0 0 1 1 0 1 0 1 0 1 53
1 0 0 1 1 1 0 1 0 1 1 1 1 1 0 1 1 0 0 1 0 1 1 0 0 0 1 0 1 1 0 0 1 0 1 0 0 1 1 1 0 0 0 1 1 1 1 0 0 0 0 0 1 0 1 0 0 1 0 1 1 0 0 0 1 0 1 1 1 1 1 1 1 0 1 1 1 1 1 1 0 0 1 0 0 1 1 1 0 1 1 0 0 0 0 1 0 1 1 1 56
1 0 0 0 1 1 1 0 0 1 1 0 1 1 1 1 1 1 1 1 1 1 1 0 1 0 1 0 1 0 1 0 0 0 0 0 1 1 1 1 0 0 0 1 1 1 0 0 1 0 1 1 1 0 1 0 1 1 0 0 1 0 0 0 1 1 0 1 1 0 0 0 1 0 1 1 1 0 1 1 0 0 1 1 1 1 1 0 0 0 1 0 0 1 0 1 1 1 0 1 57
1 0 0 0 1 0 0 1 0 1 0 0 1 1 1 0 1 1 1 1 0 0 1 0 1 1 0 0 0 0 1 0 1 0 0 1 0 1 1 1 1 0 0 1 1 0 0 0 0 1 0 0 1 0 1 0 1 1 0 1 1 0 0 0 1 1 1 1 1 0 1 0 1 0 1 1 0 0 0 1 1 0 0 0 0 0 1 1 1 1 0 0 0 0 0 1 1 1 1 1 50
1 0 0 1 1 1 0 0 0 1 0 0 0 0 0 1 0 1 1 1 0 1 1 0 1 0 1 1 1 0 0 0 1 0 0 1 0 1 1 1 1 0 0 1 1 1 0 1 0 0 1 0 0 0 1 0 0 1 0 0 1 0 1 0 0 1 0 0 1 0 1 1 0 0 1 0 1 1 0 1 1 0 1 0 0 1 1 1 1 1 1 0 0 0 0 1 1 1 1 1 51
0 0 0 0 1 0 0 1 0 1 1 0 0 1 0 1 1 1 1 1 0 0 1 0 0 0 1 0 0 1 1 0 0 0 0 1 0 1 1 1 1 0 0 1 0 1 0 1 1 1 0 0 1 0 1 0 1 1 0 1 1 0 1 0 1 1 1 1 1 0 1 0 0 0 1 0 1 0 0 1 1 0 0 0 0 1 1 1 0 1 1 0 0 1 1 1 1 1 1 1 53
0 0 0 0 0 1 0 1 0 1 0 0 0 1 1 1 1 0 1 1 0 0 0 0 1 1 1 0 1 1 1 0 1 1 1 1 0 1 1 1 0 0 0 1 0 1 0 1 0 1 0 0 1 0 1 1 1 0 0 1 1 0 0 1 1 1 0 1 1 1 1 1 0 0 0 1 1 0 0 1 0 0 1 0 0 1 1 1 0 0 1 0 0 0 0 1 0 1 1 1 52
1 0 0 1 1 0 1 1 0 0 0 0 1 1 0 1 1 1 1 1 1 1 1 0 0 0 1 0 1 0 0 0 0 1 1 0 0 1 1 1 0 0 1 1 0 1 0 0 1 0 0 0 1 0 1 0 1 0 0 1 1 0 0 0 1 1 0 1 1 1 0 0 1 0 0 0 1 0 0 0 1 0 1 0 0 0 1 1 0 0 0 0 0 0 0 1 1 1 1 1 47
0 0 1 0 0 0 0 1 0 1 0 1 0 1 0 1 1 0 1 1 0 1 1 1 1 0 1 0 1 1 0 0 1 1 0 0 0 1 1 0 0 0 0 1 0 1 0 0 0 0 0 0 0 0 1 0 1 0 0 1 0 0 0 1 1 1 0 0 1 1 0 0 1 0 1 0 1 0 0 0 1 1 1 0 0 1 1 1 0 1 0 0 0 0 0 1 0 1 1 1 44
1 1 0 0 1 0 0 1 0 1 0 1 0 1 0 1 1 0 1 1 1 0 1 0 1 0 1 0 1 0 0 0 0 1 1 1 0 1 1 1 1 1 0 0 1 1 0 0 1 1 0 0 1 1 1 0 1 1 0 0 1 0 0 1 1 0 0 1 1 0 1 1 1 0 1 1 0 0 1 0 1 0 1 0 0 1 1 1 0 1 1 0 1 0 1 0 0 1 1 1 56
1 0 0 0 1 0 0 1 0 1 0 0 1 1 0 1 0 0 0 1 0 1 1 0 0 0 1 1 1 0 1 0 0 1 1 0 0 1 1 1 0 0 0 1 1 1 0 1 0 0 1 0 1 0 1 0 1 0 0 1 1 1 0 0 0 1 0 1 1 1 0 1 0 1 1 1 1 0 0 1 1 0 1 0 0 0 1 1 0 0 0 0 0 0 0 0 0 1 1 1 47
1 0 0 1 0 1 1 1 0 1 0 0 1 1 1 1 0 0 1 1 1 1 1 0 1 0 1 0 1 1 1 0 1 0 1 1 0 1 1 1 0 0 0 1 0 1 0 0 0 1 1 1 1 0 1 0 0 0 0 0 1 0 0 0 0 1 0 0 1 0 0 0 0 0 0 1 1 0 1 0 1 0 0 0 1 1 1 1 1 1 1 0 1 0 0 1 1 1 1 1 53
1 0 0 0 1 1 0 1 0 1 0 1 1 0 0 1 0 0 1 1 1 0 1 0 0 0 1 0 1 1 1 0 0 1 0 0 0 1 1 1 0 1 0 1 0 1 0 0 1 0 0 0 1 0 1 1 0 1 0 0 1 0 0 0 1 1 0 1 1 0 0 1 0 0 1 1 0 0 0 1 1 0 1 0 0 0 1 1 0 1 0 0 0 0 0 0 0 1 1 1 45
0 1 0 0 1 0 0 1 0 1 0 0 1 1 1 1 1 1 1 1 1 0 1 0 1 0 1 0 1 0 1 0 1 1 1 1 0 1 1 1 0 0 0 1 1 1 1 0 0 0 0 0 1 0 1 0 1 1 1 0 1 0 0 0 1 1 0 1 1 0 1 0 0 0 1 1 0 0 0 1 1 1 0 0 0 1 1 1 0 0 1 0 0 1 0 1 1 1 1 1 55
1 0 0 0 1 1 0 1 1 1 0 0 1 1 0 1 1 0 1 1 0 0 1 0 1 0 1 0 1 0 0 0 1 0 0 1 0 1 1 1 1 1 0 1 0 1 0 0 0 0 1 1 1 0 1 1 1 0 0 0 1 0 0 0 1 1 0 1 1 1 1 0 1 0 1 1 0 0 0 1 1 0 1 0 0 0 1 1 0 0 0 0 1 0 0 1 1 1 1 1 52
1 0 0 0 1 0 0 1 0 1 0 0 1 1 0 1 1 0 1 1 0 0 1 0 0 0 1 0 1 0 0 0 1 0 0 1 0 1 1 1 0 0 0 1 0 1 0 0 1 0 1 0 1 0 1 0 1 0 0 0 0 0 0 0 1 1 0 0 1 0 1 0 0 0 1 1 1 0 1 0 1 1 1 0 0 0 1 1 1 0 0 0 0 0 1 0 1 1 1 1 44
0 0 0 0 1 1 0 0 0 1 0 1 1 1 0 1 1 1 1 1 0 0 1 0 1 0 1 0 0 1 1 0 1 1 0 1 0 1 1 1 0 0 1 1 0 1 0 0 1 0 0 0 1 0 1 1 0 0 0 1 1 0 0 0 1 1 0 0 1 0 0 0 0 0 1 1 1 0 0 1 1 0 0 0 1 0 1 1 0 0 0 0 0 1 0 0 0 1 1 1 46
104 52 24 55 129 97 24 151 10 192 41 56 87 161 77 195 171 73 185 168 29 108 163 11 144 50 196 15 148 95 120 20 130 102 118 134 27 195 192 151 81 35 40 167 116 123 11 60 97 47 107 37 170 13 200 55 147 72 25 100 157 2 30 36 148 187 35 96 199 76 109 68 76 53 167 179 77 56 37 105 177 31 123 60 36 143 200 184 50 104 108 15 62 66 59 160 92 155 182 197 10000
