0 1 0 0 0 0 0 0 0 0 1
0 0 0 1 0 0 0 0 0 0 1
0 0 0 1 0 0 0 0 1 0 2
1 0 0 1 1 0 1 0 0 0 4
1 0 0 1 0 0 1 0 0 0 3
0 1 1 1 1 0 0 0 1 1 6
0 1 0 0 1 1 0 0 0 0 3
0 1 1 1 0 1 0 0 1 1 6
0 1 0 1 1 1 1 1 0 1 7
1 0 0 0 1 0 1 0 1 1 5
0 0 0 0 1 1 1 1 1 1 6
1 0 0 0 0 0 1 0 1 1 4
1 0 1 1 0 0 0 1 0 1 5
0 1 0 0 0 1 0 0 1 1 4
1 0 0 1 0 1 0 1 1 1 6
0 1 0 1 1 0 0 0 0 0 3
1 1 0 0 1 0 0 1 0 1 5
0 1 1 1 1 0 1 0 1 1 7
1 0 1 1 0 1 0 1 1 1 7
0 0 0 0 1 1 0 0 1 0 3
0 0 1 0 1 1 1 1 1 0 6
0 0 1 0 0 0 0 1 1 1 4
1 1 1 1 1 1 1 0 0 0 7
1 1 1 1 0 1 0 0 0 1 6
0 0 1 0 0 0 1 0 0 1 3
1 0 0 0 1 0 0 0 1 1 4
0 0 1 0 0 1 0 0 1 0 3
1 1 0 0 1 1 1 0 0 1 6
1 0 0 0 1 1 0 0 1 1 5
1 0 0 0 0 0 0 0 0 1 2
0 0 1 0 1 0 0 0 1 1 4
1 1 1 0 0 1 1 1 1 1 8
0 0 1 0 0 0 1 0 0 1 3
0 0 0 0 1 0 0 0 0 0 1
0 1 0 0 0 0 0 0 0 0 1
0 0 1 0 0 0 0 0 0 0 1
0 1 0 0 0 0 0 0 0 0 1
0 0 0 1 0 0 0 0 0 0 1
0 0 1 0 0 0 0 0 0 0 1
0 0 0 0 1 0 0 0 0 0 1
0 0 0 0 0 1 0 0 0 0 1
0 1 0 0 0 0 0 0 0 0 1
0 1 0 0 0 0 0 0 0 0 1
0 0 0 0 0 0 0 0 0 1 1
0 0 0 0 0 0 1 0 0 0 1
0 0 0 1 0 0 0 0 0 0 1
0 0 0 0 0 0 0 1 0 0 1
0 0 0 0 0 0 0 1 0 0 1
1 0 0 0 0 0 0 0 0 0 1
0 0 0 0 1 0 0 0 0 0 1
16 17 16 16 19 16 14 11 18 23 166
