0 1 0 1 1 1 1 0 0 1 0 0 1 1 1 1 1 0 0 0 1 1 1 1 1 0 1 1 0 0 1 1 0 0 1 0 0 0 1 1 1 0 1 0 0 0 0 0 0 0 25
0 0 1 0 1 1 1 1 0 0 0 0 1 0 1 1 0 1 1 0 0 1 1 0 0 0 0 1 1 1 1 1 1 0 0 1 1 0 1 1 1 1 0 0 0 1 0 0 0 0 25
0 0 1 1 0 0 1 0 0 0 0 0 1 1 0 1 0 1 0 0 1 1 1 1 0 0 0 0 0 1 1 1 0 1 1 1 1 0 0 1 1 1 0 0 0 0 0 0 0 0 21
0 1 1 0 1 1 1 1 0 0 0 0 1 0 0 1 1 0 0 1 0 1 1 1 0 0 0 1 1 1 0 1 1 1 1 1 1 0 1 1 0 0 0 0 0 0 0 0 0 0 24
0 1 1 0 0 0 1 1 0 0 0 0 0 1 0 1 0 0 0 1 0 1 0 1 1 1 1 1 1 1 0 1 1 1 1 0 0 0 0 1 1 1 0 0 0 0 0 0 0 0 22
0 1 1 0 1 0 1 1 0 1 1 0 1 0 0 1 0 0 1 0 0 1 1 1 1 0 1 1 0 0 1 1 1 1 1 0 1 1 0 1 0 1 1 0 0 0 0 0 0 0 26
0 0 1 1 1 0 1 1 0 1 1 0 1 0 1 1 1 0 0 1 1 1 0 1 1 1 1 1 1 1 1 1 1 1 1 0 1 1 1 1 1 0 0 0 0 0 0 0 0 0 31
1 0 1 1 1 0 1 1 1 1 1 0 1 1 0 1 0 0 1 1 0 1 1 1 1 1 1 1 1 0 1 1 1 1 0 1 0 0 1 1 0 1 0 0 0 0 0 0 0 0 30
0 1 1 0 1 0 1 1 0 1 0 0 0 1 0 1 0 0 1 0 1 1 1 1 1 1 0 1 1 1 0 1 1 0 1 0 0 0 0 1 1 0 0 0 0 0 0 0 0 0 23
0 1 0 0 0 0 1 1 0 1 0 0 0 1 0 1 1 1 0 1 0 1 0 1 0 0 0 1 1 1 1 1 0 0 1 1 1 0 1 1 0 0 1 1 1 0 0 0 0 0 24
0 1 0 0 0 0 1 1 0 1 0 0 1 1 0 1 0 1 1 0 1 1 1 1 1 0 0 0 1 0 1 1 1 1 0 0 1 0 0 1 1 0 0 0 0 0 0 0 0 0 22
0 0 1 1 1 0 1 1 1 1 0 0 1 1 1 1 0 1 1 1 0 1 1 1 1 1 0 1 1 0 1 1 0 0 1 1 1 0 0 1 0 0 0 0 0 0 0 0 0 0 27
0 1 1 0 1 0 1 1 0 1 1 0 1 1 0 1 1 0 0 0 0 1 1 1 0 1 0 1 1 0 1 1 0 0 1 0 1 0 1 1 1 1 1 0 0 0 0 0 0 0 26
0 1 1 1 1 0 1 1 0 1 1 0 1 1 0 1 1 1 1 1 0 1 0 1 0 0 0 1 0 0 1 1 1 1 1 1 1 0 0 0 0 0 0 0 0 0 0 0 0 0 25
0 1 1 1 1 0 1 1 0 0 1 1 1 1 1 1 0 0 0 1 0 0 1 1 1 0 0 1 0 0 1 1 1 0 1 1 1 0 0 0 1 1 0 0 0 0 0 0 0 0 25
0 0 1 1 1 0 1 0 0 0 1 0 1 1 0 1 1 0 1 1 1 1 1 1 0 0 0 1 1 0 1 1 1 1 0 0 1 0 1 0 1 1 0 0 0 0 0 0 0 0 25
0 1 0 1 0 0 1 1 0 1 1 0 1 1 0 1 0 0 0 1 0 1 0 1 1 1 0 1 1 0 1 1 1 0 0 0 1 0 1 0 1 0 0 1 0 0 0 0 0 0 23
1 1 0 1 1 1 0 1 0 1 1 0 1 1 1 1 0 1 0 0 0 1 1 1 0 0 0 1 0 1 1 1 1 0 1 0 1 0 1 1 0 0 0 0 0 0 0 0 0 0 25
0 0 1 1 1 0 1 1 0 0 0 0 1 0 1 1 0 0 1 0 0 1 1 0 1 0 1 0 1 1 1 1 1 0 1 1 1 1 0 0 1 0 1 0 0 0 0 0 0 0 24
0 0 1 1 1 1 1 1 0 1 1 0 0 1 0 1 0 0 0 0 1 1 0 1 0 1 0 1 1 1 1 1 1 0 1 1 0 0 1 1 0 0 1 0 0 0 0 0 0 0 25
0 0 1 0 1 0 0 1 0 1 0 0 1 1 0 1 0 1 1 1 0 1 0 1 1 1 0 1 1 1 1 1 1 1 1 0 0 1 1 1 0 1 1 0 0 0 0 0 0 0 27
0 1 1 0 1 0 1 1 0 1 0 0 1 0 0 1 0 0 0 0 0 1 1 1 1 1 0 1 0 0 0 1 1 1 1 0 1 0 1 0 0 1 1 0 1 1 0 0 0 0 24
0 0 1 0 1 0 0 1 0 1 0 0 1 1 0 1 0 0 0 0 1 0 1 1 0 0 0 1 1 1 1 1 1 1 1 0 0 0 0 0 0 1 0 0 0 0 0 0 0 0 19
1 1 0 1 0 0 0 1 0 0 1 0 1 1 0 0 0 0 1 0 1 1 1 1 1 1 0 1 1 1 0 1 1 1 1 0 1 0 1 0 1 0 0 0 1 0 0 0 0 0 25
0 1 1 1 1 0 1 1 0 0 1 0 0 1 1 0 0 0 1 1 1 1 1 1 1 1 1 1 1 0 1 1 1 1 1 0 1 0 1 1 1 0 1 1 0 0 0 0 0 0 31
0 1 1 1 1 0 1 0 1 0 0 0 1 0 1 1 0 0 1 1 0 1 0 1 1 1 0 1 0 0 1 1 1 0 1 0 0 0 1 1 1 1 1 0 0 0 0 0 0 0 25
0 1 0 0 0 1 1 1 0 1 1 0 1 1 0 1 0 1 1 1 0 1 1 1 1 0 0 1 0 1 1 1 1 1 1 0 1 0 0 0 1 0 1 1 0 0 0 0 0 0 27
0 0 0 0 1 0 1 1 0 1 1 0 1 1 0 1 1 0 0 0 1 1 0 1 0 0 0 1 1 1 0 1 1 0 1 0 1 1 1 0 1 1 0 0 0 0 0 0 0 0 23
0 1 1 0 1 0 1 1 0 1 1 0 0 1 0 1 0 0 1 0 1 1 0 1 0 0 0 1 0 1 1 1 0 0 1 0 0 1 1 0 0 1 0 0 0 0 0 0 0 0 21
1 1 1 1 0 0 1 1 0 0 1 0 1 0 1 1 0 0 0 0 0 0 1 0 1 0 0 1 1 1 1 1 1 0 1 0 1 1 1 0 1 0 0 0 0 0 0 0 0 0 23
0 1 0 1 0 0 1 1 1 0 1 0 1 0 1 1 0 1 0 0 1 1 0 1 0 1 1 1 0 1 1 1 1 1 1 1 1 0 0 1 1 0 0 0 0 0 0 0 0 0 26
0 1 1 0 1 0 1 1 0 1 0 0 1 1 0 1 0 0 1 0 0 1 1 1 1 0 1 1 1 0 1 1 1 1 1 0 0 0 1 0 1 1 0 0 0 0 0 0 0 0 25
0 0 1 1 1 0 1 0 0 1 0 0 0 1 0 1 0 0 1 0 0 1 1 1 1 0 0 0 1 1 1 0 1 0 1 0 1 0 1 1 1 1 0 0 0 0 0 0 0 0 22
0 0 1 1 1 0 1 1 0 1 1 0 1 1 0 1 0 0 1 1 1 1 0 1 1 1 0 0 1 1 1 1 0 0 0 0 1 0 0 0 1 1 0 0 0 0 0 0 0 0 24
0 1 1 1 1 0 1 1 0 1 0 0 0 1 0 1 0 0 0 1 0 1 1 1 1 1 1 1 1 1 0 1 1 0 1 1 1 0 1 1 1 0 0 0 0 0 0 0 0 0 27
0 0 0 0 1 0 1 1 0 1 0 0 1 1 0 1 1 0 1 0 0 1 0 1 1 0 0 1 1 1 1 1 1 0 0 0 1 0 1 0 1 1 0 0 0 0 0 0 0 0 22
0 0 1 1 0 0 1 1 0 0 0 0 0 1 0 1 0 0 1 0 1 0 1 1 1 1 0 1 0 1 1 1 1 1 1 0 1 1 0 1 0 0 0 0 0 0 0 0 0 0 22
0 0 0 1 1 0 1 1 0 0 1 0 1 1 0 1 1 1 1 0 1 1 1 1 1 1 0 1 0 0 1 1 1 1 1 0 1 1 0 0 0 1 1 0 0 0 0 0 0 0 27
1 1 1 1 0 1 1 1 0 0 0 0 1 1 0 1 0 0 0 0 0 1 1 1 1 1 1 0 1 1 1 1 1 0 1 1 0 0 1 1 1 1 0 1 0 0 0 0 0 0 28
0 1 0 1 1 1 1 0 0 0 0 0 1 0 0 1 0 0 0 1 1 1 1 1 1 1 0 0 1 1 1 1 0 0 1 0 1 0 1 0 1 1 0 0 0 0 0 0 0 0 23
1 1 1 1 1 0 1 0 0 1 1 0 0 1 1 1 0 0 1 0 0 0 0 1 1 0 1 1 1 0 1 1 1 0 0 0 1 0 1 1 0 0 0 0 0 0 0 0 0 0 23
1 1 1 1 1 0 1 1 0 0 0 0 1 1 1 1 0 0 1 1 1 1 0 1 0 0 1 1 1 1 1 1 1 1 1 0 1 1 1 1 1 1 0 0 0 0 0 0 0 0 31
0 1 1 1 1 0 1 1 0 0 0 0 0 0 0 1 1 0 1 0 0 1 1 1 1 1 0 1 1 1 1 1 1 0 1 0 1 0 0 1 1 0 0 0 0 0 0 0 0 0 24
1 1 0 0 1 1 1 1 0 1 0 0 1 1 0 1 0 0 0 1 0 1 0 1 0 0 1 1 0 1 1 1 1 1 1 0 1 0 0 0 0 0 0 0 1 0 1 0 0 0 24
0 1 1 1 1 0 1 1 0 0 0 0 1 1 0 1 1 1 1 0 0 1 0 1 1 0 0 0 1 1 0 1 1 1 1 1 1 0 1 0 1 0 0 0 0 0 0 0 0 0 25
0 1 1 1 1 0 0 1 0 1 0 0 1 1 0 1 1 1 0 0 0 1 0 1 1 1 0 1 1 1 1 0 1 0 0 0 1 0 0 1 0 0 1 0 0 0 0 0 0 0 23
0 0 0 1 0 0 1 0 0 0 0 0 1 1 0 1 0 0 1 0 0 1 0 1 1 1 1 1 1 0 1 1 1 1 1 0 1 0 1 1 1 1 0 1 0 0 0 0 0 0 24
0 0 1 1 1 0 1 1 0 1 1 0 1 0 0 1 0 0 1 1 0 1 0 1 1 1 1 1 0 0 0 1 1 1 1 0 0 0 1 0 1 1 0 0 0 0 0 0 0 0 24
0 1 1 1 1 1 1 1 0 1 1 0 0 0 0 1 0 0 0 1 0 1 0 1 1 0 1 1 1 1 1 1 1 1 1 0 1 1 1 0 1 1 0 1 0 0 0 0 0 0 29
0 0 0 0 1 0 1 0 0 0 1 0 1 0 0 1 0 0 1 0 0 1 1 1 1 1 1 1 1 0 1 1 1 0 1 1 1 0 1 0 0 1 0 0 0 0 0 0 0 0 22
0 1 1 0 1 0 1 0 0 0 1 0 1 1 1 1 0 0 1 0 0 1 1 1 1 1 0 1 1 1 1 1 1 1 1 0 1 0 1 1 1 1 0 0 1 0 0 0 0 0 29
1 0 1 1 1 0 1 1 0 1 0 0 1 1 1 0 1 0 1 0 1 1 0 1 1 0 0 0 0 1 1 1 1 0 1 1 1 0 0 1 1 1 0 0 0 0 0 0 0 0 26
0 1 0 0 1 0 1 1 0 0 1 0 1 1 0 1 0 0 0 0 0 1 1 1 1 1 0 1 1 0 1 1 0 0 1 0 0 0 0 1 1 0 1 0 0 0 0 0 0 0 21
0 0 0 1 1 1 1 1 0 1 0 0 1 1 0 1 0 0 1 0 1 1 1 1 1 0 1 1 0 1 1 1 1 0 1 0 1 0 1 0 0 1 1 0 0 0 0 0 0 0 26
0 1 0 1 0 1 1 0 0 0 0 0 1 1 1 1 0 0 1 1 0 1 0 1 0 1 0 1 0 0 1 1 1 1 1 1 1 0 1 1 1 0 1 0 1 0 0 0 0 0 26
0 1 0 0 1 0 1 1 0 0 0 0 0 1 1 1 0 0 1 1 0 0 0 1 1 1 0 0 1 1 1 1 1 1 1 0 1 1 1 1 1 0 0 0 0 0 0 0 0 0 24
0 1 1 1 1 0 1 1 0 0 1 0 1 1 0 1 1 0 1 0 0 1 1 1 0 0 0 1 0 1 0 1 1 0 1 1 1 0 1 0 1 1 0 0 0 0 0 0 0 0 25
0 0 1 1 1 0 1 1 0 0 0 0 1 1 0 0 1 0 1 0 1 1 1 1 1 1 0 1 0 0 1 1 1 1 0 0 1 1 0 1 0 0 1 0 0 0 0 0 0 0 24
0 1 1 1 1 0 1 0 0 1 1 0 1 1 0 1 0 0 0 1 1 1 0 0 1 0 0 1 1 1 1 1 1 0 1 0 1 0 1 1 1 0 0 0 0 0 0 0 0 0 25
0 1 0 1 1 0 1 1 1 0 0 0 1 1 1 0 0 1 1 0 0 1 0 1 1 1 0 1 0 1 0 1 1 1 0 1 1 0 0 0 1 1 0 0 0 0 0 0 0 0 24
0 0 0 1 1 0 1 1 0 0 0 0 1 1 0 1 0 0 0 0 0 1 0 1 1 1 0 1 1 1 0 1 1 0 0 1 1 0 0 1 0 0 0 0 0 0 0 0 0 0 19
0 1 1 1 0 0 1 1 0 1 1 0 1 1 0 1 0 0 0 1 1 1 1 1 1 0 0 1 0 1 1 1 0 0 1 0 1 0 1 1 0 1 0 0 0 0 0 0 0 0 25
1 0 0 1 0 1 1 1 0 0 0 0 1 1 1 1 1 0 1 0 1 1 1 1 1 0 0 1 1 1 1 1 1 0 1 1 1 0 1 1 1 0 0 0 0 0 0 0 0 0 28
0 0 1 0 1 0 1 1 0 0 0 0 1 1 1 1 0 0 1 0 1 1 1 1 1 1 0 1 0 0 1 1 1 1 1 0 1 0 1 1 1 0 1 0 0 0 0 0 0 0 26
0 1 1 1 1 0 1 1 1 1 0 0 1 1 0 1 1 0 0 1 0 1 0 1 1 1 0 0 1 0 1 1 1 1 1 0 1 1 1 1 1 1 0 0 0 0 0 0 0 0 29
0 0 0 1 1 0 1 1 0 1 0 0 1 0 1 1 0 0 1 0 1 1 1 1 1 1 0 1 1 1 1 1 0 1 1 0 1 0 0 1 1 1 1 0 0 0 0 0 0 0 27
1 0 1 1 1 0 1 1 0 1 1 0 1 0 1 1 1 1 1 1 1 1 1 1 1 0 0 1 1 1 0 1 1 1 1 0 1 0 1 0 1 0 0 0 0 0 0 0 0 0 30
0 1 1 1 1 0 1 0 0 1 0 1 1 0 0 1 1 1 1 1 0 1 1 1 0 0 0 1 0 1 1 1 1 0 1 0 1 0 0 1 0 1 0 0 0 0 0 0 0 0 25
0 1 0 1 1 1 1 1 0 0 0 0 1 1 1 1 1 0 1 1 0 1 0 1 1 0 0 0 1 0 1 1 1 1 1 0 0 0 0 1 1 0 0 0 0 0 0 0 0 0 24
0 0 0 0 1 1 1 1 0 1 1 0 1 1 0 1 0 0 1 1 1 1 1 1 0 1 0 1 0 0 1 1 1 1 1 0 1 0 1 1 1 1 0 0 1 0 0 0 0 0 28
0 0 1 1 0 0 1 0 0 1 0 0 1 0 0 1 0 0 1 1 0 1 0 1 1 1 0 1 0 1 0 1 0 0 1 1 1 0 0 0 0 0 0 0 0 0 0 0 0 0 18
0 0 0 1 1 0 1 1 0 1 0 0 1 0 0 1 0 0 1 0 0 1 1 1 0 0 0 1 1 1 1 1 1 1 1 0 0 0 1 1 1 0 0 0 0 0 0 0 0 0 22
0 0 1 1 1 0 1 0 0 0 0 0 1 1 0 1 1 0 0 1 0 1 1 0 1 1 0 1 1 1 1 1 0 0 1 0 1 0 0 1 1 1 1 0 0 0 0 0 0 0 24
0 0 1 0 1 0 1 0 0 1 1 0 0 1 0 1 1 0 1 0 1 1 1 1 1 0 0 1 0 0 1 1 1 0 1 0 1 1 0 0 1 1 0 0 0 0 0 0 0 0 23
0 1 0 1 1 0 1 1 0 1 0 0 0 0 0 0 0 1 0 0 1 1 1 0 1 0 1 1 1 0 1 1 1 1 1 0 1 1 1 0 0 0 0 0 1 0 0 0 0 0 23
0 1 0 0 0 1 1 1 0 1 1 0 1 0 0 1 0 0 1 1 0 1 0 1 1 0 0 1 1 0 1 1 0 0 1 1 1 1 0 1 1 0 0 0 0 0 0 0 0 0 23
0 1 1 1 1 0 1 1 0 1 1 0 1 0 0 0 0 0 1 1 1 1 0 1 1 0 1 1 0 1 1 1 0 1 1 0 0 0 0 1 1 1 0 0 0 0 0 0 0 0 25
1 1 0 0 1 0 1 0 0 0 1 0 1 1 0 1 0 0 1 0 0 1 0 0 1 0 1 1 1 1 1 1 1 1 1 1 1 0 1 1 0 0 0 0 0 0 0 0 0 0 24
0 1 1 1 1 1 1 1 0 1 0 0 0 1 0 1 0 1 1 0 1 1 0 1 1 0 1 1 1 1 1 1 0 1 1 0 1 0 0 0 1 0 1 0 0 0 0 0 0 1 28
0 1 0 1 1 1 1 1 0 1 1 0 1 1 1 1 0 0 0 0 1 1 1 1 0 0 0 1 1 1 0 1 1 0 1 0 1 0 1 0 1 0 1 0 0 0 0 0 0 0 26
0 1 1 1 1 0 1 1 0 1 1 0 1 1 0 1 0 0 1 0 0 1 1 1 1 0 0 1 1 1 1 1 1 1 1 0 1 0 1 0 1 0 1 0 1 0 0 0 0 0 29
0 1 1 1 1 0 0 1 0 0 1 0 1 1 0 1 0 1 1 0 0 1 1 1 1 1 0 1 0 0 1 1 1 1 0 0 1 0 1 0 1 0 1 0 0 0 0 0 0 0 25
0 0 1 1 1 0 1 1 0 0 0 0 1 1 0 0 0 0 1 1 0 1 0 1 1 0 1 1 0 1 1 1 0 0 1 1 1 0 1 1 1 0 1 0 1 0 0 0 0 0 25
1 0 1 1 1 0 1 0 0 1 1 0 1 0 1 1 0 1 1 1 1 0 1 1 1 0 0 1 1 0 1 1 1 0 0 0 1 0 1 1 1 0 0 0 0 0 0 0 0 0 26
1 0 0 0 1 0 1 0 0 1 1 1 1 1 0 1 0 0 0 1 0 1 0 1 1 1 0 1 0 1 1 1 0 0 1 0 1 0 1 1 1 0 1 0 0 0 0 0 0 0 24
0 1 1 1 1 1 1 1 0 0 1 0 0 1 0 1 1 0 0 1 0 1 1 1 1 0 1 0 1 0 1 1 1 1 1 0 0 1 1 1 1 1 0 0 1 0 0 0 0 0 29
0 0 0 1 1 0 1 1 0 1 0 0 1 1 0 1 1 0 1 1 0 1 0 1 1 1 0 1 1 0 1 1 0 1 1 0 1 0 1 1 1 1 0 0 0 0 0 0 0 0 26
0 0 1 1 1 1 1 1 0 0 0 0 1 1 0 0 0 1 1 0 0 1 1 0 1 0 0 1 1 1 1 1 1 0 1 0 1 0 1 0 0 0 0 0 0 1 0 0 0 0 23
0 1 0 1 1 0 1 1 0 1 1 0 1 1 1 1 0 0 1 1 0 1 1 1 0 1 0 1 0 1 1 1 1 0 1 1 1 0 0 0 1 0 0 0 1 0 0 0 0 0 27
1 0 0 1 0 0 1 1 0 1 1 0 1 1 1 1 0 0 1 0 0 1 1 1 1 0 0 1 0 0 1 1 1 0 1 0 1 0 1 0 1 0 1 0 0 0 0 0 0 0 24
0 1 1 1 1 0 1 1 0 0 1 0 1 1 0 1 0 1 0 0 0 1 1 1 0 0 0 1 1 0 1 1 0 0 1 1 1 1 0 0 1 0 0 0 0 0 0 1 0 0 24
0 1 0 1 0 1 1 1 1 1 0 0 1 1 0 1 1 0 0 1 0 1 1 1 0 0 0 1 0 0 1 1 0 0 1 0 1 0 0 1 0 0 1 0 0 0 0 0 0 0 22
1 0 1 1 0 0 1 1 1 1 1 0 0 1 0 1 0 0 0 0 1 1 0 1 1 1 1 0 1 0 1 1 1 0 1 1 1 0 1 1 0 0 0 0 0 0 0 0 0 0 25
0 1 1 1 0 0 1 1 0 0 1 0 1 1 0 1 0 0 0 0 1 1 1 1 1 0 0 1 0 1 1 1 0 1 0 0 1 0 1 0 0 0 0 0 1 0 0 0 0 0 22
0 1 1 0 1 0 0 1 0 0 1 0 1 1 0 1 1 1 0 0 0 1 1 1 1 1 0 1 0 1 1 1 0 1 0 0 1 0 1 1 1 0 0 0 0 0 0 0 0 0 24
0 0 0 0 0 1 1 1 0 1 0 0 0 1 0 1 1 0 0 0 0 1 1 1 1 0 1 1 1 1 0 1 1 1 1 1 1 1 1 1 1 1 0 0 0 0 0 0 0 0 26
0 1 1 1 0 0 1 0 0 0 0 0 1 1 0 1 0 0 0 0 1 1 1 1 1 1 0 0 1 1 1 1 1 0 1 0 1 1 1 0 1 1 0 0 0 0 0 0 0 0 24
1 1 1 1 1 1 1 1 0 1 0 0 0 0 0 0 1 0 1 0 1 1 1 1 0 1 0 0 0 1 1 1 1 0 0 0 1 0 1 0 0 1 0 1 0 0 0 0 0 0 24
1 0 1 1 1 0 1 1 0 0 0 0 0 1 0 1 0 1 1 1 1 1 0 1 0 0 0 1 0 1 1 1 1 0 1 0 1 0 1 0 0 0 1 0 0 0 0 0 0 0 23
0 0 1 1 1 0 1 1 0 1 0 0 1 0 0 1 0 0 1 0 0 1 1 1 1 0 0 1 1 1 1 1 0 0 1 1 1 0 0 0 1 1 0 1 0 0 0 0 0 0 24
0 0 1 1 1 0 0 1 0 1 0 0 1 1 0 1 0 0 1 0 0 1 0 1 0 1 0 1 0 1 0 1 1 0 1 0 1 0 1 1 1 0 0 0 1 0 0 0 0 0 22
0 0 1 0 1 0 1 1 0 0 1 0 0 1 0 0 0 0 0 1 1 1 1 1 0 1 0 0 1 1 0 1 1 0 1 1 1 1 1 0 0 0 0 0 0 0 0 0 0 0 21
0 1 1 1 0 0 1 1 0 0 0 0 1 1 0 1 1 1 0 1 0 1 1 1 0 0 1 1 0 1 1 1 0 1 1 0 1 0 1 0 1 0 0 1 0 0 0 1 0 0 26
0 0 0 0 0 0 1 1 0 1 1 0 0 0 0 1 0 0 1 0 0 1 0 1 1 1 0 1 1 1 1 0 1 1 1 1 0 1 1 0 0 0 0 0 0 0 0 0 0 0 20
0 1 1 1 1 0 1 1 0 1 1 0 1 0 1 1 0 0 0 0 1 1 1 1 1 0 0 1 1 1 1 1 1 1 0 0 1 0 0 0 1 1 0 0 0 0 0 0 0 0 26
0 1 1 1 1 1 1 1 1 0 0 0 1 1 1 1 0 0 0 0 0 1 1 1 1 1 0 1 0 1 1 1 1 1 0 1 0 0 1 1 0 0 1 0 0 0 0 0 0 0 27
0 0 0 1 1 0 1 1 0 1 0 0 1 0 0 1 0 0 0 1 0 1 1 1 1 0 1 0 0 1 1 1 1 1 1 0 1 0 1 1 1 1 0 0 0 0 0 0 0 0 24
0 1 0 0 1 0 1 1 0 0 0 0 1 1 1 1 0 0 0 0 0 1 0 1 1 0 0 1 0 1 0 1 1 0 0 1 1 0 1 0 1 1 0 1 0 0 0 0 0 0 21
1 0 0 1 1 0 1 1 0 0 0 0 1 1 0 0 1 0 0 1 0 1 1 0 0 0 1 1 0 1 0 1 0 1 1 0 1 1 1 1 1 1 1 0 0 0 0 0 0 0 24
1 0 1 1 1 1 1 1 0 1 0 0 0 1 0 1 0 1 1 0 0 1 1 1 1 1 0 1 1 1 1 1 0 1 1 0 0 0 0 1 1 0 0 1 0 0 0 0 0 0 27
0 1 1 1 1 0 1 1 0 0 1 0 1 1 1 1 0 0 0 0 0 1 0 1 1 0 0 1 0 0 1 1 1 1 1 1 1 1 1 1 1 1 0 0 0 0 1 0 0 0 28
0 1 1 1 1 0 1 1 0 0 0 0 1 1 1 1 1 1 1 0 0 1 1 1 0 1 0 0 1 1 1 1 1 0 1 0 1 0 1 1 0 0 0 0 0 0 0 0 0 0 26
0 1 1 1 1 0 1 1 0 1 1 0 1 1 0 1 0 1 0 0 0 1 1 1 1 0 0 0 1 1 1 1 0 0 1 1 1 0 1 1 0 0 0 0 0 0 0 0 0 0 25
0 1 1 1 1 0 1 0 0 1 1 0 1 1 0 1 1 0 1 0 0 1 0 1 1 0 1 1 0 1 1 1 1 0 1 0 1 0 1 1 0 1 0 0 0 0 0 0 0 0 26
0 1 0 1 0 0 1 1 0 1 1 0 0 1 0 1 0 0 1 0 0 1 1 1 0 1 0 1 1 0 0 1 1 1 1 0 1 0 0 1 1 0 0 0 0 0 0 0 0 0 22
0 1 1 1 1 1 1 1 1 1 0 0 1 1 0 1 0 0 1 1 1 1 0 1 1 0 1 1 1 0 1 1 1 0 1 1 1 0 0 1 1 1 1 0 1 0 0 0 0 0 32
0 0 1 0 1 0 0 1 0 1 1 0 1 1 1 1 1 0 0 0 1 1 0 1 1 0 0 1 1 1 1 1 1 1 1 0 1 1 0 1 1 1 0 0 1 0 0 0 0 0 28
0 0 1 1 1 1 1 1 0 1 1 0 0 1 1 1 1 0 1 1 0 1 1 1 0 1 1 1 1 1 1 1 1 1 1 1 1 1 1 1 0 1 0 0 0 0 0 0 0 0 33
1 1 1 1 0 0 1 0 0 0 1 0 1 1 1 1 0 0 0 1 1 1 1 1 1 1 0 1 0 1 0 1 1 0 1 0 1 0 1 0 1 1 0 0 1 0 0 0 0 0 27
1 1 1 1 0 0 0 0 0 0 0 0 1 1 0 1 0 1 0 1 1 1 0 1 0 1 0 1 1 0 1 1 0 0 1 0 1 0 0 0 1 1 1 0 0 1 0 0 0 0 23
0 1 1 1 1 0 1 1 0 0 0 0 0 1 0 1 0 0 0 0 1 1 1 1 1 1 0 1 0 1 1 1 1 1 1 0 1 1 1 0 1 1 0 0 0 0 0 0 0 0 26
0 1 1 0 1 1 0 1 0 0 1 0 1 1 0 1 0 0 1 1 1 1 1 1 1 1 1 1 1 0 1 1 0 0 1 0 1 1 1 0 1 1 0 0 0 0 0 0 0 0 28
0 0 0 1 1 0 1 0 0 0 0 0 1 0 0 1 1 0 1 1 1 1 1 1 1 1 0 1 0 1 0 1 0 1 1 0 1 0 1 0 0 0 0 1 0 0 0 0 0 0 22
0 1 1 0 1 0 1 1 0 1 0 0 0 1 0 0 0 1 0 1 0 1 1 1 1 0 1 0 0 1 0 1 1 0 1 0 1 0 0 1 1 1 1 0 0 0 0 0 0 0 23
0 1 0 1 1 0 1 1 0 0 0 0 1 1 0 1 1 0 0 1 1 1 1 1 0 0 0 1 1 1 1 0 1 1 0 1 1 0 0 1 1 1 0 0 0 0 0 0 0 0 25
0 0 1 1 1 0 1 1 0 0 1 0 1 1 0 0 0 0 1 0 1 1 1 1 1 0 0 0 0 1 1 1 1 0 0 0 1 0 0 1 0 1 0 1 0 0 0 0 0 0 22
0 1 1 1 1 1 1 1 0 1 0 0 1 1 0 1 0 1 1 0 1 0 1 1 1 1 0 1 0 1 1 1 0 0 1 0 0 0 1 1 1 1 1 0 0 0 0 0 0 0 28
0 1 0 1 1 0 1 1 0 0 1 0 1 1 0 0 1 0 1 1 1 1 1 1 0 1 1 1 1 1 1 1 1 0 1 1 1 0 0 1 1 1 0 0 0 1 0 0 0 0 30
0 1 1 1 1 0 1 1 0 0 0 0 1 1 1 1 0 1 0 1 0 1 1 1 1 0 0 1 0 1 1 1 0 1 1 0 1 1 1 0 1 0 0 0 0 0 0 0 0 0 26
0 1 1 1 1 0 0 1 0 0 0 0 0 0 0 1 0 0 1 0 1 1 1 1 1 0 0 1 1 1 1 1 1 1 1 0 0 0 0 0 1 0 0 0 0 0 0 0 0 0 21
1 0 1 1 0 0 1 1 0 1 1 0 1 1 0 1 1 0 1 0 1 1 1 1 1 1 0 1 0 1 1 0 1 1 1 1 0 1 1 1 1 0 0 0 0 0 0 0 0 0 29
0 1 1 1 0 0 1 1 0 0 0 0 1 1 0 1 1 1 1 1 0 1 0 1 1 1 0 1 0 1 1 1 1 0 1 0 1 0 0 0 1 0 0 0 0 0 0 0 0 0 24
0 1 0 1 1 1 1 0 0 1 0 0 0 1 1 1 0 1 0 0 0 1 0 1 1 1 1 1 0 1 1 1 1 0 1 1 1 0 1 0 1 1 0 0 1 0 0 0 0 0 27
1 0 1 1 1 0 1 1 0 1 0 0 1 1 0 1 0 0 1 1 1 1 0 1 0 0 1 1 1 0 1 1 1 0 1 1 1 1 1 1 0 1 0 0 1 0 0 0 0 0 29
0 0 0 1 1 1 1 1 0 1 0 0 1 1 0 1 0 0 1 1 0 1 1 1 1 0 0 0 1 1 1 1 1 0 1 0 1 0 0 1 1 0 0 1 0 0 0 0 0 0 25
0 1 1 1 1 0 1 1 0 0 0 0 0 1 1 1 0 0 0 1 0 1 1 1 0 0 1 1 1 0 1 1 1 0 1 0 1 0 0 0 1 1 0 0 0 0 0 0 0 0 23
0 0 0 0 1 0 1 1 0 0 0 0 0 1 0 1 0 0 0 1 0 1 1 1 0 1 1 1 0 1 1 1 1 0 1 0 1 0 1 1 1 0 0 0 0 0 0 0 0 0 21
0 0 1 1 1 0 1 1 0 1 1 0 1 1 0 1 1 0 0 1 1 1 1 1 1 0 0 1 0 0 1 1 1 0 0 0 0 0 1 0 1 0 0 0 0 1 0 0 0 0 24
1 1 1 1 0 0 1 1 0 1 0 0 1 1 0 1 0 0 1 1 0 1 0 1 1 1 0 1 1 1 1 1 1 1 1 0 1 0 1 1 0 0 1 0 0 0 0 0 0 0 28
1 1 1 0 1 0 0 1 0 0 0 0 1 1 0 0 0 1 0 1 1 1 0 1 1 1 1 1 1 0 1 1 1 0 1 0 1 0 1 0 1 0 0 0 0 0 0 0 0 0 24
0 0 0 1 1 0 1 1 0 1 1 0 1 1 0 1 0 1 1 0 1 1 1 1 0 0 0 1 1 1 1 1 1 0 1 0 1 1 0 1 1 0 0 0 0 0 0 0 0 0 26
1 0 0 1 1 0 1 1 0 0 1 0 1 1 0 0 0 0 1 0 0 1 0 1 1 1 0 1 0 1 1 1 1 0 1 0 1 0 1 0 0 0 1 0 0 0 1 0 0 0 23
0 0 1 0 1 1 1 1 0 1 0 0 0 1 0 1 0 0 0 1 0 1 1 0 0 0 0 1 1 1 1 1 1 1 1 1 1 1 1 0 1 0 0 1 0 1 0 0 0 0 26
0 1 1 1 1 0 0 1 0 1 1 0 1 1 0 1 0 0 1 1 0 1 1 1 0 1 0 1 0 1 1 1 1 0 1 1 1 0 1 0 0 0 0 0 0 0 0 0 0 0 25
0 0 1 0 1 1 0 0 0 1 0 0 1 1 0 1 0 0 1 0 0 1 1 1 1 0 0 1 0 0 1 1 1 0 1 1 0 1 1 1 0 1 0 0 0 0 0 0 0 0 22
0 1 1 1 0 0 1 1 0 0 1 0 1 1 0 1 1 0 1 0 0 1 1 1 0 0 0 1 1 1 0 1 1 1 1 0 1 0 1 0 1 1 0 0 0 0 0 0 0 0 25
1 1 1 1 1 0 0 1 0 1 1 0 1 1 1 1 1 0 0 1 0 0 1 1 1 0 0 0 1 1 1 1 1 1 0 0 1 0 1 1 1 1 1 0 0 0 0 0 0 0 29
1 1 1 1 0 0 1 1 0 1 0 0 1 1 1 1 1 0 1 0 0 1 1 1 1 0 1 1 1 1 1 1 0 0 1 1 1 1 1 0 1 0 1 0 0 0 0 0 0 0 30
0 1 0 1 1 0 1 1 0 0 0 0 1 1 0 1 0 0 1 1 1 0 0 1 1 0 0 0 0 0 1 1 1 1 1 0 0 0 1 0 1 1 0 0 0 0 0 0 0 0 21
0 1 0 1 1 0 1 0 0 1 1 0 1 1 0 0 0 1 1 1 0 1 1 1 1 0 0 1 1 1 1 1 0 1 0 1 0 1 0 1 0 0 1 0 1 0 0 0 0 0 26
0 1 1 1 1 0 1 1 1 1 1 0 1 1 0 1 0 1 1 0 1 1 0 1 1 0 1 1 0 1 1 1 1 0 0 0 1 0 1 1 1 1 1 1 0 0 0 0 0 0 31
0 0 1 1 1 1 1 1 0 0 0 0 0 1 0 1 1 1 1 0 0 1 0 1 1 0 0 1 0 1 1 1 1 0 1 1 1 0 1 0 1 1 0 0 0 0 0 0 0 0 25
0 1 0 1 1 0 1 0 0 1 0 0 1 0 1 1 1 0 1 1 0 1 0 1 1 0 0 0 0 0 1 1 1 1 1 0 1 0 1 1 0 1 0 0 0 0 0 0 0 0 23
0 1 0 0 1 1 1 0 0 0 0 0 1 1 1 1 1 1 1 1 0 1 1 1 1 1 0 1 0 1 1 1 1 0 0 1 1 1 0 1 1 1 0 0 0 0 0 0 0 0 28
0 0 1 1 1 0 1 1 0 1 0 0 1 1 0 1 0 0 1 1 0 0 0 1 0 1 0 1 1 1 1 1 1 0 0 0 1 1 1 0 0 1 0 0 0 0 0 0 0 0 23
1 0 1 0 1 1 1 1 0 0 0 0 1 1 0 1 0 0 1 1 1 1 1 1 1 0 0 1 1 0 1 1 1 0 1 1 1 0 1 1 1 1 0 1 1 0 0 0 0 0 30
0 1 0 1 1 1 1 0 0 0 1 0 0 1 0 1 0 0 0 0 1 1 0 1 1 1 0 1 1 1 1 1 0 0 1 0 1 0 1 1 0 1 0 0 0 0 0 0 0 0 23
0 0 1 1 1 0 1 1 0 1 0 0 1 1 0 0 0 0 1 0 1 1 1 0 0 1 0 1 0 1 1 1 1 1 1 0 0 0 1 0 1 1 1 0 0 0 0 0 0 0 24
0 0 0 1 1 0 1 1 0 0 0 0 1 1 0 0 1 0 0 1 0 1 1 1 1 0 1 0 1 1 1 1 0 0 0 0 1 0 1 1 1 0 0 0 1 0 1 0 0 0 23
0 1 1 1 1 0 1 1 0 0 0 0 1 1 0 1 1 0 1 0 0 0 1 0 1 0 0 1 1 0 1 1 1 1 1 0 1 0 0 0 1 0 0 0 0 0 0 0 0 0 22
0 1 1 1 1 0 1 1 0 1 0 0 1 1 1 1 1 0 1 1 1 1 1 1 1 0 0 0 0 1 1 1 1 0 1 0 1 1 1 1 1 0 0 0 0 0 0 0 0 0 29
0 0 0 1 1 0 1 1 0 1 1 0 1 1 0 1 0 0 1 1 0 1 1 1 0 1 0 1 0 1 1 1 1 1 1 0 1 1 1 0 1 1 0 0 0 0 0 0 0 0 27
0 1 1 1 1 1 1 1 0 0 0 0 0 1 0 1 0 0 0 1 0 1 0 1 1 1 0 1 1 1 0 1 1 0 1 0 1 0 0 1 0 0 1 0 0 0 0 0 0 0 23
0 1 0 1 1 0 1 1 0 1 0 0 1 1 0 1 0 1 1 0 1 1 1 1 1 1 1 0 1 1 1 1 1 0 1 1 1 0 0 0 0 1 0 0 1 0 0 0 0 0 28
0 1 1 1 1 0 1 1 0 1 0 0 1 1 0 1 1 0 0 1 0 0 1 0 1 0 0 1 0 1 1 1 1 1 1 1 1 0 1 0 1 1 1 0 0 0 0 0 0 0 27
0 0 1 0 0 0 1 0 0 0 1 0 1 0 1 1 1 0 0 1 1 1 1 1 0 0 1 1 0 1 1 1 1 0 0 1 0 0 0 1 1 0 1 0 0 0 0 0 0 0 22
0 0 0 1 0 0 1 1 0 1 0 0 1 1 0 1 0 0 0 1 0 0 1 1 1 0 0 1 0 0 1 1 1 0 1 0 0 1 0 0 1 1 0 0 0 0 0 0 0 0 19
1 0 0 1 1 0 1 1 0 0 1 0 0 1 0 1 0 1 0 0 0 1 1 1 1 0 1 1 0 0 1 1 0 1 1 0 0 0 1 1 1 1 0 0 1 0 0 0 0 0 24
1 1 0 1 1 1 1 1 0 1 0 0 0 1 0 1 1 0 1 0 1 1 0 1 0 0 1 1 1 1 1 1 0 1 1 0 1 1 0 1 1 1 0 0 0 0 0 0 0 0 28
0 1 1 1 1 1 1 1 0 1 1 0 1 1 0 1 1 0 0 1 0 1 0 1 1 0 0 1 0 0 1 1 1 0 1 0 1 0 0 0 1 1 0 0 0 0 0 0 0 0 25
0 1 1 1 0 0 1 1 0 0 0 0 0 1 0 1 0 0 1 0 0 1 1 0 1 1 1 1 1 0 1 1 0 1 1 1 1 0 1 1 1 1 0 0 0 0 0 0 0 0 25
0 1 0 0 1 0 1 1 0 0 1 0 1 1 0 1 1 0 1 1 0 1 1 1 1 0 0 1 1 0 1 1 0 0 1 1 1 1 1 1 0 1 1 0 0 0 0 0 0 0 27
0 1 1 0 0 0 1 0 1 0 0 0 1 1 1 1 1 0 1 1 1 1 1 0 1 1 1 1 1 0 1 1 1 1 1 0 1 0 1 1 0 0 1 0 0 0 0 0 0 0 28
0 1 0 0 1 1 1 1 0 1 0 0 1 1 1 1 0 0 1 1 0 1 1 1 1 0 0 1 1 1 1 1 0 0 1 0 1 0 0 1 1 0 1 0 0 0 0 0 0 0 26
0 1 1 0 1 0 1 1 0 1 1 0 1 1 0 1 0 0 0 1 0 1 0 1 0 0 0 0 1 1 1 1 1 0 1 0 1 1 1 0 1 0 0 1 0 0 0 0 0 0 24
0 0 0 0 1 0 1 1 0 0 1 0 1 1 1 1 0 0 1 1 0 0 0 1 1 0 1 1 1 1 1 1 1 1 1 1 1 0 1 1 1 1 0 0 0 0 0 0 0 0 27
0 0 1 1 0 0 1 1 0 1 0 0 1 0 0 1 0 0 0 0 0 1 1 1 1 0 0 1 0 1 0 1 1 0 0 0 1 1 0 0 0 0 0 1 0 0 0 0 0 0 18
0 1 1 1 1 1 1 1 0 1 1 0 1 1 0 1 0 0 0 1 0 1 1 1 1 0 1 1 1 1 0 1 1 0 0 0 1 0 1 0 1 1 0 0 1 0 0 0 0 0 28
0 1 1 1 1 0 1 1 0 1 1 0 0 1 0 1 1 0 1 0 0 1 0 1 1 1 0 1 0 0 1 1 1 0 1 1 1 1 0 1 1 0 0 0 0 0 0 0 0 0 26
0 1 1 1 1 0 1 1 0 1 1 0 1 0 1 1 1 1 0 0 1 1 1 1 1 1 0 0 0 1 1 0 1 1 1 0 1 0 0 0 0 1 1 1 1 1 0 0 0 0 30
0 0 1 0 0 0 1 1 0 0 0 0 1 1 0 1 1 0 1 1 0 1 0 1 0 0 1 0 1 0 1 1 0 0 0 0 1 0 1 1 0 0 0 0 1 0 0 0 0 0 19
0 1 1 0 0 0 1 1 0 0 0 0 1 1 0 1 0 1 1 0 0 1 0 1 0 0 1 1 0 0 1 1 1 0 1 0 0 1 1 1 1 0 1 0 0 0 0 0 0 0 22
0 0 1 0 1 1 0 1 0 0 1 0 1 0 0 1 0 1 0 0 0 1 0 1 1 1 0 1 0 1 0 1 1 1 1 0 1 1 0 0 1 1 1 0 0 0 0 0 0 0 23
0 1 0 0 1 0 1 1 0 1 0 0 1 0 0 1 0 0 1 1 1 1 1 1 1 0 0 1 1 1 1 1 1 0 1 0 0 0 1 1 1 1 0 0 0 0 0 0 0 0 25
0 1 1 1 0 0 1 1 0 1 1 0 1 1 0 1 0 0 0 0 1 1 0 1 0 1 1 1 1 1 1 1 1 0 1 0 1 0 0 0 1 0 1 1 0 1 0 0 0 0 27
0 0 0 1 1 0 1 1 0 0 1 0 1 1 0 0 0 1 1 1 1 1 0 1 0 1 0 1 0 1 0 1 1 0 1 1 1 1 1 1 1 0 1 0 0 0 0 0 0 0 26
0 1 1 0 1 0 1 1 0 0 0 0 1 1 0 1 0 1 0 1 1 1 1 1 0 1 0 1 0 0 1 1 1 1 1 0 1 0 1 1 1 1 0 0 0 0 0 0 0 0 26
1 0 0 1 1 0 1 1 0 0 0 0 1 1 0 0 0 0 1 0 0 1 0 1 0 1 0 0 1 0 1 1 0 0 1 0 0 1 1 1 0 0 0 0 0 0 0 0 0 0 18
0 0 1 1 1 0 1 0 0 0 1 0 1 0 0 1 1 1 0 0 1 1 0 1 0 1 0 1 0 1 1 1 1 0 1 1 1 0 1 1 1 0 0 0 0 0 0 0 0 0 24
0 0 1 1 1 0 1 1 0 1 1 0 1 1 0 1 0 0 1 1 1 1 0 1 0 0 0 1 1 0 1 0 1 1 1 1 1 0 1 0 0 0 0 0 0 0 0 0 0 0 24
0 1 1 1 1 0 1 0 0 1 0 0 1 0 1 1 0 0 0 1 0 1 1 1 0 1 0 1 1 1 1 1 0 0 1 1 1 0 1 1 0 1 0 0 0 0 0 0 0 0 25
0 0 1 1 1 0 1 0 1 1 0 0 1 1 0 1 0 0 1 1 1 1 1 1 0 1 0 1 1 1 1 1 1 1 0 0 1 0 0 0 0 0 0 0 0 0 0 0 0 0 24
0 0 1 1 1 0 1 1 0 0 1 0 1 0 1 1 0 1 0 0 0 1 1 1 0 0 0 0 1 1 1 1 0 0 1 0 1 0 1 1 1 1 0 0 0 0 1 0 0 0 24
1 0 0 1 1 0 1 1 0 1 1 0 1 1 0 1 0 0 1 1 0 1 1 0 0 1 0 1 1 0 1 1 1 1 1 0 1 1 1 0 0 1 1 0 0 0 0 0 0 0 27
0 1 1 1 1 0 1 0 0 0 1 0 0 1 0 1 0 0 0 1 0 1 1 1 1 1 1 1 1 1 1 1 1 1 0 0 1 1 1 0 1 0 0 1 0 0 0 0 0 0 27
1 1 0 1 1 0 1 1 0 1 0 0 1 1 0 1 0 0 0 1 0 1 1 1 1 0 0 1 1 1 1 1 1 0 1 1 1 0 1 0 1 1 0 0 0 0 0 0 0 0 27
0 1 1 0 1 0 1 0 0 0 0 0 1 0 1 1 1 0 0 0 0 1 1 1 1 1 0 1 1 0 0 1 1 0 1 0 0 0 1 0 0 0 1 0 0 0 0 0 0 0 20
0 1 1 0 1 0 1 0 0 0 0 0 1 1 0 0 0 0 0 1 1 1 1 1 1 0 0 1 1 1 1 1 0 0 0 0 1 0 1 0 1 0 0 0 0 0 0 0 0 0 20
0 0 0 0 0 0 1 1 0 1 0 0 0 1 0 1 1 0 0 0 1 1 1 1 1 1 0 1 1 1 1 1 1 1 0 0 1 1 1 0 1 0 0 0 1 0 0 0 0 0 24
0 0 0 1 0 0 1 1 0 0 0 0 1 1 0 1 0 0 0 0 0 1 0 1 0 1 0 1 0 1 1 1 1 1 1 0 0 0 0 1 0 1 0 0 0 0 0 0 0 0 18
0 1 0 1 1 0 1 0 0 0 1 0 1 1 0 0 0 0 0 1 0 1 1 1 0 1 0 1 1 1 0 1 1 0 1 1 1 0 0 0 1 0 1 0 0 0 0 0 0 0 22
0 0 1 0 1 0 1 1 0 0 1 0 1 1 0 1 1 0 0 1 0 1 1 1 1 0 0 1 1 1 1 1 1 0 1 0 1 0 1 1 0 1 1 0 1 0 0 0 0 0 27
0 1 0 1 1 1 1 1 0 1 1 0 1 1 1 1 0 0 0 0 1 1 0 1 1 0 1 1 0 0 1 1 1 0 1 0 1 0 1 1 0 0 1 0 0 0 0 0 0 0 26
1 0 1 0 0 1 1 1 1 1 0 0 1 1 0 1 0 0 0 1 0 1 0 1 1 0 0 1 0 0 1 1 1 0 1 0 1 1 0 1 0 0 1 0 0 0 0 0 0 0 23
0 0 1 1 1 1 1 1 0 0 0 0 1 1 0 1 0 0 1 1 1 1 0 1 1 0 0 1 1 1 1 1 1 0 0 0 1 1 0 1 1 1 1 0 0 0 0 0 0 0 27
0 1 1 0 1 0 1 0 0 1 0 0 1 1 0 1 0 0 0 1 1 1 1 1 1 1 0 0 0 1 1 1 0 1 1 0 1 0 1 1 1 0 0 0 0 0 0 0 0 0 24
1 1 1 0 1 0 1 1 0 1 1 0 0 1 0 1 1 1 0 1 0 1 0 1 1 0 0 0 1 1 1 0 1 0 1 0 1 1 1 1 1 0 0 1 0 0 0 0 0 0 27
0 1 1 1 1 0 1 0 0 1 0 0 1 1 0 1 1 1 1 0 0 1 1 1 0 0 0 1 1 0 1 1 0 1 1 1 1 0 1 1 0 1 0 0 0 0 0 0 0 0 26
0 1 1 1 1 0 1 0 0 0 0 1 1 1 0 1 0 0 0 1 1 1 0 1 0 0 1 1 0 1 1 1 1 0 1 0 1 1 1 1 0 0 0 0 0 0 0 0 1 0 25
0 0 1 1 1 0 0 1 0 0 0 0 1 1 0 1 0 0 1 1 1 1 1 1 1 0 0 0 0 1 1 1 1 1 1 0 1 0 1 1 0 0 0 0 0 0 0 0 0 0 23
0 0 0 1 1 0 1 0 0 0 0 0 1 0 0 1 0 0 0 0 0 0 1 1 1 0 0 1 0 1 1 1 1 0 1 0 1 1 0 1 1 1 0 0 0 0 0 0 0 0 19
0 0 0 0 1 0 1 1 0 0 1 0 1 0 1 1 0 0 1 0 0 1 0 1 1 0 0 1 1 0 1 1 1 1 1 1 1 1 1 1 0 1 1 1 0 0 0 0 0 0 26
0 0 1 1 1 1 1 1 0 1 0 0 0 0 0 1 0 1 0 1 0 1 0 1 1 0 0 1 0 1 1 1 1 0 1 0 1 0 0 1 0 1 0 0 0 0 0 0 0 0 22
0 1 0 1 1 0 1 1 0 1 0 0 1 1 0 1 0 0 1 1 0 0 1 1 0 1 0 1 1 0 1 1 1 1 1 0 1 0 0 0 0 1 0 0 0 0 0 0 0 0 23
0 0 1 1 1 0 1 1 0 0 1 0 1 1 0 1 1 0 1 1 0 1 1 0 0 0 1 0 1 1 1 1 0 0 1 1 1 0 1 0 1 1 1 0 0 0 0 0 0 0 26
1 1 1 1 1 0 1 0 0 0 1 0 1 1 1 1 0 0 0 0 1 1 1 1 1 0 0 1 0 1 1 1 0 0 1 0 1 0 1 0 0 0 1 0 0 0 0 0 0 0 24
0 0 0 1 1 0 1 1 0 0 0 0 1 1 1 1 0 0 1 0 0 1 1 1 0 0 0 1 0 1 1 1 1 0 1 1 1 0 1 1 1 1 0 0 0 0 0 0 0 0 24
0 1 1 0 1 0 1 1 0 0 0 0 0 0 0 1 0 0 1 0 0 1 0 0 0 1 1 1 0 1 1 1 1 0 1 0 1 0 0 0 1 0 0 0 1 0 0 0 0 0 19
0 1 1 1 1 0 1 0 0 1 0 0 1 1 0 1 0 0 1 0 0 1 1 1 1 0 0 0 0 1 1 1 1 0 1 1 1 0 1 1 0 1 0 0 0 0 0 0 0 0 24
0 1 1 1 1 1 1 0 0 0 0 0 1 1 1 1 1 0 0 1 0 1 0 1 1 1 0 1 0 1 1 1 1 0 1 0 1 1 1 1 1 0 0 0 0 1 0 0 0 0 28
0 1 1 0 1 0 1 1 0 1 0 0 1 1 0 1 0 0 0 0 0 1 1 1 1 0 0 1 1 0 1 1 1 1 0 0 1 1 0 0 0 0 0 0 0 0 0 0 0 0 21
0 1 0 1 1 0 0 1 0 0 1 0 0 1 1 1 1 1 0 0 1 1 1 1 1 1 1 1 1 0 1 0 0 0 1 0 1 0 1 1 1 0 0 0 1 0 0 0 0 0 26
0 1 0 1 1 0 1 0 0 1 0 0 1 1 0 1 0 0 1 1 0 1 1 1 1 0 1 0 1 1 1 1 1 0 1 0 0 0 1 0 0 0 0 0 0 0 0 0 0 0 22
0 1 0 1 1 1 1 0 0 0 0 0 0 0 0 1 1 0 0 1 0 1 1 0 1 0 0 1 1 0 1 1 1 0 1 1 1 1 1 1 0 1 1 0 1 0 0 0 0 0 25
0 1 1 1 1 1 1 0 0 1 0 0 1 1 0 1 0 1 1 0 0 1 1 1 1 0 1 1 0 0 1 1 0 0 1 1 0 1 1 1 1 1 0 0 0 0 0 0 0 0 27
0 1 1 1 1 0 1 1 0 0 0 0 1 0 0 1 1 0 1 0 0 1 1 0 1 1 1 1 1 1 1 1 1 0 1 1 1 0 0 1 1 0 0 0 1 0 0 0 0 0 27
0 1 1 1 1 0 1 1 0 0 1 0 1 1 1 1 0 1 1 0 1 1 0 1 1 0 1 0 1 1 1 1 1 0 1 0 0 1 1 1 1 1 0 1 1 0 0 0 0 0 31
0 1 0 0 1 0 1 1 0 1 1 0 1 1 0 1 0 0 1 1 0 1 1 1 1 0 0 1 1 1 0 1 0 1 1 0 0 0 1 0 0 0 0 0 0 0 0 0 0 0 22
1 0 1 1 1 0 1 0 0 0 0 0 1 1 0 1 1 0 0 1 1 1 1 1 1 1 0 1 0 1 1 1 0 1 0 0 1 0 0 1 0 1 0 0 0 0 0 0 0 0 24
0 1 0 1 1 0 1 1 0 0 1 0 1 1 0 1 0 0 1 0 0 1 1 1 1 0 1 1 1 0 1 1 1 1 0 1 1 1 1 1 0 0 1 0 0 0 0 0 0 0 27
0 0 1 1 1 0 1 1 0 1 0 0 1 0 0 0 0 0 1 0 0 1 1 1 1 1 0 0 1 0 1 1 1 0 1 0 1 0 1 1 0 1 1 0 0 0 0 0 0 0 23
0 1 0 1 1 0 1 1 0 0 0 0 1 1 0 1 1 1 0 1 1 1 0 1 0 1 1 0 1 1 0 1 1 1 0 0 1 0 0 0 1 0 0 1 0 0 0 0 0 0 24
0 1 0 1 1 0 0 1 0 1 0 0 0 1 0 1 0 1 0 0 1 1 0 1 1 0 0 1 1 1 1 1 0 0 1 1 0 0 0 1 0 0 0 0 0 0 0 0 0 0 20
0 1 0 1 1 0 1 1 0 0 0 0 1 1 0 1 0 0 1 1 0 1 0 1 0 1 0 1 1 1 1 1 1 0 1 1 1 1 0 0 1 1 0 1 0 0 0 0 0 0 26
0 1 0 1 1 0 1 0 0 1 0 0 1 1 0 1 0 0 1 1 1 1 1 1 1 1 0 0 0 1 1 1 1 1 0 0 1 1 1 0 1 1 0 0 0 0 0 0 0 0 26
0 1 0 1 1 0 1 1 0 1 1 0 1 1 0 1 0 0 1 1 0 1 0 1 1 1 0 1 0 1 1 1 1 0 1 0 0 0 1 0 0 1 1 0 0 0 0 0 0 0 25
0 0 0 1 0 1 1 0 0 0 0 0 1 1 0 1 1 0 0 0 0 1 0 1 0 1 0 1 1 1 1 1 1 0 1 0 1 0 0 1 1 1 1 0 0 0 0 0 0 0 22
0 1 0 1 1 0 1 1 0 0 0 0 1 1 0 1 0 0 0 0 0 1 0 1 0 1 0 1 1 1 1 1 1 0 1 0 1 0 1 0 1 0 0 1 0 0 0 0 0 0 22
1 1 0 1 1 0 1 1 0 0 0 0 1 1 0 1 0 0 1 0 0 1 1 1 1 1 1 1 1 0 1 1 0 1 1 0 1 1 0 0 1 0 0 0 1 0 0 0 0 0 26
1 1 1 0 1 0 0 1 0 1 0 0 0 1 0 1 0 0 1 0 1 1 0 1 1 1 1 1 0 0 1 1 1 0 1 1 1 1 1 0 0 0 1 0 0 0 0 0 0 0 25
0 0 0 1 1 1 1 1 0 1 0 0 1 0 1 1 1 1 0 1 0 1 0 1 1 0 0 0 0 0 1 1 1 1 0 0 1 1 1 0 0 0 0 0 1 0 0 0 0 0 23
0 0 0 0 1 1 1 1 0 1 1 0 1 1 0 1 0 0 1 0 0 1 0 1 0 0 0 1 1 1 1 1 0 0 1 1 1 0 1 0 1 0 0 0 0 0 0 0 0 0 22
0 0 1 1 0 0 1 1 0 1 0 0 1 1 0 1 0 0 0 0 1 1 0 1 1 0 0 1 1 0 1 1 1 0 1 0 1 0 1 0 1 0 0 0 0 1 0 0 0 0 22
0 1 1 1 0 0 1 1 0 1 1 0 1 0 0 1 0 1 1 0 1 1 1 1 1 1 0 0 1 1 1 1 1 1 1 1 1 1 1 1 1 0 0 0 0 0 0 0 0 0 30
0 1 0 0 0 0 1 1 0 1 0 0 1 1 0 1 0 1 0 0 0 1 1 1 0 1 1 1 0 1 1 1 1 1 0 0 1 0 0 1 1 1 0 0 0 0 0 0 0 0 23
0 1 0 1 1 0 1 0 0 0 0 0 1 1 0 1 1 0 0 1 1 1 0 1 1 0 0 1 1 1 1 1 0 0 1 0 0 0 1 1 1 0 0 0 0 0 0 0 0 0 22
0 1 1 0 1 1 1 1 0 0 0 0 1 0 0 1 0 0 1 0 1 1 1 1 1 1 0 0 1 0 0 1 1 0 0 1 1 0 1 1 1 1 0 0 0 0 0 0 0 0 24
0 1 1 0 1 0 1 1 0 1 1 0 1 1 1 1 0 1 1 0 1 1 0 1 0 0 0 1 1 1 1 1 1 0 1 0 1 0 1 0 1 1 0 1 0 0 0 0 0 0 28
0 1 0 1 1 0 1 1 0 1 1 0 1 0 0 1 0 0 0 1 0 1 1 1 0 1 0 1 1 0 1 0 1 1 1 1 1 0 0 0 1 0 0 0 0 0 0 0 0 0 23
0 1 1 1 1 1 1 1 0 1 0 0 1 0 0 1 1 0 0 1 0 1 0 1 0 0 0 1 0 1 1 1 1 1 0 1 0 0 1 1 1 1 0 0 0 0 0 0 0 0 25
1 0 1 1 1 0 1 1 0 0 1 0 1 1 0 1 0 1 0 0 1 0 1 1 1 0 1 1 1 0 1 1 1 0 1 1 1 0 1 0 1 0 1 0 0 0 0 0 0 0 27
0 0 0 0 1 0 1 0 0 1 0 0 1 0 0 1 0 1 1 1 1 1 1 1 0 1 0 1 1 1 1 1 0 1 1 0 1 1 0 0 0 0 0 0 0 0 0 0 0 0 22
0 0 1 1 0 0 1 1 0 0 0 0 1 0 1 1 0 1 0 0 1 1 1 1 1 1 0 1 1 1 1 1 1 1 1 0 1 0 0 1 1 1 0 1 0 0 0 0 0 0 27
0 1 0 1 0 1 1 1 0 1 0 0 1 1 1 1 1 0 1 1 0 1 1 1 1 1 1 1 1 1 1 1 1 1 1 0 1 1 1 1 0 1 0 0 0 0 0 0 0 0 32
0 1 0 1 1 1 1 0 0 0 1 0 1 0 0 1 0 0 1 0 0 1 1 1 1 1 1 0 1 1 1 1 0 1 1 1 1 1 0 0 1 0 1 1 1 1 0 0 0 0 29
0 1 1 0 1 0 1 1 0 1 0 0 1 0 0 1 0 0 1 1 0 1 1 1 1 1 0 0 0 0 1 1 1 0 0 0 1 0 0 1 1 0 0 0 0 0 0 0 0 0 21
0 0 0 1 1 1 1 1 0 1 1 0 1 0 0 1 0 0 1 1 0 1 1 1 0 1 0 1 0 1 1 1 1 0 0 1 1 0 1 1 1 1 1 0 0 0 0 0 0 0 27
1 0 0 1 1 0 1 1 0 1 0 0 1 0 0 1 0 0 1 1 1 1 1 1 1 1 1 1 0 1 1 1 0 0 1 1 1 1 1 1 1 0 1 0 0 0 0 0 0 0 29
0 0 1 0 1 0 1 1 0 1 0 0 1 1 1 1 0 1 1 1 1 1 0 1 1 1 1 1 1 1 1 1 1 0 0 1 1 0 0 1 1 0 0 0 0 1 0 0 0 0 29
0 0 1 1 1 1 1 0 0 0 0 0 1 1 0 1 1 0 0 1 1 1 0 1 1 0 0 0 0 1 1 1 0 0 1 0 1 0 1 0 1 0 0 0 0 0 0 0 0 0 21
0 1 1 1 1 1 1 1 0 0 1 0 0 1 1 0 0 0 1 0 0 1 0 1 0 1 0 1 1 1 1 1 1 1 1 1 1 1 1 1 1 1 0 0 0 0 0 0 0 0 29
1 1 1 0 1 0 1 1 0 1 0 0 1 0 0 1 0 0 0 0 0 1 1 1 0 0 1 1 0 0 1 1 1 1 1 1 1 0 1 1 0 1 0 0 0 0 0 0 0 0 24
0 0 1 1 1 0 1 1 0 0 1 0 1 1 0 1 0 0 1 1 0 1 0 1 1 1 1 0 0 1 1 1 1 1 0 0 0 1 1 1 0 1 1 1 0 0 0 0 0 0 27
1 0 1 1 1 1 1 1 1 1 0 0 1 0 0 1 0 0 1 1 0 1 1 1 1 0 1 1 0 1 1 1 1 1 0 0 1 0 0 1 1 0 0 0 1 0 0 1 0 0 29
0 0 1 1 1 0 1 0 0 1 0 0 1 1 0 1 1 0 1 1 1 1 0 1 1 0 0 1 1 0 1 1 1 0 1 0 1 0 1 0 1 1 1 0 0 0 0 0 0 0 26
0 0 1 1 0 0 1 1 0 1 1 0 1 1 0 1 0 0 0 1 1 1 0 1 0 1 1 1 0 1 1 1 1 0 1 1 0 0 1 1 1 0 1 0 0 0 0 0 0 0 26
1 1 1 0 1 0 1 1 0 0 1 0 1 0 0 1 1 0 1 0 1 1 1 1 1 0 1 0 0 1 1 1 1 0 1 0 0 0 0 1 1 1 0 0 0 0 0 0 0 0 25
0 0 1 1 1 0 1 0 0 1 1 0 1 1 0 1 0 0 1 1 0 1 1 1 0 0 0 1 1 1 1 1 0 1 1 0 1 1 1 1 1 1 1 0 0 0 0 0 0 0 28
0 0 0 1 0 1 1 1 0 0 0 0 1 1 0 0 0 0 0 0 1 1 1 0 1 1 0 0 0 1 1 1 1 0 1 1 1 0 1 1 0 1 0 0 0 0 0 0 0 0 21
0 0 0 0 1 0 1 1 0 1 0 0 1 0 0 1 1 1 1 1 0 1 1 1 1 0 1 1 1 1 1 1 1 1 1 0 1 0 1 0 0 0 0 0 1 0 0 0 0 0 26
1 0 1 1 1 0 1 0 0 1 1 0 1 1 0 1 0 0 1 1 1 1 1 0 1 0 0 1 1 1 1 1 1 0 0 0 1 0 1 1 0 1 0 0 0 0 0 0 0 0 26
0 0 1 1 1 0 1 1 0 1 0 0 1 1 0 1 0 1 1 1 1 1 0 0 0 0 1 0 1 1 1 1 1 1 1 0 0 0 1 0 0 0 0 0 0 0 0 0 0 0 23
0 0 0 0 1 0 1 1 0 1 0 0 1 1 0 1 0 1 0 1 0 0 1 1 1 0 0 1 1 1 1 1 1 0 1 1 1 0 1 0 0 0 0 0 1 0 0 0 0 0 23
0 1 0 1 1 0 1 1 0 0 0 0 1 1 1 1 0 1 1 1 0 1 0 1 1 0 1 1 1 0 1 1 1 0 1 1 1 0 0 1 1 0 0 0 0 1 0 0 0 0 27
1 1 1 0 1 0 1 0 0 1 0 0 0 1 0 1 0 0 1 1 1 1 0 1 1 1 0 1 1 0 1 1 1 0 0 0 1 1 1 1 1 1 0 0 0 0 0 0 0 0 26
0 0 1 1 0 1 1 1 0 1 0 0 1 1 0 1 0 0 1 0 0 1 1 1 1 1 0 1 1 0 1 1 1 0 1 1 0 1 0 1 0 1 1 0 0 0 0 0 0 0 26
0 0 1 1 1 0 1 1 0 1 1 0 1 1 1 0 1 0 1 0 1 1 1 1 1 1 1 0 0 1 1 1 1 0 1 0 0 0 0 0 0 0 0 0 0 1 0 0 0 0 25
0 0 1 0 1 0 1 1 0 0 0 0 1 1 0 1 0 0 1 0 0 1 0 1 1 0 0 1 1 1 0 1 0 0 1 0 1 0 0 1 0 1 0 0 1 0 0 0 0 0 20
0 0 1 1 0 1 1 1 0 1 1 0 0 1 0 1 0 0 1 1 0 1 1 0 0 0 0 1 1 0 1 1 0 1 0 0 0 1 1 1 1 0 0 0 0 0 0 0 0 0 22
0 0 0 1 1 0 1 1 0 1 1 0 1 0 1 1 1 0 1 1 0 1 0 1 1 0 1 1 0 1 1 1 1 0 1 0 1 0 1 1 0 0 0 0 0 0 0 0 0 0 25
0 1 1 0 1 0 1 1 0 1 0 0 1 0 1 1 0 0 0 0 1 1 0 0 1 0 0 0 0 1 1 1 0 1 0 0 1 0 1 1 0 0 0 0 1 0 0 0 0 0 20
0 0 1 1 1 0 0 1 0 0 0 0 1 1 0 1 1 0 1 1 0 1 1 1 1 0 0 1 0 1 1 1 1 1 1 0 1 0 1 1 0 0 1 0 0 0 0 0 0 0 25
1 0 0 1 0 0 1 1 0 0 0 1 1 1 0 1 0 0 1 1 1 0 1 1 1 1 0 1 0 1 1 1 1 1 0 0 1 0 0 0 0 1 0 0 0 1 0 0 0 0 24
0 0 0 1 1 0 1 0 0 1 0 0 1 1 0 1 0 1 1 1 0 1 1 1 1 0 0 1 1 1 1 1 1 0 0 0 1 0 1 1 0 1 1 1 0 0 0 0 0 0 26
0 0 1 1 1 0 1 1 0 0 0 1 1 1 0 1 0 0 1 1 0 1 1 1 0 1 0 1 1 1 1 1 1 0 0 0 1 1 1 0 1 1 0 0 1 0 0 0 0 0 27
0 1 1 1 1 0 1 1 1 0 1 0 1 1 0 1 0 0 0 1 1 1 0 0 1 0 0 1 0 1 0 1 0 0 1 1 1 1 0 0 1 0 0 0 0 0 0 0 0 0 23
1 1 0 1 1 0 1 1 0 0 0 0 1 0 0 1 0 0 1 1 1 1 0 1 0 1 0 0 1 1 1 1 0 1 0 0 1 1 1 0 0 0 0 0 0 0 0 0 0 0 22
1 0 1 1 1 0 1 0 0 0 1 0 1 1 0 1 0 0 0 1 0 1 0 1 1 1 0 1 1 1 1 1 0 0 0 0 1 0 0 0 0 1 0 0 0 0 0 0 0 0 21
0 0 1 1 1 0 0 1 0 0 1 0 0 1 1 1 0 0 0 1 0 1 0 1 0 1 1 1 1 1 1 1 1 1 1 0 1 0 0 0 1 1 0 0 0 0 0 0 0 0 24
0 1 1 0 1 0 1 1 0 0 0 0 1 1 0 1 1 0 1 1 0 1 1 1 0 0 1 1 1 1 1 1 1 1 1 0 1 0 0 1 0 1 0 0 1 0 0 0 0 0 27
0 1 0 1 1 0 1 1 1 1 0 0 0 1 0 1 0 0 1 0 0 1 1 1 0 0 0 1 1 1 1 1 1 1 1 0 1 0 1 1 1 1 0 0 0 0 0 0 0 0 26
1 0 1 1 1 0 1 1 0 1 1 0 1 1 0 1 0 1 0 1 1 1 1 1 1 1 0 0 1 1 1 1 1 0 1 0 1 0 0 0 1 1 1 0 0 0 0 0 0 0 29
0 0 1 1 1 0 1 1 0 1 1 0 1 0 0 1 0 1 1 0 0 1 1 1 1 0 0 1 1 1 1 0 0 0 1 0 0 0 1 1 1 1 1 0 0 0 0 0 0 0 25
0 0 0 1 1 0 1 0 0 1 1 0 0 1 1 1 0 0 1 0 0 1 1 1 1 0 0 1 1 1 1 1 1 1 1 0 1 1 1 0 1 0 0 0 0 0 0 0 0 0 25
0 1 1 1 1 0 1 1 0 0 0 0 1 1 1 1 0 0 1 1 0 1 1 1 1 0 0 0 1 1 1 1 1 0 0 1 0 0 0 0 0 1 0 0 0 0 0 0 0 0 23
0 0 1 0 1 1 1 1 0 1 0 0 1 0 0 1 0 1 1 0 0 1 0 1 1 1 0 0 0 0 1 1 1 0 1 1 1 0 1 1 1 0 1 1 0 0 0 0 0 0 25
0 1 0 1 1 0 1 1 0 1 1 0 1 1 0 1 0 0 0 0 0 1 0 1 0 1 1 1 0 0 1 1 0 0 1 0 1 0 1 0 0 0 0 0 0 0 0 0 0 0 20
0 1 1 1 1 0 1 1 0 1 0 0 1 0 0 1 0 1 1 1 1 1 1 1 1 1 0 0 0 1 1 1 1 0 1 0 1 0 1 0 0 0 1 1 1 0 0 0 0 0 28
0 0 1 1 1 0 0 0 0 1 0 0 1 1 1 1 1 1 1 0 0 1 1 1 1 1 1 1 1 1 1 1 1 1 1 1 1 0 1 0 1 0 0 0 0 0 0 0 0 0 29
1 1 1 1 1 0 1 1 0 1 0 0 1 0 0 1 0 0 0 0 0 1 0 1 1 0 1 1 0 0 1 1 1 0 0 1 1 0 0 0 1 0 1 0 0 0 0 0 0 0 22
0 1 1 1 0 0 1 1 0 1 0 0 0 0 0 1 0 0 1 1 0 1 1 1 0 0 0 1 0 0 1 1 1 0 1 0 1 0 0 0 1 0 0 0 0 0 0 0 0 0 19
0 0 1 1 1 0 1 0 0 1 0 0 1 0 0 1 0 0 1 0 0 1 1 1 1 1 0 1 1 1 1 0 0 0 1 0 1 0 0 0 1 0 1 0 0 0 0 0 0 0 21
0 1 0 1 1 0 1 1 0 0 0 0 1 0 0 1 0 0 1 1 0 1 0 1 1 1 1 1 1 1 1 1 1 1 1 0 1 0 1 1 0 0 0 0 0 1 0 0 0 0 26
0 1 0 1 1 1 1 1 0 0 1 1 1 1 1 1 0 0 0 1 0 1 1 1 1 0 0 1 0 1 1 1 1 0 1 1 1 0 1 1 0 0 0 0 1 0 0 0 0 0 28
0 1 0 1 1 0 1 1 0 1 1 0 0 1 0 1 0 0 1 1 0 1 1 1 0 0 0 1 0 0 1 1 1 1 1 1 1 0 1 1 1 1 0 0 0 0 0 0 0 0 26
0 1 0 1 1 0 1 1 0 0 0 0 1 1 0 1 1 0 1 1 1 1 1 0 0 0 0 1 1 1 1 1 0 0 1 0 1 0 1 1 0 0 0 0 0 0 0 0 0 0 23
1 0 0 1 1 0 1 1 0 0 0 0 1 0 1 1 1 0 0 0 1 1 1 1 0 1 0 1 1 1 1 1 1 1 1 1 0 0 1 1 0 1 0 1 1 0 0 0 0 0 28
1 1 1 1 1 0 1 1 0 1 0 0 0 1 0 1 0 0 0 1 0 1 1 1 1 0 0 1 0 1 1 1 0 1 1 0 1 1 1 1 0 1 0 1 0 0 0 0 0 0 27
0 1 1 1 1 1 1 1 0 1 0 0 1 1 0 1 0 0 0 0 1 1 0 1 1 1 0 1 1 0 1 1 1 0 1 1 1 0 0 0 1 1 0 0 0 0 0 0 0 0 26
0 0 1 0 1 1 1 1 0 1 1 0 1 1 1 1 0 0 1 1 0 1 1 1 0 1 0 1 0 0 1 1 1 1 1 0 0 1 1 1 0 0 0 0 0 0 0 0 0 0 26
0 0 1 1 1 1 1 0 0 1 1 0 1 1 0 1 1 0 1 1 1 1 0 1 1 0 0 1 1 0 1 1 1 1 1 0 1 0 1 0 0 1 0 0 0 0 0 0 0 0 27
0 0 1 1 0 0 1 1 0 1 0 0 1 1 1 1 1 0 1 1 1 1 0 1 1 1 1 1 0 1 1 1 0 1 1 1 1 0 1 0 1 1 1 0 0 0 0 0 0 0 30
0 0 1 1 1 0 1 1 0 1 0 0 1 0 0 1 1 0 1 1 0 0 1 1 0 1 1 1 0 0 1 1 1 0 1 0 1 0 0 1 1 1 0 0 0 0 0 0 0 0 24
0 1 1 1 1 0 1 1 0 1 1 0 1 1 1 1 0 1 0 0 1 1 1 1 0 1 0 1 0 0 0 1 1 1 1 1 1 0 0 0 1 0 0 0 0 0 0 0 0 0 26
0 0 0 1 1 0 1 1 0 1 0 0 1 1 0 1 0 0 0 1 1 1 0 1 0 0 0 1 0 1 1 1 1 0 1 1 0 0 1 1 1 0 0 0 0 0 0 0 0 0 22
0 0 1 1 1 1 1 1 0 1 1 0 1 1 0 1 0 1 0 0 0 1 1 1 1 1 0 1 1 0 1 1 1 0 1 0 1 0 1 1 1 0 0 0 0 0 0 0 0 0 27
0 1 0 1 0 0 1 1 0 1 1 0 0 1 0 1 0 0 0 0 0 1 1 1 1 0 1 0 1 1 1 1 1 1 1 0 0 0 0 0 1 0 1 0 0 0 0 0 0 0 22
0 0 0 1 1 0 1 1 0 1 1 0 1 0 0 0 0 1 1 1 0 1 1 1 0 0 0 1 0 1 1 1 1 0 1 0 1 0 1 0 0 0 0 0 0 0 0 0 0 0 21
0 1 1 1 1 0 1 1 0 1 0 0 1 1 0 1 1 1 1 0 0 1 0 0 1 1 0 1 0 0 1 1 0 1 1 0 1 1 1 0 1 0 1 0 0 0 0 0 0 0 26
1 0 1 1 1 0 0 1 0 0 1 0 1 1 1 1 0 0 1 1 0 1 0 1 0 1 0 0 1 0 1 1 1 1 1 1 1 1 1 0 0 0 1 0 0 0 0 0 0 0 26
1 0 1 1 1 1 1 1 0 0 1 0 1 1 0 1 0 0 0 0 0 1 1 1 0 0 0 1 0 0 1 1 1 1 1 1 0 0 0 1 1 0 1 0 0 0 0 0 0 0 24
1 0 0 1 1 0 1 1 0 1 0 0 1 1 0 1 1 1 1 0 0 1 0 1 1 0 0 0 0 1 1 1 0 1 1 0 1 0 1 1 1 0 0 0 0 0 0 0 0 0 24
0 0 1 1 1 1 1 1 0 1 0 0 1 1 0 1 0 0 1 0 0 1 0 1 0 1 1 1 0 1 1 1 1 0 1 0 1 0 1 1 1 1 0 0 0 0 0 0 0 0 26
0 0 1 1 1 0 1 1 0 0 0 0 1 1 0 1 0 1 0 1 1 1 0 1 1 0 0 1 0 1 1 1 0 0 1 0 0 0 1 0 0 1 0 0 0 0 0 0 0 0 21
0 0 1 0 1 0 1 1 0 0 0 0 1 1 0 1 1 0 1 0 1 1 0 1 0 0 0 1 1 1 0 1 1 0 1 0 1 1 1 1 1 1 0 0 1 0 1 0 0 0 26
1 0 0 0 1 0 1 1 0 1 1 0 1 1 0 1 0 0 0 1 0 0 0 0 1 1 1 1 1 1 1 1 1 0 1 0 1 0 1 1 1 1 0 0 0 0 0 0 0 0 25
0 0 0 1 1 0 0 0 0 1 0 0 1 1 0 1 0 0 0 1 0 1 0 1 0 1 0 1 0 1 1 1 1 0 1 1 1 1 1 1 1 1 1 0 0 0 0 0 0 0 24
0 0 0 1 1 0 1 1 0 1 1 0 1 1 0 1 0 0 1 1 1 0 0 1 1 0 0 0 0 0 1 1 1 0 1 1 1 1 0 1 1 1 0 0 0 0 0 0 0 0 24
0 0 1 1 0 1 1 1 0 1 0 0 0 1 1 1 1 0 1 1 1 1 0 1 1 0 1 1 1 0 1 1 1 1 1 0 1 0 1 0 1 0 0 0 0 0 0 0 0 0 27
0 0 0 1 1 0 1 1 0 1 1 0 1 0 0 1 0 0 1 1 0 1 1 1 0 0 0 1 1 0 0 1 1 0 0 0 1 0 1 1 1 1 1 0 0 0 0 0 0 0 23
0 0 0 1 1 0 1 1 0 1 1 0 1 1 1 1 0 0 0 1 0 1 0 1 1 1 0 1 0 0 1 1 1 0 1 1 1 1 1 1 1 1 1 0 0 0 0 0 0 0 28
1 1 1 1 1 1 1 1 0 1 0 0 1 1 1 1 1 0 0 0 0 1 1 1 1 1 0 0 0 1 1 1 1 0 1 0 1 0 1 0 1 1 0 1 1 0 0 0 0 0 30
0 1 0 1 1 1 1 1 0 0 0 0 1 1 0 1 0 0 1 1 0 1 1 1 0 1 0 1 1 1 1 1 1 0 1 1 1 1 0 1 1 0 1 0 0 0 0 0 0 0 28
0 0 0 0 1 0 0 0 0 1 1 0 1 0 0 1 1 0 1 0 0 1 0 1 1 1 0 1 1 1 1 1 1 1 0 0 1 0 0 0 1 1 0 0 1 0 0 0 0 0 22
1 0 1 0 1 1 1 0 0 1 0 0 1 1 0 1 0 1 1 1 0 1 0 1 1 1 0 1 1 1 1 1 1 1 0 0 1 0 0 0 1 1 0 0 1 0 0 0 0 0 27
0 1 0 1 1 0 0 0 0 0 1 0 1 1 0 1 0 1 1 0 1 1 1 1 1 0 0 1 1 1 1 1 1 0 1 0 1 1 1 0 0 0 0 0 0 0 0 0 0 0 24
0 0 0 1 1 0 1 0 0 1 0 0 1 0 0 1 0 0 1 0 1 1 0 1 1 0 0 1 1 1 1 1 1 0 0 1 0 1 1 1 1 1 0 0 0 0 0 0 0 0 23
0 0 1 1 1 0 1 1 1 0 0 0 0 0 0 1 0 1 0 1 1 1 1 1 1 1 0 1 1 1 1 1 1 0 1 0 1 0 0 0 1 1 1 0 0 0 0 0 0 0 26
0 1 0 1 1 0 1 0 0 1 0 0 0 1 1 1 1 1 1 1 1 1 1 1 1 1 1 1 0 0 1 1 0 1 1 0 1 0 0 1 1 1 0 0 0 0 0 0 0 0 28
0 1 1 1 1 0 1 0 0 0 0 0 1 1 0 1 0 1 1 1 0 0 1 1 1 0 1 1 1 0 1 1 1 0 1 1 1 0 1 1 1 0 0 0 0 0 0 0 0 0 26
0 0 1 1 1 0 1 1 0 1 1 0 1 1 0 1 0 0 1 0 0 1 0 1 1 0 1 1 0 1 1 1 1 0 1 0 1 1 0 1 0 0 0 0 0 0 0 0 0 0 24
0 1 0 1 1 0 1 1 0 1 1 0 1 1 0 1 0 1 1 1 0 1 1 1 1 1 0 0 1 1 1 1 1 0 0 0 1 0 0 1 0 1 0 1 0 0 0 0 0 0 27
0 1 0 1 1 0 0 1 0 1 0 0 0 1 0 1 1 1 0 1 0 1 1 1 0 1 0 1 0 1 1 1 1 0 1 1 1 0 0 1 1 0 0 1 0 0 0 0 0 0 25
0 0 0 0 0 1 1 1 0 0 0 0 1 1 0 1 0 0 1 0 0 1 1 1 1 0 1 1 1 1 1 1 0 0 1 1 1 0 1 1 0 0 0 0 0 1 0 0 0 0 23
0 0 1 1 1 1 1 1 0 1 0 0 1 1 1 1 0 0 0 0 1 1 1 1 1 0 0 0 1 1 1 1 0 1 1 0 1 0 1 0 1 0 0 0 0 0 0 0 0 0 25
0 0 1 1 1 0 1 1 0 1 1 0 1 0 0 1 0 0 1 1 0 1 1 1 1 1 0 0 1 1 1 1 1 1 1 0 0 0 1 0 1 1 0 0 0 0 0 0 0 0 26
0 1 1 1 1 1 1 1 0 1 1 0 0 1 0 1 0 1 0 1 0 1 0 1 0 1 0 1 1 1 0 1 1 1 1 1 0 0 1 1 0 0 0 0 1 0 0 0 0 0 27
0 1 0 1 1 0 1 0 0 0 1 0 1 1 1 1 1 1 1 1 1 1 0 1 1 0 0 1 1 0 1 1 1 1 1 1 0 1 1 1 1 1 0 0 0 0 0 0 0 0 30
0 0 0 1 1 0 1 1 0 0 0 0 1 0 0 1 0 0 1 0 0 1 1 1 0 0 1 1 1 1 1 1 1 1 1 0 1 0 1 1 0 0 0 0 1 0 0 0 0 0 23
1 1 1 1 1 0 1 1 0 1 0 0 1 1 0 1 1 0 1 0 1 1 0 1 1 1 0 1 1 1 1 1 1 0 1 0 1 0 0 1 0 1 0 0 1 0 0 0 0 0 29
0 0 1 1 1 1 1 1 0 0 1 0 0 1 0 1 0 0 0 0 0 1 1 1 1 0 0 1 0 1 0 1 0 0 1 0 1 1 0 0 1 0 0 0 0 0 0 0 0 0 20
1 1 1 1 0 0 1 1 0 1 0 0 1 1 0 1 0 1 1 0 0 1 0 1 0 0 1 0 0 1 1 1 0 1 0 0 1 0 1 0 0 1 0 0 0 0 0 0 0 0 22
0 0 0 1 1 0 1 1 0 0 1 0 1 1 0 1 0 0 1 0 0 1 1 1 1 1 1 1 0 1 1 1 1 1 1 0 1 0 1 1 1 0 0 1 0 0 0 0 0 0 27
1 0 1 1 1 1 1 1 0 0 0 0 1 1 0 0 0 0 1 0 1 1 0 1 0 0 1 1 0 1 1 1 1 0 1 0 1 0 1 0 0 0 0 0 0 0 1 0 0 0 23
0 1 1 1 1 0 0 1 0 0 0 0 1 1 0 1 0 0 1 1 0 1 0 1 0 0 1 1 1 1 1 1 1 1 0 0 1 0 1 1 1 0 0 0 1 0 0 0 0 0 25
0 0 0 1 0 0 1 1 0 0 0 0 1 1 0 1 0 0 1 0 0 1 0 0 1 1 0 1 1 1 1 1 0 0 1 0 1 0 1 1 0 0 0 0 0 0 0 0 0 0 19
0 1 1 1 0 1 1 1 0 0 0 0 1 1 0 1 0 0 1 1 0 1 1 1 1 0 0 0 0 0 0 1 1 1 1 0 1 0 1 1 1 1 0 0 1 0 0 0 0 0 25
1 1 1 1 0 0 0 1 0 0 0 0 1 0 0 1 0 0 0 0 0 0 1 1 0 1 0 0 1 1 1 1 1 1 1 0 1 0 1 1 1 1 0 1 0 0 0 0 0 0 23
0 0 1 1 0 0 1 1 0 0 0 0 1 1 0 1 0 0 1 0 0 1 1 1 1 1 0 1 0 1 1 1 0 1 1 0 1 0 1 1 0 1 0 0 0 0 1 0 0 0 24
0 1 0 1 1 1 1 1 0 0 1 0 1 1 0 1 1 0 0 1 0 1 0 1 1 0 0 1 1 1 0 1 1 0 0 0 0 1 1 0 1 1 0 0 0 0 0 0 0 0 24
0 1 1 1 1 0 1 1 0 1 1 1 0 0 0 1 0 0 1 1 0 1 1 1 1 1 0 1 1 1 0 1 1 1 1 0 0 0 1 1 1 1 0 1 0 0 0 0 0 0 29
1 1 1 1 1 0 1 0 0 0 1 0 1 1 0 1 0 0 1 1 1 1 1 1 0 1 0 1 1 0 1 1 1 1 1 0 1 0 1 1 1 0 0 0 0 0 0 0 0 0 28
0 1 1 0 1 0 0 0 0 1 0 0 1 1 0 1 0 0 1 1 0 1 1 1 1 1 1 1 0 1 0 1 1 0 1 0 1 0 0 0 1 0 0 1 0 0 0 0 0 0 23
0 0 1 0 1 0 1 1 0 0 0 0 1 0 0 1 0 0 0 1 1 1 0 1 1 0 0 1 0 0 1 1 1 0 1 0 1 0 1 1 0 0 1 0 0 0 0 1 0 0 21
0 1 1 0 1 0 1 1 0 1 1 0 1 0 0 1 0 1 1 1 0 1 0 1 0 0 1 0 0 1 1 1 1 0 1 0 1 1 0 1 1 1 0 0 0 0 0 0 0 0 25
0 0 0 1 1 0 1 0 0 0 0 1 0 1 0 1 1 0 0 0 1 1 0 1 0 0 0 1 1 1 1 1 1 1 1 0 0 0 1 1 0 0 0 0 0 0 0 0 0 0 20
0 1 1 1 0 0 1 0 0 1 1 0 1 1 1 1 0 0 0 1 1 1 1 1 0 0 1 1 1 1 1 1 1 0 1 0 0 0 0 0 0 0 0 0 0 0 0 0 0 0 23
1 1 0 1 1 0 1 0 1 1 0 0 1 1 0 1 0 0 1 1 0 1 1 1 0 1 0 0 0 1 1 1 0 1 1 0 1 0 0 1 1 0 1 0 0 0 0 0 0 0 25
0 0 1 1 1 0 1 1 1 1 1 0 1 1 1 1 0 0 1 0 1 1 1 1 1 1 0 1 1 1 1 1 1 1 1 0 1 0 1 1 0 1 1 0 1 0 0 0 0 0 33
0 1 1 1 1 0 1 1 0 1 1 0 1 0 0 1 1 0 0 1 1 1 0 1 0 1 0 1 1 1 1 1 1 1 1 0 0 0 1 1 0 0 0 0 0 0 0 0 0 0 26
1 0 1 1 0 0 1 1 0 1 1 0 1 1 0 1 0 0 0 1 0 1 1 1 1 0 0 0 1 0 1 1 1 0 1 0 1 0 0 1 1 0 0 0 0 0 0 0 0 0 23
0 1 1 0 1 0 1 1 0 1 0 0 1 1 0 1 0 0 1 0 1 1 0 1 1 1 0 1 0 1 1 1 0 0 1 0 1 1 0 1 0 1 1 0 0 0 0 0 0 0 25
0 0 1 1 0 0 1 1 0 1 0 0 1 1 0 1 1 1 1 1 1 1 1 1 1 1 1 0 1 0 1 1 1 1 1 0 1 0 1 0 0 0 0 0 0 0 0 0 0 0 27
1 1 0 0 1 0 0 0 0 1 0 0 1 0 0 1 0 0 0 0 1 1 1 1 0 1 0 1 0 1 1 1 1 1 1 0 1 1 1 0 0 1 0 0 0 0 0 0 0 0 22
0 1 1 0 0 1 1 0 0 0 0 0 1 1 0 0 1 0 1 1 1 0 0 1 1 1 0 1 1 1 1 1 1 0 1 0 1 1 1 1 1 1 1 1 0 0 0 0 0 0 28
0 1 1 0 0 0 1 1 0 0 1 0 0 1 0 1 0 1 1 0 1 1 1 1 1 0 1 0 1 1 1 1 1 1 1 0 1 0 1 0 1 1 0 0 0 0 0 0 0 0 26
0 0 0 1 1 0 1 1 1 1 0 0 1 1 0 1 1 0 1 0 0 1 0 1 1 0 1 1 1 1 1 1 1 0 1 0 1 0 0 1 1 0 0 1 0 0 0 0 0 0 26
0 1 1 1 1 0 1 0 0 1 1 0 1 1 0 1 1 1 0 1 0 1 1 1 1 0 0 1 0 1 1 1 1 0 1 0 0 0 0 1 1 1 1 0 1 0 0 0 0 0 28
0 0 0 0 1 0 1 0 0 1 0 0 1 1 1 1 0 1 1 0 1 1 1 0 1 0 0 1 0 0 1 1 0 1 1 0 0 0 1 1 1 1 0 0 0 0 0 0 0 0 22
0 0 1 1 1 0 1 0 0 1 1 0 1 1 0 1 1 1 1 0 0 1 0 1 1 0 0 1 1 1 1 1 0 0 0 1 1 1 1 1 1 0 0 0 0 0 0 0 0 0 26
0 1 0 1 1 0 1 1 0 1 1 0 1 0 0 1 0 0 0 1 1 1 1 1 1 1 0 1 1 1 1 1 0 1 1 0 1 0 0 1 1 1 0 0 0 0 0 0 0 0 27
0 1 1 1 1 0 1 1 0 1 1 0 1 1 0 1 0 1 0 1 0 1 1 1 1 0 1 0 0 1 1 1 1 0 0 0 1 1 0 1 1 1 1 0 1 0 0 0 0 0 29
1 0 1 1 1 0 1 1 0 0 0 0 1 1 0 1 0 0 1 0 0 1 1 1 1 0 0 1 1 1 1 1 1 1 1 0 1 0 1 1 1 0 0 0 0 0 0 0 0 0 26
0 0 0 1 1 0 1 1 0 0 0 0 1 1 0 1 1 0 1 0 0 1 0 1 1 1 0 1 1 1 1 1 1 1 1 1 1 1 1 1 1 1 0 0 0 0 0 0 0 0 28
0 0 1 0 1 0 1 1 0 0 0 0 1 1 0 1 0 0 1 0 0 1 1 1 0 1 0 1 1 1 1 1 1 0 1 1 1 0 0 1 0 0 0 0 0 0 0 0 0 0 22
1 1 1 0 1 0 1 1 0 0 1 0 1 1 0 1 0 1 1 1 0 1 0 1 0 0 1 0 1 0 1 1 0 0 1 0 1 0 0 1 1 0 0 0 0 0 0 0 0 0 23
1 1 1 1 1 0 1 1 0 1 1 1 1 0 0 1 0 1 1 1 0 1 1 1 1 1 0 1 1 1 0 1 0 0 1 0 1 0 1 0 0 0 0 1 0 0 0 0 0 0 28
0 1 1 1 1 1 1 1 0 0 1 0 1 1 0 1 0 0 1 1 0 1 1 1 0 0 0 0 1 1 0 1 1 0 1 0 1 0 1 0 1 0 0 0 0 0 0 0 0 0 24
0 1 0 0 1 0 1 1 0 0 0 0 1 1 0 1 0 0 0 0 0 0 1 1 1 1 0 1 0 0 1 1 1 1 0 0 1 1 1 1 1 0 0 0 0 0 0 0 0 0 21
0 0 0 0 0 0 1 0 0 0 1 0 0 1 0 0 0 0 1 0 0 0 0 1 1 0 0 1 0 1 1 1 1 1 1 1 1 0 1 1 0 1 0 0 0 0 0 0 0 0 18
0 1 1 1 1 1 1 1 0 1 0 0 1 0 0 1 1 0 0 0 0 1 0 1 1 0 0 1 0 0 1 1 1 0 1 1 1 1 0 0 1 0 0 0 0 0 0 0 0 0 23
0 1 1 1 0 0 1 1 0 0 0 0 1 1 1 1 0 1 0 1 0 1 0 1 1 1 0 1 1 1 0 1 0 1 1 0 1 0 0 0 0 1 0 0 0 0 0 0 0 0 23
0 0 1 1 0 0 1 1 0 0 0 0 1 1 0 1 0 0 0 0 1 1 0 0 0 1 0 1 0 0 1 1 1 0 0 1 1 0 0 0 0 1 0 0 0 0 0 0 0 0 17
0 1 1 1 0 0 1 1 0 1 0 0 1 0 0 1 0 0 0 0 1 1 1 1 1 0 0 1 1 1 1 1 1 1 0 1 1 1 1 0 0 1 0 1 0 0 0 0 0 0 26
0 1 1 0 1 0 1 1 0 0 0 0 0 1 1 1 1 1 1 0 0 1 0 0 1 1 0 1 1 1 1 1 1 0 1 1 1 0 1 1 1 1 0 0 0 0 0 0 0 1 28
0 0 0 1 1 1 1 1 0 1 1 0 1 1 1 1 0 1 0 0 0 1 1 1 1 1 0 0 1 1 1 1 1 0 1 1 1 0 1 1 1 1 0 0 0 0 0 0 0 0 29
0 0 1 1 1 0 0 1 0 1 1 0 1 1 1 1 0 1 0 0 0 1 1 1 1 1 1 1 1 1 1 1 0 0 1 0 1 0 1 0 1 1 0 0 0 0 1 0 0 0 28
0 1 1 0 1 1 1 1 0 0 0 0 1 1 0 1 1 0 1 1 0 1 1 1 1 0 1 1 0 1 1 1 1 1 1 1 1 0 1 0 1 0 0 0 0 0 0 0 0 0 28
0 1 1 0 1 0 1 1 0 0 1 0 1 1 0 1 0 0 0 0 0 0 0 1 1 0 1 1 1 0 1 1 1 0 1 0 1 0 0 1 1 0 0 0 0 0 0 0 0 0 21
0 1 1 0 1 0 1 1 0 1 1 0 1 1 0 1 1 0 0 1 0 1 1 1 1 0 0 1 1 1 1 0 0 0 1 0 1 1 0 1 1 1 1 0 0 0 0 0 0 0 27
0 0 1 1 1 0 1 1 0 1 0 0 1 0 0 1 0 1 1 1 0 1 1 0 1 1 0 1 1 1 1 1 1 0 1 0 1 0 1 0 0 1 0 0 1 0 0 0 0 0 26
0 1 0 0 1 0 1 1 0 1 1 1 1 1 1 1 0 0 1 0 1 1 0 1 1 1 0 0 0 1 0 1 1 1 1 0 1 0 0 0 1 0 0 0 0 0 0 0 0 0 24
1 0 1 0 1 0 1 1 1 1 1 0 1 1 0 0 0 1 0 1 0 1 1 0 1 0 1 1 1 1 1 1 1 0 1 0 1 0 1 1 1 1 0 1 0 0 0 0 0 0 29
0 1 0 1 1 0 1 1 0 0 0 0 1 1 0 1 1 1 1 1 0 1 1 1 1 0 1 1 0 1 1 1 0 0 1 0 1 1 1 1 1 0 0 0 0 0 0 1 0 0 28
0 1 1 1 1 0 1 1 0 1 0 0 1 1 1 0 0 0 1 0 0 1 1 0 1 0 0 1 1 1 1 1 0 0 1 0 1 0 1 1 1 0 0 0 0 0 0 0 0 0 24
0 1 1 1 1 0 1 0 0 1 0 0 1 1 0 1 0 1 1 1 0 1 0 1 1 1 0 0 0 1 1 1 1 0 1 0 1 1 1 0 0 0 0 0 1 0 0 0 0 0 25
0 1 0 1 1 0 1 1 0 1 1 0 1 1 1 1 0 1 0 0 0 1 1 1 1 0 1 1 1 0 1 1 0 0 0 1 0 1 1 0 1 1 0 0 0 0 0 0 0 0 26
0 1 1 0 1 0 1 0 0 1 1 0 1 1 1 1 0 1 1 1 0 1 1 1 1 1 0 0 0 1 1 1 1 0 1 1 1 0 1 1 1 1 0 0 0 0 0 0 0 0 29
1 0 1 1 1 1 1 0 0 0 1 0 1 1 0 1 0 0 1 1 0 1 1 1 1 0 0 1 1 0 1 1 1 1 1 1 1 1 0 0 0 1 0 0 0 0 0 0 0 0 27
0 0 1 1 1 1 1 1 0 1 0 0 1 1 0 1 0 0 0 0 0 1 0 1 0 0 1 1 1 1 1 1 1 0 1 1 1 0 1 0 1 0 1 0 0 0 0 0 0 0 25
0 1 0 0 1 1 1 1 0 1 1 0 1 1 0 1 1 1 1 1 0 1 0 1 0 1 1 1 1 0 1 1 1 0 1 0 1 0 1 1 1 0 0 0 0 0 0 0 0 0 28
1 0 0 1 1 0 1 1 0 0 1 0 0 1 0 1 0 0 0 0 0 1 0 1 1 1 0 0 1 0 1 1 1 0 1 1 0 0 1 1 1 1 0 0 0 0 0 0 0 0 22
1 1 1 0 1 0 1 1 1 1 1 0 0 1 0 1 0 0 1 0 1 1 0 0 0 1 0 1 0 0 1 1 1 0 1 0 1 0 1 1 0 0 1 0 0 0 0 0 0 0 24
0 1 0 1 1 0 1 1 0 0 0 0 1 1 0 1 0 1 1 1 1 1 0 1 1 0 0 1 1 0 1 1 1 0 1 1 1 0 0 1 1 1 1 0 0 0 0 0 0 0 27
0 1 0 1 0 0 1 1 0 0 1 0 1 1 1 1 0 0 0 0 1 0 1 1 0 0 0 1 1 1 1 1 1 0 1 1 1 0 0 1 1 1 0 0 0 0 0 0 0 0 24
0 0 1 0 1 0 1 1 0 1 0 0 1 1 1 1 1 0 1 1 0 1 1 1 1 0 0 1 1 1 1 1 1 1 0 0 1 0 0 1 1 1 0 0 0 0 0 0 0 0 27
0 1 1 1 1 0 1 1 0 0 0 0 1 1 0 1 0 0 1 1 1 1 0 1 1 1 1 1 1 1 1 1 0 1 1 0 1 0 1 0 1 0 0 0 0 0 1 0 0 0 28
0 1 1 1 1 0 1 1 1 1 0 0 1 1 0 1 0 0 1 1 0 1 1 1 1 0 0 1 0 0 1 1 1 1 1 0 1 1 0 1 0 0 0 0 0 0 0 0 0 0 26
0 0 1 1 0 0 1 1 0 1 1 0 1 1 1 1 0 0 1 1 0 1 1 1 1 1 1 1 1 1 1 1 0 0 1 0 1 1 0 1 0 0 0 0 1 0 0 0 0 0 28
0 0 1 0 1 1 1 1 0 0 1 0 1 1 0 0 0 1 1 0 1 1 0 1 1 0 0 1 1 0 1 1 0 0 1 0 1 0 0 0 0 1 0 1 0 0 0 0 0 0 22
0 1 0 1 1 0 1 1 0 0 1 0 0 1 0 1 0 1 0 1 0 1 1 1 1 0 0 0 0 1 1 1 0 0 1 1 0 1 1 0 1 1 0 0 0 0 0 0 0 0 23
1 1 1 1 1 0 1 0 0 1 0 0 0 1 0 1 0 1 1 1 0 1 0 1 1 1 0 1 0 1 1 1 0 1 1 0 1 1 0 1 0 0 0 0 0 0 0 0 0 0 25
0 1 1 0 1 0 0 1 0 1 0 0 0 1 0 1 0 1 1 1 1 1 1 1 1 1 0 1 0 1 1 1 1 1 1 1 1 1 0 1 1 1 0 0 0 0 0 0 0 0 29
1 1 1 0 1 0 1 1 0 1 1 0 0 1 1 1 0 0 0 1 0 1 1 1 1 0 0 1 1 1 1 1 1 0 1 1 1 0 1 1 0 0 0 0 0 0 0 0 0 0 27
0 1 1 1 1 1 1 1 0 0 0 0 1 1 0 1 0 0 1 1 1 1 0 0 1 1 1 1 1 1 1 0 0 0 0 0 1 0 1 1 0 0 0 0 0 0 0 0 0 0 24
0 1 1 1 1 1 1 1 0 1 0 0 1 1 0 1 1 1 1 1 0 1 1 1 0 1 0 1 0 1 0 1 1 0 1 0 1 0 1 0 1 0 0 0 1 0 0 0 0 0 28
0 1 1 1 1 0 1 1 0 0 0 0 1 1 0 1 0 0 1 1 1 1 0 1 1 1 1 0 0 1 1 1 0 1 1 1 0 1 1 1 1 0 0 0 0 0 0 0 0 0 27
0 0 0 1 1 1 1 0 0 1 1 1 1 1 0 1 0 1 1 0 1 1 0 1 1 0 0 1 0 0 1 1 1 0 1 1 1 0 1 0 1 1 0 0 0 0 0 0 0 0 26
0 1 1 1 1 1 0 0 0 1 0 0 0 1 1 0 0 0 0 0 0 1 1 1 1 1 0 1 1 1 1 1 0 1 1 0 0 1 1 1 1 0 1 1 0 0 0 0 0 0 26
0 0 1 1 0 0 1 0 0 0 0 1 1 1 0 1 0 0 1 1 0 1 1 1 1 0 0 1 0 0 0 1 0 0 1 1 0 1 1 0 0 1 0 0 0 0 0 0 0 0 20
0 0 0 0 1 0 1 1 0 1 1 0 1 1 0 1 1 0 1 0 0 0 1 1 1 1 0 1 1 0 1 1 1 0 0 1 1 0 1 1 1 0 0 0 0 0 0 0 0 0 24
0 1 0 0 0 0 1 1 0 1 1 0 1 0 1 1 0 0 0 0 0 1 1 1 1 0 1 1 1 0 1 1 0 0 1 1 0 0 0 0 0 0 0 0 0 0 0 0 0 0 19
0 0 0 1 0 0 0 1 0 0 0 0 1 0 0 1 0 0 1 0 1 1 1 1 1 1 1 1 1 1 1 1 1 0 1 1 1 0 1 1 0 1 1 1 1 0 0 0 0 0 27
0 1 1 1 1 0 1 1 0 1 0 0 1 1 0 1 0 0 0 1 1 1 0 1 1 1 1 1 1 1 1 1 1 0 0 0 1 0 1 1 1 0 0 0 0 0 0 0 0 0 27
1 1 1 1 1 0 1 1 0 0 0 0 0 1 0 1 0 0 1 1 1 1 1 1 0 1 1 1 1 0 1 1 1 0 1 1 1 0 1 1 0 0 0 1 0 0 0 0 0 0 28
0 0 1 1 1 0 1 1 0 0 1 0 1 0 0 1 0 1 0 1 1 1 1 1 1 1 1 1 1 1 0 1 1 0 1 0 1 0 0 0 0 0 0 0 0 0 0 0 0 0 24
0 0 1 1 1 0 0 1 0 1 0 0 1 1 1 1 0 1 1 0 1 1 1 1 1 0 1 0 1 0 1 1 1 0 1 0 1 1 1 0 0 1 0 0 0 0 0 0 0 0 26
0 1 1 1 1 0 1 0 0 0 1 0 1 1 0 1 1 1 1 0 1 1 0 1 1 1 1 0 0 1 1 0 1 1 1 0 1 1 1 0 0 0 0 0 0 0 0 0 0 0 26
0 1 1 1 1 0 1 1 0 0 1 0 1 1 1 1 0 1 1 0 1 0 0 1 0 1 1 0 0 1 0 1 0 0 1 0 0 0 1 1 1 1 1 0 0 0 0 0 0 0 25
1 0 1 1 1 0 1 1 0 1 0 0 1 1 1 1 0 0 1 0 0 1 1 1 1 1 1 1 1 1 1 1 0 0 1 0 1 0 0 0 1 1 0 0 0 0 0 0 0 0 27
0 1 0 1 1 0 1 1 0 1 1 0 1 1 0 1 0 0 1 1 1 1 0 1 0 0 0 1 0 1 1 0 1 1 1 0 1 0 1 1 1 0 0 0 0 0 0 0 0 0 25
0 0 1 1 1 0 1 1 0 0 1 0 1 1 0 0 0 0 1 1 1 1 0 1 1 1 0 1 1 1 1 1 1 1 1 0 1 0 1 1 1 0 0 0 1 0 0 0 0 0 28
1 0 1 1 0 0 1 1 0 1 1 0 1 0 0 1 1 1 0 1 1 1 1 1 1 0 0 0 0 1 0 1 1 0 1 0 1 0 1 1 1 1 0 1 0 0 0 0 0 0 27
0 1 1 0 1 0 1 1 0 0 0 0 0 1 0 1 0 0 1 0 0 1 1 1 1 1 1 0 0 1 1 1 1 0 0 1 1 1 0 1 0 1 0 0 0 0 0 0 0 0 23
1 0 1 1 1 0 1 1 0 1 1 0 0 1 1 0 1 1 1 0 1 1 1 1 0 0 1 1 1 1 1 1 1 0 0 0 0 0 1 0 0 0 1 0 0 0 0 0 0 0 26
0 1 1 1 0 0 1 1 0 0 0 0 1 1 0 0 1 0 0 1 0 0 1 1 1 0 0 0 0 1 0 0 1 0 1 1 1 1 1 1 0 1 0 0 0 0 0 0 0 0 21
0 1 0 1 1 0 0 1 0 1 1 0 1 1 1 1 0 0 1 0 1 1 1 1 1 0 0 1 1 1 1 1 0 0 1 0 1 0 0 0 1 1 0 0 0 0 0 0 0 0 25
0 1 1 0 1 1 1 1 0 0 1 0 1 1 0 1 0 0 1 1 1 0 1 1 0 1 0 1 1 1 0 1 1 0 1 0 1 1 1 0 1 0 0 0 0 0 0 0 0 0 26
0 0 1 0 1 0 1 1 0 1 0 0 1 1 0 1 0 1 1 0 1 1 0 1 1 1 0 1 0 1 1 1 1 0 0 0 1 0 1 1 1 0 0 0 0 0 0 0 0 0 24
0 0 1 1 1 1 1 0 0 1 0 0 1 1 0 1 0 0 1 0 0 1 1 1 1 1 0 1 1 0 1 1 1 0 1 0 1 0 0 0 1 0 0 0 0 0 0 0 0 0 23
0 0 1 1 0 0 1 0 0 1 1 0 1 1 0 0 0 0 1 0 0 1 1 1 1 0 1 0 0 1 1 1 1 1 0 0 1 1 1 1 0 0 1 0 0 0 0 0 0 0 23
1 1 0 1 0 0 1 1 0 1 1 0 1 0 0 1 0 0 1 1 1 1 1 1 0 1 0 1 1 0 1 1 1 0 0 1 0 1 1 1 1 0 0 0 1 0 0 0 0 0 27
0 1 1 0 1 0 1 0 0 1 1 0 1 1 0 1 0 0 0 0 1 1 0 1 0 0 1 1 0 1 1 1 1 0 1 0 1 0 1 1 0 0 1 0 0 0 0 0 0 0 23
0 0 0 1 1 0 1 1 0 1 1 0 0 0 0 1 1 1 1 1 0 1 1 1 1 1 0 1 0 1 1 1 1 0 0 0 0 0 1 1 0 1 0 0 0 0 0 0 0 0 24
0 0 1 1 1 0 1 1 0 0 0 0 1 0 1 1 0 0 1 0 0 1 1 1 0 0 1 1 1 1 1 1 0 1 1 1 1 0 1 0 1 0 1 0 0 0 0 0 0 0 25
1 1 1 1 1 1 1 1 0 1 0 0 0 1 0 1 0 1 1 0 1 1 1 1 1 1 0 1 1 1 1 1 1 0 1 0 1 0 1 1 1 1 0 0 0 0 0 0 0 0 31
0 0 0 1 1 0 1 1 0 0 1 0 1 1 0 1 0 1 1 0 0 1 1 0 0 0 0 0 0 1 1 1 1 1 0 1 1 1 0 1 1 0 0 0 0 0 0 0 0 0 22
0 1 1 0 1 1 1 1 0 0 1 0 1 0 0 1 0 0 1 1 0 1 1 1 0 0 0 1 1 0 1 1 1 0 1 1 1 0 1 0 1 0 1 0 0 0 0 0 0 0 25
0 1 0 1 1 0 1 1 0 1 1 0 0 1 0 1 1 0 1 0 0 1 1 1 1 0 0 1 1 1 1 1 0 0 1 1 1 1 0 0 1 0 0 0 0 1 0 0 0 0 26
0 0 0 1 1 0 1 1 0 1 0 0 1 0 0 1 0 0 1 0 0 1 1 1 1 1 1 1 1 1 1 1 1 0 1 0 1 0 1 0 1 0 0 0 1 0 0 0 0 0 25
1 1 1 0 1 0 1 1 0 1 1 0 1 1 1 1 0 1 0 1 0 1 1 1 0 0 0 0 1 0 1 1 1 1 1 0 1 1 0 0 0 1 1 0 0 0 0 0 0 0 27
1 0 1 0 0 0 1 1 0 1 0 0 1 0 0 0 1 0 0 0 1 1 1 0 0 0 0 1 1 1 1 1 1 1 0 0 1 1 1 0 1 1 0 1 0 0 0 0 0 0 23
0 1 1 1 1 0 1 1 0 0 0 0 1 1 0 1 0 0 1 1 0 1 0 1 1 1 0 0 1 1 1 1 0 1 1 0 1 0 1 1 1 0 0 0 0 0 0 0 0 0 25
0 0 1 1 1 0 1 1 0 1 0 0 0 1 0 1 0 0 0 1 0 1 1 1 1 1 1 1 0 0 1 1 0 0 1 1 1 0 0 1 0 1 0 0 0 0 0 0 0 0 23
1 0 1 0 1 1 1 1 0 1 0 1 0 1 1 1 0 1 0 0 1 1 1 1 0 0 1 1 0 1 1 1 0 1 1 0 1 1 1 0 1 0 0 0 0 0 0 0 0 0 27
0 0 1 1 1 0 1 1 1 1 1 0 0 1 0 1 0 0 1 0 0 1 0 1 0 1 1 1 1 1 1 1 1 0 0 0 1 0 0 1 1 1 0 0 0 0 0 0 0 0 25
0 0 1 1 0 0 1 1 0 1 1 0 0 1 0 1 0 0 1 0 0 1 1 1 1 1 0 1 0 1 1 1 0 0 0 1 0 0 0 0 0 1 0 0 0 0 0 0 0 0 20
1 1 0 1 1 0 1 1 0 0 0 0 1 0 0 1 0 1 0 0 0 1 1 1 1 1 0 1 0 0 1 1 1 0 1 0 1 0 1 0 1 0 0 0 1 0 0 0 0 0 23
0 1 1 1 1 0 1 1 0 1 0 0 1 1 0 0 0 0 0 0 0 1 1 0 1 0 0 1 1 1 1 1 1 1 1 0 0 0 1 0 0 1 0 0 0 0 0 0 0 0 22
0 0 1 0 1 0 1 1 0 0 0 0 1 1 0 1 0 0 1 1 0 1 1 1 1 0 0 1 1 0 1 0 0 0 0 0 1 0 1 1 0 0 1 0 0 0 0 0 0 0 20
0 1 0 1 1 0 1 1 0 0 0 0 0 1 0 1 0 0 1 1 1 1 1 1 1 0 0 1 0 1 1 1 1 0 0 1 1 0 0 0 1 1 1 0 1 0 0 0 0 0 25
0 0 1 1 0 0 1 1 0 1 0 0 0 1 0 1 0 0 1 0 1 1 0 1 1 1 0 0 1 1 1 1 1 1 1 0 1 1 1 1 1 1 1 1 0 0 0 0 0 0 28
0 0 0 1 1 1 1 1 0 1 1 1 1 1 0 1 0 0 1 0 1 1 1 1 1 0 0 1 0 1 1 1 1 1 1 0 1 0 0 0 1 1 0 0 0 0 0 0 0 0 27
1 0 1 1 0 0 1 1 1 0 1 0 1 1 0 1 0 0 1 1 1 1 0 1 1 0 0 1 1 1 1 1 1 0 1 0 1 0 1 0 1 1 0 0 1 0 0 0 0 0 28
0 0 1 1 0 0 1 1 0 0 0 0 1 1 1 1 0 0 1 1 0 0 1 1 1 1 0 0 1 1 1 1 1 0 0 0 1 1 0 1 0 1 0 0 0 0 0 0 0 0 23
0 0 0 1 1 1 1 1 0 1 1 0 1 1 1 1 0 0 1 0 0 1 1 1 1 0 1 1 1 1 1 1 1 0 1 0 1 1 0 1 1 1 0 0 0 0 0 0 0 0 29
0 0 0 0 1 0 1 0 0 0 0 0 1 1 1 1 0 0 1 1 0 1 0 1 1 1 1 0 1 0 1 1 1 1 1 0 1 0 1 1 0 1 0 0 0 0 0 0 0 0 23
1 1 1 0 1 0 1 1 0 1 0 0 1 1 0 1 0 1 1 0 1 1 1 0 1 0 1 1 1 1 1 1 0 1 1 0 0 0 0 1 1 1 1 1 0 0 0 0 0 0 29
0 1 0 1 1 0 1 1 0 0 0 0 1 1 0 1 0 1 0 0 1 1 0 1 0 1 1 1 0 1 1 1 0 1 1 0 1 0 1 1 1 1 1 0 0 0 0 0 0 0 26
0 1 1 1 1 1 1 1 0 1 0 0 1 0 1 1 0 0 0 1 0 1 1 1 1 1 0 1 1 1 1 1 1 1 1 0 0 0 0 0 1 1 0 0 0 0 0 0 0 0 27
0 1 1 1 1 0 1 0 0 1 0 0 1 1 0 1 0 1 0 0 0 1 1 1 1 0 0 1 0 0 1 1 1 0 1 1 1 1 1 0 1 1 0 0 0 0 0 0 0 0 25
0 0 1 1 1 0 1 1 0 0 0 1 1 1 0 1 0 1 1 1 0 1 1 1 0 0 0 1 1 1 1 1 1 1 1 0 1 0 1 1 0 0 0 0 1 0 0 0 0 0 27
0 1 1 1 1 0 1 1 0 1 0 0 1 0 0 1 1 0 0 1 0 1 1 1 1 0 0 1 0 1 1 1 1 0 1 1 1 1 1 1 1 0 0 0 0 0 0 0 0 0 27
0 0 1 1 1 0 1 1 0 0 0 0 0 1 0 1 0 0 0 1 0 1 0 1 1 0 0 1 1 1 1 1 1 1 0 1 1 0 0 1 1 0 1 0 1 0 0 0 0 0 24
1 0 1 0 1 0 1 1 0 0 1 0 1 1 0 1 0 0 1 0 1 1 0 1 0 0 1 0 1 1 1 1 0 1 0 1 1 0 0 0 1 1 0 0 0 0 0 0 0 0 23
0 1 1 1 1 0 0 1 0 1 1 0 1 1 0 1 0 1 1 0 1 1 0 1 1 0 0 1 1 1 1 1 1 0 1 1 1 0 1 0 0 1 1 0 0 0 0 1 0 0 29
0 0 1 0 0 1 0 0 0 0 0 0 1 1 0 1 1 0 0 1 1 1 1 1 1 1 0 1 0 0 1 1 1 1 1 0 1 1 1 1 0 1 0 0 1 0 0 0 0 0 25
0 1 0 1 1 1 1 1 0 0 0 0 1 1 1 1 1 0 1 0 0 0 1 1 1 1 0 1 1 1 1 1 0 1 1 0 1 0 1 0 0 0 0 1 0 0 0 0 0 0 26
0 1 0 0 0 0 1 1 0 1 1 0 1 1 0 1 0 0 1 1 0 0 1 1 1 1 0 1 1 1 1 1 1 0 1 1 1 0 0 1 1 1 0 1 1 0 0 0 0 0 28
0 1 0 1 1 1 1 1 0 1 0 0 1 1 0 1 0 0 1 1 1 1 1 1 1 0 1 0 0 1 1 1 1 0 1 1 1 0 0 0 1 0 1 1 0 0 0 0 0 0 28
0 1 1 1 1 0 1 1 0 0 1 0 1 1 0 1 1 0 0 0 0 1 1 1 1 0 0 1 1 0 1 1 1 0 0 1 0 0 1 0 1 0 1 0 0 0 0 0 0 0 24
1 0 1 0 1 1 1 1 0 0 1 0 0 0 0 1 0 0 0 0 0 1 0 1 0 1 1 1 1 1 1 1 1 0 1 0 1 1 1 1 1 1 0 0 0 0 0 0 0 0 25
0 0 1 1 1 0 1 1 0 1 1 0 1 0 0 1 0 1 1 1 0 1 1 1 1 0 0 0 0 1 1 1 1 0 1 0 0 1 0 1 0 1 0 0 1 0 0 0 0 0 25
0 1 1 1 1 0 1 1 0 1 0 0 0 0 1 1 0 1 1 0 0 1 1 1 0 1 1 0 1 0 1 1 0 1 1 0 1 1 0 1 1 1 0 0 1 0 0 0 0 0 27
0 1 1 1 1 0 1 1 0 0 0 0 1 1 0 1 0 1 1 0 0 1 1 0 0 1 0 1 1 1 1 1 1 0 1 0 0 0 1 1 1 1 0 0 0 0 0 0 0 0 25
1 1 1 1 0 0 1 1 0 0 1 0 1 1 0 0 0 0 1 0 1 1 1 1 1 0 0 1 1 1 1 1 1 0 1 1 1 1 1 1 1 0 0 0 0 0 0 0 0 0 28
0 0 1 0 1 1 1 0 0 1 1 0 1 0 0 1 0 1 1 0 0 1 1 1 1 0 1 1 1 1 0 1 1 0 1 1 0 1 1 1 1 1 0 0 0 0 0 0 0 0 27
0 1 1 1 1 0 1 0 0 1 0 0 1 1 0 1 1 1 0 0 0 1 0 1 0 1 0 1 0 0 1 1 0 0 0 0 1 1 1 0 0 0 0 0 0 0 0 0 0 0 20
0 0 0 1 1 1 1 0 0 0 1 0 1 1 1 1 0 1 0 0 0 1 1 1 1 1 1 1 0 1 0 1 1 0 1 1 1 1 0 1 0 0 0 0 0 0 0 0 0 0 25
0 0 0 1 1 0 1 1 0 1 1 0 1 1 1 1 1 0 0 0 0 1 1 1 1 0 1 1 1 1 1 1 1 1 1 0 0 0 1 1 1 1 0 1 0 0 0 0 0 0 29
93 273 323 371 409 110 459 398 26 282 214 16 408 391 117 457 132 142 305 254 190 463 309 457 348 239 155 396 297 351 441 482 375 207 402 165 410 149 326 292 319 246 125 62 76 19 10 6 1 2 12500
