0 0 0 0 0 0 0 0 0 0 0 0 0 0 0 0 0 0 0 0 0 0 0 0 0 0 0 0 0 0 0 0 0 0 0 0 1 0 0 0 0 0 0 0 0 0 0 0 0 0 1
0 0 0 0 0 0 0 0 0 0 0 0 0 0 0 0 0 0 0 0 0 0 0 0 0 0 0 0 0 0 0 0 0 0 0 0 0 0 0 0 0 0 0 1 0 0 0 0 0 0 1
0 0 0 0 0 0 0 0 0 0 0 0 0 1 0 0 0 0 0 0 0 0 0 0 0 0 0 0 0 0 0 0 0 0 0 0 0 0 0 0 0 0 0 0 0 0 0 0 0 0 1
0 0 0 0 0 0 0 0 0 0 0 0 0 0 0 0 0 0 0 0 0 0 0 0 0 0 0 0 0 0 0 0 0 0 0 0 0 0 0 0 0 1 0 0 0 0 0 0 0 0 1
0 0 0 0 0 0 0 0 0 0 0 0 0 0 0 0 0 0 0 0 0 0 0 0 0 0 0 0 0 0 0 0 0 0 0 0 0 0 0 0 1 0 0 0 0 0 0 0 0 0 1
0 0 0 0 0 0 0 0 0 0 0 0 0 0 0 0 0 0 0 0 0 0 0 0 0 0 0 0 0 0 0 0 0 0 0 0 0 0 0 0 0 0 0 0 0 0 0 0 0 1 1
0 0 0 0 0 0 0 0 0 0 0 0 0 0 0 0 0 0 0 0 0 0 0 0 0 0 1 0 0 0 0 0 0 0 0 0 0 0 0 0 0 0 0 0 0 0 0 0 0 0 1
0 1 0 0 0 0 0 0 0 0 0 0 0 0 0 0 0 0 0 0 0 0 0 0 0 0 0 0 0 0 0 0 0 0 0 0 0 0 0 0 0 0 0 0 0 0 0 0 0 0 1
0 0 0 0 0 0 0 0 0 0 0 0 0 0 0 0 0 0 0 0 0 0 0 0 0 0 0 0 0 0 0 0 0 0 0 0 1 0 0 0 0 0 0 0 0 0 0 0 0 0 1
0 0 0 0 0 0 0 0 1 0 1 1 0 1 0 1 1 1 0 0 0 1 0 0 0 1 0 1 1 1 1 0 1 1 1 0 0 0 1 1 0 1 1 1 1 0 1 1 0 0 24
0 0 0 1 0 1 0 0 0 1 0 0 0 0 0 0 1 0 0 0 1 0 0 1 1 1 0 1 0 0 0 0 1 0 0 0 1 1 1 1 1 0 1 1 1 0 0 0 0 1 19
1 0 1 1 1 0 1 1 1 1 0 0 1 0 0 0 0 1 1 0 0 0 1 1 0 0 1 0 0 0 0 0 0 1 0 1 1 0 0 1 1 1 1 0 1 1 0 0 0 0 23
1 1 0 1 1 1 1 1 0 0 1 0 1 1 1 0 1 1 0 1 1 0 1 0 0 0 1 0 0 0 1 0 1 0 1 0 0 0 0 1 1 1 0 1 1 0 0 1 1 0 27
1 0 0 1 0 0 1 1 1 1 0 0 0 1 1 0 0 0 0 1 1 0 0 0 1 1 0 1 0 1 0 1 1 0 0 1 0 0 1 0 0 1 0 0 1 0 1 0 0 0 21
1 1 0 0 0 1 1 0 1 1 0 1 0 1 0 0 0 1 1 1 0 0 1 1 0 1 1 0 1 1 0 0 1 0 1 1 1 1 0 1 1 1 0 1 0 0 1 0 0 0 27
0 1 1 0 1 1 1 0 1 1 1 0 0 1 0 0 1 1 0 1 1 0 0 0 1 1 1 1 0 0 1 0 1 0 0 0 1 1 1 0 0 0 0 0 1 0 0 1 0 0 24
1 0 1 0 0 0 0 1 0 1 1 0 1 0 0 1 0 0 1 0 1 0 1 1 0 1 0 0 0 0 0 0 0 1 0 1 0 0 0 1 0 1 1 1 0 0 1 0 0 0 19
1 1 1 0 0 0 1 1 1 0 0 0 1 1 1 1 1 1 1 1 1 0 1 1 0 1 0 1 1 1 0 1 0 0 0 0 1 0 0 1 0 1 1 0 1 0 0 0 0 1 28
1 1 0 0 0 0 0 0 1 0 1 0 0 1 1 1 0 0 1 0 0 0 1 1 1 0 1 0 0 1 0 1 1 0 1 1 0 0 0 1 0 0 0 0 1 0 0 0 0 1 20
1 0 1 0 1 1 0 1 1 0 1 0 0 1 0 1 0 0 1 1 0 0 1 0 1 1 0 1 0 1 0 0 0 1 0 1 0 1 0 1 1 0 1 1 1 0 1 1 0 0 26
1 0 1 0 0 0 1 1 0 1 1 0 0 1 1 0 1 0 1 0 1 1 0 0 0 1 0 1 1 0 1 0 1 1 0 0 1 0 0 1 0 1 1 0 0 1 1 0 0 0 24
1 1 1 0 0 1 1 1 0 1 0 1 1 1 0 1 0 1 0 0 1 0 0 0 0 1 1 1 1 1 1 0 1 0 0 0 0 0 0 1 1 0 1 1 0 0 1 1 1 0 27
0 1 0 0 0 0 0 1 0 1 0 1 1 0 0 0 1 1 1 1 1 0 1 1 0 0 0 0 1 1 0 0 0 1 1 0 0 1 0 1 1 0 1 1 1 1 0 0 0 1 24
1 0 0 0 0 1 1 1 1 1 1 0 0 1 1 1 1 0 0 0 1 1 1 1 0 1 0 1 1 0 0 1 1 1 1 1 0 0 1 0 1 0 1 0 1 0 1 0 0 1 29
0 1 1 1 1 0 0 1 0 1 1 0 0 1 1 1 0 0 1 0 0 1 1 1 0 1 0 0 0 1 1 0 0 1 0 1 1 1 1 0 1 1 1 1 0 0 1 1 0 1 29
0 1 1 0 1 1 0 1 1 0 0 0 0 0 1 0 1 0 1 0 0 0 0 1 0 1 1 0 0 1 0 1 0 0 0 0 0 0 0 1 0 1 0 1 1 0 0 0 0 0 18
1 1 0 1 1 1 1 0 0 1 1 0 1 0 0 0 0 1 1 0 1 1 1 0 0 0 1 1 1 0 1 1 1 1 1 0 0 1 1 0 1 0 0 0 1 1 0 0 0 1 28
0 0 0 1 0 0 1 0 0 1 1 0 1 0 0 1 1 0 1 0 1 1 1 1 1 1 1 0 1 0 1 0 0 0 0 1 0 0 0 0 0 1 0 1 1 1 0 1 1 0 24
1 0 0 1 0 1 1 1 1 0 1 1 1 0 1 0 0 0 0 1 1 1 0 0 0 0 1 1 1 0 1 0 1 1 0 0 1 1 1 1 1 0 1 0 1 1 0 1 1 0 29
1 0 0 1 0 1 0 0 1 1 1 0 1 1 0 0 0 0 1 1 0 1 0 1 0 1 1 0 1 1 1 1 0 1 0 1 0 1 0 0 0 1 1 0 1 0 0 0 0 1 25
1 0 1 1 1 0 1 1 0 1 0 1 1 1 0 0 0 1 1 1 0 0 0 0 1 1 1 0 1 1 1 0 1 0 0 0 0 0 1 0 1 0 0 0 1 1 1 1 0 0 26
1 0 1 0 0 1 0 0 0 1 1 1 0 0 1 0 1 0 0 0 0 1 1 0 0 1 1 0 1 0 1 1 0 1 0 0 0 0 1 0 0 0 1 1 0 0 0 0 0 1 20
0 0 1 1 0 1 0 1 1 1 1 0 1 1 1 1 1 1 1 0 0 1 1 1 1 1 1 1 0 0 0 0 0 1 0 0 1 0 0 0 1 0 0 0 0 0 1 1 1 1 28
0 1 0 1 0 1 1 0 0 0 0 1 1 0 1 0 0 1 1 0 0 0 1 0 0 0 0 1 1 0 0 1 1 0 1 1 0 1 1 1 1 0 1 0 1 0 0 0 0 0 22
1 0 1 1 0 0 1 1 0 0 0 1 0 1 1 0 0 0 1 0 1 1 1 1 1 1 0 1 1 0 0 1 1 0 1 0 1 1 1 1 0 1 0 0 0 0 0 1 1 1 28
0 1 0 1 0 0 1 0 0 1 0 1 0 0 0 1 0 1 0 0 1 0 1 1 1 0 1 0 0 1 1 1 0 1 0 1 0 1 0 0 1 0 1 0 1 1 1 1 0 1 25
1 1 0 0 1 1 1 1 0 1 0 1 1 1 0 0 0 0 1 0 1 1 0 1 0 1 0 0 0 1 1 0 0 0 1 0 0 1 1 1 1 1 1 0 1 0 0 1 0 0 26
0 0 1 0 0 0 0 0 0 0 0 0 1 1 1 0 0 1 0 1 0 0 0 0 0 0 1 0 0 0 0 1 1 1 0 1 1 1 1 1 0 1 1 0 1 1 1 1 0 0 21
0 0 1 0 1 1 0 0 0 1 0 1 1 1 1 1 1 0 0 1 0 0 0 0 0 0 0 0 0 1 1 1 0 0 1 0 0 1 0 0 0 1 0 1 0 0 0 1 0 1 20
0 1 1 0 1 0 1 1 1 1 0 1 0 1 1 0 0 0 1 0 0 0 1 0 0 1 0 0 1 0 0 0 1 1 0 0 0 0 0 0 0 1 0 0 1 1 1 1 0 0 21
1 0 0 0 1 1 1 1 0 1 0 0 1 0 0 0 1 1 0 0 0 1 1 1 1 0 0 0 1 1 1 1 1 1 0 0 1 1 1 0 1 0 0 1 1 1 0 0 0 0 26
1 1 0 1 1 0 1 0 0 1 1 0 1 1 1 0 0 0 1 0 0 1 0 1 1 1 1 0 1 0 1 0 1 0 1 1 0 0 1 1 0 0 0 1 1 1 1 1 1 0 29
1 1 0 1 1 0 0 1 1 1 0 1 1 1 0 1 0 1 0 1 0 1 0 0 1 0 0 0 1 0 0 0 1 1 0 1 0 0 1 0 1 0 1 0 1 1 1 1 1 1 28
0 1 1 0 0 0 0 1 1 1 0 0 1 1 0 0 1 0 0 0 0 1 1 1 1 0 0 0 1 0 1 1 1 0 1 0 0 1 1 1 1 1 1 0 1 1 0 0 0 0 25
1 1 1 1 1 1 1 0 1 1 0 1 1 0 0 1 0 1 1 0 1 1 0 0 1 1 0 0 1 1 0 1 1 1 0 0 1 0 1 1 1 0 0 0 1 0 0 1 1 1 31
1 1 1 1 0 0 1 1 0 1 1 1 0 1 1 0 0 1 1 0 0 0 0 0 1 1 1 0 0 1 0 0 0 0 0 0 1 1 1 1 1 1 1 1 1 1 1 1 1 1 31
1 1 0 1 1 1 1 1 0 1 0 1 1 0 1 1 0 1 0 1 1 1 1 0 1 1 1 1 0 0 0 1 1 1 1 1 0 0 1 1 0 0 0 0 0 0 0 1 1 1 31
1 0 1 0 1 0 0 1 1 0 1 1 1 1 1 0 1 1 1 1 1 0 1 1 1 0 1 1 0 0 1 0 1 1 0 1 0 0 0 1 1 1 1 0 1 0 0 1 0 0 30
1 0 1 0 0 1 0 1 1 1 0 1 1 1 0 1 1 0 0 0 1 1 1 1 0 0 0 1 0 0 0 1 1 0 1 1 0 0 0 0 0 0 1 0 0 0 1 1 1 0 24
1 0 1 0 0 0 0 0 1 1 0 0 0 1 1 0 0 1 1 1 0 0 1 1 0 0 1 0 0 0 1 0 1 0 1 0 1 0 1 0 1 1 0 1 0 1 1 0 0 0 22
1 1 1 1 0 0 0 1 0 1 0 0 0 1 0 0 1 0 0 0 0 1 1 1 0 1 1 1 0 0 0 0 1 1 0 1 0 1 0 1 1 0 0 1 1 1 1 1 0 1 26
1 0 0 1 0 1 0 1 0 0 1 0 1 1 1 0 0 1 0 1 0 0 1 0 1 1 1 1 1 0 0 1 0 0 1 0 1 1 1 1 0 1 0 0 1 0 0 0 1 0 25
1 1 0 0 0 1 1 0 1 1 0 1 0 0 1 0 0 0 0 0 0 0 1 1 0 0 0 1 0 1 1 1 1 1 0 0 1 0 1 1 0 0 1 0 0 0 1 1 1 0 23
0 1 1 0 0 0 0 0 0 1 1 0 0 1 0 1 0 1 0 1 0 0 0 1 1 0 1 0 0 0 1 0 0 0 1 0 1 1 1 0 0 1 0 1 0 1 1 0 0 1 21
1 1 0 0 0 1 0 0 1 1 1 0 0 1 1 1 0 0 1 1 0 1 0 1 1 1 0 1 0 1 0 1 0 1 1 1 0 1 1 0 0 0 1 0 1 0 0 1 1 1 28
1 0 0 0 1 1 0 1 1 0 1 1 0 1 1 1 0 0 0 1 0 1 1 1 1 0 1 0 1 1 0 0 0 1 1 1 1 0 0 1 0 0 1 1 0 1 0 1 1 1 29
0 1 0 0 1 1 0 0 0 0 0 1 0 1 0 0 1 1 1 1 1 1 0 1 0 1 0 0 0 1 1 1 1 1 0 1 1 1 1 0 1 1 0 0 1 0 0 1 1 1 28
1 1 0 0 1 1 0 0 0 0 0 0 1 0 1 0 1 1 0 1 0 1 0 1 1 0 0 1 0 0 0 1 1 0 0 0 0 1 1 0 0 1 0 0 0 0 0 1 1 1 21
0 1 1 0 0 0 1 1 0 0 1 1 1 0 0 0 0 1 1 1 1 0 0 1 0 1 0 0 0 0 0 0 0 0 1 0 0 0 0 1 0 1 0 1 0 0 0 0 0 1 18
0 1 1 0 1 0 0 1 0 1 0 1 1 0 0 1 0 0 0 0 0 0 0 1 0 0 0 0 0 0 0 1 1 1 0 0 1 1 1 0 0 1 1 0 1 1 1 0 0 1 21
0 1 0 0 0 0 0 0 0 0 1 1 0 0 0 0 0 0 0 1 1 0 1 0 1 0 0 0 1 1 0 1 0 0 0 1 1 1 1 0 0 0 1 0 0 0 1 0 0 0 16
1 0 0 0 0 1 0 0 0 1 1 0 0 0 0 1 1 1 0 0 1 0 1 0 1 1 0 0 0 0 1 0 0 1 1 1 0 0 0 0 1 1 1 1 0 0 0 0 1 0 20
0 0 0 0 0 0 1 1 0 1 0 0 0 0 0 0 1 1 1 0 1 1 0 0 0 1 0 0 0 0 1 0 1 0 0 1 0 1 1 0 0 0 0 1 1 0 1 0 1 0 18
0 0 1 0 0 1 1 0 1 0 1 1 0 1 1 1 1 0 1 1 0 0 0 0 0 0 0 0 1 1 0 1 1 1 1 1 0 1 0 0 0 0 0 1 0 1 0 1 0 0 23
0 0 1 0 1 0 1 1 1 1 1 1 1 0 0 0 0 0 0 0 0 0 1 1 1 0 0 1 0 1 0 0 0 1 0 1 0 1 1 1 1 1 1 1 1 1 1 0 1 1 28
0 0 0 1 0 1 0 0 1 1 0 1 0 1 1 0 0 1 1 1 1 0 1 0 0 0 0 1 0 1 0 1 0 0 1 0 1 0 1 0 1 0 1 0 0 0 0 0 1 0 21
0 1 1 1 0 0 1 0 0 1 1 0 0 1 1 1 0 0 0 0 1 0 1 0 1 0 0 1 1 0 0 1 0 0 0 1 1 0 1 0 1 0 1 0 1 1 1 0 1 1 25
0 1 1 1 0 0 0 0 1 0 0 1 0 0 0 0 0 0 0 0 0 1 0 1 0 1 1 0 0 0 1 1 0 1 0 1 0 1 1 0 0 1 1 0 1 1 0 1 0 0 20
0 1 1 1 0 1 0 0 0 0 1 1 0 0 0 1 1 0 0 0 0 0 1 0 0 1 0 1 0 0 1 1 1 0 1 1 0 1 1 1 0 0 1 0 0 0 0 0 1 0 21
0 0 0 1 1 0 1 0 0 1 0 1 0 0 1 1 0 1 0 0 0 1 1 1 0 1 1 1 0 0 0 0 0 1 0 0 0 0 0 0 0 0 0 0 0 1 1 1 1 1 20
0 1 1 1 0 0 0 0 0 0 1 0 1 0 1 0 0 0 1 0 0 1 1 0 1 0 1 0 0 1 1 1 0 1 0 0 1 0 1 1 1 1 0 1 0 0 0 0 0 0 21
1 0 0 0 0 1 0 1 0 0 0 0 0 0 0 1 1 1 1 1 1 1 1 1 1 1 1 0 1 1 1 1 1 0 0 0 1 0 1 1 0 0 0 1 1 0 0 0 0 1 26
1 0 0 0 1 0 1 1 1 1 0 0 1 1 1 1 0 1 1 0 1 1 1 1 1 0 1 0 1 0 0 0 0 0 0 0 1 1 0 1 1 1 0 0 1 0 0 1 0 1 27
1 0 1 0 0 1 1 1 1 1 1 0 1 1 0 0 0 1 0 0 0 0 1 0 0 0 0 1 0 0 0 0 0 1 0 1 0 1 1 0 1 0 0 1 0 1 1 1 0 1 23
0 0 0 0 1 1 1 1 0 0 1 0 0 0 0 1 1 0 1 1 1 1 1 0 1 1 0 1 0 0 0 1 1 1 1 0 0 1 0 1 0 1 1 1 0 0 0 1 1 1 27
1 0 0 1 0 0 0 1 1 1 0 0 1 1 0 1 0 0 1 0 0 1 0 1 1 0 1 1 0 0 0 0 0 0 1 1 1 1 1 1 1 1 1 0 1 0 1 0 0 0 25
0 0 0 0 0 0 0 0 0 0 0 0 0 0 0 0 0 0 0 0 0 0 0 0 0 0 0 0 0 0 0 0 0 0 1 0 0 0 0 0 0 0 0 0 0 0 0 0 0 0 1
0 0 0 0 0 0 0 0 0 0 0 0 0 0 0 0 0 0 0 0 0 0 0 1 0 0 0 0 0 0 0 0 0 0 0 0 0 0 0 0 0 0 0 0 0 0 0 0 0 0 1
0 0 0 0 0 0 0 0 0 0 0 0 0 0 0 0 0 0 0 0 0 0 0 0 0 0 0 0 0 0 0 0 0 0 0 0 0 0 0 1 0 0 0 0 0 0 0 0 0 0 1
0 0 0 0 0 0 0 0 0 0 0 0 0 0 0 0 0 0 0 0 0 0 0 0 0 0 0 0 0 0 0 0 0 0 0 0 0 0 0 0 0 0 0 0 0 0 0 0 0 1 1
0 0 0 0 0 0 0 0 0 0 0 0 0 0 0 0 0 0 0 0 0 0 0 0 0 0 0 0 0 0 0 0 0 0 0 0 0 1 0 0 0 0 0 1 0 0 0 0 0 0 2
0 0 0 0 0 0 0 0 0 0 0 0 0 1 0 0 0 0 0 0 0 0 0 0 0 0 0 0 0 0 0 0 0 0 0 0 0 0 0 0 0 0 0 0 0 0 0 0 0 0 1
0 0 0 0 0 0 0 0 0 0 0 0 0 0 0 0 0 0 0 0 0 0 0 0 0 0 0 0 0 0 1 0 0 0 0 0 0 0 0 0 0 0 0 0 0 0 0 0 0 0 1
0 0 0 0 0 0 0 0 0 0 0 0 0 0 0 0 0 0 0 0 0 0 0 0 0 0 0 0 0 0 1 0 0 0 0 0 0 0 0 0 0 0 0 0 0 0 0 0 0 0 1
0 0 0 0 0 0 0 0 0 0 0 0 0 0 0 0 0 0 0 0 0 0 0 0 0 0 0 0 0 0 0 0 0 0 0 1 0 0 0 0 0 0 0 0 0 0 0 0 0 0 1
0 0 0 0 0 0 0 1 0 0 0 0 0 0 0 0 0 0 0 0 0 0 0 0 0 0 0 0 0 0 0 0 0 0 0 0 0 0 0 0 0 0 0 0 0 0 0 0 0 0 1
0 0 0 0 0 0 0 0 0 0 0 0 0 0 0 0 0 0 0 0 0 0 0 0 0 0 0 0 0 0 0 0 0 0 0 0 1 0 0 0 0 0 0 0 0 0 0 0 0 0 1
0 0 0 0 0 0 0 0 0 0 0 0 0 0 0 0 0 0 0 0 0 0 0 0 0 0 0 0 0 0 0 1 0 0 0 0 0 0 0 0 0 0 0 0 0 0 0 0 0 0 1
0 0 0 0 0 0 0 0 0 0 0 0 0 0 0 0 0 0 0 0 0 0 0 0 0 0 0 1 0 0 0 0 0 0 0 0 0 0 0 0 0 0 0 0 0 0 0 0 0 0 1
0 0 0 0 0 0 0 0 0 0 0 0 0 0 0 0 0 0 0 0 1 0 0 0 0 0 0 0 0 0 0 0 0 0 0 0 0 0 0 0 0 0 0 0 0 0 0 0 0 0 1
0 0 0 0 0 0 0 0 0 0 0 0 0 0 0 0 0 0 0 0 0 0 0 0 0 0 0 0 0 0 1 0 0 0 0 0 0 0 0 0 0 0 0 0 0 0 0 0 0 0 1
0 0 0 0 0 0 0 0 0 0 0 0 0 0 0 0 0 0 0 0 0 0 0 1 0 0 0 0 0 0 0 0 0 0 0 0 0 0 0 0 0 0 0 0 0 0 0 0 0 0 1
1 0 0 0 0 0 0 0 0 0 0 0 0 0 0 0 0 0 0 0 0 0 0 0 0 0 0 0 0 0 0 0 0 0 0 0 0 0 0 0 0 0 0 0 0 0 0 0 0 0 1
0 0 0 0 0 0 0 0 0 0 0 0 0 0 0 0 0 0 0 0 0 0 0 0 0 0 0 0 0 0 0 0 0 0 0 0 0 0 0 0 0 0 1 0 0 0 0 0 0 0 1
0 0 0 0 0 0 0 0 0 0 0 1 0 0 0 0 0 0 0 0 0 0 0 0 0 0 0 0 0 1 0 1 0 0 0 0 0 0 0 0 0 0 0 0 0 0 0 0 0 0 3
0 0 0 0 0 0 0 0 0 0 0 0 0 0 0 0 0 0 0 0 0 0 0 0 0 0 1 0 0 0 0 0 0 0 0 0 0 0 0 0 0 0 0 0 0 0 0 0 0 0 1
0 0 0 0 0 0 0 0 0 0 0 0 0 0 0 0 0 0 0 0 0 0 0 0 0 0 0 1 0 0 0 0 0 0 0 0 0 0 0 0 0 0 0 0 0 0 0 0 0 0 1
0 0 0 0 0 0 0 0 0 0 0 0 0 0 0 0 0 0 0 0 0 0 0 0 0 0 0 0 0 0 0 0 1 0 0 0 0 0 0 0 0 0 0 0 0 0 0 0 0 0 1
0 0 0 0 0 0 0 0 0 0 0 0 0 0 0 0 0 0 0 0 0 0 0 0 0 0 0 0 0 0 0 0 0 0 0 0 0 0 0 0 0 0 0 0 0 0 0 0 1 0 1
0 0 0 0 0 0 0 0 0 0 0 0 0 0 0 0 0 0 0 0 0 0 0 0 0 0 0 0 0 0 0 0 0 0 0 0 0 1 0 0 0 0 0 0 0 0 0 0 0 0 1
39 34 33 28 25 33 33 38 30 44 32 32 33 41 32 29 26 33 35 28 31 32 40 39 32 37 33 32 28 29 32 35 37 35 28 33 31 37 40 37 34 35 37 31 41 26 30 35 27 34 1666
