1 0 0 0 1 0 1 1 0 1 1 0 1 1 1 0 0 1 0 1 1 0 1 0 0 0 0 0 0 1 0 1 1 1 0 1 1 0 0 0 0 1 0 1 0 0 1 1 0 1 24
1 0 0 1 0 0 0 1 1 0 1 0 0 1 1 0 1 1 0 0 0 1 0 1 0 0 0 1 0 1 1 1 1 1 1 0 1 1 0 1 1 0 0 0 0 1 0 1 1 1 26
1 1 0 0 0 0 0 1 1 1 1 1 1 0 1 0 0 0 1 1 0 1 1 0 1 0 1 0 0 1 1 1 0 0 0 0 0 1 1 0 0 0 0 0 0 1 0 1 1 1 24
0 1 0 1 0 0 1 0 1 0 0 1 0 1 1 1 0 0 1 1 1 1 0 1 0 1 1 1 0 1 0 0 1 0 1 0 0 1 1 0 0 0 0 0 1 0 0 0 0 0 22
1 0 0 1 1 1 1 1 0 0 0 0 1 1 1 1 1 0 0 0 0 1 1 1 1 1 0 1 0 1 0 0 0 1 0 0 0 0 1 1 0 1 0 0 0 0 1 1 1 0 25
1 0 1 1 0 1 1 1 0 0 0 1 0 1 0 1 0 1 1 0 0 0 1 0 0 1 1 0 0 0 0 0 1 0 1 1 0 1 1 1 1 1 1 1 1 1 0 1 0 0 27
0 1 0 0 1 1 1 1 1 1 0 0 1 0 0 1 1 1 1 0 1 1 0 1 0 0 0 0 0 1 0 1 1 0 0 1 0 1 1 0 0 0 0 0 0 1 0 1 1 0 24
0 0 0 0 0 1 1 1 1 0 1 0 0 0 0 0 0 1 1 0 1 0 0 1 0 1 1 0 0 0 1 0 1 0 1 0 1 0 1 1 1 0 1 1 0 0 0 0 1 0 21
0 0 1 0 0 0 0 1 1 1 1 0 1 1 1 1 1 1 1 0 1 1 0 1 0 0 1 1 0 1 1 0 0 1 0 1 1 1 0 0 0 0 0 1 1 0 0 0 0 0 25
0 1 0 1 0 1 0 1 1 0 1 0 1 1 1 1 0 0 1 0 0 0 0 1 0 0 1 1 1 1 0 1 1 0 1 0 0 0 0 1 0 0 1 0 0 1 1 1 1 1 26
1 0 1 1 0 0 0 1 1 1 1 0 0 1 0 1 1 1 1 0 0 1 0 1 0 0 0 1 1 1 0 0 0 0 1 0 1 0 0 1 0 1 0 1 0 0 0 1 0 0 23
1 1 0 0 1 1 0 0 1 0 0 1 1 0 0 0 0 0 1 1 1 1 0 1 1 1 0 0 0 0 1 0 1 0 1 0 0 0 1 1 1 1 0 0 1 0 1 1 1 0 25
0 1 1 1 0 1 0 1 1 0 0 1 1 1 1 1 1 0 1 1 0 0 1 1 0 0 1 0 1 1 0 1 0 0 1 0 1 1 1 1 0 1 1 1 0 0 1 1 0 0 30
1 0 1 1 0 0 0 1 1 1 1 1 0 1 1 1 1 0 1 0 1 1 0 0 0 0 0 1 0 0 1 0 0 0 1 0 1 1 1 0 1 0 1 0 1 1 0 0 1 1 27
1 0 1 0 0 1 1 1 1 0 0 0 1 0 1 1 1 1 0 1 1 0 1 1 1 0 0 1 1 0 0 0 1 0 1 1 0 1 0 0 0 1 0 0 0 1 0 1 0 1 26
1 0 1 1 0 0 0 0 1 0 0 1 1 1 1 1 1 0 1 1 1 1 1 1 0 0 0 0 0 1 1 1 1 0 0 0 1 0 1 0 1 1 1 0 0 1 1 0 0 1 28
1 1 1 1 1 0 0 1 0 0 0 0 1 0 0 0 1 0 0 0 0 1 1 1 1 1 1 0 0 0 1 0 0 0 1 0 1 1 0 0 0 1 0 1 0 1 0 0 1 0 22
1 1 0 1 0 0 0 1 1 1 1 0 1 1 0 1 1 0 1 0 0 0 1 1 0 1 0 1 1 0 1 1 1 0 1 0 1 0 0 1 0 0 0 0 1 1 1 1 0 1 28
1 0 1 0 0 1 1 0 0 0 0 0 0 1 0 0 0 0 0 0 0 1 0 1 0 1 0 1 1 0 0 1 1 0 0 0 1 0 0 0 1 1 0 1 1 0 1 1 1 1 21
0 1 0 0 1 1 0 0 0 0 0 0 0 1 1 1 1 1 1 0 0 0 0 0 1 1 0 1 0 0 0 0 1 0 1 1 1 0 1 1 0 0 1 0 0 0 1 0 1 1 22
0 0 0 0 0 0 0 0 0 1 0 0 1 1 1 1 1 1 0 1 0 1 0 0 1 0 1 0 1 0 0 1 0 0 0 1 0 1 0 0 0 1 1 0 0 0 1 0 1 0 19
0 0 1 1 1 0 0 0 0 1 1 0 0 1 1 0 0 0 0 0 0 0 0 1 0 1 1 1 0 1 1 0 1 0 0 0 1 0 0 0 1 0 0 1 0 0 1 0 1 1 20
1 1 1 1 1 1 1 1 0 0 1 0 1 0 1 1 0 0 0 0 0 1 1 0 1 1 1 0 0 1 0 1 1 1 1 0 0 1 0 1 1 0 1 1 1 0 1 0 1 0 30
0 0 0 1 1 1 1 0 0 1 0 1 0 1 1 1 1 0 1 1 1 0 1 0 1 1 1 0 0 1 0 1 1 1 0 1 1 1 0 1 0 1 1 1 1 1 1 0 1 1 33
1 0 0 1 0 1 1 1 1 0 1 0 0 0 0 1 1 1 1 1 1 0 1 1 1 0 0 1 0 0 1 0 1 1 0 0 0 1 0 1 0 0 0 1 1 0 0 0 1 0 25
0 1 1 1 1 1 1 0 1 0 1 0 0 1 1 0 0 1 1 1 0 1 1 0 1 0 0 1 1 0 1 1 0 1 0 1 0 0 1 0 0 0 0 0 0 1 0 0 1 1 26
1 1 0 1 0 0 0 0 1 1 0 1 0 0 0 0 0 1 1 1 0 0 0 1 1 1 0 0 1 1 1 0 1 1 1 1 0 0 0 0 1 1 0 0 1 0 1 0 1 1 25
1 0 0 0 0 1 0 0 1 0 1 1 1 0 0 0 1 0 1 0 1 1 0 0 1 1 0 1 0 0 1 0 0 1 0 1 1 0 0 1 0 0 1 1 1 1 0 0 0 1 23
0 0 1 0 0 0 0 1 0 1 0 0 1 0 1 1 0 0 1 0 1 1 1 0 1 1 1 0 1 1 1 0 1 0 0 1 1 1 1 1 1 0 0 0 1 1 1 1 1 0 28
1 1 1 0 0 0 1 0 0 1 0 1 0 0 1 0 1 1 1 0 0 0 1 1 1 1 0 0 0 1 1 1 1 0 0 1 1 0 1 0 1 1 1 1 1 1 1 1 1 0 30
1 1 1 0 1 1 1 0 1 1 0 0 0 1 1 0 1 0 0 0 0 0 1 0 1 1 0 0 1 1 0 0 1 1 1 0 0 1 1 0 0 1 0 1 1 0 1 0 0 0 25
1 1 1 0 1 0 0 0 1 0 1 0 0 1 0 0 0 1 1 0 1 0 0 1 1 0 0 1 1 1 0 1 1 1 1 1 1 0 1 0 0 0 1 1 0 0 0 0 0 0 24
1 0 0 0 0 0 0 1 0 1 1 0 0 0 0 0 0 1 1 0 0 0 1 0 1 0 1 1 0 0 0 0 0 0 0 1 1 1 1 1 1 0 1 1 1 1 1 1 1 0 23
0 1 1 0 1 0 0 1 0 1 0 1 0 0 1 1 1 1 0 1 1 0 0 1 1 0 1 1 1 0 1 0 1 1 1 0 1 1 1 0 0 1 0 1 0 1 1 0 0 1 29
1 0 1 0 0 0 0 1 1 1 1 0 0 0 1 1 1 0 1 1 1 0 0 1 1 1 1 1 0 0 0 0 0 1 0 0 0 1 0 0 0 1 1 1 0 0 0 0 1 1 24
1 0 0 0 0 1 1 0 1 1 0 0 0 1 1 0 1 1 1 1 0 0 0 0 1 0 0 1 0 1 0 0 0 1 1 1 1 1 0 0 0 1 0 1 0 0 0 0 1 0 22
0 1 0 1 0 1 1 0 0 1 0 1 1 0 0 0 1 1 1 0 0 0 1 1 1 1 1 0 1 0 0 0 1 0 0 1 0 0 1 0 1 1 1 1 0 0 0 1 0 0 24
0 1 0 1 1 1 1 1 1 1 1 1 1 0 1 0 0 0 0 1 1 1 1 0 0 0 1 0 0 1 0 0 0 0 0 0 0 0 1 0 0 0 1 0 1 1 1 1 0 0 24
1 1 1 0 1 0 1 1 0 0 1 1 1 0 1 1 1 1 0 1 1 0 0 1 0 1 1 1 0 0 1 1 0 0 1 1 1 1 1 0 1 1 1 1 0 1 1 1 1 1 35
1 1 0 0 0 0 0 0 0 0 1 1 0 1 1 0 1 0 1 1 1 1 0 1 1 0 1 1 0 0 0 1 0 1 1 1 1 1 0 1 0 1 1 0 1 1 0 1 1 1 29
0 1 1 1 0 0 1 0 0 1 0 1 0 0 0 0 0 1 1 1 1 0 1 1 0 1 1 0 0 1 1 0 1 1 1 0 0 1 0 0 0 1 1 0 0 0 1 0 1 0 24
0 1 1 0 0 0 0 0 1 1 1 0 1 0 1 0 0 0 1 0 1 1 0 0 1 1 0 0 0 0 0 0 0 0 1 0 1 1 0 0 0 1 0 0 0 0 1 1 1 1 20
0 1 0 1 1 0 0 0 0 1 1 1 0 1 1 0 1 1 1 1 1 0 0 0 1 0 0 1 1 0 0 0 0 1 0 0 1 1 1 1 1 1 1 1 0 0 1 1 0 1 28
1 0 1 0 1 0 1 0 1 0 0 0 0 0 0 1 0 1 0 1 1 0 1 0 0 0 1 1 1 1 1 1 1 0 0 0 0 1 0 0 0 0 1 0 1 1 0 1 1 0 23
1 0 0 0 1 1 1 0 1 1 0 0 0 1 0 1 1 0 0 0 0 1 1 1 1 0 1 0 1 1 1 0 1 0 1 0 1 0 0 1 0 1 1 0 0 0 0 0 0 1 24
0 0 0 1 1 1 1 1 1 1 0 0 1 0 1 1 0 1 1 1 1 0 1 0 0 0 0 0 1 0 1 1 1 0 1 1 1 0 0 1 1 0 0 0 1 1 0 0 0 1 27
1 1 0 1 0 0 0 0 1 1 0 0 0 1 1 0 1 0 1 1 1 1 1 0 1 1 1 0 0 0 0 0 0 1 0 0 0 1 1 1 0 1 0 0 1 1 0 0 1 0 24
0 1 1 1 1 1 0 1 1 0 0 1 1 1 1 1 0 0 0 0 1 0 1 1 0 1 0 0 0 0 0 1 0 1 0 1 0 1 1 0 1 1 0 1 1 0 0 0 0 1 26
1 1 0 0 0 0 1 1 0 1 1 0 0 1 1 0 1 1 0 1 0 0 1 1 1 1 0 1 1 0 0 1 0 1 1 0 0 1 1 1 0 0 1 1 0 1 1 0 0 1 28
1 0 1 0 0 0 0 0 0 0 1 1 0 0 0 0 0 1 0 0 0 0 0 0 1 1 1 1 1 0 0 0 0 0 0 1 1 1 1 1 0 1 0 1 1 0 0 1 0 0 19
1 1 1 1 1 0 1 1 0 0 1 1 1 0 1 0 0 0 1 0 1 0 1 1 0 0 0 1 0 1 1 1 0 1 0 0 0 1 0 0 0 0 1 0 0 1 1 1 0 1 26
0 1 0 0 1 1 1 0 0 1 1 1 1 0 0 0 0 1 1 0 0 0 1 0 0 0 0 0 0 0 0 0 1 0 1 0 1 0 0 1 0 0 0 1 1 0 1 1 1 1 21
0 0 0 0 1 0 0 0 1 0 1 0 1 0 1 0 1 0 0 1 1 1 0 0 0 0 0 0 1 0 0 0 1 1 1 1 1 1 1 1 0 1 1 0 1 1 1 1 1 0 25
0 1 1 1 0 1 0 0 0 1 0 0 0 0 1 0 1 1 1 1 0 1 0 0 0 0 1 1 1 1 0 1 0 1 1 1 0 0 0 0 1 0 1 0 0 1 0 1 1 0 24
1 1 1 0 1 1 1 1 0 1 0 1 1 0 1 1 1 0 1 1 1 1 1 0 1 0 1 0 0 1 1 1 0 1 0 1 0 0 0 0 1 1 1 0 1 0 1 1 0 0 31
1 1 0 1 0 0 0 0 1 1 0 1 1 1 1 0 0 1 0 0 1 0 1 1 0 0 0 1 1 0 1 0 1 1 0 1 0 0 1 1 0 0 1 0 1 1 1 1 1 1 28
0 0 0 0 0 0 0 1 1 0 0 0 0 0 0 1 0 0 0 1 0 0 0 1 1 0 1 0 0 1 0 1 0 1 1 1 1 1 1 0 1 0 0 0 1 1 1 0 1 0 20
1 0 1 0 0 1 1 1 0 0 0 0 0 0 1 1 0 0 0 1 0 1 0 1 0 1 0 1 1 0 1 1 0 1 1 1 1 1 1 1 1 1 0 0 1 0 1 0 1 1 28
1 1 1 1 0 0 1 1 0 0 0 1 1 0 0 0 1 1 1 0 0 1 0 0 0 0 1 0 1 0 1 0 1 0 1 0 0 1 1 0 0 0 0 0 1 1 1 1 1 1 25
1 0 1 0 1 0 0 1 0 0 1 1 1 1 0 1 1 0 1 0 1 0 1 0 1 1 1 0 0 0 1 1 0 0 1 1 0 0 1 1 0 1 1 1 0 1 0 0 0 1 27
0 0 1 1 1 1 0 0 0 1 1 0 1 0 0 0 0 0 0 1 0 0 1 0 0 1 0 0 0 1 1 1 1 1 0 0 0 0 1 0 0 0 1 0 1 1 1 1 0 1 22
1 1 1 0 1 0 0 1 0 1 1 1 0 1 1 0 1 1 1 0 0 1 0 0 0 1 1 1 0 0 1 1 1 1 0 0 1 1 0 1 0 0 0 1 0 0 0 1 1 0 27
0 0 1 0 0 0 0 1 1 1 1 1 0 1 0 1 1 0 0 0 0 1 1 1 0 0 1 1 0 0 0 1 1 1 1 0 1 0 1 0 1 0 0 1 1 0 1 0 1 1 26
1 1 0 1 1 0 0 0 1 0 0 1 0 1 0 0 0 0 1 1 0 0 1 0 1 0 1 1 1 1 0 1 1 1 0 0 0 1 1 1 0 1 1 0 0 1 0 0 0 1 25
1 0 1 0 1 1 0 1 1 1 0 0 1 0 0 0 1 0 0 0 1 0 0 1 0 0 1 1 0 1 0 0 1 0 0 1 1 1 0 1 1 1 0 1 1 1 0 1 0 1 26
0 1 0 0 1 0 1 1 0 1 1 0 0 1 0 0 1 0 1 1 0 0 1 0 0 0 1 0 1 0 1 1 1 0 1 0 0 1 0 0 0 0 0 1 1 0 1 0 1 1 23
1 0 0 0 1 1 1 1 0 0 1 0 0 1 1 1 0 0 0 1 0 0 0 0 1 1 1 0 0 0 0 0 0 1 1 1 0 1 1 0 0 0 0 0 1 0 0 1 1 0 21
1 0 1 0 0 0 1 0 1 0 0 1 1 0 0 1 0 1 0 0 0 0 1 0 0 0 1 1 0 0 1 1 0 1 0 1 0 1 0 0 1 0 1 1 1 1 1 0 1 0 23
0 0 0 0 0 1 0 1 0 1 1 1 0 0 0 0 0 1 1 1 1 1 1 1 1 1 1 0 0 1 1 0 0 1 1 1 1 1 0 0 1 1 1 0 0 1 0 1 1 0 28
0 1 1 0 0 1 1 1 0 0 0 0 0 1 1 1 0 1 1 0 1 1 1 0 1 0 1 1 0 1 1 0 1 1 0 1 1 0 0 0 1 0 1 0 0 0 0 0 1 1 26
1 1 1 0 1 0 0 0 0 1 0 1 0 0 0 0 0 0 0 1 0 1 0 0 1 1 0 0 1 1 0 1 1 0 1 1 0 1 0 1 0 1 0 0 1 0 0 1 1 0 22
0 1 0 1 0 0 1 0 1 1 1 0 0 1 0 0 1 0 1 0 1 0 0 0 0 0 0 0 1 1 1 1 1 1 1 0 0 0 0 1 1 1 0 0 0 1 1 0 0 0 22
0 0 0 1 1 1 0 1 1 0 1 1 1 1 1 1 0 1 1 0 0 0 1 1 0 1 0 0 0 0 0 1 1 1 1 1 1 0 0 0 1 0 0 1 0 1 0 0 0 0 25
1 1 1 0 0 1 1 1 0 0 0 0 1 0 0 1 0 1 1 0 1 0 0 0 1 0 0 0 1 1 0 1 0 0 1 1 1 0 0 0 0 1 0 1 0 1 1 0 0 1 23
1 1 0 0 0 1 1 0 0 1 0 1 0 1 0 0 0 1 0 1 1 0 0 0 0 0 0 1 0 0 1 1 1 0 1 1 1 1 0 0 0 0 0 0 0 1 0 1 1 1 22
0 0 0 0 0 0 0 1 1 0 0 0 1 1 1 1 0 0 1 1 1 0 0 1 1 1 0 1 0 0 1 1 0 1 1 1 0 1 1 1 0 0 1 0 0 1 0 1 0 0 24
1 1 0 0 0 1 0 1 0 0 0 1 1 1 1 1 0 0 0 0 0 1 1 0 0 0 1 0 1 1 1 0 0 0 1 0 0 0 0 1 1 0 1 1 0 1 1 1 1 0 24
1 1 1 0 0 0 0 1 0 1 1 1 1 1 1 1 1 0 0 0 1 1 1 0 0 1 1 0 0 0 0 1 1 0 1 0 1 1 0 1 0 0 1 0 0 0 0 1 1 0 26
1 0 0 0 1 0 1 1 0 0 0 1 0 1 1 1 1 1 1 1 1 0 0 1 0 0 0 0 0 0 1 0 1 1 0 0 1 1 0 1 0 1 1 0 1 1 0 1 1 0 26
1 0 1 0 1 1 0 0 0 0 0 0 0 1 0 0 1 1 1 0 1 0 0 0 0 0 1 0 0 1 1 1 0 0 0 1 1 1 0 1 1 0 1 0 1 1 1 1 0 0 23
0 0 0 0 0 1 1 1 1 1 0 1 0 0 1 0 0 1 1 1 1 1 0 0 1 0 1 0 1 0 1 0 0 1 1 1 0 1 1 1 0 1 1 1 0 0 1 1 1 0 28
0 0 0 1 0 1 1 1 1 0 1 0 1 0 0 1 0 0 0 1 1 0 0 1 0 1 1 0 1 1 0 0 0 1 1 0 0 0 0 0 1 1 1 0 0 0 1 0 1 0 22
1 0 1 1 1 0 0 1 0 1 1 1 0 1 1 0 1 1 1 0 0 1 0 0 1 0 1 1 1 0 0 0 1 1 1 0 0 0 0 1 0 0 1 1 1 1 1 1 1 1 30
0 0 1 0 1 1 0 0 1 1 0 1 1 0 0 1 0 0 0 0 1 1 0 0 0 1 0 1 0 1 0 0 0 0 0 0 0 1 0 1 0 1 1 1 0 1 0 1 1 1 22
0 1 1 1 1 0 0 1 0 0 1 1 0 1 0 1 1 0 1 0 1 0 1 0 0 0 1 1 0 1 1 1 0 0 0 0 0 1 1 1 0 0 1 1 1 0 0 1 0 0 25
0 0 1 1 0 0 1 0 1 1 1 1 1 0 1 0 0 0 0 0 0 0 0 1 1 1 0 1 0 0 1 1 1 0 0 1 0 1 1 0 0 0 0 0 1 0 0 1 1 1 23
1 0 0 0 1 0 0 1 1 0 0 1 1 0 0 0 1 0 0 1 1 0 0 1 0 0 1 0 0 0 1 1 1 0 0 0 0 0 1 0 0 0 0 1 0 0 0 0 1 1 18
1 1 1 0 1 1 0 1 1 1 0 0 1 0 1 0 0 1 1 0 1 1 1 1 0 0 0 1 0 0 1 1 1 0 1 1 1 0 0 0 0 0 1 1 1 0 0 0 1 0 27
1 1 1 0 0 1 1 1 0 0 0 0 1 0 1 0 1 1 0 0 1 1 1 1 1 1 0 0 1 0 0 0 0 1 0 0 0 1 0 1 1 0 1 0 0 0 1 1 1 1 26
0 1 0 1 1 1 1 1 0 0 0 1 1 1 0 0 1 1 1 0 1 0 0 1 1 1 0 1 0 0 0 1 0 1 0 1 1 0 0 0 1 0 1 0 1 0 1 1 1 0 27
0 1 1 1 0 0 0 0 1 1 1 0 1 0 0 1 0 0 0 1 1 1 1 0 0 0 1 1 1 1 0 0 1 1 1 0 1 1 0 1 1 1 1 0 1 0 0 1 0 1 28
0 1 0 0 1 0 1 1 1 1 0 1 0 1 0 1 0 0 0 1 1 0 0 0 0 0 0 1 0 0 0 1 1 0 0 0 0 0 0 0 0 1 0 0 1 0 0 0 1 0 17
1 0 1 0 1 1 0 0 1 0 0 0 0 1 1 0 0 1 1 0 0 1 1 0 1 1 1 1 1 0 1 0 1 1 1 0 1 1 0 1 0 0 0 1 1 0 1 1 1 1 29
1 0 0 0 0 0 1 0 1 0 0 1 0 0 0 0 1 1 1 1 1 1 1 1 0 0 1 0 0 1 0 1 0 0 1 1 0 1 0 1 1 1 1 1 1 0 0 1 1 1 27
0 0 1 0 1 0 0 1 0 0 0 0 0 0 1 1 1 1 0 0 1 0 0 1 1 1 1 1 1 1 1 1 1 1 1 1 1 0 0 0 0 1 0 1 0 0 1 1 0 1 27
0 1 1 0 1 1 1 1 1 1 0 0 1 1 0 1 0 1 0 0 0 0 0 0 1 0 0 0 0 1 0 1 1 0 1 1 0 1 1 1 0 0 0 0 0 0 0 0 1 1 23
0 0 1 0 1 1 1 1 0 1 1 0 1 1 1 0 0 0 0 0 0 1 0 1 1 0 1 1 0 1 1 1 1 1 1 0 0 0 0 0 0 0 1 1 1 1 0 1 0 0 26
0 1 1 1 0 1 1 0 1 1 0 0 1 0 1 0 0 1 1 0 1 1 0 0 0 0 0 1 0 1 1 0 1 1 0 1 0 0 1 1 1 1 1 0 0 0 1 0 1 0 26
1 0 1 1 1 1 1 1 0 0 1 1 1 1 0 1 1 0 1 0 0 1 1 0 0 0 0 1 1 0 0 1 0 0 0 0 0 1 1 0 0 0 0 1 1 1 0 0 0 1 25
0 0 0 0 0 1 1 1 1 0 1 1 1 1 0 1 1 1 0 1 0 0 0 0 0 1 1 0 1 0 1 1 1 0 0 1 1 0 1 1 0 1 1 1 1 1 1 0 0 0 28
55 50 53 40 47 48 48 59 52 51 45 48 50 52 55 48 50 50 58 45 54 45 48 48 48 44 53 51 40 47 50 53 57 50 55 49 49 58 45 49 37 48 53 48 51 49 50 55 62 50 2500
