1 0 1 0 0 1 0 0 0 0 0 0 1 1 0 0 0 1 0 1 0 1 1 0 1 0 1 0 1 1 1 0 1 0 0 0 0 1 1 0 1 0 1 0 0 1 0 1 0 1 0 1 1 0 1 1 1 0 1 0 1 1 0 0 0 1 0 1 0 0 0 1 0 0 0 0 1 1 1 1 1 0 0 1 1 1 1 1 1 1 0 1 0 1 0 1 1 1 1 0 51
1 1 1 0 1 1 0 0 1 1 0 1 1 0 1 0 1 1 0 0 1 0 0 0 1 0 0 1 1 1 1 1 1 0 1 0 1 1 0 0 0 0 1 0 0 0 0 1 0 0 0 0 0 0 1 0 1 0 0 1 0 1 1 1 0 0 0 1 0 1 1 1 0 1 0 0 0 1 1 1 1 0 1 0 0 0 1 0 1 1 1 1 1 0 0 0 0 0 0 1 48
1 1 1 1 1 1 0 0 0 1 0 0 1 0 1 0 0 0 1 1 0 1 0 1 1 0 0 1 1 0 0 0 0 0 0 1 0 1 1 0 1 0 0 1 0 0 1 1 1 0 1 1 0 0 0 1 1 0 1 0 0 0 1 0 0 0 0 1 1 0 0 1 0 0 0 0 1 0 0 0 1 1 1 0 0 0 1 0 0 1 1 0 1 1 1 0 0 1 0 1 45
0 1 1 1 0 1 0 0 1 0 0 0 0 1 0 1 1 0 1 1 0 0 0 1 1 1 0 0 0 1 1 1 1 1 1 0 1 0 1 1 1 0 0 0 1 1 1 1 1 1 1 1 0 0 1 0 1 1 1 0 0 0 1 1 1 1 1 0 1 0 1 1 1 0 1 1 0 0 1 0 1 0 1 1 0 1 1 0 0 1 1 0 0 1 1 0 1 0 0 0 57
1 0 1 0 1 1 0 1 0 0 1 0 0 0 0 0 0 0 1 0 0 1 1 0 0 1 0 1 1 1 0 1 0 1 0 1 0 0 0 0 0 1 1 1 1 1 0 1 1 0 0 1 0 0 0 0 1 0 0 0 0 0 0 0 1 1 1 1 1 0 0 1 1 1 0 1 0 1 0 1 1 0 1 1 0 0 1 1 0 1 0 0 0 0 1 0 1 1 0 0 45
0 0 0 0 1 1 0 0 0 1 1 0 1 1 0 0 1 1 1 1 0 0 1 1 0 1 1 0 1 1 0 1 0 0 1 1 1 1 1 1 0 1 0 0 1 0 1 1 0 1 0 0 0 1 1 0 0 0 0 1 0 1 0 1 1 0 1 0 1 0 1 0 0 0 0 0 1 0 1 0 1 1 0 0 0 0 1 1 0 0 0 0 1 1 1 0 0 1 0 1 48
0 1 1 0 0 0 0 1 0 0 1 1 0 0 1 1 0 0 0 1 1 0 1 1 0 0 1 1 1 1 0 0 1 0 0 1 0 1 0 1 1 0 0 0 0 1 0 0 0 1 0 1 1 1 0 1 1 0 0 0 1 0 0 0 1 1 0 0 0 0 0 0 1 0 1 1 0 0 1 0 0 0 1 1 1 0 1 1 1 0 1 1 1 1 1 0 0 1 0 1 47
0 1 1 0 1 1 1 1 1 1 1 0 0 0 0 1 0 0 0 1 0 0 1 1 1 1 0 0 1 0 1 1 0 0 0 0 0 1 1 1 0 0 0 0 0 0 0 1 0 1 1 0 1 1 0 1 0 1 0 0 0 0 0 0 0 1 1 1 1 1 0 1 1 1 1 1 0 1 1 0 1 1 0 0 1 0 0 1 0 1 0 0 1 1 1 1 0 1 0 1 51
0 0 1 1 1 1 1 0 1 1 0 1 1 1 0 1 1 1 0 1 0 0 0 1 0 0 1 1 0 0 1 0 0 0 0 1 0 0 0 1 0 1 0 1 0 1 1 0 1 1 1 0 1 1 1 1 1 0 1 1 0 0 0 0 1 1 1 0 0 0 1 1 0 1 1 1 0 0 0 0 0 1 0 1 1 1 0 0 0 0 0 0 1 0 0 1 1 1 1 0 51
1 0 1 0 0 1 0 0 0 1 0 1 1 1 0 1 0 0 0 1 1 1 1 0 0 0 1 0 0 0 1 1 0 0 0 1 1 1 1 0 1 1 1 0 1 0 1 0 1 0 0 0 1 0 0 0 1 0 0 1 1 1 1 1 0 0 0 0 0 1 0 1 0 0 0 1 0 0 0 1 1 0 0 1 0 1 0 0 0 1 1 0 1 0 0 1 1 1 0 1 46
0 0 0 0 0 1 1 1 1 0 1 0 1 0 0 1 1 0 1 1 0 1 1 1 1 1 1 0 0 1 0 1 0 1 1 0 1 0 0 1 0 1 0 1 0 0 1 1 1 0 1 1 0 1 0 0 0 1 0 0 1 0 1 0 0 1 0 0 1 0 0 0 0 1 1 0 0 1 0 1 1 0 1 0 1 1 1 0 1 0 1 0 0 1 1 0 0 1 1 0 50
0 1 0 1 1 0 1 0 0 0 0 1 0 0 0 1 1 1 1 0 0 1 1 1 0 0 1 1 0 0 0 0 0 1 0 0 1 0 0 0 0 1 0 1 1 0 0 1 0 1 0 1 1 0 1 1 1 1 0 1 0 1 1 1 1 1 1 0 1 1 0 1 1 1 1 1 1 0 0 1 1 1 1 1 1 1 1 1 1 1 0 1 0 0 0 0 0 0 1 1 56
0 1 1 0 0 1 0 1 1 1 1 1 1 1 1 0 0 1 0 1 1 1 1 0 0 0 0 0 1 1 1 1 0 1 0 1 1 1 1 1 1 0 1 1 0 0 0 1 1 0 0 0 1 0 1 0 0 1 1 1 1 1 0 0 1 0 0 0 0 0 1 0 0 0 0 0 0 0 0 1 0 0 1 0 0 0 0 0 0 1 0 1 1 0 1 1 1 0 0 0 48
1 1 0 0 0 0 0 0 0 0 0 1 1 1 1 0 0 0 1 0 1 1 0 1 0 0 1 1 1 1 1 1 1 1 1 1 1 1 0 0 1 1 0 1 1 0 0 1 1 1 1 0 1 1 1 1 1 1 1 1 1 1 0 0 1 1 1 0 1 1 1 1 0 1 1 1 1 0 1 1 0 1 0 0 1 1 0 0 0 0 1 1 1 0 0 1 0 1 0 0 61
0 0 1 0 0 0 1 1 1 1 1 1 1 0 0 1 0 0 0 1 1 0 0 1 1 0 1 1 1 0 0 0 0 0 0 1 1 1 1 0 1 0 1 0 1 1 1 0 0 0 0 0 0 0 1 1 1 1 0 1 1 0 0 0 0 1 1 1 0 1 0 0 0 0 0 1 0 1 0 0 1 0 1 1 0 1 0 0 0 1 1 0 1 1 0 1 0 1 1 1 49
0 0 0 1 0 0 1 1 1 0 1 0 1 0 0 0 1 1 1 1 0 0 1 1 1 1 0 0 0 0 1 1 0 1 1 1 1 0 1 1 0 1 1 1 1 1 1 1 1 0 0 1 0 0 0 1 1 0 0 1 1 1 0 0 0 1 0 1 1 1 0 1 0 1 1 0 0 0 0 1 1 0 0 1 1 1 0 1 0 0 0 0 0 0 0 1 1 0 1 1 53
1 1 0 0 0 1 1 0 0 1 0 1 1 1 1 1 0 0 0 1 1 1 1 1 1 0 1 1 0 1 0 0 1 0 1 1 1 1 0 0 1 1 0 1 0 0 1 1 0 0 0 0 1 0 1 1 0 0 0 0 1 1 0 1 0 1 0 1 1 0 1 0 1 1 0 1 1 1 0 1 1 1 0 0 1 1 1 0 0 0 1 0 0 1 1 1 1 1 0 1 57
1 0 1 0 1 0 1 0 0 0 1 0 0 1 0 1 0 0 1 0 0 0 1 0 0 1 1 1 0 1 0 1 1 0 0 1 0 0 0 1 0 0 1 1 1 0 1 0 0 0 0 0 1 0 1 0 0 0 1 1 0 0 0 0 0 0 1 0 0 1 1 0 1 0 1 1 1 0 0 0 0 1 1 0 0 0 1 1 0 1 1 1 0 1 0 0 1 0 1 1 43
1 1 1 0 1 0 1 1 0 0 0 1 1 1 1 1 0 0 0 1 1 1 0 1 1 0 0 1 0 0 0 1 1 0 1 1 0 0 0 0 0 0 1 1 0 1 1 1 0 1 1 1 1 1 0 0 1 0 0 1 0 1 0 1 0 1 1 1 0 0 0 1 1 1 1 1 1 0 0 0 1 0 1 1 1 1 1 0 0 0 1 0 0 1 1 0 0 1 0 0 54
1 0 0 1 1 0 1 1 0 1 0 0 0 0 0 0 0 1 1 1 1 1 1 0 1 0 0 0 0 0 1 1 0 0 1 0 1 1 0 0 0 0 1 0 0 1 0 1 0 1 1 1 0 0 1 0 0 1 1 1 1 1 1 1 0 0 1 1 0 0 0 1 1 1 0 0 0 1 1 0 0 1 0 1 0 1 0 0 1 1 1 1 1 1 1 0 0 1 1 1 52
0 1 1 0 0 1 1 0 0 1 0 0 1 0 1 1 1 0 1 1 0 1 0 0 1 1 1 0 1 1 1 1 0 0 1 0 1 1 0 1 0 0 0 0 0 0 0 0 0 1 1 0 0 1 1 1 0 1 1 1 0 0 1 1 1 1 1 1 1 1 0 1 0 1 1 1 1 1 1 1 0 1 0 1 0 0 1 1 0 0 0 0 0 0 1 1 1 0 0 1 55
1 0 1 1 1 0 0 0 1 0 0 0 0 0 0 1 1 0 0 1 0 1 1 1 1 1 0 0 1 1 1 1 1 1 0 1 0 1 0 0 0 1 1 1 0 1 1 0 0 1 0 0 1 1 1 0 1 0 1 0 0 0 1 0 0 0 0 0 1 0 0 1 1 0 1 1 1 1 0 1 1 0 0 0 0 1 0 0 0 0 0 1 1 0 1 0 0 1 1 1 49
0 1 1 0 0 1 1 0 1 1 1 1 1 0 1 1 0 1 1 0 1 1 0 1 1 1 0 1 1 0 1 1 0 1 0 0 1 0 1 0 1 0 1 1 0 0 0 0 0 0 0 0 1 1 0 0 0 0 0 1 0 1 0 1 0 1 0 1 0 0 0 1 0 1 1 1 0 0 0 1 0 0 0 1 0 1 0 0 1 1 1 1 0 1 1 1 1 1 0 1 52
1 1 1 0 0 1 1 1 1 0 1 1 0 0 0 0 0 1 1 0 1 1 1 0 0 1 0 0 0 0 0 0 1 0 1 1 1 0 0 1 0 1 0 0 0 1 0 0 1 0 1 1 1 1 1 1 1 0 0 1 0 1 0 1 1 1 0 0 1 1 0 1 1 1 1 1 0 1 1 0 1 1 0 0 0 0 0 1 1 0 1 1 1 0 0 0 1 1 0 1 54
1 1 1 0 1 0 1 0 0 1 1 0 0 0 0 1 0 0 1 0 0 0 0 1 0 1 0 1 1 0 0 1 0 1 0 1 0 1 0 1 1 0 1 0 1 0 0 0 0 1 0 0 1 1 1 1 1 0 0 1 1 0 0 0 0 0 0 0 0 1 1 0 0 0 0 0 0 1 0 1 1 0 1 0 0 0 0 0 0 0 0 0 0 0 0 0 1 1 1 0 38
1 0 0 1 0 1 0 0 0 0 0 1 1 1 0 0 0 1 0 1 1 0 1 0 1 1 0 0 1 1 0 0 1 0 1 0 0 0 1 0 1 1 0 0 1 1 1 1 1 0 1 1 1 0 1 0 0 1 0 1 0 1 1 0 0 0 1 1 0 1 1 0 0 0 1 0 1 1 0 1 0 0 1 0 0 0 1 1 0 1 1 1 0 0 0 0 1 1 0 0 48
1 1 0 0 1 1 0 1 1 0 1 0 1 1 0 0 1 0 1 0 0 0 1 1 1 1 1 1 1 0 0 1 0 1 0 0 0 1 0 0 1 0 0 0 1 1 1 0 0 0 1 0 1 1 0 0 0 0 1 1 1 0 1 1 1 1 0 1 0 1 1 1 0 0 1 1 1 1 1 1 1 1 0 0 0 1 1 0 1 1 0 1 1 0 0 1 0 0 0 0 54
1 1 0 1 0 1 1 1 0 0 1 0 0 0 1 0 1 1 1 0 0 1 0 0 0 0 1 1 0 1 1 0 0 1 0 1 1 1 0 0 1 0 0 0 1 1 0 0 0 1 0 0 1 1 0 1 1 1 1 0 0 1 0 0 1 1 0 0 1 0 0 1 0 1 0 0 1 0 0 1 0 0 1 0 1 0 1 1 1 1 1 0 1 1 1 0 1 0 0 1 50
0 0 1 0 1 1 0 0 0 0 1 0 0 1 1 1 1 0 1 1 0 0 1 1 1 0 1 1 0 1 1 1 1 1 1 0 1 1 0 0 1 1 1 1 0 0 0 1 0 0 0 0 0 1 0 1 1 1 0 0 0 0 0 1 0 0 0 0 0 0 0 1 0 1 1 0 1 0 1 1 1 1 1 0 1 1 0 1 0 1 1 1 1 0 0 1 1 0 1 0 52
1 1 1 0 0 0 1 0 0 1 0 1 0 1 1 1 0 1 1 0 1 1 0 0 0 1 1 0 1 0 1 1 0 1 1 0 1 1 1 1 1 1 1 0 1 0 1 1 0 1 1 1 1 0 0 1 1 0 0 1 0 0 1 0 0 0 1 1 0 1 1 1 0 0 1 0 1 1 0 0 1 1 0 1 1 1 0 0 1 1 1 0 1 0 0 1 0 1 0 0 57
0 1 1 0 1 0 1 0 0 1 0 0 0 0 1 1 0 0 1 1 1 0 0 0 0 1 0 1 0 0 1 0 1 1 0 0 1 0 1 1 1 0 0 1 0 1 0 1 1 0 1 0 0 1 1 1 1 1 0 1 1 1 1 0 0 0 1 0 1 0 0 1 0 1 1 1 0 0 1 1 0 0 0 0 1 0 1 0 0 1 0 1 0 0 1 0 1 0 1 0 48
0 0 1 1 1 1 0 1 1 0 0 1 1 0 1 1 1 0 1 1 0 0 1 0 0 0 0 1 0 0 1 1 1 0 1 1 1 1 1 0 0 1 0 1 1 1 0 0 0 1 1 0 0 0 1 1 1 1 0 0 1 0 0 0 0 0 0 0 1 1 0 0 0 0 1 0 1 0 1 0 0 0 1 0 0 1 1 1 1 1 0 0 1 0 1 0 0 0 1 1 49
0 1 0 0 0 1 1 0 1 1 1 0 1 1 1 0 0 1 1 0 1 1 1 0 0 1 0 1 0 1 0 1 1 0 0 1 0 0 0 1 0 1 0 1 0 1 1 1 0 1 0 0 0 0 0 0 0 1 0 0 1 1 0 0 1 1 0 1 1 0 0 1 1 0 1 0 1 0 1 0 1 1 0 0 0 1 0 0 0 0 0 0 0 1 1 1 1 1 0 0 47
1 1 0 1 1 1 0 1 0 0 0 1 1 0 0 0 0 0 1 0 0 0 0 1 1 0 1 0 1 1 0 1 0 0 0 0 1 0 1 1 1 1 1 0 0 1 0 1 1 0 1 0 0 0 1 1 0 0 0 0 1 1 0 1 0 1 1 1 0 1 0 0 0 1 1 1 1 0 1 1 1 0 0 1 1 0 0 0 1 1 0 0 1 0 1 0 1 1 0 1 50
1 1 0 0 1 1 0 1 1 0 0 0 1 0 1 1 0 1 1 0 0 1 0 0 0 0 0 0 0 1 1 0 1 1 1 0 0 0 1 0 0 0 1 0 0 0 0 0 1 1 1 1 0 0 0 0 1 1 0 1 0 1 0 0 0 1 0 0 1 1 1 1 0 1 1 0 0 0 0 1 0 1 1 0 0 1 1 0 1 0 1 0 0 1 1 0 0 1 0 1 45
1 0 0 0 1 0 1 1 1 1 1 0 1 0 0 0 0 1 0 1 0 1 1 1 0 0 1 1 0 0 1 1 1 1 1 1 1 1 0 0 0 1 1 1 1 1 1 1 0 1 1 0 0 1 1 1 1 0 0 1 0 0 0 0 1 0 0 0 1 0 0 0 0 0 0 0 0 1 0 0 0 0 0 1 0 0 1 0 1 0 1 0 1 1 1 0 0 0 1 0 48
1 1 0 1 0 1 0 0 0 1 1 1 0 1 1 1 1 0 1 1 1 1 1 1 0 1 1 0 1 1 0 1 1 1 0 1 1 1 0 0 1 0 1 1 0 1 0 1 0 1 0 1 0 1 0 0 0 1 1 1 1 0 0 0 0 1 1 1 1 1 0 0 0 1 1 1 1 1 0 1 0 0 1 1 1 0 1 0 0 0 0 1 1 0 1 0 1 0 1 1 60
0 0 1 1 1 1 1 0 1 1 0 0 0 1 0 0 1 0 1 1 1 1 0 0 1 1 0 0 0 0 1 0 0 1 1 0 1 1 0 0 0 0 1 0 1 1 1 1 1 1 0 0 0 0 0 1 1 1 1 1 1 1 1 1 1 1 0 0 1 1 1 0 0 0 0 1 1 1 1 1 0 0 1 0 0 0 1 0 0 0 0 1 0 0 1 1 0 0 0 0 51
1 0 1 0 0 0 1 1 1 1 1 0 1 1 1 1 0 0 1 0 1 0 0 1 0 0 0 1 0 0 0 1 1 1 0 0 0 1 1 0 1 0 1 0 0 1 1 0 0 1 1 1 0 0 1 1 0 1 0 1 0 1 1 1 0 0 1 1 1 1 1 0 1 1 0 0 0 1 1 0 1 0 0 1 0 1 1 1 1 0 1 1 0 1 1 1 0 0 1 0 55
1 1 1 1 1 0 1 0 0 0 0 1 0 1 1 1 1 1 1 1 0 0 1 1 0 1 0 1 0 1 1 1 1 0 1 1 0 1 0 1 0 0 1 0 1 0 1 1 0 1 0 0 0 0 0 0 0 0 0 1 1 0 0 0 1 1 1 1 1 0 0 1 1 0 1 0 1 1 0 0 0 1 1 0 0 1 0 0 0 0 1 0 0 0 1 0 1 0 0 0 49
1 1 1 0 0 1 0 0 1 1 1 0 0 0 0 0 1 1 0 1 1 0 1 1 0 1 0 0 1 0 0 1 0 1 1 1 1 0 1 1 1 1 1 1 1 1 1 0 1 0 1 0 0 0 1 0 0 0 1 0 0 0 0 1 0 0 0 0 0 0 0 1 1 1 1 1 1 1 1 1 1 0 0 1 0 1 0 0 0 1 0 1 0 0 0 1 1 0 1 1 52
1 1 1 1 0 0 1 0 1 1 0 0 0 0 0 0 1 1 1 1 1 1 1 0 0 0 0 0 1 1 0 0 1 0 0 1 0 0 1 1 0 0 1 0 0 0 0 0 1 0 0 0 1 0 1 1 0 0 0 1 1 0 1 0 1 0 1 0 0 0 0 1 1 0 0 0 1 1 0 0 0 1 0 1 1 0 1 1 0 1 0 0 0 1 1 0 1 1 1 0 45
0 0 0 0 0 0 1 1 0 1 0 0 1 0 1 1 0 1 1 0 1 1 1 0 0 0 1 1 1 0 0 1 0 1 1 1 1 1 0 1 1 0 0 1 1 0 1 1 0 0 0 0 0 0 1 1 0 0 1 1 1 0 0 0 1 1 1 0 0 0 0 1 0 1 1 0 1 1 1 1 1 0 1 0 0 1 1 0 0 0 1 1 1 1 0 0 0 0 0 1 50
1 0 1 1 0 0 0 1 0 1 0 1 0 0 1 0 1 0 0 0 0 0 1 0 0 0 1 0 1 0 1 1 1 0 1 1 0 1 0 1 0 1 0 0 0 0 0 0 0 0 1 0 0 1 0 0 1 1 1 1 0 0 0 1 0 0 1 1 1 0 0 0 1 1 1 0 1 1 0 1 0 0 0 1 0 0 0 1 0 0 1 1 1 1 0 1 0 0 0 0 42
0 0 0 0 1 1 0 1 1 0 0 0 0 0 1 0 0 0 0 0 1 1 1 0 0 0 1 0 0 1 0 1 0 0 0 0 1 1 1 0 1 1 0 1 0 0 0 1 0 1 0 1 0 1 0 0 0 1 1 1 0 1 1 0 0 0 0 0 1 1 1 1 1 0 1 1 1 1 0 0 1 0 1 1 1 1 1 1 0 0 0 1 1 0 0 0 1 1 0 0 46
0 0 0 0 0 1 1 0 1 0 1 1 1 1 0 0 0 1 0 0 1 0 0 0 1 0 1 0 1 1 1 0 0 0 0 0 0 0 0 1 0 1 0 0 0 1 1 1 0 1 1 1 1 1 0 0 0 0 0 1 0 1 0 1 0 0 1 0 0 0 1 1 1 0 1 0 0 1 0 0 1 1 0 0 0 0 1 1 0 0 0 1 0 0 1 1 0 1 1 1 43
1 0 0 1 0 0 0 1 0 1 1 0 1 1 0 0 1 1 0 1 1 0 0 0 1 1 1 1 1 1 1 1 0 1 0 0 0 1 1 1 1 1 0 1 1 1 0 0 0 0 1 0 0 1 0 1 1 0 0 0 1 1 1 1 0 1 0 0 1 0 0 0 0 0 1 0 0 0 1 0 1 1 0 0 1 0 1 1 1 0 1 0 1 1 0 0 0 0 1 1 51
1 1 0 1 1 1 0 0 0 1 1 0 1 0 0 1 0 1 1 1 1 1 1 0 1 1 1 1 1 0 1 1 1 1 1 0 0 1 1 1 0 1 1 0 1 0 1 0 0 1 1 1 1 0 0 1 0 0 1 0 1 1 1 1 0 1 0 0 0 0 0 1 0 1 0 1 0 0 1 1 1 0 1 1 0 1 0 0 1 1 1 1 0 0 1 0 0 0 1 0 58
0 0 1 1 1 1 1 1 1 0 0 0 1 1 1 1 1 1 1 0 1 1 0 0 1 0 0 1 0 0 1 0 1 0 0 1 1 1 1 1 0 1 0 1 0 1 0 1 0 1 0 1 0 1 0 1 0 1 0 1 0 1 1 1 0 0 0 0 0 0 0 0 1 0 0 0 0 0 0 1 1 1 1 0 1 1 0 1 1 1 0 0 1 1 0 1 1 1 0 0 53
1 1 1 0 1 1 1 0 1 1 1 0 0 0 1 1 1 0 0 1 0 1 1 1 1 1 1 1 1 0 1 1 0 1 0 1 1 0 1 1 1 0 0 0 1 0 0 1 0 0 0 0 1 0 0 0 1 0 0 1 1 0 0 1 0 0 0 0 1 1 0 1 1 1 1 1 1 1 0 1 0 0 1 0 0 1 1 1 1 1 1 1 1 0 1 1 0 0 0 1 58
0 1 0 1 1 0 1 1 0 1 0 1 1 0 1 0 0 0 1 0 0 1 0 0 0 1 0 1 1 0 0 0 0 0 1 0 0 0 1 1 1 0 0 1 1 0 1 0 1 0 0 1 0 1 0 0 0 0 0 0 1 0 1 0 1 1 1 0 0 1 1 1 0 0 1 0 0 0 1 1 0 0 0 1 1 1 1 0 1 0 1 0 1 0 0 1 0 1 1 1 46
0 1 0 0 0 0 0 1 1 1 0 1 1 1 0 0 0 0 0 1 1 1 0 0 0 0 0 0 0 0 0 1 0 1 0 0 0 0 0 1 0 0 0 0 0 1 0 0 1 0 0 1 0 0 1 0 0 1 0 1 1 1 0 0 0 0 1 0 1 0 1 0 1 1 1 1 0 0 0 1 0 0 0 1 0 1 1 0 1 0 0 0 1 1 0 1 1 0 1 1 39
0 0 0 0 0 0 0 0 0 0 0 0 0 0 0 0 0 0 0 0 0 0 0 0 0 0 0 0 0 0 0 0 0 0 0 0 0 0 0 0 0 0 0 0 0 0 0 1 0 0 0 0 0 0 1 1 0 0 1 0 0 1 1 0 1 0 0 0 0 1 1 0 0 0 0 1 0 1 0 1 1 1 0 1 0 0 0 0 0 0 0 0 0 0 0 0 0 0 0 1 16
0 0 0 0 0 0 0 0 0 0 0 0 0 0 0 0 0 0 0 0 0 0 0 0 0 0 0 0 0 0 0 0 0 0 0 0 0 0 0 0 0 1 0 0 0 0 0 0 0 0 0 0 0 0 0 0 0 0 0 0 0 0 0 0 0 0 0 0 0 0 0 0 0 0 0 0 0 0 0 0 0 0 0 0 0 0 0 0 0 0 0 0 0 0 0 0 0 0 0 0 1
0 0 0 0 0 0 0 0 0 0 0 0 0 0 0 0 0 0 0 0 0 0 0 0 0 0 0 0 0 0 0 0 0 0 0 0 0 0 0 0 0 0 0 0 0 0 0 0 0 0 0 0 0 0 0 0 0 0 0 0 0 0 0 0 0 0 0 0 0 0 0 0 0 1 0 0 0 0 0 0 0 0 0 0 0 0 0 0 0 0 0 0 0 0 0 0 0 0 0 0 1
0 0 0 0 0 0 0 0 0 0 0 0 0 0 0 0 0 0 0 0 0 0 0 0 0 0 0 0 0 0 0 0 0 0 0 0 0 0 0 0 0 0 0 0 0 0 0 0 0 0 0 0 0 0 0 0 0 0 0 0 0 1 0 0 0 0 0 0 0 0 0 0 0 0 0 0 0 0 0 0 0 0 0 0 0 0 0 0 0 0 0 0 0 0 0 0 0 0 0 0 1
0 1 1 1 0 1 1 1 1 1 0 1 1 1 0 1 1 0 0 1 1 0 0 0 0 1 1 0 0 1 1 0 0 0 0 0 1 0 0 1 1 0 1 1 0 0 0 0 1 0 1 0 0 1 1 1 1 1 1 1 1 0 0 0 1 0 0 1 0 1 1 1 1 1 1 1 1 1 0 0 0 1 0 0 0 0 0 1 0 1 1 1 0 1 1 0 0 0 1 1 54
1 0 0 1 1 1 0 1 0 1 1 0 1 1 1 0 0 0 0 0 1 0 0 0 0 0 1 0 1 0 0 1 1 0 0 1 0 0 1 0 0 0 1 1 1 1 0 0 0 0 0 1 0 1 1 1 0 1 0 1 1 1 1 1 0 0 1 0 0 1 1 1 1 1 0 1 1 0 0 1 0 0 0 0 1 1 0 0 1 0 0 1 1 0 1 1 0 1 1 0 49
1 1 1 0 1 1 1 1 0 1 1 1 1 0 1 1 0 1 0 1 0 1 0 1 1 0 0 0 1 1 1 0 0 0 0 0 1 0 0 0 0 0 1 0 0 0 0 1 0 0 1 0 1 0 0 1 0 1 1 1 0 0 1 0 1 0 1 0 1 0 1 0 1 1 0 0 0 0 0 0 1 0 0 1 0 0 0 0 0 0 1 0 1 1 0 1 1 1 1 1 47
0 1 0 0 0 1 1 1 1 1 0 1 1 1 1 0 0 0 1 1 0 0 1 0 0 0 0 1 0 1 0 0 0 0 0 1 0 0 0 1 0 0 0 1 1 1 0 1 1 0 1 0 0 0 0 1 0 0 0 0 0 0 0 0 1 0 1 1 0 0 0 1 0 0 0 1 0 1 1 0 1 1 1 0 1 0 0 1 0 0 1 1 1 0 1 0 1 0 0 0 41
1 1 1 0 1 1 1 1 1 0 0 1 0 1 1 1 0 0 1 0 1 1 1 1 1 0 0 1 0 1 1 0 1 0 1 1 0 1 1 0 1 0 0 1 0 1 1 1 0 0 1 1 1 1 1 1 0 1 1 0 1 0 1 1 0 1 1 1 1 1 1 1 1 1 1 0 1 0 0 0 1 1 0 0 1 0 0 0 0 0 0 0 1 1 0 0 1 0 1 1 61
0 1 0 0 1 0 0 0 0 0 1 1 0 0 1 1 1 0 0 1 0 1 1 1 1 1 0 0 1 1 1 1 1 0 1 0 0 1 1 0 1 0 1 1 1 0 1 1 1 1 1 0 0 1 1 0 0 1 1 0 0 1 1 0 0 0 0 0 0 1 1 0 1 1 1 0 1 0 1 1 0 0 0 0 0 0 0 1 1 0 0 1 0 1 0 1 0 1 0 0 50
1 1 0 0 1 0 0 1 1 1 1 0 1 1 1 1 1 1 0 0 1 1 0 1 1 1 1 1 1 0 1 0 0 1 0 1 1 1 1 1 0 1 0 0 0 0 1 1 1 0 0 1 0 0 1 1 0 0 1 1 0 1 1 1 1 0 0 1 1 0 1 0 0 0 0 1 0 1 1 1 1 0 1 0 0 1 1 1 0 0 1 1 1 0 1 0 0 0 0 0 57
0 0 0 0 1 0 0 1 1 1 1 0 0 0 0 1 1 1 1 0 1 0 0 1 0 1 0 1 0 0 0 1 0 1 1 1 1 0 1 0 0 1 0 0 0 1 1 0 1 1 0 0 0 0 1 0 1 1 1 0 1 1 0 0 1 1 1 0 1 0 1 1 0 0 0 0 0 1 1 1 1 0 0 1 1 0 1 1 0 0 0 0 0 0 0 0 1 0 1 0 46
0 1 0 1 0 0 1 1 1 0 1 1 1 0 0 1 1 0 1 0 0 1 0 0 1 0 1 0 0 1 1 0 1 1 0 0 0 1 0 0 1 0 0 1 1 0 1 1 0 1 0 0 1 0 0 1 0 0 0 0 0 0 1 1 0 1 1 1 1 0 1 1 1 0 1 0 0 0 0 1 1 1 1 1 0 1 0 1 1 0 0 1 0 0 1 1 1 1 0 1 51
0 0 0 1 1 1 1 0 1 1 0 1 0 1 1 1 1 1 1 0 0 1 1 1 1 0 1 0 1 1 1 0 0 0 0 1 1 0 0 0 0 0 0 0 1 0 1 0 0 1 0 0 0 0 0 0 0 1 0 1 1 0 0 1 0 0 1 0 0 1 1 0 1 0 1 1 0 1 0 1 0 0 0 1 1 1 0 1 0 1 1 0 1 1 1 1 0 1 0 1 50
1 1 1 0 1 0 1 0 1 0 0 0 1 0 1 0 0 1 0 1 0 1 0 0 1 0 1 0 1 0 0 0 1 1 1 1 0 1 0 1 1 0 1 1 1 0 1 1 1 0 1 1 0 0 1 1 0 0 1 0 0 0 1 0 1 0 1 0 0 0 1 1 1 0 1 0 1 0 0 1 0 0 1 1 0 1 0 1 1 1 1 0 0 1 0 1 1 0 1 0 52
1 1 1 1 1 1 1 0 1 0 1 0 0 1 1 0 0 0 1 1 1 1 0 0 0 0 1 1 0 1 0 1 0 1 0 1 1 0 1 1 1 1 1 1 0 1 1 0 0 1 1 0 1 0 1 0 1 0 1 1 1 0 1 1 0 1 1 1 0 1 1 0 1 0 0 1 1 1 1 1 1 1 0 1 0 0 1 0 1 1 1 0 1 0 1 1 0 1 1 0 63
0 0 1 1 0 0 1 1 1 0 1 0 1 0 1 1 0 0 0 0 1 1 0 1 0 0 1 1 0 1 0 0 0 0 0 0 1 0 0 1 0 0 1 1 0 0 1 0 0 1 0 1 0 1 1 1 0 1 1 0 0 1 1 0 1 1 0 1 1 1 0 0 0 1 0 1 1 1 0 0 0 1 1 0 0 1 0 1 0 0 0 0 0 0 1 0 1 1 1 0 46
1 0 0 1 1 0 1 0 1 0 0 1 0 1 0 1 0 0 1 0 1 1 0 0 1 0 0 1 0 1 1 0 0 0 0 0 0 1 1 0 1 0 1 0 1 0 1 0 0 0 0 1 0 1 0 0 0 1 1 1 0 0 0 0 0 1 1 0 1 0 0 1 0 0 0 1 1 0 1 0 0 1 0 0 0 1 1 0 0 0 1 1 0 1 1 0 1 1 0 1 43
1 1 1 0 1 0 0 0 1 1 1 1 1 1 0 0 1 0 1 0 0 0 1 0 0 0 1 1 0 1 1 1 1 1 0 1 1 1 0 0 1 0 1 0 1 0 1 1 1 1 0 1 0 0 0 0 0 1 1 1 1 1 1 0 0 1 0 1 1 0 0 1 0 1 0 0 0 0 0 1 0 0 0 0 0 1 1 1 0 0 1 1 0 1 1 0 1 0 0 1 52
0 0 0 0 0 1 0 0 0 0 1 1 1 0 0 1 0 1 1 1 1 1 0 0 1 0 0 1 0 1 1 1 1 0 0 1 0 1 1 0 1 0 0 1 1 1 1 1 1 0 1 1 0 1 1 1 0 0 1 0 0 1 1 1 0 0 0 1 0 0 0 1 1 0 1 1 0 0 0 0 1 1 0 1 1 1 0 1 0 0 0 1 0 1 0 1 0 0 1 1 51
0 1 0 0 1 0 0 0 0 0 1 0 1 0 0 1 1 1 1 1 1 0 1 1 0 1 0 1 1 1 1 0 1 1 1 0 1 1 0 0 0 1 0 1 1 1 0 0 0 0 1 0 1 0 1 0 1 1 1 0 1 0 0 0 1 1 0 1 0 1 1 1 0 1 1 0 0 0 1 1 0 1 1 0 1 0 0 0 1 1 1 1 1 1 0 0 1 0 1 0 54
0 1 1 1 1 0 1 1 0 1 0 1 0 0 0 0 0 0 1 1 1 0 1 1 1 0 1 1 0 1 0 1 0 0 1 1 1 0 0 1 0 0 1 1 0 0 1 0 0 1 0 0 1 1 0 1 0 1 1 1 1 1 0 1 1 1 1 1 0 1 1 1 0 0 0 1 1 1 1 1 0 0 1 1 1 1 0 0 1 1 0 1 0 0 1 0 1 1 0 1 58
1 0 0 1 1 0 1 1 0 1 1 0 0 0 0 1 1 1 0 0 0 0 1 0 1 0 1 1 0 1 0 0 1 1 1 0 0 0 0 0 0 1 1 1 1 0 1 1 0 0 1 0 1 0 0 1 0 0 0 0 1 1 1 1 1 0 1 0 0 1 0 1 1 1 1 1 0 0 1 0 1 1 0 1 1 0 1 1 1 0 1 1 1 0 0 1 1 1 1 0 54
0 0 1 1 1 1 0 1 1 1 0 0 0 1 1 1 1 1 1 0 1 0 1 0 0 0 0 0 1 0 0 0 0 0 0 0 0 1 0 1 0 1 0 1 1 0 0 0 1 0 1 1 1 1 0 0 1 0 0 1 1 1 0 0 0 1 0 1 0 0 0 0 0 0 1 1 0 0 0 1 1 0 0 1 0 0 0 1 1 1 1 0 1 1 0 0 1 1 1 0 46
0 1 1 0 1 1 0 0 0 0 0 0 0 1 1 0 1 0 0 0 0 0 1 0 0 0 1 0 0 1 1 1 1 0 1 0 1 1 0 0 0 0 0 0 1 1 0 0 1 0 1 1 0 0 1 1 1 0 1 0 1 0 0 1 1 0 0 0 1 1 0 0 1 0 1 1 1 0 1 0 0 0 0 1 1 0 1 1 1 0 0 0 0 1 0 1 1 0 1 0 44
0 1 1 1 1 0 0 1 1 0 0 0 0 0 1 1 0 0 1 0 1 0 0 0 1 0 0 0 0 0 1 0 0 1 1 1 0 0 0 1 0 1 1 0 0 1 0 0 1 1 0 0 0 0 0 0 1 0 1 1 1 1 1 1 0 1 1 1 0 0 1 0 1 1 0 1 0 0 0 1 1 1 1 0 1 1 1 1 0 1 0 1 0 0 0 0 0 0 1 1 47
1 1 0 1 1 0 1 1 1 0 1 0 1 0 1 1 0 1 1 0 0 0 1 0 0 0 0 1 0 0 1 0 0 1 0 1 0 1 0 0 0 0 1 0 1 0 1 1 1 1 0 0 1 1 0 1 1 0 1 0 0 0 1 1 1 0 1 0 1 1 1 1 1 0 0 1 0 1 0 1 1 1 1 1 0 1 0 1 1 1 0 0 0 0 0 1 0 1 1 0 53
1 0 1 1 0 0 0 0 1 1 1 1 0 1 0 0 1 1 1 0 1 0 0 1 1 1 0 0 1 1 1 1 1 0 0 0 0 0 0 1 1 0 1 0 1 0 0 1 1 0 1 1 1 0 0 1 1 1 0 1 0 0 1 0 1 1 1 0 0 0 1 1 0 1 0 1 1 1 1 0 0 1 0 1 0 0 1 1 1 1 1 0 0 0 1 1 1 1 1 0 56
1 0 0 1 0 1 1 0 1 1 1 1 1 0 1 0 1 0 1 1 1 1 1 0 0 1 1 1 1 1 1 1 0 0 1 1 1 0 1 1 0 0 1 0 1 1 0 0 1 1 0 1 1 0 1 0 1 1 0 1 1 1 0 1 0 0 0 1 1 0 0 0 0 1 0 1 1 0 0 1 1 1 0 1 1 1 0 1 1 0 0 1 0 1 1 0 0 1 1 0 60
0 1 0 1 0 1 0 0 0 0 1 0 0 0 0 0 0 0 0 1 1 1 1 1 0 1 1 0 0 0 0 0 0 1 1 1 0 1 1 1 1 1 1 1 0 1 0 0 1 1 1 1 0 0 1 1 0 0 1 1 0 0 1 1 0 1 1 0 0 1 1 0 0 1 1 0 1 1 1 1 0 1 0 0 0 1 0 0 1 1 1 0 1 0 0 0 1 1 1 0 51
0 1 1 0 0 0 1 1 0 0 1 1 0 0 0 1 1 0 0 1 0 0 1 0 0 0 1 1 0 1 1 1 0 1 0 0 1 0 1 1 1 0 1 1 0 0 1 1 0 1 1 0 0 0 0 1 0 1 1 0 1 0 1 1 1 0 0 0 0 0 1 0 1 1 1 1 1 1 1 0 0 0 0 0 0 0 0 1 1 1 1 1 0 1 1 1 1 1 1 1 53
1 1 0 1 0 0 1 1 0 1 0 0 1 0 1 1 0 1 1 0 1 0 0 0 1 0 0 1 1 1 1 0 1 1 1 0 1 0 1 0 0 1 1 1 1 0 0 0 1 1 0 1 1 1 1 1 0 1 1 1 1 1 0 1 1 1 1 0 0 0 1 0 1 0 0 1 0 1 0 1 0 0 0 1 0 1 0 0 0 1 0 0 0 0 1 1 0 0 1 1 54
0 0 1 0 1 1 0 1 0 1 0 1 1 0 0 0 1 1 1 1 0 1 1 0 0 0 1 0 0 0 1 1 1 1 1 1 1 0 0 1 0 0 0 0 1 0 1 0 1 1 1 0 1 1 0 1 1 1 0 0 1 1 1 1 0 1 0 1 0 1 1 1 0 1 1 0 0 0 1 0 0 0 0 1 1 1 0 0 0 0 1 0 0 0 1 0 0 1 0 0 50
1 1 0 1 1 1 0 0 1 0 0 1 1 1 0 1 0 0 1 0 0 1 0 0 1 0 1 0 0 0 1 0 0 0 1 0 0 0 0 0 0 1 0 0 0 1 0 0 0 0 1 1 0 0 1 0 0 1 0 0 0 0 1 1 1 0 0 0 0 1 0 0 1 1 0 1 0 0 0 0 1 0 1 0 0 0 0 1 0 1 1 0 0 1 1 0 1 1 1 1 40
1 1 0 0 0 1 1 1 0 0 0 0 1 0 0 0 0 1 0 1 0 1 0 0 1 1 1 1 1 1 0 1 0 1 1 0 1 0 1 0 0 0 1 1 1 1 0 0 0 1 1 1 1 1 0 0 0 1 1 1 1 1 1 1 1 0 0 0 0 1 1 0 1 1 0 0 1 0 1 1 1 0 1 0 0 1 0 1 1 1 1 1 1 1 1 1 1 0 1 0 58
1 0 1 0 1 1 1 0 0 0 1 0 0 1 1 1 0 1 0 1 0 0 1 1 1 1 0 1 1 1 0 1 1 0 1 1 0 0 0 0 0 0 1 0 0 1 1 0 1 0 0 1 0 1 1 1 0 1 0 0 0 1 1 0 1 0 0 0 1 0 1 1 1 1 0 0 1 0 0 1 1 1 1 0 0 1 0 1 1 0 0 1 0 0 1 1 1 1 1 0 53
1 1 0 0 0 0 1 0 0 1 1 1 1 1 0 1 1 0 1 1 0 0 0 0 1 0 1 1 1 1 1 1 1 1 0 1 1 0 0 1 1 1 0 0 0 0 0 0 1 0 0 1 0 1 0 1 0 1 1 1 0 0 0 1 1 0 1 0 0 1 1 1 1 1 0 1 1 1 1 0 0 0 0 0 0 0 1 1 1 1 0 1 1 1 0 1 0 1 1 0 55
0 0 1 1 0 0 0 1 0 0 1 0 0 0 1 1 1 1 1 0 1 0 0 1 1 1 0 0 1 0 0 0 1 1 1 1 1 1 1 1 1 0 0 0 1 0 1 1 1 1 0 0 0 1 1 1 1 0 0 0 1 0 0 0 1 1 0 0 0 1 0 1 0 1 0 0 1 0 0 1 0 1 0 0 1 1 0 0 1 0 1 1 0 1 1 0 0 0 1 0 49
0 0 0 1 1 1 1 1 1 0 0 1 0 1 0 0 0 1 1 1 1 0 1 1 1 0 1 0 1 0 1 0 0 1 1 0 0 1 1 1 1 0 0 1 0 1 0 1 0 1 0 1 0 0 0 0 1 0 1 0 1 1 1 0 1 1 1 1 1 1 0 1 1 1 0 1 0 1 1 1 1 0 1 1 1 1 1 0 0 1 0 0 1 0 0 0 0 0 1 0 56
1 1 1 0 0 1 0 1 0 1 1 0 0 0 1 0 0 1 0 0 0 0 1 1 0 0 1 1 1 0 0 1 0 1 1 0 1 0 0 0 1 0 0 1 1 1 0 1 0 0 0 0 1 0 1 1 0 1 0 1 0 0 1 0 1 1 1 1 0 1 1 0 1 0 0 0 1 0 0 1 1 1 1 1 0 1 1 0 1 1 1 0 1 1 1 0 1 0 0 0 51
1 1 0 0 1 0 0 0 0 0 0 0 1 0 0 0 1 0 0 1 1 0 0 1 1 1 1 1 0 1 0 1 1 1 1 1 1 0 1 0 0 0 0 1 1 1 1 0 0 1 1 1 1 1 0 1 0 0 0 1 0 1 0 0 0 1 0 1 0 1 1 1 1 1 0 1 1 0 0 0 1 0 1 1 0 0 1 1 1 1 1 0 0 0 0 0 1 0 0 0 50
0 0 1 0 1 0 1 0 0 1 1 1 1 0 0 0 0 0 0 0 0 1 1 0 0 1 1 1 0 1 1 1 0 1 0 0 0 0 0 0 0 1 1 1 1 1 0 1 1 1 0 0 0 0 0 0 0 1 1 1 1 0 0 1 1 0 1 0 1 1 1 0 0 0 0 1 1 1 1 1 1 1 1 1 0 1 1 1 1 1 0 1 1 1 0 1 0 0 0 1 53
0 1 0 1 0 0 0 0 0 0 1 0 1 1 1 0 1 1 1 1 0 0 0 1 0 1 0 1 0 1 1 1 1 1 0 0 1 1 1 0 1 1 1 1 1 0 1 1 0 0 0 1 1 1 0 1 0 0 0 0 0 0 0 1 1 1 1 1 0 1 0 0 1 1 1 0 1 0 1 1 0 1 1 0 0 0 0 0 1 1 1 1 1 0 0 0 1 0 0 0 52
1 1 1 1 0 0 0 1 0 0 0 0 0 0 1 1 0 0 1 0 0 1 1 1 0 0 1 1 0 1 1 1 0 1 1 1 1 1 0 1 0 1 1 1 1 0 1 0 1 1 0 0 1 0 1 0 1 0 1 0 0 0 1 0 1 0 1 0 0 1 0 0 1 1 0 0 0 0 0 0 0 0 0 1 0 1 1 1 1 0 1 0 1 1 0 0 1 1 1 1 51
0 0 1 0 0 1 1 1 1 0 1 0 1 1 1 1 1 1 0 0 1 0 1 0 1 1 0 1 1 0 1 0 1 1 1 0 1 1 1 1 0 1 0 1 1 0 0 1 1 0 1 1 1 1 1 0 0 0 0 1 1 1 1 1 0 1 1 0 0 0 0 1 0 0 1 0 1 0 1 1 0 1 1 0 0 0 1 1 0 0 1 0 1 1 1 1 0 1 0 1 59
1 0 1 0 1 1 0 1 0 1 0 1 1 1 0 0 0 1 0 0 1 1 1 1 0 1 1 1 0 0 1 0 1 1 0 1 1 1 1 0 1 1 1 0 1 0 0 1 0 0 0 1 0 1 0 0 0 1 0 1 1 0 0 1 0 1 1 0 0 1 0 1 1 1 1 1 0 1 1 0 0 0 0 0 0 1 0 0 0 0 0 0 1 1 0 0 1 1 1 1 52
0 0 1 0 0 0 0 1 0 0 0 1 1 1 0 0 1 1 0 0 1 1 0 0 0 0 1 1 1 0 0 0 1 1 1 0 0 1 1 0 0 1 1 1 0 1 0 1 0 0 1 0 1 0 1 0 1 0 0 0 0 1 0 0 0 0 1 0 1 1 0 1 1 0 0 0 1 0 1 1 1 1 0 0 1 1 1 0 1 1 1 1 1 1 0 1 0 0 0 0 47
1 0 0 0 1 1 0 0 0 1 1 1 0 0 0 0 0 0 1 1 1 0 1 0 1 1 0 1 0 1 1 0 0 1 1 1 1 1 1 0 0 0 0 1 0 1 1 0 1 1 0 1 1 1 1 1 1 1 1 0 0 1 0 1 1 0 0 0 0 0 1 1 0 1 1 0 0 0 1 0 1 0 1 0 0 0 0 0 1 1 1 1 1 1 0 0 0 1 1 1 53
1 0 1 1 1 0 1 1 1 0 1 1 0 0 1 0 1 0 1 0 0 1 1 0 0 0 0 1 1 0 1 0 1 0 1 0 1 0 1 0 0 0 0 0 1 1 1 1 1 0 0 1 0 1 0 1 1 0 0 1 1 1 0 0 1 1 0 1 0 1 1 1 1 0 1 0 0 0 1 1 1 0 1 0 1 1 0 1 1 1 0 0 1 0 0 0 0 0 1 0 52
1 1 0 1 1 1 1 0 1 0 0 0 0 1 1 0 1 0 1 1 1 0 1 1 1 0 1 0 1 0 0 0 0 0 1 0 0 0 0 0 1 1 1 0 1 1 1 0 1 1 0 0 0 0 1 0 0 1 1 0 0 0 1 0 0 1 1 1 0 0 1 1 1 1 1 1 0 0 0 0 1 1 0 1 1 1 0 0 1 0 0 0 1 1 0 1 0 0 1 1 51
1 0 1 0 1 1 0 1 0 0 0 1 0 1 1 1 0 1 0 1 1 0 0 1 1 1 0 0 0 0 1 1 1 1 0 1 0 1 0 1 1 0 1 1 0 1 0 0 0 1 0 0 1 0 0 1 1 1 1 1 0 0 1 0 0 0 1 1 1 0 1 1 1 0 1 0 0 0 1 0 0 1 0 0 0 0 0 0 1 0 1 1 0 0 1 0 0 1 1 1 50
1 0 1 1 0 0 1 0 0 1 0 0 1 1 0 1 0 0 1 1 0 1 1 1 1 1 0 1 1 0 0 0 1 1 0 0 0 1 0 1 1 1 0 1 1 0 0 0 0 0 1 1 1 1 1 0 0 1 1 1 0 1 0 0 1 1 1 1 1 1 1 1 0 0 1 1 0 1 0 0 1 0 0 1 0 0 0 0 0 1 0 0 0 1 0 0 1 1 1 1 53
0 1 0 1 0 1 1 1 0 1 1 0 1 0 0 0 0 1 0 0 1 1 1 1 1 1 0 0 0 0 0 0 1 1 1 1 1 0 0 1 0 1 1 1 0 0 1 1 1 0 0 0 0 1 0 1 0 0 0 0 0 0 0 0 1 0 0 0 0 1 1 1 1 1 1 0 0 1 1 0 0 1 0 1 1 0 1 1 0 1 1 0 0 0 0 1 0 0 1 1 48
0 0 0 0 1 1 1 1 1 0 1 1 1 1 1 1 1 0 0 0 0 0 1 0 0 1 0 1 1 1 1 1 0 0 0 1 1 1 1 1 0 0 1 1 1 0 0 1 0 1 0 0 0 1 0 1 1 1 1 1 1 1 0 1 0 0 0 0 0 1 0 1 1 1 1 1 0 1 1 1 1 0 0 0 0 0 1 0 0 1 1 0 0 0 1 0 0 1 0 0 53
0 1 1 0 1 1 0 1 1 0 1 0 0 0 1 1 1 0 1 1 0 1 1 1 1 0 0 1 0 1 1 1 0 1 1 1 0 1 0 0 1 1 0 0 0 0 0 0 1 1 1 0 0 1 1 0 1 0 1 1 0 1 1 1 0 0 0 1 1 1 1 0 1 1 0 1 1 0 1 1 1 0 1 1 1 1 0 0 1 0 0 0 0 0 0 1 0 0 0 0 54
1 1 0 1 1 0 1 1 0 0 0 0 1 0 0 0 1 1 0 1 1 1 0 1 1 1 1 0 0 1 0 0 0 0 0 0 0 1 0 0 1 1 1 1 1 0 1 1 0 0 0 1 0 1 0 0 0 0 1 0 1 1 1 0 0 0 1 0 1 0 0 0 1 0 0 1 1 1 1 0 0 1 0 1 0 0 0 1 0 0 1 1 1 1 0 1 0 0 0 1 47
1 1 1 1 1 1 0 0 1 0 1 1 0 1 1 1 0 1 1 0 0 1 1 0 1 1 0 0 0 1 0 1 1 1 1 1 0 0 1 1 0 1 1 0 1 1 0 0 1 1 1 1 1 0 0 0 0 0 1 0 0 0 1 1 0 0 0 1 1 1 1 1 1 0 1 1 0 0 0 1 0 1 0 1 1 1 1 0 0 1 1 0 1 0 1 1 1 0 1 0 59
1 1 1 1 0 0 1 0 1 0 1 1 1 0 1 1 1 0 1 1 1 0 1 1 1 1 1 1 1 0 1 1 1 0 1 0 0 0 1 1 0 0 0 1 0 1 0 1 1 1 1 1 1 0 1 1 1 1 0 1 1 0 1 1 0 1 1 1 1 1 0 0 1 0 0 1 1 0 1 0 1 1 1 1 1 0 1 0 1 0 1 1 1 1 1 0 1 1 0 1 68
0 1 1 1 1 0 1 1 1 0 1 0 0 0 1 0 1 1 0 1 0 1 1 1 1 0 0 1 1 1 0 1 1 0 1 1 1 0 0 1 0 1 0 0 0 1 0 1 0 0 1 0 0 0 1 1 0 1 1 0 0 0 0 0 0 1 1 0 0 1 1 0 0 0 1 0 1 0 1 1 1 0 1 0 1 0 1 1 0 0 0 1 0 1 1 0 0 0 1 1 51
0 0 1 0 0 1 0 0 1 1 0 1 1 0 0 1 0 1 1 1 0 1 1 0 1 0 1 1 0 0 0 1 0 0 1 1 0 1 0 0 0 0 0 0 1 0 1 1 1 0 1 1 1 1 0 1 0 1 0 0 0 0 1 1 1 0 0 1 1 1 0 0 0 1 0 1 1 1 1 0 1 1 1 0 1 1 0 0 1 0 0 1 1 0 1 1 0 1 1 0 52
0 0 1 0 0 1 0 0 0 1 0 1 0 1 1 1 1 1 1 1 0 1 1 0 0 0 1 0 0 0 0 1 1 0 1 0 1 1 1 0 1 0 1 0 1 1 1 1 1 0 0 0 0 1 0 1 1 0 1 1 1 1 0 0 1 0 0 0 1 0 0 1 1 1 1 1 0 1 0 0 0 0 1 0 0 1 0 0 0 0 1 0 0 0 1 1 0 1 1 1 50
0 1 0 0 1 1 0 1 0 1 0 0 1 0 1 1 1 1 1 1 0 0 0 0 1 1 0 1 0 1 0 0 0 1 0 0 1 1 1 0 1 0 0 1 0 0 1 1 1 1 1 1 0 0 1 1 1 0 0 1 1 1 0 0 1 1 1 0 1 1 1 1 1 1 0 0 0 1 1 1 0 1 0 0 0 1 0 0 1 1 0 0 1 1 1 0 1 0 0 1 55
0 0 0 0 0 0 1 0 0 0 1 1 0 0 1 0 1 1 0 1 0 1 1 1 1 1 0 1 0 1 0 1 1 1 1 0 0 0 0 1 0 0 0 1 0 1 1 0 1 1 0 1 1 1 1 1 0 1 1 1 0 0 1 0 1 0 1 1 0 1 1 0 1 1 1 1 0 1 0 1 0 0 0 0 0 0 0 0 1 0 0 0 1 1 0 0 0 0 0 1 48
0 0 0 1 0 1 1 1 1 1 0 0 1 0 0 1 1 0 1 1 1 1 0 1 1 1 0 1 0 0 0 1 0 1 0 0 1 1 0 1 1 0 1 1 1 1 0 0 0 1 0 1 1 0 0 0 0 0 1 1 0 0 0 1 0 0 0 1 0 0 0 0 0 0 0 0 0 1 0 1 0 1 1 0 1 1 0 0 0 1 1 1 1 1 0 0 1 0 0 1 47
1 0 1 0 0 0 0 0 0 0 0 0 1 1 1 1 1 0 1 0 1 1 0 0 0 1 1 0 0 1 0 1 1 1 0 1 0 1 1 0 0 0 1 1 1 1 1 1 1 0 1 1 1 1 1 1 1 1 0 1 0 0 1 0 1 1 0 0 0 0 0 0 0 0 1 0 0 1 0 0 1 0 0 0 0 1 1 1 1 1 0 1 0 1 1 0 0 1 0 1 51
0 0 0 0 0 0 1 1 1 1 1 0 0 1 0 1 0 0 1 0 1 0 0 1 0 1 1 0 0 0 0 0 0 1 1 0 1 1 0 1 1 1 1 0 0 0 0 1 1 0 1 0 0 1 0 0 1 1 0 1 1 1 0 0 1 1 1 0 0 0 1 0 1 1 1 1 1 1 0 0 1 1 0 0 1 1 1 1 1 1 1 0 0 1 1 1 1 0 1 0 53
0 0 0 0 0 1 1 0 1 1 0 0 1 0 1 1 1 0 0 0 1 0 0 1 1 1 1 1 0 1 1 1 0 0 1 1 0 1 1 0 0 1 0 0 0 1 0 1 0 0 1 1 0 0 0 0 1 1 1 0 0 0 1 1 1 1 1 1 1 0 1 1 0 1 0 1 1 1 1 0 0 0 1 0 0 1 1 1 0 0 1 1 1 1 1 0 1 0 0 0 53
1 0 0 0 1 1 1 0 0 0 1 1 0 0 1 1 0 0 0 0 1 0 0 0 1 1 0 1 1 1 1 0 0 0 1 0 0 1 1 0 1 1 1 1 0 1 1 0 0 1 0 0 1 1 0 0 1 1 0 1 0 0 0 1 0 1 0 1 1 0 0 1 0 1 1 0 0 1 0 0 0 0 0 1 1 1 0 1 0 0 1 0 1 0 0 1 1 0 0 0 46
0 1 1 0 0 1 1 1 1 0 1 0 1 0 1 1 0 0 1 0 1 0 0 1 1 1 1 0 0 0 1 1 1 0 1 1 0 0 1 0 1 1 1 0 0 0 0 1 1 0 0 1 1 1 1 0 0 0 1 1 1 1 0 0 0 1 1 1 0 0 1 1 1 1 1 0 0 1 0 0 0 0 0 0 1 1 1 1 1 0 0 0 1 0 1 1 1 1 0 1 55
1 0 0 0 1 0 0 0 1 1 1 1 1 0 1 1 1 1 1 1 0 0 0 0 0 0 1 0 1 1 1 0 1 0 0 1 1 0 1 0 0 0 1 1 0 1 0 1 0 1 0 1 0 1 1 1 0 0 1 1 1 1 0 0 0 0 1 1 0 1 1 1 0 0 0 1 0 1 1 0 1 1 0 1 0 0 1 1 1 0 1 1 0 1 1 1 0 1 0 1 55
0 0 0 0 1 1 0 1 1 1 1 0 1 1 1 0 1 0 0 0 1 1 1 1 0 0 0 1 0 0 1 1 0 0 1 1 1 1 0 1 0 1 0 0 1 0 0 1 0 0 0 0 0 1 1 0 0 1 0 1 1 0 1 1 0 1 1 1 1 1 0 1 1 0 1 1 1 0 0 1 1 1 0 1 1 0 0 0 0 0 1 1 1 1 1 1 1 0 0 1 55
1 1 1 1 1 0 1 1 1 1 1 0 0 0 1 0 0 0 0 0 1 1 0 1 0 1 0 1 0 0 1 1 1 0 1 1 0 1 1 0 1 1 0 0 0 1 0 1 0 1 1 1 1 0 1 1 1 0 1 1 0 0 0 1 0 0 0 1 0 1 1 0 0 1 1 1 1 1 1 1 0 1 1 0 0 1 0 0 0 1 1 1 1 0 0 1 0 0 0 1 56
1 1 0 0 0 1 1 1 0 0 0 0 1 0 1 0 1 1 1 1 1 1 0 1 0 1 0 1 0 0 0 0 0 0 1 0 1 1 1 0 0 1 0 1 0 1 0 0 0 1 0 1 0 0 0 1 1 0 0 0 0 1 1 0 0 1 0 0 1 0 0 0 0 1 1 1 0 1 0 1 1 0 0 1 0 1 0 0 1 1 0 0 1 1 0 1 0 1 1 1 47
1 1 1 1 0 0 0 0 1 1 0 0 0 1 1 0 0 1 1 1 0 0 1 0 1 0 0 0 0 1 0 1 0 1 1 1 1 0 1 1 1 1 0 1 0 1 0 1 1 1 0 0 1 1 0 1 0 0 1 1 0 1 0 0 0 0 0 1 0 1 0 0 1 0 0 0 1 1 0 1 1 0 1 1 0 1 0 0 1 0 1 0 0 1 1 0 1 0 1 1 51
1 1 1 0 1 0 0 1 0 1 1 0 1 1 0 1 0 1 1 1 1 1 1 0 1 1 0 0 1 0 0 1 0 1 0 0 0 1 0 0 0 1 1 1 0 1 0 1 0 0 0 0 1 1 1 1 0 1 1 1 0 1 1 1 1 0 1 0 0 0 1 1 1 1 1 1 1 0 1 1 0 1 1 0 0 0 1 1 0 0 0 0 1 1 1 1 0 1 0 0 57
0 1 1 0 0 1 1 1 0 1 0 0 0 1 1 1 0 1 1 0 0 1 0 0 1 1 0 1 1 1 0 0 1 1 0 1 1 0 1 0 1 1 0 1 1 1 0 0 0 1 0 0 1 1 0 0 1 1 1 1 0 0 1 0 1 1 0 1 0 0 0 1 1 1 1 0 1 1 1 1 0 1 0 0 1 0 1 1 0 1 1 1 1 1 1 1 0 1 1 0 59
0 0 1 1 1 1 0 0 1 1 0 0 0 1 1 0 0 1 0 1 1 0 0 1 1 1 0 0 1 1 1 1 1 1 1 0 1 0 0 0 0 1 1 1 1 0 1 1 0 1 0 1 1 0 1 0 0 1 1 1 1 0 1 1 0 0 0 0 0 0 1 1 1 0 1 1 1 0 0 1 1 0 1 0 0 1 1 0 0 0 1 0 1 1 1 1 0 0 0 0 54
1 1 1 0 0 0 1 1 0 0 0 0 0 1 0 0 1 1 1 0 0 0 1 1 1 1 0 0 0 0 0 0 1 1 0 1 1 1 0 0 0 0 1 0 1 1 0 0 1 0 0 0 1 1 1 1 0 0 0 1 1 1 0 1 1 1 1 0 0 0 0 1 1 0 1 0 1 0 0 1 0 1 0 1 0 1 1 0 1 1 0 1 0 0 1 1 0 0 0 1 48
0 0 0 0 1 1 0 0 0 1 0 1 1 1 0 1 1 1 0 1 0 0 0 0 0 1 1 0 1 0 0 1 0 0 0 1 0 0 1 1 1 1 0 1 0 0 1 0 1 0 0 1 1 0 1 1 0 0 0 1 0 1 1 1 0 0 0 0 0 0 0 0 0 0 0 1 1 1 0 0 1 1 0 1 1 0 0 1 0 1 1 0 0 0 0 1 0 1 0 1 43
0 1 1 0 1 0 0 1 1 1 1 0 0 1 1 0 0 1 1 1 1 0 1 0 1 0 0 0 0 0 0 1 1 1 1 0 1 1 0 0 1 1 0 0 0 1 0 1 0 1 1 0 1 1 1 1 1 0 0 1 1 0 1 0 0 1 1 1 1 0 0 0 0 0 0 1 0 0 1 1 1 1 0 1 1 1 0 1 1 1 0 1 1 1 0 1 0 0 0 1 55
0 1 1 1 0 1 0 0 0 0 1 0 0 0 0 0 1 0 1 0 0 0 0 1 1 0 0 1 1 0 1 0 1 1 1 0 1 0 1 0 1 0 1 0 1 1 1 0 0 1 0 1 1 1 1 1 1 1 1 0 0 1 0 1 1 0 0 0 1 0 1 0 0 0 1 0 1 0 0 0 1 0 1 1 0 1 0 0 0 0 1 0 1 0 1 1 1 1 0 1 49
1 1 0 1 1 1 1 0 0 1 1 0 0 0 0 1 0 1 1 0 0 1 0 0 0 0 1 1 0 1 1 1 1 1 1 1 1 0 1 1 0 0 1 1 1 0 0 0 0 0 0 1 0 0 1 0 1 1 0 1 1 1 1 0 0 0 1 0 1 1 1 0 0 1 0 1 0 1 1 0 1 1 1 0 1 1 0 1 0 1 0 0 0 1 0 0 1 0 0 0 52
1 0 1 1 0 0 1 1 1 0 0 1 1 0 0 0 1 1 0 1 1 0 1 1 1 0 0 0 0 0 0 1 0 1 1 0 0 1 1 0 0 0 1 0 1 1 1 0 0 1 1 1 0 0 1 1 0 1 0 0 1 0 0 0 1 0 0 1 1 1 0 1 0 1 1 1 0 1 0 0 0 1 1 0 1 1 0 0 0 0 1 0 1 1 0 0 0 1 1 1 50
1 1 1 0 0 1 1 1 0 0 1 1 0 0 1 1 0 0 0 1 0 0 1 0 0 0 0 1 0 1 1 0 1 0 1 0 0 0 0 0 0 0 1 1 1 1 1 0 1 0 1 0 1 1 1 0 1 1 1 0 1 0 1 0 1 1 1 1 1 1 1 1 0 0 0 0 1 1 0 0 1 1 0 1 1 1 0 0 0 0 1 1 1 1 1 0 0 0 1 0 53
1 0 1 1 0 0 0 0 0 1 1 1 1 0 0 0 1 1 0 0 1 0 1 1 0 1 0 1 0 1 1 1 1 1 0 1 0 0 0 0 0 0 0 0 1 1 0 1 0 0 1 1 0 1 1 1 1 1 0 0 0 1 1 1 1 1 0 0 1 1 1 1 0 1 0 1 0 0 1 0 1 1 0 0 0 1 1 1 1 0 0 1 1 0 1 1 0 1 1 1 55
0 1 1 0 1 0 1 1 0 0 1 1 1 0 1 0 0 1 0 0 1 0 0 0 0 1 0 1 1 0 1 1 0 0 0 1 1 1 1 0 1 1 0 1 1 1 0 0 0 0 0 0 0 1 1 1 0 1 1 1 1 1 1 0 0 1 0 0 1 1 1 0 1 0 1 1 0 1 0 0 1 1 0 1 0 0 1 1 0 0 1 1 1 1 1 0 0 0 1 0 53
0 0 1 0 0 1 1 1 1 1 1 1 1 1 0 0 0 1 0 1 1 0 0 0 1 1 0 0 0 1 1 0 1 1 1 1 0 1 1 0 0 1 0 1 0 1 0 1 1 1 0 1 1 0 1 0 0 1 0 1 0 0 1 1 1 1 0 0 1 1 0 0 0 0 0 1 1 0 1 1 1 0 0 1 1 0 0 0 0 1 1 1 1 0 1 1 0 1 1 1 56
0 1 0 0 0 1 1 0 1 1 0 0 1 1 1 1 1 0 1 1 1 0 1 1 1 0 0 0 0 0 1 0 1 1 0 1 0 1 1 1 1 0 0 0 0 1 1 0 1 0 1 1 0 1 0 0 0 0 0 0 0 0 1 0 1 0 1 1 1 0 0 0 0 1 0 0 1 1 0 1 1 0 1 0 1 0 1 1 0 1 1 1 1 1 1 0 1 1 1 1 54
0 0 1 1 0 1 1 0 0 1 0 0 1 1 0 1 1 0 1 1 0 0 1 1 0 0 0 0 0 1 0 1 1 1 1 1 0 1 1 0 1 1 0 0 0 1 1 1 0 0 1 1 0 1 0 0 1 1 1 0 0 0 0 0 0 0 0 0 1 1 1 1 0 1 1 1 1 0 0 0 1 0 1 1 1 1 0 1 1 1 0 1 0 1 0 1 0 0 1 0 52
0 0 1 0 1 0 1 1 0 1 0 0 1 0 0 0 1 1 1 0 0 0 1 1 1 1 1 1 0 0 0 1 0 0 0 1 1 1 0 0 1 0 0 0 0 0 0 1 1 0 0 1 1 1 0 0 0 1 0 0 1 1 0 1 0 1 1 0 0 1 1 0 0 1 0 0 0 1 1 1 1 0 0 1 1 0 1 1 1 1 0 0 1 0 1 1 0 1 0 1 49
0 0 0 0 1 1 0 1 0 0 1 1 0 0 1 0 1 0 1 1 1 1 1 1 0 0 1 0 1 1 1 0 1 1 1 1 1 0 0 1 1 0 0 1 1 1 1 1 1 0 1 1 0 0 1 0 0 0 0 1 1 1 1 1 1 1 1 1 1 0 0 1 1 1 1 1 1 0 1 0 0 0 1 1 1 0 1 1 0 1 1 1 0 1 1 1 1 1 1 0 64
0 0 0 0 1 0 1 1 1 1 1 1 0 0 1 0 1 1 0 0 0 0 0 0 0 0 0 1 0 1 0 1 0 1 0 0 1 1 1 1 0 0 1 1 0 0 1 0 0 1 1 0 0 0 1 0 0 0 1 1 0 0 1 0 1 0 0 1 0 1 0 0 1 1 0 0 1 0 1 0 0 1 1 1 1 1 1 0 0 1 0 0 0 0 0 0 1 0 1 1 44
0 0 0 0 1 1 1 1 0 1 0 0 0 1 1 1 1 1 0 1 1 1 1 1 1 1 1 1 1 1 0 0 1 1 0 0 0 0 1 1 1 0 1 0 0 0 1 0 0 1 1 0 1 1 0 0 1 1 0 0 1 1 0 1 1 0 0 1 0 0 0 0 0 1 1 0 0 1 0 0 1 0 0 0 0 0 0 1 0 0 1 1 1 1 0 1 0 1 1 0 51
0 1 1 1 1 1 1 0 0 1 0 1 1 1 0 0 1 0 1 0 0 1 1 1 1 1 0 1 1 1 1 1 1 0 1 0 1 0 0 0 1 0 1 1 1 1 1 0 0 1 0 0 1 0 0 1 1 1 0 0 0 1 0 1 1 1 1 1 0 0 0 0 1 1 0 0 1 1 1 0 1 1 0 0 0 0 1 0 0 1 1 1 1 0 1 1 1 0 1 0 58
0 1 0 0 1 1 1 1 1 1 0 0 0 1 0 0 1 0 0 0 1 1 1 1 1 0 1 1 0 0 1 1 0 0 1 0 1 1 0 0 1 0 0 0 1 0 0 1 0 0 1 1 0 0 1 0 1 1 0 0 0 1 0 0 0 1 1 0 0 1 0 0 1 1 0 0 0 0 0 1 1 0 0 1 0 0 1 0 1 1 1 0 1 0 0 1 0 0 1 1 46
0 0 0 1 0 1 0 0 0 1 0 1 0 0 1 1 1 1 0 1 1 0 1 1 1 0 1 1 1 1 0 0 0 1 1 0 0 1 1 0 1 1 1 0 1 1 1 0 0 0 1 0 1 1 0 0 0 0 0 0 0 0 0 0 0 1 0 0 0 1 0 1 1 1 0 0 1 1 0 1 0 1 0 0 1 0 0 1 0 1 1 1 0 0 1 1 0 1 1 1 49
1 0 1 1 0 0 1 0 1 0 1 0 0 0 0 1 0 1 1 1 0 1 0 0 0 0 0 0 1 0 1 0 0 0 1 0 1 0 0 0 1 0 0 0 1 0 1 0 1 0 0 0 1 0 1 0 0 1 0 1 1 0 0 0 1 0 0 0 0 0 0 0 1 0 1 1 0 1 0 1 1 0 1 0 0 0 0 1 0 0 1 0 1 1 1 1 0 1 1 0 40
1 0 0 0 1 0 0 0 0 1 0 0 1 1 1 1 1 0 1 0 1 0 1 0 1 0 1 1 1 0 1 0 1 1 1 0 1 0 1 1 1 0 1 1 0 0 1 1 0 0 0 1 0 1 0 1 0 1 0 0 0 0 1 1 1 1 1 1 0 0 0 1 0 1 1 0 1 0 0 0 1 0 1 1 0 1 1 0 0 0 1 0 1 1 0 0 1 0 0 0 50
1 1 1 0 0 0 1 1 0 1 0 1 1 0 1 1 0 0 1 0 1 1 1 0 1 1 1 1 1 1 1 1 0 0 0 1 1 0 0 1 1 1 1 1 0 1 1 0 0 1 0 1 0 1 1 1 1 0 1 0 0 1 1 0 0 0 1 1 0 0 0 0 1 1 0 0 1 1 0 0 0 1 0 1 1 0 0 1 1 1 1 0 0 0 1 0 1 1 0 0 56
1 0 0 0 0 1 1 0 1 1 1 1 1 1 0 1 0 0 1 0 1 1 1 1 1 1 0 1 1 0 1 0 0 0 0 1 1 0 1 0 0 1 0 0 1 1 0 0 1 0 1 0 1 0 0 1 1 1 1 0 1 0 1 1 0 1 1 1 1 0 1 0 1 1 0 0 1 0 1 1 0 1 1 0 0 0 1 1 0 1 0 0 1 1 1 1 1 1 0 0 57
0 0 0 0 0 1 0 0 0 1 1 1 0 1 1 0 0 0 0 1 0 1 1 1 0 0 1 1 1 1 1 0 1 0 1 0 1 1 0 0 1 1 1 1 0 1 1 1 1 0 0 0 0 1 1 0 1 1 0 1 0 0 1 1 1 1 0 1 1 0 1 1 0 0 1 1 0 0 1 0 0 1 1 1 1 0 0 1 1 1 1 0 1 1 0 1 0 0 1 0 55
0 0 1 1 0 1 0 1 0 0 0 1 0 1 1 0 0 0 0 0 0 1 1 0 1 1 1 0 1 0 1 0 0 1 0 1 1 1 0 0 1 0 0 0 1 1 1 0 1 0 1 1 1 1 1 1 0 0 0 0 1 0 0 1 0 0 0 1 0 1 0 0 0 1 0 0 0 1 0 0 1 0 0 0 0 1 1 0 0 1 0 0 0 0 0 0 1 1 1 0 42
1 1 1 1 1 1 0 1 1 0 1 0 1 0 1 0 0 0 0 0 1 1 0 1 0 1 0 1 1 0 1 1 1 0 1 1 1 0 1 1 0 0 0 0 0 0 1 1 1 1 1 1 1 0 1 0 0 0 0 0 0 0 0 0 1 1 0 1 0 1 0 1 1 0 0 1 0 1 0 1 0 1 1 1 1 0 0 0 1 0 1 1 1 0 0 1 1 1 0 1 54
1 0 0 0 0 0 0 1 0 1 1 0 1 0 0 1 0 1 1 1 0 1 1 0 0 1 0 0 1 1 1 0 1 1 1 1 0 0 1 0 1 0 0 1 0 0 1 0 0 1 0 1 1 0 0 0 0 1 1 0 0 1 0 1 0 0 1 0 0 1 0 1 0 0 0 0 1 1 0 1 0 1 1 0 0 1 1 1 0 0 1 0 0 1 1 0 1 1 0 0 46
0 1 1 0 1 0 1 0 1 0 0 0 1 1 0 1 1 1 1 1 0 1 1 0 0 0 1 0 0 1 1 0 1 1 0 1 0 0 0 0 1 1 0 1 0 0 0 0 1 1 1 0 0 1 0 0 1 1 1 1 1 0 0 0 1 0 1 1 0 1 0 0 1 0 0 1 1 1 0 1 0 1 1 0 1 0 1 1 0 1 1 1 1 1 0 0 0 0 1 1 53
1 1 0 0 0 0 1 1 1 1 0 0 0 1 1 0 1 1 0 1 1 0 0 0 1 1 1 0 0 1 0 1 1 1 0 0 1 1 0 0 0 0 1 1 0 0 0 0 0 0 1 0 1 0 1 0 0 0 0 1 0 1 1 1 0 1 1 0 0 1 0 1 1 1 0 1 1 1 1 1 0 1 1 0 1 0 1 0 1 0 1 1 1 0 0 0 1 0 0 1 51
1 0 1 0 0 1 1 0 0 0 1 1 1 1 0 1 0 1 0 1 0 1 0 0 1 0 0 0 0 0 1 0 1 1 0 0 0 0 1 1 0 0 0 1 0 1 1 0 1 1 0 1 1 1 0 0 1 0 0 0 1 1 0 0 0 1 0 0 1 1 0 1 0 0 0 1 1 1 1 0 0 1 1 1 0 0 0 0 0 0 1 1 0 0 0 1 1 0 1 1 46
1 0 1 0 1 0 1 1 1 1 1 1 0 0 1 1 0 0 0 1 0 1 0 0 1 0 1 0 1 1 1 0 0 1 0 1 0 0 0 0 1 0 1 0 0 1 1 0 0 0 0 0 1 0 0 0 1 1 0 0 1 0 0 1 0 0 1 0 0 1 0 0 0 0 1 0 0 1 1 1 0 0 1 1 0 0 0 1 0 1 1 0 0 0 1 1 1 0 1 0 44
0 1 0 1 1 0 1 0 0 1 1 1 0 1 0 0 0 1 0 1 1 0 1 0 0 0 1 1 0 1 1 0 1 1 0 1 1 1 0 0 1 1 1 1 0 1 0 0 1 0 1 0 0 1 1 0 0 0 1 0 1 0 0 1 0 1 1 1 0 0 0 0 0 0 0 1 0 0 1 0 0 0 0 0 1 1 1 1 1 1 1 0 1 1 1 0 1 0 1 0 50
1 0 0 0 1 0 0 1 1 0 0 1 1 0 0 1 0 1 0 1 0 0 0 1 0 1 1 0 1 1 0 1 1 0 0 0 1 0 0 1 1 1 1 1 1 1 1 1 0 0 0 0 1 1 1 1 0 0 0 1 0 0 1 1 1 1 1 1 0 1 1 0 0 0 1 0 0 1 0 1 1 0 1 1 0 1 0 0 1 1 0 0 0 1 1 1 1 1 1 0 54
0 1 1 0 1 0 1 0 1 0 0 1 0 0 1 1 1 1 0 1 0 0 0 1 0 1 0 1 1 1 1 1 0 0 0 0 0 0 1 1 0 1 0 0 0 0 1 1 0 1 0 0 1 1 0 1 1 1 0 0 0 1 0 1 0 0 1 0 1 0 0 1 1 0 1 0 0 1 0 0 0 1 1 0 0 1 0 0 0 0 1 1 0 1 0 1 1 1 0 0 46
0 1 0 1 0 0 1 1 0 1 1 0 1 0 1 1 1 1 0 1 1 0 0 1 1 1 0 1 0 0 1 0 0 0 1 1 1 0 1 0 1 0 1 1 1 1 0 1 1 1 1 0 1 0 1 0 1 1 0 1 0 1 1 1 0 1 0 1 0 1 1 1 1 0 0 1 1 1 1 1 1 1 0 0 0 0 0 0 1 0 0 1 0 0 0 0 0 1 0 1 56
1 1 1 0 1 0 1 1 1 1 1 1 1 1 0 0 0 1 1 1 1 0 0 1 0 1 1 1 1 1 0 1 0 0 1 1 0 0 1 1 1 0 1 0 1 1 0 0 1 1 1 1 1 0 0 1 0 0 0 0 0 0 0 1 1 1 1 1 1 1 0 1 1 1 1 0 0 1 0 0 0 1 1 1 1 0 0 0 0 1 1 0 1 0 1 1 0 1 0 0 59
0 0 1 0 0 1 0 0 0 0 1 0 1 0 1 0 0 1 0 1 1 0 0 1 1 0 0 1 0 0 0 0 1 0 0 1 0 1 0 0 1 1 1 1 1 1 0 0 0 1 1 0 0 1 0 0 1 0 1 0 1 0 1 1 0 1 0 1 0 0 1 0 0 0 1 1 0 1 0 0 0 1 0 1 1 1 1 0 0 1 1 0 1 0 0 0 0 0 1 1 44
1 0 1 1 1 1 1 0 0 1 0 0 1 1 0 0 0 0 1 0 1 1 1 1 1 0 1 0 1 0 1 1 0 1 1 0 1 1 1 1 0 1 0 0 1 1 1 0 0 0 1 1 1 0 1 0 0 1 1 1 1 0 0 0 0 0 1 0 0 0 1 1 1 1 1 0 1 0 0 0 0 0 0 0 1 1 0 0 1 0 0 1 1 0 1 0 1 1 0 1 53
1 0 0 0 1 0 0 1 1 0 1 1 0 1 0 1 0 0 1 1 1 0 1 0 1 0 1 1 1 0 1 0 0 1 1 0 0 1 0 1 1 1 0 1 1 1 0 0 1 0 1 0 0 1 1 1 0 0 0 0 0 0 0 1 1 1 0 1 0 0 0 1 0 1 1 0 0 1 1 1 1 0 0 0 0 1 0 1 1 1 0 1 1 0 1 1 1 0 0 0 51
0 1 1 1 0 1 1 0 1 1 1 1 0 1 1 0 0 1 0 1 1 0 0 0 1 0 0 1 0 0 0 0 1 1 0 1 0 0 0 0 0 0 1 1 0 0 0 1 0 0 0 1 0 0 1 1 0 0 0 0 1 0 0 1 1 1 1 1 1 1 1 1 0 0 0 0 0 0 0 1 0 1 1 0 0 1 0 1 1 1 0 1 1 1 1 0 1 1 0 0 48
1 0 1 1 1 1 1 1 1 1 0 1 1 0 1 1 0 1 1 0 0 0 1 0 1 0 1 0 1 0 1 0 0 0 0 0 1 1 1 0 0 0 1 0 0 0 1 1 1 0 0 1 0 0 1 1 0 0 0 1 0 0 1 1 0 0 1 1 1 0 1 1 0 0 0 0 0 1 0 0 1 0 0 0 1 0 1 1 0 0 1 0 1 0 1 1 1 0 1 1 50
0 0 0 1 1 1 0 0 0 0 0 0 1 0 0 0 1 1 1 0 1 1 1 1 0 1 1 1 0 0 1 0 0 0 0 1 0 0 0 1 0 1 1 1 1 0 0 0 0 1 0 1 0 0 1 0 1 0 0 0 0 1 0 0 1 0 0 1 0 1 0 0 0 0 0 0 0 1 0 0 0 1 0 1 1 0 0 0 0 1 0 1 1 1 0 0 0 1 1 1 40
0 1 0 0 0 1 0 0 1 0 0 0 1 0 1 1 1 1 0 1 1 0 1 1 0 1 1 1 1 1 1 0 0 1 1 1 1 0 0 0 1 0 0 0 0 1 0 1 0 1 1 1 0 0 0 1 0 0 1 1 0 1 0 0 0 1 1 1 0 0 1 0 0 1 0 0 1 0 0 0 0 0 0 0 0 0 0 0 0 0 1 0 0 1 0 1 0 0 0 1 42
1 1 1 0 0 1 1 0 1 1 1 0 0 1 1 1 1 0 0 1 1 1 1 0 0 1 0 1 1 0 1 1 1 1 0 1 0 0 0 0 0 1 0 1 0 1 1 0 1 0 1 1 0 1 0 1 0 0 0 1 0 0 1 1 0 0 1 0 0 1 0 0 1 1 0 1 0 1 1 1 1 0 1 0 0 1 1 1 1 1 1 0 1 0 0 1 0 0 1 0 55
1 0 1 0 1 0 1 1 0 0 0 1 0 0 0 1 1 1 1 1 1 1 0 0 1 0 0 0 1 1 0 1 1 1 0 1 1 0 1 0 1 0 0 1 0 1 1 0 0 0 1 1 1 0 1 1 1 0 1 0 0 1 1 0 1 0 0 0 1 1 0 1 0 0 1 0 1 0 1 1 1 0 1 0 1 0 0 0 0 1 1 1 0 1 0 1 1 0 0 0 52
0 0 1 0 0 1 1 1 1 1 1 1 0 1 1 1 0 0 0 0 1 1 1 0 1 1 1 1 0 1 1 0 0 1 1 1 0 0 1 1 1 1 0 0 1 1 1 1 0 1 0 1 0 0 0 1 1 0 0 1 1 1 1 0 0 0 1 1 1 1 0 1 1 1 0 1 0 1 0 1 1 1 1 0 1 1 1 1 1 0 0 1 0 1 0 1 0 0 1 1 62
0 0 1 0 1 0 1 0 0 1 0 0 1 0 0 1 0 1 0 1 0 0 1 0 0 1 0 0 0 0 1 0 1 0 0 1 1 0 0 0 0 0 1 1 0 0 0 0 1 0 1 0 0 0 1 1 1 1 0 1 0 1 1 1 1 0 0 0 0 0 0 0 0 0 1 0 0 0 1 0 0 1 0 1 1 0 0 1 0 1 1 1 1 1 1 0 0 0 1 1 41
1 0 1 1 0 0 0 0 0 1 0 1 1 0 0 1 0 1 0 0 1 1 1 1 1 1 1 1 0 0 1 0 0 1 0 0 0 1 0 0 0 0 1 1 1 1 1 0 1 0 0 0 0 1 0 0 1 1 0 1 1 0 1 1 0 0 0 0 0 0 1 1 0 1 1 1 0 0 0 0 1 1 0 1 0 1 0 1 1 0 0 0 0 0 1 0 1 0 1 1 47
0 1 0 1 0 1 1 0 0 0 1 1 1 0 1 0 0 0 1 1 1 0 0 1 1 1 1 1 0 0 1 1 1 1 0 0 1 0 0 1 1 1 1 0 0 1 0 0 0 0 0 0 0 1 0 0 0 0 0 0 1 1 0 1 1 0 1 0 0 0 1 1 1 1 0 1 0 0 1 0 0 0 1 1 1 0 0 0 1 0 0 1 0 1 0 0 0 0 0 0 44
0 0 1 1 0 1 0 0 1 0 0 1 1 1 1 0 1 1 0 0 0 0 0 0 1 1 0 1 0 1 1 1 1 1 0 1 0 1 0 1 0 0 0 1 0 0 0 0 1 1 1 0 1 0 0 0 0 0 0 0 0 1 0 0 1 0 1 0 0 0 1 0 1 1 0 0 0 1 1 0 1 1 0 1 1 1 0 0 1 1 1 1 1 1 0 1 1 0 1 1 49
0 1 0 1 1 1 1 1 0 1 1 0 1 0 1 1 0 1 1 0 1 0 0 1 0 1 1 0 0 0 1 1 1 0 0 1 0 0 1 1 1 1 1 1 1 1 0 0 0 1 0 1 1 0 0 1 0 0 0 1 0 0 0 1 1 0 0 1 1 0 1 1 0 1 0 1 0 0 1 0 0 1 0 1 1 0 1 1 0 1 1 0 1 0 0 0 1 0 1 1 54
0 0 0 0 0 1 0 1 1 0 0 0 1 1 1 1 0 0 0 0 1 1 0 0 1 1 0 0 1 1 0 0 0 1 0 0 1 0 1 0 0 1 1 1 1 0 1 1 0 1 0 1 0 1 0 1 1 0 1 0 0 1 1 0 1 0 1 1 1 0 0 1 1 0 0 1 1 0 1 0 1 0 1 0 1 0 0 1 0 0 1 0 1 1 0 0 1 0 0 1 48
0 1 1 0 0 0 0 0 0 0 1 1 1 1 1 0 1 1 0 0 1 0 1 0 1 0 1 1 0 1 0 0 0 0 0 0 1 0 1 1 0 0 0 1 0 1 0 1 0 0 1 1 0 0 1 1 1 1 1 0 1 1 1 1 0 0 1 1 0 1 0 1 0 1 1 1 1 1 1 0 0 1 1 0 0 1 0 0 0 0 1 1 1 1 1 0 0 1 0 1 52
1 1 0 1 1 0 0 1 1 0 0 1 1 1 1 1 1 1 1 1 1 0 1 0 0 0 1 1 1 1 0 1 1 1 0 1 0 0 0 0 0 1 0 1 0 1 0 0 0 1 0 1 1 1 0 0 1 1 0 0 1 1 0 0 0 1 0 0 1 1 1 1 1 1 0 1 0 0 0 1 1 0 1 1 0 1 1 0 0 0 1 0 1 1 0 1 1 0 1 0 56
1 1 1 1 0 0 0 1 1 0 0 1 0 1 1 0 0 0 0 0 0 1 0 1 0 0 0 0 0 1 0 0 1 0 1 1 0 0 1 0 0 1 0 1 1 1 0 0 1 0 0 0 0 0 1 1 1 1 0 0 1 0 0 0 0 1 0 0 1 0 1 1 1 0 1 1 0 0 1 0 0 0 0 1 1 1 0 1 0 1 0 0 1 0 0 0 1 0 0 0 41
1 0 0 1 0 0 1 0 1 0 1 1 1 0 1 1 0 0 1 0 0 0 1 0 1 1 0 0 1 0 0 1 0 0 1 0 1 1 1 1 0 0 0 0 0 0 1 0 1 0 0 1 1 1 0 1 0 1 1 1 1 1 0 1 0 0 1 0 0 1 0 0 0 1 1 1 1 1 0 0 0 0 1 0 1 1 0 1 1 0 1 1 1 1 1 0 0 0 0 0 49
1 1 1 1 0 0 0 0 1 1 1 1 1 0 1 0 1 1 1 1 1 0 0 0 1 1 0 0 0 0 1 1 0 0 1 1 1 0 0 1 1 1 1 1 1 1 0 0 0 0 0 1 0 0 0 0 0 0 0 0 0 0 0 1 1 1 0 0 1 0 1 1 1 1 1 0 0 0 0 1 1 1 1 1 0 1 0 1 0 0 0 1 1 1 1 1 0 0 1 1 53
1 1 0 1 1 1 1 1 1 1 0 1 1 1 1 0 0 1 0 1 1 0 1 0 0 0 0 0 1 0 1 1 0 1 0 1 1 1 1 0 1 1 1 1 0 1 0 0 0 0 1 1 1 0 1 0 1 1 1 1 1 1 0 1 1 1 0 1 0 0 1 0 0 0 1 1 1 1 1 1 1 0 1 1 0 0 0 1 0 1 0 0 1 1 0 1 1 1 0 0 61
0 1 0 0 0 0 0 0 0 1 1 1 0 0 0 1 1 1 1 0 1 1 1 1 1 1 1 0 1 1 0 0 0 0 0 0 0 1 1 1 0 1 0 1 1 1 0 1 0 0 1 1 0 1 1 0 1 0 0 0 1 0 0 0 0 1 0 0 1 1 0 1 0 1 0 1 0 0 0 0 0 1 0 0 1 0 1 0 0 1 1 0 0 0 1 1 0 0 1 1 46
0 0 0 0 1 0 1 1 0 1 0 1 1 1 0 1 0 1 0 1 1 1 1 1 1 0 0 0 1 1 0 0 0 1 1 1 1 1 0 0 1 1 0 1 1 1 0 1 0 1 0 1 1 0 0 0 1 0 1 0 1 0 0 0 0 0 0 0 1 0 0 0 1 1 1 0 0 0 0 1 0 1 1 0 1 0 1 1 0 0 1 0 0 0 0 1 1 0 1 0 48
1 0 1 0 0 1 1 0 0 0 0 0 1 1 0 1 1 1 0 0 0 0 0 0 1 1 0 1 1 1 1 0 1 1 1 0 1 1 0 0 1 0 1 0 0 1 1 1 1 0 0 1 1 0 1 0 1 0 1 0 0 0 1 0 0 0 0 1 1 0 0 0 1 0 1 1 0 1 0 1 0 1 1 1 1 0 0 0 1 0 1 0 0 0 0 1 0 1 1 0 48
1 1 1 0 1 1 1 0 1 1 0 1 1 1 1 0 0 1 1 0 0 1 0 1 1 1 1 1 0 0 0 1 0 1 1 0 1 1 0 0 0 1 0 0 1 1 0 0 1 0 1 1 1 0 1 0 0 1 1 0 1 1 0 0 1 1 0 1 1 1 0 1 1 0 1 1 1 0 1 1 0 1 0 0 1 1 1 1 0 1 0 0 0 1 1 1 1 0 1 0 60
0 0 0 0 1 1 1 1 0 0 1 0 0 0 1 0 0 1 0 1 0 1 0 1 1 0 0 0 0 0 0 1 1 1 1 0 1 1 1 0 0 1 1 1 0 0 0 0 0 1 1 0 1 1 1 1 0 1 0 1 0 0 0 1 1 0 0 0 0 0 0 1 0 0 0 1 1 1 0 1 0 1 1 0 0 0 1 0 1 0 1 1 1 0 0 1 1 0 1 1 47
1 1 1 0 0 0 1 1 1 1 1 0 0 0 0 0 1 0 1 0 1 1 0 1 0 0 0 1 0 1 0 1 0 0 0 1 0 0 0 0 1 1 0 0 0 1 0 0 1 0 0 0 0 1 1 0 0 0 0 0 0 1 0 1 1 0 1 0 1 0 1 0 0 0 0 0 0 1 0 1 1 1 0 0 1 0 0 0 1 0 1 1 0 0 0 0 1 1 1 0 40
0 0 1 1 1 1 0 0 0 0 1 0 0 1 0 0 0 0 1 1 1 0 0 1 1 0 0 0 0 1 1 0 1 1 1 1 1 0 1 0 1 0 1 1 0 1 0 1 0 1 1 0 1 0 1 0 0 0 1 0 1 1 1 0 1 0 0 1 0 0 0 1 1 0 1 1 1 1 0 0 0 1 0 1 0 0 1 1 0 1 0 1 0 1 0 0 0 1 1 0 49
1 0 0 0 0 1 1 1 1 1 0 1 0 0 0 0 1 1 1 0 1 0 0 1 0 1 0 0 1 1 0 0 1 0 1 0 1 1 1 1 0 0 0 1 1 1 1 1 1 1 0 1 1 0 1 0 0 0 1 0 1 0 0 0 1 0 0 0 0 0 1 0 0 1 1 0 1 0 0 0 0 0 0 1 0 0 1 0 1 0 1 0 0 1 1 1 1 0 1 0 47
0 1 1 0 1 1 1 1 1 1 0 1 1 1 1 0 1 0 0 1 1 1 1 1 1 1 1 1 1 1 0 0 1 0 0 0 0 0 1 1 1 0 0 1 1 0 0 1 0 1 0 0 0 0 1 0 1 1 1 1 0 0 1 0 0 1 1 1 1 0 0 1 0 1 0 0 1 1 1 1 1 0 1 0 0 0 0 1 0 1 1 1 0 0 1 0 0 0 0 1 56
0 0 1 0 0 1 0 1 1 1 1 0 0 0 0 0 0 0 1 1 0 0 0 1 1 0 0 0 1 0 1 1 1 1 1 0 1 1 1 1 0 0 1 0 0 0 1 1 0 1 0 1 1 0 0 1 1 1 0 1 1 0 0 1 1 1 1 1 0 1 0 1 0 1 1 1 1 0 1 1 1 1 0 1 0 1 0 0 0 0 1 0 1 1 0 1 1 1 1 1 56
1 1 0 0 0 0 1 0 0 1 1 0 1 0 0 0 1 0 0 1 0 0 1 0 0 1 0 0 1 1 0 1 1 1 0 1 0 0 0 0 0 0 0 1 1 0 0 1 0 0 1 0 1 0 1 1 0 0 0 0 0 1 0 0 1 1 1 0 0 1 1 1 1 1 1 0 0 0 1 1 1 1 0 1 0 0 1 0 1 0 0 0 0 1 0 1 1 0 0 1 44
0 0 1 0 0 0 0 0 0 0 1 0 1 1 1 1 1 1 0 1 0 1 1 0 0 1 1 0 1 1 1 0 0 1 0 0 0 0 0 0 0 0 1 1 0 1 1 0 1 1 0 1 1 0 0 1 1 0 0 0 1 0 1 0 0 1 1 1 1 1 1 1 0 0 1 1 1 0 0 1 1 0 0 0 1 0 1 1 0 1 1 1 1 0 0 0 1 1 1 1 52
1 1 1 1 0 1 0 1 1 0 0 0 0 0 1 1 0 0 1 1 1 0 1 0 0 1 1 0 1 1 0 0 0 1 1 1 0 1 1 1 0 1 1 1 1 0 0 0 0 0 1 0 1 0 0 0 1 0 0 0 0 0 0 0 1 1 0 1 1 1 0 1 1 1 1 0 0 0 0 0 0 0 1 0 0 0 0 1 1 0 1 0 1 1 1 0 1 0 0 1 48
98 101 109 80 99 107 110 101 96 105 100 93 110 91 107 104 93 104 108 109 109 97 108 97 108 100 95 108 96 105 110 105 98 110 100 105 107 100 97 87 96 93 100 112 98 111 93 98 87 95 91 102 98 94 105 102 92 97 89 104 94 96 92 97 95 100 101 95 89 100 92 114 99 108 106 106 97 102 91 106 103 100 92 95 89 102 91 99 90 99 118 95 111 105 102 101 101 94 107 102 10000
