1 0 0 1 0 1 1 0 0 1 0 0 1 1 1 1 0 1 1 0 0 0 0 1 0 0 1 1 0 1 1 1 0 0 0 1 0 0 1 0 1 1 1 0 1 0 1 0 1 0 25
1 1 0 1 0 1 1 1 1 0 0 1 0 1 0 0 0 1 1 0 0 0 0 1 0 0 0 1 0 1 1 1 0 0 1 1 0 1 0 0 1 0 1 0 1 1 0 0 0 0 23
1 1 0 1 0 0 1 0 0 0 1 1 1 0 0 0 0 0 1 1 0 0 0 1 0 1 0 0 0 1 1 1 1 0 0 0 1 0 1 0 1 0 1 0 0 1 0 0 0 0 20
1 1 0 0 0 1 1 0 0 1 1 1 1 0 1 1 0 1 1 1 1 0 0 1 0 1 0 0 0 0 1 1 1 0 1 0 0 0 1 0 0 0 1 1 0 1 1 0 1 0 26
1 1 0 1 0 0 1 0 0 1 1 1 0 0 0 1 0 1 1 0 0 1 0 0 0 0 1 1 0 1 1 1 0 1 0 1 0 0 0 0 1 0 1 1 0 0 1 0 1 0 23
1 1 0 1 0 1 0 0 1 1 1 1 1 0 0 0 0 0 1 0 1 0 0 1 0 1 1 1 0 0 1 1 1 0 0 1 1 0 0 0 1 1 1 0 1 0 0 0 0 0 24
1 1 0 1 0 0 1 0 0 1 1 0 1 0 1 0 1 1 0 1 0 0 0 1 0 1 0 1 1 0 1 1 0 1 1 1 0 1 0 0 0 0 1 0 1 0 0 0 0 0 23
1 1 0 1 0 0 1 0 1 1 1 1 1 0 0 0 1 0 1 1 1 0 1 1 1 0 1 0 1 0 1 1 1 1 0 1 0 1 0 0 1 0 1 0 0 1 0 0 0 0 27
1 1 0 1 1 1 1 0 0 1 1 1 1 0 0 1 0 1 1 0 0 0 0 0 1 0 1 1 1 1 1 1 1 1 0 0 1 0 0 0 0 1 1 1 0 0 0 0 0 0 26
1 1 0 1 0 0 1 0 0 1 1 0 0 0 0 0 0 1 1 1 0 0 0 1 1 0 1 1 0 1 1 1 0 1 0 1 0 0 1 0 1 1 1 0 1 0 1 0 0 0 24
1 1 0 1 0 1 1 0 0 0 1 1 0 1 1 0 0 1 1 1 1 0 1 1 0 1 1 1 0 0 1 1 0 1 0 1 1 1 0 0 0 1 1 0 0 0 0 0 0 0 26
0 0 0 1 0 0 1 0 1 0 1 0 1 0 0 0 0 1 1 0 1 1 0 1 0 1 1 0 0 0 1 1 0 0 0 1 1 0 1 0 1 1 1 0 1 1 1 0 0 0 23
1 1 1 1 0 0 1 0 0 1 0 1 1 0 0 0 0 1 1 0 0 0 0 1 0 1 1 1 1 0 1 1 0 1 0 1 1 0 0 0 1 0 1 0 0 0 1 0 0 0 23
1 1 0 1 0 1 1 0 1 1 0 1 1 0 0 1 0 1 0 0 0 1 1 0 0 1 1 0 0 1 1 1 1 0 1 1 1 1 0 0 1 1 1 1 0 0 1 0 0 1 29
1 1 0 1 0 1 1 0 0 0 0 1 0 0 0 1 0 1 0 0 0 1 0 0 0 1 1 1 0 0 1 1 1 1 1 1 0 0 0 0 0 1 1 0 1 1 1 0 0 0 23
1 1 0 0 0 0 1 0 0 1 1 1 0 0 0 1 0 0 1 1 0 1 0 0 1 1 1 0 0 0 1 1 0 0 0 1 1 0 1 0 1 0 1 1 1 0 0 0 0 0 22
0 1 0 1 1 1 1 0 0 1 1 0 1 0 0 1 0 1 1 0 0 0 1 1 0 0 0 1 0 0 1 1 1 1 0 1 0 0 1 0 1 0 1 0 0 1 1 0 0 0 24
1 1 1 1 0 1 1 0 1 1 0 1 0 0 0 0 1 0 0 0 1 0 0 0 0 1 1 0 0 1 1 1 1 0 0 1 1 1 0 0 1 1 1 0 0 0 0 0 0 0 23
1 1 0 1 0 1 1 0 0 1 1 1 0 1 0 0 0 0 1 0 0 0 1 1 0 1 0 1 1 0 1 1 1 0 1 1 0 0 0 0 1 1 1 0 1 0 0 1 0 0 25
1 1 0 1 0 0 1 0 1 1 0 1 1 0 0 0 0 1 1 0 0 1 1 1 1 0 1 1 1 1 0 1 0 0 0 1 0 0 0 0 1 0 1 0 1 0 0 0 0 0 23
1 1 0 1 0 1 1 0 0 0 0 1 0 0 0 1 0 1 1 0 0 0 1 0 0 1 0 0 1 1 1 0 0 0 0 1 1 0 1 0 1 0 1 1 0 0 0 0 0 0 20
1 1 0 1 1 1 1 0 0 1 0 1 1 0 0 1 0 0 1 0 0 0 1 1 0 1 1 0 0 1 1 1 0 1 0 1 1 0 1 0 1 0 1 1 0 0 0 0 0 0 25
1 1 0 1 0 0 1 0 0 1 1 1 1 0 0 1 0 1 1 1 0 1 1 1 0 1 1 0 0 0 1 1 1 1 1 1 0 0 1 0 1 0 1 0 1 1 0 0 0 0 28
1 1 0 0 0 1 1 0 0 0 0 1 1 1 0 1 0 0 1 1 0 0 0 0 0 1 1 1 0 1 1 1 0 0 0 1 0 0 0 0 0 1 1 1 0 0 1 0 0 0 21
1 1 0 1 1 1 1 0 0 1 0 0 1 0 0 1 0 1 1 0 0 1 0 1 0 1 1 1 1 1 1 0 1 0 0 0 1 0 1 0 1 0 1 0 1 0 0 0 0 0 25
1 1 0 1 0 0 1 0 1 0 0 1 0 0 0 1 1 1 1 0 0 0 1 0 0 1 1 1 0 0 1 1 1 0 0 0 0 1 1 0 0 0 1 0 0 0 1 0 0 0 21
1 1 0 1 0 1 1 0 0 1 0 1 1 0 0 1 0 0 1 0 0 0 1 1 0 1 1 1 0 0 0 1 1 1 1 1 1 1 0 0 1 1 1 0 0 1 0 0 0 0 26
1 1 0 1 0 0 1 0 0 1 0 1 0 0 0 0 1 1 1 0 0 0 1 1 0 0 1 1 0 0 1 1 1 1 1 1 1 1 0 0 1 0 1 0 0 0 1 0 0 0 24
1 1 0 1 0 1 1 0 1 0 1 1 1 0 0 1 0 0 1 1 0 0 1 1 0 1 1 1 1 1 1 1 0 1 0 0 0 0 1 0 1 1 1 1 1 0 1 0 0 0 29
0 1 1 1 0 1 1 0 0 1 1 1 1 0 0 1 0 0 1 0 0 1 0 1 1 1 1 1 0 0 1 1 1 0 0 0 0 1 0 0 1 1 1 0 0 0 0 0 0 1 25
0 0 0 1 0 1 1 0 0 1 0 1 1 0 0 1 0 0 1 0 1 0 1 1 0 1 1 1 1 0 1 1 1 0 1 1 1 1 0 1 1 0 1 0 0 0 0 0 0 0 25
1 1 0 1 1 1 1 0 1 1 0 1 1 0 0 0 0 1 1 1 0 0 1 0 1 1 1 1 0 1 1 1 1 0 0 1 0 0 0 0 1 0 0 0 1 1 1 0 0 0 27
1 1 0 1 0 1 1 0 1 1 0 1 1 1 0 1 0 0 1 1 0 0 0 0 0 1 1 1 0 1 1 1 1 1 0 1 0 1 1 0 0 0 1 1 1 0 1 0 0 0 28
1 1 0 1 0 1 1 0 0 0 0 1 1 1 0 1 0 0 1 1 0 1 0 0 0 1 1 1 1 1 1 1 0 0 0 1 0 1 0 0 0 0 1 1 0 0 1 0 0 0 24
1 1 0 1 0 1 1 0 1 0 1 0 1 0 0 1 0 1 1 0 0 0 1 1 0 1 1 1 1 0 1 1 0 0 1 1 0 0 0 0 0 0 1 1 0 0 1 0 1 0 25
1 1 0 0 0 1 1 0 0 1 0 1 1 0 0 1 0 0 1 1 0 0 1 0 0 0 1 1 1 1 0 1 1 0 0 1 0 0 0 0 0 0 1 0 0 0 0 0 0 0 19
0 1 1 1 0 1 1 0 0 1 1 1 0 1 1 0 0 0 1 0 0 0 1 0 0 0 0 1 0 0 1 1 1 0 1 1 1 0 1 0 1 0 1 0 0 1 1 0 1 0 25
1 1 0 1 0 1 1 0 0 1 1 1 0 0 0 0 0 1 1 0 1 0 0 1 0 1 1 1 0 1 1 1 1 0 0 1 1 1 0 0 1 0 1 0 0 0 1 0 0 0 25
1 1 0 1 1 1 1 0 0 1 0 1 0 0 1 0 0 1 1 0 1 0 1 0 0 1 0 1 1 1 0 1 1 0 0 1 1 0 0 0 0 0 1 0 0 0 0 0 0 0 22
1 0 0 1 0 1 1 0 0 1 0 1 1 0 0 0 0 1 1 1 1 0 1 0 0 1 1 1 0 0 1 1 0 0 0 1 1 1 0 0 1 0 1 0 0 0 1 0 1 0 24
1 0 0 1 0 1 1 0 0 1 1 1 0 0 0 0 1 0 1 0 0 0 0 0 0 1 0 1 0 1 1 1 0 0 1 1 0 1 0 0 1 0 1 1 1 0 1 0 0 0 22
1 1 0 1 0 1 1 0 0 0 0 1 1 0 0 1 0 1 1 0 0 1 0 1 0 1 1 1 0 1 1 1 1 1 0 1 0 0 0 0 1 1 1 1 1 0 0 0 1 0 27
1 1 0 1 0 1 0 0 0 1 1 0 1 0 0 0 0 0 1 1 0 0 1 0 0 1 0 1 1 0 1 1 1 0 0 1 0 0 0 0 1 0 1 1 1 0 0 0 1 0 22
0 1 0 1 0 1 1 0 0 1 1 1 0 0 0 0 1 1 1 0 1 1 1 0 0 1 0 1 1 0 1 1 1 0 0 1 1 1 1 0 1 0 1 0 1 1 0 0 0 0 27
0 1 0 0 0 1 1 0 0 1 1 1 1 1 0 0 0 1 1 1 1 0 0 1 0 0 1 1 1 1 1 1 1 1 1 1 1 1 1 1 0 0 1 0 0 0 0 0 0 0 28
1 1 0 1 0 1 1 0 0 1 1 0 1 0 1 1 0 1 1 1 0 1 1 1 1 1 0 1 0 0 1 1 0 0 0 1 1 0 0 0 1 0 1 0 0 1 1 0 0 0 27
1 1 0 1 0 1 1 0 0 1 0 1 0 0 0 1 0 1 1 0 0 0 1 0 0 1 1 0 0 1 0 1 1 0 0 1 1 1 0 0 1 1 1 0 0 0 0 0 0 0 22
1 1 0 1 0 1 1 0 0 1 0 1 1 1 0 0 0 1 0 0 0 0 0 1 1 1 1 1 0 0 1 1 1 0 0 1 0 1 0 0 0 0 1 0 0 0 1 0 0 0 22
1 1 0 1 0 0 1 0 0 1 0 1 0 1 0 1 0 0 1 0 0 0 1 1 0 1 0 1 1 1 0 1 0 0 1 1 1 1 0 0 1 1 1 1 0 0 0 0 0 0 24
1 1 0 1 0 0 1 0 0 1 0 1 1 0 0 1 0 1 1 0 1 0 1 1 0 1 1 0 0 1 1 1 1 0 0 1 0 0 0 0 1 1 1 0 1 0 0 0 0 0 24
1 1 0 1 1 0 1 0 0 1 0 1 1 0 0 1 0 1 1 0 0 1 0 0 0 1 1 1 1 1 1 1 1 0 0 1 1 1 0 0 1 0 1 0 0 0 0 1 0 0 26
0 0 0 1 0 1 1 0 0 1 0 1 0 0 0 1 0 0 1 0 0 1 0 1 0 1 0 1 1 1 1 1 1 1 1 1 0 0 0 0 1 1 1 0 0 0 1 1 0 0 24
1 1 0 1 0 1 1 1 0 1 1 1 1 0 0 1 1 1 1 0 0 1 1 1 0 1 0 1 1 1 1 1 1 0 0 1 0 1 0 0 1 0 1 0 0 0 1 0 0 0 29
1 1 0 1 0 1 1 0 1 1 1 1 0 0 0 0 0 1 1 0 0 0 0 1 0 1 0 1 0 1 1 1 1 0 0 1 0 0 0 0 0 0 1 0 1 0 1 0 1 0 23
1 1 0 1 0 1 0 0 0 1 1 1 1 1 0 1 1 1 1 1 0 1 1 1 0 0 1 0 1 0 1 1 1 1 0 1 1 1 1 0 1 0 1 0 1 1 0 0 0 0 31
1 1 0 1 0 1 0 0 0 1 1 1 1 0 0 1 0 1 1 0 1 1 0 1 0 1 1 1 0 1 1 1 0 0 0 1 1 0 0 0 1 1 1 0 0 0 1 0 0 0 26
1 1 0 1 0 1 1 0 0 1 1 0 1 0 0 1 0 0 1 0 1 1 0 0 0 1 1 1 0 0 1 1 1 0 0 1 1 0 0 0 1 0 1 0 1 1 0 0 1 0 25
1 1 1 1 0 0 1 0 1 1 0 0 0 0 0 1 0 1 1 0 0 0 1 0 0 1 1 1 1 0 1 1 1 0 1 1 1 0 0 0 0 0 1 1 1 1 0 1 1 0 27
1 1 0 1 0 1 1 0 1 1 0 1 1 0 0 1 0 1 1 0 1 0 0 1 0 0 1 1 0 0 1 1 0 1 1 1 0 1 0 0 1 1 1 1 1 0 0 0 0 0 27
0 0 0 1 0 1 1 0 0 1 1 1 0 0 0 1 0 1 1 0 0 0 1 0 0 1 1 1 0 0 1 1 1 1 0 1 0 1 1 0 1 0 1 0 1 1 0 0 0 0 24
1 1 0 1 0 1 1 0 0 1 0 1 0 1 1 0 0 0 0 0 0 1 0 1 0 1 0 1 0 1 1 1 1 0 1 1 1 0 0 0 0 0 1 1 0 0 1 0 0 0 23
1 0 0 1 1 0 0 0 1 1 1 1 1 0 0 0 0 1 1 0 0 0 1 1 0 1 1 1 0 1 1 1 1 0 0 1 1 1 0 0 1 1 1 1 0 0 1 0 0 0 27
1 1 0 1 0 1 1 0 0 1 1 1 1 0 0 1 0 1 1 1 0 0 1 1 1 1 0 1 0 1 1 1 1 0 0 1 1 1 0 0 0 0 1 0 1 1 0 1 0 0 29
0 0 0 1 0 0 0 0 0 1 1 1 1 0 0 0 0 1 1 1 1 0 1 0 0 1 1 1 0 0 1 1 1 0 0 0 1 1 0 0 1 1 1 0 0 1 0 0 0 0 22
1 1 0 1 0 1 1 0 0 1 1 0 1 1 0 0 0 1 1 1 0 1 0 1 0 0 0 1 0 0 1 1 1 0 0 1 0 0 1 0 1 1 1 0 0 0 1 0 1 0 25
0 0 0 1 0 1 1 0 0 0 1 1 1 0 0 1 1 1 1 1 0 0 0 1 1 0 1 0 0 1 1 1 1 0 0 1 1 0 0 0 1 1 1 0 0 1 0 0 0 0 24
1 1 0 1 1 1 1 0 0 1 0 1 1 0 0 1 0 1 1 0 0 1 1 0 0 1 1 1 1 0 1 1 0 0 0 1 1 1 1 0 0 0 1 0 1 1 0 0 1 0 28
1 1 0 0 0 0 1 0 1 1 0 0 1 0 1 0 0 1 1 0 0 1 1 0 1 1 0 1 0 0 1 1 1 0 0 1 1 1 0 0 1 0 0 1 1 1 0 0 0 0 24
1 1 0 1 0 1 1 0 0 0 1 1 1 0 0 0 0 0 1 0 1 1 1 1 1 0 1 1 0 0 1 1 0 1 0 1 0 0 1 0 0 1 1 0 1 0 1 0 0 0 25
1 1 0 0 0 1 1 0 0 1 1 1 1 1 0 1 0 1 1 0 0 0 1 0 0 1 0 1 0 1 1 1 1 1 1 1 1 1 1 0 1 1 1 0 1 0 1 0 0 0 30
1 0 0 1 0 1 1 0 1 1 0 1 1 0 0 0 0 1 1 1 1 0 1 1 0 0 1 1 1 1 1 1 1 0 0 1 0 1 1 0 1 0 1 1 1 1 0 0 1 0 30
1 0 1 1 0 1 1 0 0 1 1 1 1 0 0 1 0 0 1 0 0 0 0 1 0 1 1 1 0 0 1 1 1 0 0 1 0 1 0 0 1 0 1 1 1 0 1 1 0 0 26
1 1 0 1 1 1 1 0 0 1 1 1 1 0 0 0 0 1 1 0 0 1 0 1 0 0 1 0 0 1 1 1 1 0 0 1 1 1 1 0 0 0 1 0 1 1 1 0 0 0 27
1 0 0 1 0 1 1 0 0 1 1 1 0 0 0 1 0 1 1 1 0 1 1 0 0 1 0 0 1 1 1 1 1 1 0 1 1 0 0 0 1 1 1 1 1 1 1 0 0 0 29
1 1 0 1 0 0 1 0 0 0 1 1 1 0 0 1 0 1 1 0 0 0 0 0 0 1 0 1 1 0 1 1 1 1 1 1 0 0 1 0 0 0 0 1 0 1 0 0 0 1 23
1 1 0 1 0 1 1 0 0 0 0 1 1 0 0 1 0 0 1 1 0 1 1 1 0 0 0 1 0 0 1 1 1 0 0 1 1 1 0 0 0 1 1 1 0 0 1 0 0 0 24
1 0 0 0 0 1 1 0 0 1 0 1 0 1 0 1 0 1 1 0 1 0 1 1 0 0 1 1 0 0 0 1 1 0 1 1 1 1 1 0 1 0 1 1 0 0 0 0 0 0 24
1 1 0 1 0 1 0 0 1 1 0 1 0 0 1 1 0 1 1 1 0 0 0 1 1 1 0 1 0 0 0 1 1 0 0 1 0 0 1 0 1 1 1 0 1 1 1 0 0 0 26
1 1 0 1 0 1 1 0 0 1 0 1 1 0 0 0 0 1 1 1 0 0 1 0 1 0 0 0 0 0 1 1 0 0 0 1 1 1 1 0 1 1 1 0 1 1 0 0 0 0 24
1 1 0 1 1 1 1 0 0 1 0 0 1 0 0 1 1 0 1 0 1 1 1 0 0 0 1 1 1 0 1 1 1 0 0 1 1 0 1 0 1 0 1 1 1 1 0 1 1 0 30
0 0 0 1 0 1 1 1 0 1 0 1 0 0 0 1 0 1 1 1 0 0 1 0 0 1 1 0 1 0 1 1 0 0 0 1 0 1 0 0 1 1 1 1 1 1 0 0 1 0 25
1 1 0 1 0 1 1 0 1 1 1 1 1 0 0 0 0 1 1 0 0 0 0 0 0 0 0 1 0 1 1 1 1 1 0 1 0 0 1 0 1 0 1 0 0 0 0 0 0 0 22
1 1 0 0 0 1 0 0 1 1 1 1 0 0 0 1 1 1 1 1 0 1 0 1 0 0 0 1 0 1 1 1 1 1 1 1 1 1 0 0 0 0 0 1 1 1 1 0 0 0 28
1 1 0 1 0 1 1 0 0 1 1 1 1 0 0 0 0 0 1 0 0 0 1 0 1 0 1 0 1 0 1 1 0 0 1 1 1 1 0 0 1 1 1 0 1 0 0 0 0 0 24
1 1 0 1 0 1 1 0 0 1 1 1 0 1 0 1 0 0 1 0 0 1 1 1 1 1 1 1 1 1 1 1 0 0 0 1 1 0 1 0 1 0 1 0 1 0 0 0 0 0 28
1 1 0 1 1 1 1 0 0 0 0 1 0 0 0 1 0 1 1 1 0 1 0 0 0 1 1 1 0 0 1 1 1 0 1 0 0 0 1 0 1 1 1 1 1 0 1 0 0 0 26
1 1 1 1 0 1 1 0 1 1 1 1 1 0 0 1 0 1 1 0 0 1 1 0 1 1 1 0 0 0 1 1 1 1 0 1 0 1 0 0 1 0 1 1 0 1 0 0 0 0 29
1 1 0 1 0 1 1 0 0 0 1 1 0 0 0 1 0 1 1 0 0 0 1 1 1 1 0 1 1 0 1 1 1 0 0 1 1 1 0 0 1 0 1 0 1 1 0 0 0 0 26
1 1 0 1 0 1 1 0 0 1 1 1 1 0 0 1 0 0 1 0 0 0 0 1 0 0 1 1 0 0 1 1 0 0 0 0 0 0 0 0 0 0 1 1 1 1 1 0 0 1 22
1 1 0 1 0 1 1 0 0 1 0 1 1 0 0 0 0 1 1 0 0 0 0 1 0 1 1 1 0 0 1 1 1 0 1 1 1 0 0 0 1 0 1 0 1 0 1 0 1 0 25
1 1 0 1 0 1 1 0 0 1 1 0 1 0 0 1 0 1 1 1 0 0 1 1 0 1 0 0 0 1 0 1 1 0 1 1 1 1 0 1 1 0 1 1 0 1 1 0 0 0 28
1 1 0 1 0 1 1 0 0 1 0 1 0 0 0 1 0 1 0 0 1 1 1 1 0 1 1 0 1 1 1 1 1 1 1 1 1 1 0 0 1 0 1 1 1 0 0 0 0 0 29
1 1 0 0 0 0 1 0 0 1 0 1 1 0 0 1 0 1 1 0 0 1 0 1 0 1 1 1 1 1 1 1 1 1 1 1 1 0 0 1 1 0 1 0 1 0 1 0 1 0 29
1 0 0 0 0 1 1 0 0 1 1 1 0 0 0 1 0 0 1 1 1 0 1 1 0 0 1 0 1 0 1 1 1 0 0 1 1 0 0 0 0 1 0 1 0 0 0 0 0 0 21
1 1 0 1 0 0 1 0 1 1 1 1 0 0 0 0 0 0 1 0 0 1 1 1 0 1 0 1 0 1 1 1 1 0 0 0 0 1 0 0 1 1 1 0 0 1 1 0 1 0 25
1 1 0 1 0 0 1 0 0 1 0 1 1 0 0 0 1 0 1 0 0 0 1 1 1 0 0 1 0 0 1 1 1 0 0 1 0 1 0 0 0 0 1 1 0 0 1 1 0 0 22
1 1 0 1 0 1 1 0 0 1 0 0 0 1 0 1 0 0 1 0 1 0 1 1 0 1 1 0 0 0 1 1 1 0 1 1 1 1 0 0 1 0 1 0 1 0 1 0 0 0 25
1 1 0 1 0 1 1 0 1 1 0 1 1 0 1 0 0 0 1 0 0 0 1 0 0 1 1 0 1 1 0 1 1 1 1 1 1 1 1 0 1 1 0 0 0 0 0 0 0 0 26
1 1 1 1 0 1 1 0 0 1 0 1 1 0 0 1 0 1 0 0 0 0 1 1 0 0 0 1 0 0 1 1 1 1 0 1 1 1 1 1 1 1 1 0 1 0 0 0 1 0 28
0 1 0 1 0 1 1 0 1 1 0 1 1 1 1 1 0 1 1 0 0 1 1 0 0 1 1 1 0 0 1 1 0 1 0 1 1 0 0 0 1 0 1 1 0 0 1 0 1 0 28
1 1 0 1 0 1 1 0 0 0 1 0 0 1 0 0 0 0 1 0 0 0 1 0 0 1 1 1 1 0 1 1 1 0 0 1 1 0 0 0 1 1 1 0 0 0 0 0 0 0 21
1 1 0 0 0 1 1 0 0 1 0 0 0 1 0 1 0 1 1 0 0 0 1 1 0 1 1 1 1 0 1 1 0 0 0 0 0 0 0 0 1 0 1 0 1 0 1 0 0 0 21
1 1 0 1 0 1 1 0 0 1 1 0 0 0 0 1 0 1 1 1 1 0 1 0 0 0 0 1 1 1 1 1 0 0 0 1 1 1 0 0 1 1 1 0 0 1 0 0 0 0 25
1 1 0 1 0 1 1 0 0 1 0 1 1 0 0 0 0 0 1 1 1 0 1 0 0 0 1 1 1 0 1 1 1 0 1 0 0 0 0 0 1 1 1 0 1 0 1 0 0 1 25
1 1 0 1 0 1 1 0 1 0 1 1 0 0 0 1 0 1 1 0 1 0 1 1 1 1 1 0 0 1 1 1 1 0 1 1 0 0 0 0 1 0 1 0 1 0 0 0 0 0 26
1 1 0 1 0 1 1 0 0 1 1 1 0 0 0 1 0 0 0 1 0 1 1 0 0 1 1 0 0 0 1 1 1 0 0 1 0 1 1 1 1 0 1 1 1 0 0 0 1 1 27
0 0 0 1 0 0 1 0 1 1 0 1 1 0 0 1 0 0 1 0 0 0 0 1 0 0 1 1 0 0 1 1 0 1 0 0 1 1 0 0 0 1 1 0 0 1 1 0 0 0 20
1 1 0 1 0 0 1 0 0 0 1 1 1 0 0 0 0 0 1 0 0 0 1 1 0 1 1 1 0 0 1 1 1 0 1 1 1 1 1 1 1 1 1 1 1 1 0 0 1 0 29
1 1 0 1 0 1 1 0 1 0 0 1 1 1 0 1 0 0 1 1 0 1 1 0 0 0 0 1 0 1 1 1 1 0 0 1 0 0 1 0 1 0 1 0 0 1 0 0 1 0 25
1 1 0 1 0 1 1 0 0 1 0 1 1 0 0 1 0 1 1 0 0 1 0 0 0 1 0 0 1 0 1 1 0 0 0 1 0 0 0 0 1 0 1 0 1 0 1 0 0 0 21
1 1 0 1 0 1 0 0 0 0 0 1 1 0 0 1 0 0 1 0 0 0 1 1 0 0 1 1 1 1 1 1 1 0 1 1 0 1 0 0 1 0 1 0 1 0 0 1 1 0 25
1 1 0 1 0 1 0 0 0 0 0 1 0 0 0 0 0 1 1 0 1 0 1 0 0 1 1 1 0 1 1 1 1 0 0 1 1 0 0 0 1 0 1 1 1 0 0 1 0 0 23
1 1 0 0 0 1 0 0 0 1 1 1 1 1 0 1 0 0 1 0 0 1 0 0 0 1 1 1 0 0 1 1 1 0 1 1 1 0 0 0 0 1 1 0 0 0 0 0 0 0 22
1 1 0 1 0 0 1 0 0 1 0 0 1 0 1 1 1 0 1 0 0 0 0 1 0 0 1 0 0 0 1 1 1 0 0 1 1 0 1 0 1 1 0 1 0 1 0 0 0 0 22
1 1 0 1 0 1 1 0 0 1 0 1 1 0 0 1 0 1 1 0 0 0 1 1 0 1 0 1 1 1 1 1 1 1 1 1 1 0 0 0 1 0 1 0 0 0 1 0 0 0 27
1 1 0 1 0 0 1 0 0 1 1 1 1 1 0 0 0 0 1 1 0 1 1 1 0 1 1 0 1 1 1 1 0 1 0 1 1 1 1 0 1 1 1 0 0 0 0 1 0 0 29
1 1 0 1 1 1 1 0 0 1 0 1 1 0 0 1 0 1 1 0 0 0 1 1 0 1 1 1 0 1 1 1 1 0 0 1 0 1 1 0 0 0 1 0 0 0 1 1 0 0 27
1 1 0 1 0 0 1 0 0 1 0 1 0 0 0 0 0 0 1 1 0 0 1 0 0 1 1 1 0 1 1 1 0 0 0 1 1 1 0 0 1 1 1 0 0 0 1 1 0 0 23
1 1 0 1 0 1 1 0 0 1 0 0 1 0 1 0 0 1 1 0 0 0 0 0 0 1 1 1 1 0 1 1 0 0 0 1 1 0 0 0 1 0 0 0 0 1 1 1 0 0 22
1 1 0 1 0 1 1 0 0 1 1 1 1 1 0 1 0 0 1 0 0 0 0 0 0 1 0 0 0 1 1 1 1 0 0 0 0 1 1 0 1 1 1 0 1 1 1 0 0 0 25
0 1 0 1 0 1 1 0 0 1 1 0 0 0 0 1 0 1 1 1 0 0 0 1 0 1 1 1 1 1 1 1 0 1 0 1 0 1 0 0 1 1 1 0 1 0 0 0 0 0 25
0 1 0 1 0 0 0 0 0 0 0 1 1 0 0 0 0 1 1 0 0 0 1 0 0 0 1 0 1 0 1 1 1 1 0 1 1 0 0 0 0 0 1 0 1 0 0 0 0 0 17
0 0 0 1 0 0 1 0 0 1 1 1 1 1 0 1 0 0 1 0 0 1 1 1 1 0 0 0 1 1 1 1 0 0 1 1 0 1 0 0 0 0 1 0 1 1 0 0 0 0 23
1 1 0 1 1 0 1 0 0 1 0 1 0 0 0 1 0 1 1 1 0 0 0 1 1 0 1 0 1 1 0 1 1 0 0 1 1 0 1 0 1 0 1 0 1 0 1 0 1 0 26
1 1 0 1 0 1 1 0 1 1 1 1 0 1 1 0 0 0 1 0 0 0 1 0 0 0 1 1 0 1 1 1 1 1 0 1 1 1 0 0 1 0 1 0 0 0 1 0 0 0 26
1 1 0 1 0 1 1 0 1 1 1 1 1 1 0 0 0 1 1 0 0 1 1 1 0 1 1 1 0 1 1 1 0 0 0 1 1 0 1 0 0 0 1 1 0 1 0 0 0 0 28
1 1 0 1 0 1 1 0 0 1 0 1 0 0 0 1 1 0 1 0 0 0 1 1 0 1 1 1 1 1 0 1 1 1 0 1 0 0 0 0 1 0 0 0 1 0 0 1 1 0 25
1 1 0 0 0 1 1 0 1 1 1 1 0 0 0 1 0 1 1 0 0 1 1 1 0 1 0 0 1 0 1 1 0 0 1 1 1 0 0 0 1 1 1 1 0 1 0 1 0 0 27
1 1 0 1 0 1 1 0 0 1 0 1 1 0 0 0 0 1 1 0 1 1 1 0 0 1 1 1 0 1 1 1 1 0 0 1 1 1 0 0 1 1 1 0 1 1 0 0 0 0 28
1 1 0 1 0 1 1 0 0 0 0 1 1 0 0 0 0 1 1 0 0 0 1 1 0 1 1 1 1 0 0 1 1 0 1 1 0 1 0 0 1 0 0 0 0 1 0 0 0 0 22
1 1 1 1 0 1 0 0 1 0 0 1 1 0 0 0 0 1 1 0 0 0 0 0 0 1 1 1 0 1 1 1 0 0 1 1 1 0 1 0 1 1 1 0 1 0 0 0 0 0 24
1 1 0 1 0 1 0 0 0 0 0 0 1 0 0 1 0 0 1 0 0 0 0 0 0 1 1 1 1 0 1 1 1 0 1 1 0 1 0 0 1 0 1 0 0 0 1 0 1 0 21
1 1 0 1 0 0 1 0 1 1 0 1 1 0 0 0 0 0 1 0 0 1 1 1 0 1 0 1 0 0 1 1 1 1 0 1 0 1 0 0 1 0 1 1 0 0 0 0 1 0 24
0 1 1 1 0 1 1 0 0 0 1 1 1 0 1 1 0 0 1 0 0 1 0 1 0 1 1 0 1 1 1 1 1 1 0 1 1 1 1 0 1 0 1 0 1 1 1 0 1 0 31
0 1 0 1 0 1 1 0 0 1 0 1 0 0 0 1 0 1 1 0 0 1 0 1 0 0 1 1 1 0 1 1 1 0 0 1 1 1 0 0 1 1 1 1 1 0 0 0 0 0 25
1 1 0 1 0 1 1 0 0 0 0 1 1 0 0 1 0 1 1 0 1 0 1 1 1 1 1 1 0 0 1 1 1 0 1 1 0 0 0 0 0 1 1 0 0 0 1 0 0 0 25
0 1 0 1 0 1 1 0 1 1 0 0 0 1 0 0 0 1 1 0 0 1 1 0 0 0 1 1 0 1 1 1 0 0 1 1 1 0 1 0 0 1 0 0 0 1 1 0 0 0 23
1 1 0 1 0 1 1 0 0 0 1 0 0 0 0 0 0 0 1 0 0 0 0 1 0 1 1 1 0 1 1 1 1 0 1 0 0 1 0 0 0 0 1 0 1 1 0 0 1 0 21
1 1 0 0 1 1 1 0 0 1 0 1 1 0 0 1 0 1 1 0 0 0 0 1 0 1 1 1 1 0 1 1 0 0 0 0 1 1 0 0 1 0 1 0 0 0 0 0 1 0 23
0 1 0 1 0 1 1 0 0 0 1 1 1 0 0 0 0 1 1 1 0 1 1 1 0 1 0 0 1 1 1 1 0 0 0 0 0 0 0 0 1 0 1 0 1 0 1 0 1 1 24
1 1 0 1 0 1 1 0 0 1 1 1 1 0 0 1 0 1 1 0 0 0 1 1 0 1 0 1 0 1 1 1 1 0 0 1 1 0 0 0 0 1 1 0 1 0 1 1 0 1 28
1 1 0 1 1 1 1 0 0 1 1 1 1 0 0 1 0 0 1 1 0 1 1 1 0 1 1 1 0 1 1 1 1 0 0 0 1 1 1 0 1 1 1 0 0 0 1 0 1 0 31
0 1 0 1 0 1 1 0 0 1 1 0 1 0 0 1 0 0 1 1 1 0 1 1 0 1 0 0 1 1 1 1 1 1 1 1 0 1 0 0 0 0 1 0 1 1 0 0 0 1 27
1 1 0 1 0 1 0 0 0 1 0 1 0 0 0 0 0 1 1 1 1 1 0 1 1 1 1 1 0 0 1 1 1 0 1 1 1 1 1 0 1 1 1 0 0 0 0 0 0 0 27
1 1 0 1 0 1 1 0 0 1 1 1 1 0 0 0 0 1 1 1 0 1 0 0 0 1 1 1 0 1 1 1 0 0 0 1 1 0 0 0 1 0 1 0 1 1 0 0 0 0 25
1 1 0 1 0 1 1 0 0 1 0 1 0 0 0 1 0 0 1 0 0 0 1 1 1 1 1 1 1 1 1 1 1 1 1 1 1 0 1 0 1 1 0 0 1 1 0 0 0 0 29
1 1 0 0 0 0 1 0 0 1 0 1 1 0 0 0 0 1 1 1 0 1 1 1 0 0 1 0 1 0 1 1 0 0 0 1 1 1 0 0 1 0 1 0 1 0 1 0 0 0 23
1 1 0 1 0 1 1 0 0 1 0 1 1 0 0 1 1 0 1 0 0 1 0 0 0 0 1 0 1 0 1 1 0 0 1 1 1 1 0 0 1 1 1 0 1 0 1 0 0 0 25
1 1 0 1 0 1 1 0 1 1 1 1 1 0 0 1 0 0 1 0 0 1 1 0 0 1 1 0 0 1 1 1 1 1 1 1 1 0 1 0 1 0 1 0 1 0 1 1 0 0 30
1 0 0 1 0 0 1 0 1 1 0 0 1 0 0 0 0 0 1 1 0 0 0 1 0 1 1 0 0 0 1 1 0 0 0 1 1 1 0 0 1 0 1 1 0 1 1 1 1 0 23
1 1 0 1 0 1 1 0 0 1 1 0 1 0 0 1 0 0 1 0 0 1 0 1 0 1 1 0 0 0 1 1 1 1 0 1 1 1 0 0 1 1 1 1 1 1 0 1 1 0 29
1 1 0 1 0 0 0 0 0 1 1 1 1 1 0 1 0 1 1 1 0 1 1 0 0 1 1 1 0 1 1 1 1 0 0 1 1 0 0 0 1 0 1 0 0 0 1 0 0 0 26
0 1 0 1 0 1 1 0 0 0 0 1 1 1 0 1 0 1 1 1 0 0 0 1 1 0 1 1 0 0 1 1 1 0 0 1 0 0 0 0 0 1 1 1 1 0 0 1 1 0 25
1 1 0 1 0 1 0 0 1 0 0 1 0 0 0 1 0 1 1 0 0 0 0 0 1 0 1 1 0 0 1 1 0 0 0 1 0 1 0 0 1 1 1 0 1 1 1 0 0 0 22
1 0 0 1 1 0 1 0 0 1 0 1 0 0 0 1 0 1 1 0 0 0 1 1 0 1 1 1 0 1 1 1 0 0 0 1 1 0 0 0 0 0 1 0 0 1 1 0 0 0 22
1 1 0 1 0 1 1 1 0 0 1 1 1 0 0 1 0 1 1 0 1 0 0 0 0 0 0 1 0 1 1 1 0 0 0 1 0 0 0 0 0 0 0 0 0 1 0 0 0 0 19
1 1 0 1 0 1 1 1 0 0 0 1 1 0 0 0 0 1 0 1 1 0 0 1 0 0 1 1 1 0 1 1 0 0 1 1 0 1 0 0 1 0 1 1 1 0 0 0 0 0 24
1 0 0 1 0 0 1 0 0 1 1 1 1 1 0 0 0 0 1 0 1 0 1 0 0 1 0 1 0 1 1 1 1 0 1 1 1 1 1 0 1 0 1 1 1 1 1 0 0 0 28
1 1 0 1 0 1 1 0 1 1 0 1 0 0 1 0 0 1 1 1 0 0 1 1 0 1 1 1 0 1 1 1 0 0 1 1 0 1 0 0 1 0 0 1 1 0 1 0 0 0 27
1 1 0 0 0 1 1 0 0 0 0 1 1 0 0 1 0 0 1 1 0 0 1 0 0 1 0 1 1 0 0 1 1 0 0 1 1 1 0 0 0 0 1 0 0 0 0 0 0 0 19
1 1 0 1 0 1 1 0 0 1 1 1 1 0 0 1 0 1 1 0 0 0 1 1 0 1 1 0 0 1 1 1 0 0 0 1 1 1 1 0 1 0 0 0 1 1 1 0 0 0 27
1 0 0 1 0 1 1 0 0 1 1 1 0 1 0 0 0 1 1 1 0 0 0 0 0 1 1 1 0 0 1 1 1 0 1 1 1 1 0 1 0 1 1 1 0 0 1 0 0 0 26
1 0 0 1 0 1 1 0 0 1 0 1 0 0 1 0 0 1 1 0 0 0 0 0 1 1 0 0 0 1 1 1 1 0 1 1 1 0 0 0 1 1 1 1 0 0 1 1 0 0 24
1 0 0 1 0 1 1 0 0 1 0 1 0 0 0 0 0 0 0 0 0 0 0 1 0 1 1 1 0 0 1 1 0 0 1 1 0 0 0 0 1 0 1 0 0 0 0 1 0 0 17
1 1 0 1 0 1 1 0 0 0 1 0 0 0 0 1 0 1 1 0 1 1 0 1 1 1 0 1 1 0 1 1 0 1 1 1 1 0 0 0 0 0 1 1 1 1 1 0 0 0 27
1 1 0 1 0 1 1 0 1 1 0 1 1 0 0 1 0 1 1 1 1 0 1 0 1 1 1 1 1 0 1 1 0 0 1 1 1 0 0 0 1 1 1 0 1 0 0 0 0 0 29
1 1 0 0 1 1 1 0 0 1 1 1 1 1 0 0 0 0 1 0 0 1 1 1 0 1 1 1 0 0 1 1 0 0 1 1 0 0 0 0 1 0 1 1 1 1 0 0 0 0 26
1 1 0 1 0 0 1 0 0 0 1 1 1 0 0 1 0 1 1 0 0 1 0 1 0 1 1 1 0 0 1 1 1 0 1 1 1 0 0 0 1 0 1 0 0 0 1 0 1 0 25
1 1 0 1 0 1 1 0 1 0 0 0 0 0 0 1 0 1 1 0 0 1 0 1 0 0 1 0 1 0 1 1 1 0 1 1 1 1 0 0 1 1 1 0 1 0 1 0 0 0 25
1 1 0 1 0 0 1 1 0 1 0 1 1 1 0 1 0 0 1 0 0 1 0 1 0 1 1 1 1 0 1 1 1 0 1 1 0 0 0 0 1 0 1 0 1 0 1 0 0 0 26
1 1 0 1 1 1 1 0 0 0 1 1 0 0 0 0 0 1 1 0 0 0 0 0 1 1 1 0 0 1 1 1 1 0 0 1 0 1 0 0 1 0 1 0 0 1 1 1 0 0 24
1 1 0 1 1 0 1 0 0 1 0 1 1 0 0 1 0 0 0 0 0 0 1 1 0 1 1 1 1 0 1 1 0 0 1 1 1 1 0 0 0 0 1 0 0 0 1 1 1 1 26
1 1 0 1 1 1 1 0 0 1 0 1 0 0 0 0 1 1 1 0 0 0 0 1 0 0 1 0 1 1 1 1 1 1 0 0 1 0 0 1 1 0 1 1 0 1 0 0 1 0 26
1 1 0 1 0 0 1 0 0 1 1 0 1 0 0 0 0 0 1 1 1 0 1 0 1 1 1 1 1 1 1 1 1 1 0 1 0 0 1 0 1 1 1 0 1 1 0 0 1 0 29
1 1 0 0 0 1 1 0 0 0 1 0 0 0 0 0 0 1 1 0 1 0 1 0 1 0 1 0 1 1 1 1 1 1 0 1 1 1 0 0 1 0 1 1 0 0 1 0 0 0 24
1 1 0 0 0 1 1 0 0 1 0 1 0 0 0 0 0 0 1 0 0 1 0 0 0 1 1 0 0 0 1 1 0 0 0 1 0 1 0 0 0 0 1 1 1 0 0 1 0 0 18
1 1 0 1 1 1 1 0 0 1 1 1 1 0 1 1 0 0 0 0 0 0 0 1 0 0 0 0 1 1 0 1 1 0 0 1 1 1 0 0 1 1 0 0 1 0 1 1 0 0 25
1 1 0 1 0 1 1 0 1 0 1 1 1 0 0 0 0 1 1 0 0 1 1 0 0 0 1 1 1 0 1 1 0 0 1 0 1 1 1 0 0 1 1 0 1 1 0 0 0 0 26
1 1 0 1 1 1 1 0 0 1 0 1 1 0 0 0 0 0 1 1 0 0 1 1 1 1 1 1 0 0 1 1 0 0 1 1 1 0 1 1 1 0 1 1 0 0 0 0 0 0 27
1 1 0 0 0 0 1 0 0 1 1 1 0 0 0 0 0 1 1 1 0 0 0 1 0 0 1 0 0 0 1 1 1 1 0 0 0 1 0 0 1 0 1 0 0 0 0 0 0 0 18
0 1 0 1 0 1 1 0 1 1 0 1 1 0 0 1 0 1 1 0 0 0 1 1 1 0 1 1 1 1 1 1 1 1 0 1 0 0 0 0 1 0 1 0 0 0 0 0 0 0 25
1 1 0 1 1 1 1 0 1 0 1 1 1 1 0 0 0 1 1 1 0 0 0 1 0 1 0 0 0 1 1 1 0 0 0 1 0 0 0 0 1 1 0 0 0 1 0 0 0 0 23
1 1 0 1 0 1 1 0 1 0 1 0 0 0 0 1 0 0 1 1 0 0 0 0 0 1 0 1 0 1 1 1 1 0 0 1 1 1 0 0 1 0 1 0 1 0 0 0 0 0 22
1 1 0 1 0 1 1 0 0 1 0 1 1 0 0 1 0 1 1 0 0 0 1 0 0 1 1 1 0 0 1 1 1 0 0 1 1 0 1 0 0 0 1 1 0 0 0 0 0 0 23
1 0 0 1 0 1 1 0 0 1 1 1 1 1 0 0 0 1 1 0 0 1 1 1 1 1 0 1 0 1 1 1 1 1 1 1 1 0 0 0 1 0 0 0 0 0 0 1 0 0 27
1 1 0 1 0 1 1 0 0 1 0 1 1 0 0 1 0 1 1 1 1 0 1 1 1 0 1 1 0 1 1 1 1 1 0 0 1 1 1 0 1 0 1 1 0 0 0 0 0 0 29
1 1 0 0 0 1 1 0 0 0 0 1 1 0 0 1 0 1 1 0 0 0 0 1 0 1 1 1 0 0 1 1 0 0 1 1 0 1 0 0 1 0 1 0 0 0 1 0 0 0 21
1 0 0 0 0 0 1 0 0 0 0 1 1 0 0 1 0 0 1 0 1 1 0 1 0 0 1 1 1 1 1 1 0 1 0 1 0 1 0 0 1 1 1 1 1 0 1 0 0 0 24
1 1 0 1 0 1 1 0 0 0 0 1 1 0 0 1 0 1 1 0 0 0 0 1 0 1 1 1 0 0 1 1 1 0 1 1 0 0 0 0 0 1 1 0 0 0 0 0 0 0 21
1 1 0 1 0 1 1 0 0 0 0 1 0 0 1 0 0 1 1 0 0 0 1 1 1 1 1 1 1 1 1 1 0 1 0 1 1 1 0 1 1 0 1 1 1 0 1 0 1 0 30
1 1 0 1 0 1 1 0 0 0 0 1 0 0 0 0 0 0 1 1 0 0 1 0 0 1 1 1 0 0 0 1 1 0 1 1 0 1 1 0 0 0 1 0 0 1 1 0 1 0 22
1 1 1 1 1 0 1 0 1 1 0 1 1 0 0 1 0 1 1 0 0 1 1 1 0 1 1 0 1 1 1 1 0 0 0 1 0 1 0 0 0 1 1 1 0 0 0 1 1 0 29
1 1 0 1 0 0 1 0 0 1 0 1 1 0 0 1 1 0 1 1 0 0 0 1 1 0 1 0 1 1 1 1 0 0 0 1 1 1 0 0 1 0 1 0 1 1 0 0 0 0 25
1 1 0 1 0 1 1 0 0 1 0 0 1 0 0 0 0 0 1 1 0 1 1 0 0 0 1 1 1 0 1 1 1 0 1 1 0 0 0 0 1 0 1 0 0 1 1 0 0 0 23
0 0 0 1 1 1 1 0 1 1 0 1 0 0 0 1 0 1 1 0 0 0 0 1 0 1 1 1 1 1 1 1 1 1 1 1 1 0 1 0 1 1 1 0 1 0 0 0 0 0 28
1 1 0 1 0 1 1 0 0 0 0 1 1 1 0 1 0 0 0 0 0 0 0 0 0 0 0 0 1 1 1 1 0 0 0 1 0 0 0 0 1 0 1 1 0 1 0 0 0 0 18
0 1 0 0 0 0 1 0 0 0 0 1 1 0 0 0 1 1 1 1 0 0 0 1 0 1 1 0 1 1 1 0 1 0 0 1 0 1 0 1 1 1 1 0 0 0 1 0 1 0 23
1 1 0 1 1 1 1 0 0 1 1 1 1 1 0 1 0 0 1 0 1 1 1 1 0 1 1 1 0 0 1 1 1 1 1 0 1 1 1 0 1 0 1 1 1 1 0 0 0 0 33
1 1 0 1 0 1 0 0 0 0 1 1 1 0 0 1 0 0 1 0 0 1 1 0 0 1 1 0 0 1 1 1 0 1 1 1 1 1 0 1 0 0 1 0 1 0 0 1 0 0 25
1 1 0 1 0 1 1 0 1 1 0 1 1 0 1 1 0 0 1 0 0 1 0 0 1 1 1 0 1 1 1 1 1 0 0 1 1 1 0 0 1 1 1 1 0 0 1 0 0 1 30
0 1 0 1 1 0 1 0 0 1 0 1 1 0 1 1 0 1 1 0 0 1 0 1 0 1 0 1 0 0 1 1 1 0 0 1 0 0 1 0 1 1 0 0 0 0 0 0 0 0 22
1 1 0 1 0 0 1 0 0 1 0 1 0 1 0 1 0 0 1 1 0 0 0 1 1 1 1 1 0 0 1 1 1 0 1 1 1 0 0 0 1 0 1 1 1 0 1 0 1 0 27
1 1 0 1 0 1 1 0 0 1 0 1 1 0 0 0 0 0 1 0 0 1 1 1 0 1 0 1 0 0 1 1 1 0 0 1 1 0 0 0 1 0 1 0 1 0 1 1 0 0 24
1 1 0 1 0 1 1 0 0 1 0 0 1 0 0 0 0 1 1 1 0 0 0 1 0 1 1 1 1 1 1 1 0 1 0 1 0 1 1 0 0 1 1 1 1 0 1 0 0 0 27
1 1 0 1 0 1 1 0 0 1 0 1 1 0 0 1 0 1 1 0 0 1 0 0 0 0 1 1 0 1 1 1 1 1 0 1 0 0 1 0 1 0 1 0 1 0 1 0 0 0 25
0 0 0 1 0 1 1 0 1 1 0 1 1 1 0 1 0 1 1 1 0 1 1 0 0 0 1 0 1 1 0 1 1 1 0 0 1 0 1 0 1 0 1 0 1 0 0 0 1 0 26
1 1 0 0 1 1 0 0 0 1 1 1 1 0 0 0 0 1 1 1 0 0 0 0 0 0 0 1 1 1 1 1 1 0 0 1 1 1 0 0 1 1 1 0 1 0 1 0 0 0 25
1 1 0 1 0 1 1 0 0 1 0 1 1 0 0 0 0 1 0 0 1 0 1 0 0 1 1 0 0 1 1 1 1 0 1 1 1 1 1 0 0 1 1 0 0 0 0 0 0 0 24
1 1 0 1 0 1 1 0 0 1 0 1 0 0 0 0 0 1 1 0 0 1 0 0 0 1 0 1 1 0 0 1 0 0 0 1 0 0 1 0 0 1 1 0 1 1 0 0 0 0 20
1 1 0 1 1 1 1 0 0 1 1 1 1 0 0 1 0 1 1 0 0 0 0 1 0 1 1 0 0 0 1 1 1 1 1 1 0 1 0 0 1 0 1 1 0 1 1 0 0 0 28
1 1 0 0 0 1 1 0 0 1 0 0 1 0 0 1 1 0 1 1 0 1 0 1 0 0 0 1 0 0 1 1 1 0 1 1 1 1 1 0 0 0 1 0 0 0 0 0 0 0 22
1 1 1 1 0 0 1 0 0 1 0 1 1 0 0 1 0 1 0 0 0 0 1 1 1 1 1 1 1 1 1 1 1 0 0 1 0 1 0 0 1 0 1 1 0 1 0 0 0 0 27
1 1 0 1 0 1 1 0 0 1 1 1 1 0 0 1 0 1 1 0 1 0 1 1 0 1 1 1 0 0 1 1 1 0 1 1 1 0 1 0 1 1 1 0 1 1 0 0 0 0 30
1 1 0 0 0 1 1 0 1 1 1 1 1 0 0 0 0 0 1 1 0 0 0 0 0 1 1 1 1 1 1 1 0 0 1 1 1 0 0 0 1 0 1 1 0 1 0 0 1 0 26
1 1 0 1 0 1 1 0 1 1 0 1 1 0 0 0 0 1 1 0 1 1 0 0 0 1 1 1 1 1 1 1 0 0 1 1 1 1 0 0 1 1 1 0 0 0 0 0 0 0 27
1 1 0 1 0 1 1 0 0 0 0 1 1 1 0 1 0 1 1 0 0 0 0 1 0 1 1 0 0 1 1 1 1 1 0 1 0 1 1 0 1 1 1 0 1 0 0 0 0 0 26
0 1 0 1 0 1 1 0 0 1 0 1 1 0 0 1 0 1 1 1 0 0 1 0 0 1 1 1 0 1 1 1 1 0 0 1 1 0 0 0 1 0 1 0 1 0 0 0 0 0 24
1 1 0 1 0 1 1 0 0 1 0 1 0 0 0 1 0 0 1 0 0 0 0 1 0 1 1 0 0 0 0 1 1 0 0 1 0 0 1 0 1 1 1 1 1 1 0 0 0 0 22
1 1 0 1 0 0 1 0 0 1 0 1 1 1 1 0 0 1 1 0 0 1 0 1 0 1 1 1 1 1 1 1 1 1 0 1 1 0 1 0 1 0 1 0 0 0 0 1 0 0 28
1 1 0 1 0 0 1 0 0 0 1 1 0 0 0 1 0 1 1 0 0 1 0 1 0 1 0 0 1 0 1 1 1 1 1 1 0 1 0 0 1 1 1 1 0 0 0 0 0 0 24
1 1 0 1 0 1 1 0 0 1 0 1 0 0 0 1 0 0 1 0 0 0 0 0 1 1 1 1 1 0 1 1 0 0 1 1 0 0 1 0 1 0 1 1 1 0 0 0 1 0 24
1 1 0 0 1 1 1 0 0 1 0 1 0 0 0 1 0 1 1 0 0 0 0 0 1 1 1 0 1 0 1 1 1 0 1 1 1 1 0 0 0 1 1 0 1 0 1 0 0 0 25
0 1 0 1 0 1 0 0 0 1 0 1 1 1 1 1 0 1 1 1 0 1 0 0 0 1 1 0 0 0 1 1 1 0 1 1 1 0 0 0 0 0 1 0 1 0 0 0 1 0 24
1 1 0 1 0 1 1 0 1 1 0 1 0 0 0 1 0 1 1 1 0 0 0 0 0 0 0 1 0 1 1 1 0 0 0 1 1 0 0 0 1 0 1 0 0 0 0 0 0 0 20
0 1 0 1 0 0 1 0 0 1 0 1 1 1 0 0 0 1 1 1 0 0 0 1 0 1 1 1 0 0 1 1 1 0 0 1 1 1 0 0 0 1 1 0 0 0 0 1 1 0 24
0 1 0 1 0 1 1 1 0 1 1 1 1 0 0 1 0 1 1 0 0 1 1 1 0 0 1 0 0 0 1 1 1 0 1 1 1 1 0 0 1 0 1 0 1 0 1 0 0 0 27
1 1 0 1 0 0 1 0 0 1 0 1 0 0 0 1 0 1 1 0 0 0 0 0 0 1 0 1 1 1 1 1 0 0 0 1 1 0 0 1 1 0 1 1 0 0 1 0 0 0 22
1 1 0 1 0 1 1 0 1 1 0 1 1 0 0 0 0 1 1 0 0 0 1 0 0 1 1 0 1 1 1 1 0 0 1 1 1 0 0 0 1 1 1 0 0 1 0 0 0 0 25
1 1 0 1 0 1 1 0 0 1 0 0 1 0 0 0 0 1 1 0 0 0 1 1 0 0 0 1 0 0 1 1 0 0 0 1 0 0 1 1 1 1 1 0 1 0 1 0 0 0 22
1 1 0 1 0 0 1 0 0 1 1 1 1 0 1 1 0 1 1 1 0 1 0 0 0 1 1 1 1 0 1 1 1 0 0 1 1 1 0 0 1 0 1 0 0 1 0 0 0 0 27
1 1 0 1 0 1 1 0 0 1 0 1 1 1 0 0 0 1 1 1 0 0 0 0 0 1 1 1 0 1 1 1 1 0 0 1 0 0 0 0 1 0 1 0 1 1 0 0 1 0 25
1 1 0 1 0 1 0 0 0 1 0 1 1 0 0 1 0 0 1 0 0 0 1 1 0 1 1 0 0 1 1 1 1 0 0 1 1 0 0 0 1 0 1 1 0 1 1 1 0 0 25
1 1 0 0 0 1 1 0 0 1 1 1 1 1 0 1 0 1 1 1 0 0 1 1 0 0 1 1 1 0 1 1 1 0 1 1 1 0 0 0 1 1 1 0 0 1 1 0 1 0 30
1 0 0 0 0 1 1 0 0 0 0 1 0 1 1 1 0 1 0 1 1 1 0 1 0 0 0 0 0 1 1 1 1 1 0 1 0 1 0 0 0 1 1 1 0 0 0 0 0 0 22
1 0 0 1 0 1 1 1 1 1 1 1 0 1 0 0 0 0 1 1 0 1 1 0 1 1 1 1 0 0 0 1 1 1 1 1 1 1 1 0 1 0 1 1 0 1 1 0 0 0 31
1 1 0 1 0 0 1 0 0 0 1 1 1 1 0 0 0 1 1 0 0 0 0 1 0 0 0 1 0 1 1 1 0 0 0 1 0 1 0 0 0 0 1 0 0 0 0 0 0 0 18
1 1 0 1 0 0 1 1 0 1 1 0 1 0 0 1 0 0 1 0 0 0 0 1 0 1 1 1 0 1 1 1 1 0 0 1 1 1 0 0 1 1 1 0 1 0 0 1 1 0 27
1 1 0 1 1 1 1 0 0 1 0 1 1 0 0 1 0 0 1 0 0 1 1 1 1 1 1 1 1 0 1 1 1 0 0 1 0 1 0 0 0 0 1 0 1 1 1 1 0 0 29
1 1 0 1 1 1 1 0 0 0 1 1 0 0 1 1 0 0 1 0 0 1 1 1 0 0 1 1 0 1 0 1 0 0 1 1 1 1 1 0 0 0 1 1 0 0 1 0 0 0 26
1 1 0 1 0 1 1 0 0 1 0 1 0 0 0 1 0 1 1 1 0 1 0 0 0 1 1 1 1 1 1 1 1 0 1 1 1 1 1 0 1 0 1 1 0 1 1 0 0 0 30
1 1 0 1 0 1 1 0 1 1 1 1 0 0 0 0 0 1 1 0 1 1 0 1 0 1 0 1 0 1 1 1 0 1 1 1 1 0 0 0 1 1 1 0 1 0 0 0 1 0 28
1 1 0 1 1 1 1 1 0 1 0 1 0 0 0 1 0 0 1 1 0 0 0 0 0 1 1 1 1 1 1 1 0 0 1 1 1 0 1 0 1 0 1 0 1 0 1 0 0 0 27
1 1 0 1 0 1 0 0 1 0 1 0 1 1 0 1 0 1 1 0 0 0 0 0 0 0 0 1 1 0 1 1 1 1 0 1 0 0 0 0 0 0 1 0 1 0 1 0 1 0 22
1 0 0 1 0 1 1 0 0 1 1 1 1 1 0 1 0 1 1 0 0 0 1 1 0 1 0 1 1 1 1 1 1 0 0 1 0 1 0 0 1 0 1 0 1 1 1 0 0 0 28
0 1 0 1 0 1 1 0 0 1 1 1 1 0 0 1 0 1 1 0 0 0 1 0 1 1 1 1 1 1 1 1 0 1 0 1 0 1 0 0 1 1 1 1 1 1 0 0 0 0 29
1 1 0 1 0 1 1 0 1 0 1 1 1 1 0 0 0 1 1 0 0 1 1 1 0 1 0 1 0 1 1 1 1 1 0 1 1 1 1 0 1 1 1 0 0 0 1 0 0 0 30
1 0 0 1 0 1 0 0 1 0 0 1 1 0 0 0 0 1 1 0 0 1 0 1 0 1 0 0 1 1 1 1 1 1 1 1 0 1 0 0 0 0 1 0 0 1 1 0 1 0 24
1 1 0 1 0 1 1 1 0 0 1 1 1 0 0 0 0 0 1 1 1 0 1 0 1 0 1 1 0 0 1 1 1 0 1 1 0 0 0 0 1 0 1 1 1 1 1 0 1 0 28
1 1 0 1 0 1 0 0 1 1 0 1 0 1 0 1 0 1 1 0 0 1 0 1 0 0 0 1 0 0 0 1 1 0 0 0 1 1 1 1 0 0 1 1 0 1 1 0 0 0 24
1 1 0 1 0 1 1 0 0 1 1 1 0 1 0 1 0 1 1 0 0 0 1 0 0 1 0 1 0 1 1 1 0 0 0 1 0 1 1 0 1 0 1 1 0 0 1 0 1 0 26
1 0 0 1 0 0 1 0 1 1 1 1 1 0 1 1 0 1 0 0 1 0 1 1 0 1 1 1 0 0 1 1 0 0 1 1 1 0 0 0 1 0 1 1 1 1 0 0 0 0 27
0 1 0 1 1 0 1 0 0 1 1 1 0 0 0 0 0 0 1 1 0 1 1 0 0 1 0 1 1 1 1 1 0 0 0 1 1 0 0 1 0 0 1 0 1 0 1 0 0 0 23
1 0 0 1 0 1 1 0 0 0 0 1 0 0 1 1 0 1 1 1 0 0 0 1 1 1 1 0 0 1 1 1 1 0 0 1 1 0 0 0 1 1 1 1 0 1 0 0 0 0 25
1 1 0 1 1 1 1 0 1 1 1 1 1 0 0 0 0 0 1 1 0 0 1 1 0 0 0 1 0 1 1 1 0 1 0 1 0 1 0 0 0 1 1 1 0 1 0 0 0 0 26
1 1 0 1 1 1 0 0 0 1 1 1 1 1 0 1 0 1 1 0 0 0 0 0 0 1 1 1 0 1 1 1 0 1 0 1 1 0 1 0 1 1 1 0 1 1 0 0 0 0 28
0 1 0 1 0 1 1 0 0 0 1 1 1 0 0 0 0 0 1 1 0 1 0 1 0 1 1 1 0 0 1 1 1 1 1 1 0 1 0 0 1 0 1 0 1 0 0 0 0 0 24
1 1 0 1 0 1 1 0 1 1 0 1 1 0 0 0 0 0 1 0 0 0 0 1 0 0 0 0 1 1 1 1 0 0 0 1 0 0 1 0 1 1 1 1 0 0 0 0 0 0 21
0 1 0 0 0 1 1 0 0 0 0 1 0 1 0 0 0 1 1 0 0 1 1 0 0 1 1 1 0 1 1 1 0 0 1 1 1 1 0 0 0 0 1 0 1 1 0 1 0 0 23
0 1 0 1 0 1 1 0 1 0 1 1 1 0 0 1 0 1 1 0 0 1 1 1 0 0 1 0 0 1 1 1 1 0 0 1 0 1 0 0 1 0 1 0 0 0 0 0 0 0 23
1 0 0 1 0 1 1 0 0 1 1 1 1 1 0 1 0 1 1 0 0 0 1 1 0 0 1 0 1 1 1 0 1 0 0 1 1 0 0 0 1 0 1 0 1 1 1 1 0 0 27
1 0 0 1 1 1 1 0 0 1 1 1 0 0 1 1 0 0 1 0 0 0 0 1 0 1 1 1 0 1 1 1 1 1 0 1 1 0 0 0 1 1 1 0 1 1 1 0 0 0 28
1 1 0 1 0 1 1 1 0 1 1 1 1 0 0 0 0 1 1 0 0 0 0 1 1 1 0 1 0 0 1 1 1 1 1 1 0 0 1 0 1 1 1 0 1 0 0 0 0 0 27
1 1 0 1 1 1 1 0 0 1 1 0 1 0 0 0 0 0 1 0 0 0 0 1 1 0 0 1 0 1 1 1 0 0 1 1 0 0 0 0 1 0 1 1 0 1 0 0 1 0 23
1 1 0 1 0 1 1 0 0 0 0 1 1 0 0 0 0 1 1 0 0 1 1 1 1 0 0 1 0 0 1 1 1 0 0 1 0 0 1 1 1 0 1 1 1 0 1 0 1 0 26
1 1 0 1 0 1 1 0 0 1 1 0 0 1 0 1 0 1 1 0 0 0 1 1 0 1 0 1 1 1 1 1 1 0 1 1 0 1 0 0 1 1 0 0 1 0 0 0 0 0 26
1 1 0 1 0 1 1 0 0 1 0 1 1 0 0 1 0 0 1 1 0 0 1 0 1 1 1 1 0 1 1 1 0 0 0 1 0 0 0 0 0 1 1 0 0 1 0 0 1 0 24
1 1 0 1 0 1 1 0 1 1 0 1 0 1 0 1 0 1 1 0 0 0 1 0 0 0 1 1 0 0 1 1 0 0 0 0 1 0 0 0 1 1 1 0 1 0 1 0 0 0 23
1 1 0 1 1 0 1 0 0 1 1 1 1 0 0 0 0 1 1 0 0 0 1 1 0 1 1 0 1 1 1 1 1 1 1 1 0 0 0 0 1 0 1 0 1 0 0 0 0 0 26
1 1 0 1 0 1 1 0 0 1 0 0 1 1 0 0 0 1 1 0 0 0 1 1 0 0 1 0 1 0 1 1 0 1 1 1 1 1 0 0 0 0 1 1 0 0 0 0 1 0 24
0 1 0 1 0 0 0 0 0 1 0 1 1 0 0 1 0 1 1 0 0 0 0 1 0 0 1 1 1 0 1 1 1 0 0 1 0 1 0 0 0 0 1 0 1 1 0 0 0 0 20
1 1 0 1 0 0 1 0 0 0 1 0 1 0 0 1 0 1 1 0 0 0 0 1 0 0 1 1 0 1 1 1 1 0 0 1 0 1 1 0 0 1 1 0 0 0 0 0 1 0 22
0 1 0 1 0 1 1 0 0 0 0 1 1 0 0 1 0 0 1 0 0 0 1 0 0 1 1 0 1 1 1 1 1 1 1 1 1 0 1 1 0 1 1 0 1 0 0 0 1 0 26
1 1 0 1 1 0 1 0 1 1 0 0 0 1 0 1 0 1 1 1 0 1 0 0 0 1 1 1 0 0 1 1 0 1 0 1 1 1 0 0 0 0 1 0 1 0 1 1 0 0 26
1 1 0 1 0 1 1 0 1 0 0 1 1 0 0 0 0 1 1 1 1 0 0 1 0 1 1 1 0 1 1 1 0 1 0 1 1 1 0 0 1 0 1 0 1 1 0 0 0 0 27
1 1 0 0 0 1 1 0 1 0 1 1 1 0 0 0 0 0 1 0 0 0 1 0 0 1 1 0 0 1 1 1 1 0 1 1 1 0 1 1 1 0 1 0 0 0 0 0 0 0 23
1 1 0 1 0 0 1 0 0 1 0 1 1 0 0 1 0 0 1 0 0 0 1 1 0 1 1 0 0 1 0 1 1 1 0 0 1 0 0 0 0 1 1 1 1 1 1 0 0 0 24
1 1 0 1 1 0 1 0 1 1 1 1 0 1 0 1 0 0 0 0 0 1 0 0 1 0 1 0 0 1 1 1 1 0 0 1 0 1 0 0 1 1 1 0 1 1 0 0 1 0 26
1 1 0 0 0 1 1 0 0 1 1 0 0 0 0 0 0 1 1 0 0 0 1 0 0 1 1 1 1 1 1 1 1 0 0 0 1 1 0 0 1 0 1 0 1 0 0 0 0 0 22
1 1 0 1 0 1 1 0 1 1 0 0 1 0 0 1 0 1 1 0 0 1 0 0 0 0 1 1 0 1 1 1 1 0 0 1 0 0 0 0 1 0 1 0 0 0 0 0 0 0 21
1 1 0 1 0 0 1 0 0 1 0 1 1 0 0 0 0 0 1 0 0 1 0 0 0 1 0 0 0 0 1 1 1 0 1 1 1 1 0 0 0 1 1 0 1 1 0 0 0 0 21
0 1 0 1 0 1 1 0 0 1 1 1 1 0 1 1 0 1 1 0 0 0 0 1 1 1 0 1 1 0 1 1 0 1 0 1 1 1 1 0 1 1 1 1 1 0 0 0 0 0 29
1 1 0 1 0 1 1 0 1 0 0 0 1 0 1 1 0 1 1 0 1 0 0 0 1 1 1 0 0 0 0 1 0 0 0 1 1 1 0 0 1 1 1 1 0 0 1 0 0 0 24
1 1 0 1 0 1 1 0 0 1 0 1 0 0 0 1 0 1 1 0 0 0 1 1 1 1 1 1 0 0 1 1 0 1 1 1 0 0 1 0 0 1 1 0 1 0 0 0 1 0 26
0 1 0 1 0 1 1 0 0 1 1 1 1 0 0 1 0 0 1 0 1 0 1 1 0 0 1 1 0 0 1 1 1 1 0 1 0 1 0 0 1 1 1 1 1 0 0 0 1 0 27
1 1 0 1 1 1 1 0 1 1 0 1 1 0 0 0 0 0 1 0 0 1 1 1 1 1 1 1 1 1 1 1 1 0 1 1 1 1 0 0 1 1 1 0 1 1 0 0 0 0 32
1 1 0 1 1 1 1 0 1 1 1 1 1 0 0 0 0 1 1 0 0 0 0 1 0 1 1 1 0 0 0 1 1 1 1 1 1 0 0 0 1 0 1 1 1 0 0 0 0 0 27
1 1 0 1 0 1 0 0 0 1 1 0 0 0 0 0 0 1 1 1 0 0 1 1 0 1 0 1 0 1 1 1 1 0 0 1 1 1 0 0 1 1 0 0 1 0 0 1 0 0 24
0 1 0 1 0 1 1 0 0 1 1 1 1 0 0 1 0 0 1 0 0 1 0 1 0 0 1 0 1 1 1 1 1 0 0 1 0 0 0 0 0 1 1 1 1 1 1 0 0 0 25
1 1 0 1 0 1 1 0 0 1 0 0 1 0 0 1 0 0 1 1 0 0 0 0 0 1 1 1 0 0 1 1 1 1 1 1 0 1 0 0 1 0 1 1 1 0 0 0 0 0 24
1 1 0 1 0 0 1 0 1 1 0 1 0 0 1 1 0 0 1 1 0 0 0 0 1 1 1 1 0 1 1 1 0 0 0 1 1 0 0 0 1 1 1 0 1 1 0 0 1 0 26
1 1 0 1 0 1 1 0 0 1 0 0 1 0 0 1 0 0 1 0 1 0 0 1 0 0 1 1 1 0 1 1 1 0 0 1 0 1 0 0 0 1 0 1 1 0 1 0 1 0 24
1 1 0 1 0 1 1 0 0 0 0 0 1 1 0 1 0 0 1 0 0 1 0 1 0 1 1 0 0 1 1 1 1 0 1 0 0 0 0 0 1 0 1 1 0 0 1 0 0 0 22
1 1 0 1 0 1 1 0 1 1 0 1 0 1 0 1 0 0 1 1 0 1 1 1 1 1 1 1 1 0 1 1 0 1 0 1 1 0 0 0 0 0 1 1 1 0 0 0 1 0 29
1 1 0 1 0 1 1 0 0 1 0 1 0 0 1 0 0 1 1 0 0 1 0 1 0 1 1 1 1 0 1 1 0 0 0 0 0 0 0 0 1 0 1 0 1 1 1 0 0 0 23
1 1 0 1 0 1 1 0 0 1 0 1 1 0 1 0 0 1 1 0 0 0 1 0 0 1 0 1 1 1 1 1 1 0 1 1 1 1 1 0 1 0 1 1 1 0 0 1 0 0 29
1 1 0 1 0 1 1 0 0 1 1 1 1 0 0 0 1 1 1 0 0 0 0 0 0 0 1 1 1 0 1 1 1 1 0 1 1 0 1 0 0 0 0 0 1 0 1 0 0 0 24
1 1 0 1 1 1 1 0 0 1 1 1 0 1 0 1 0 1 1 1 0 0 0 1 1 1 0 1 0 1 1 1 1 0 1 1 0 0 0 0 1 0 0 0 1 0 0 0 1 0 27
1 1 0 1 0 1 1 0 0 1 0 0 1 0 0 1 0 0 1 1 0 1 1 1 1 1 1 0 1 0 1 1 1 1 1 1 0 0 0 1 1 0 1 0 1 1 1 0 0 0 29
1 1 0 1 0 1 1 0 0 1 0 1 0 0 0 0 0 1 1 0 0 0 1 0 1 1 1 0 1 0 1 1 1 0 0 1 0 0 0 0 1 0 1 0 1 1 0 0 0 0 22
1 1 0 0 0 1 1 0 0 1 0 1 0 0 0 0 0 0 1 1 0 0 1 1 0 1 0 1 0 1 1 1 1 1 0 1 1 0 0 0 1 0 1 1 0 1 1 0 0 0 24
1 1 0 0 1 1 1 0 0 0 0 1 1 0 0 1 0 1 1 0 0 1 0 1 0 1 1 0 0 0 1 1 1 1 0 1 1 1 0 0 1 0 1 0 1 1 0 0 0 0 25
1 0 0 1 1 1 1 0 0 1 1 1 1 0 0 1 0 0 1 0 0 0 1 0 0 1 1 0 0 1 1 1 1 1 0 1 1 0 0 0 1 1 1 0 1 0 0 0 1 0 26
1 0 0 1 1 1 1 0 0 1 1 1 1 0 1 1 0 0 1 0 0 0 1 1 1 1 1 0 0 0 1 1 1 0 0 1 1 0 1 0 1 1 1 0 1 0 1 0 0 0 28
1 1 0 1 0 1 1 0 0 1 0 1 1 0 0 0 0 0 1 1 0 0 0 1 0 1 0 1 1 0 1 0 1 1 0 1 1 1 0 0 1 1 1 0 1 0 1 0 0 0 25
1 1 1 1 0 0 1 0 0 1 0 1 1 0 0 0 0 0 1 0 0 0 0 1 1 1 0 1 0 1 1 1 1 1 0 1 1 1 1 0 1 1 1 1 1 1 1 0 1 0 30
1 0 0 1 0 1 1 0 1 1 1 1 1 0 0 0 0 1 1 0 1 0 0 0 0 1 1 0 0 1 1 1 0 0 0 1 0 1 1 0 0 0 1 0 1 0 1 1 0 0 24
1 1 0 1 0 0 1 0 1 1 1 1 0 1 0 1 0 0 1 1 0 0 1 0 1 1 1 0 1 0 1 1 0 0 0 1 0 0 1 0 1 0 1 0 1 0 1 0 0 0 25
1 1 0 1 0 1 1 0 0 1 1 0 0 0 0 1 1 1 1 1 0 1 1 1 0 1 1 0 0 1 1 1 0 0 0 1 1 0 0 0 1 0 1 0 1 0 0 0 1 0 26
1 1 0 1 0 1 1 0 1 1 0 1 1 0 1 0 0 1 1 1 1 0 1 1 1 1 1 1 0 0 1 1 1 0 0 1 1 1 0 0 1 1 1 0 0 1 1 1 0 1 33
1 1 0 1 0 1 1 0 0 0 1 1 1 1 0 0 0 0 1 1 0 0 1 1 0 1 1 1 0 1 1 1 1 1 1 1 1 1 0 0 0 0 1 0 1 1 1 1 0 0 30
1 0 0 1 0 0 1 0 0 1 1 1 1 0 1 0 0 0 1 0 0 0 1 1 1 1 1 1 0 0 1 1 1 0 1 1 0 1 1 0 1 1 1 0 0 1 0 1 0 1 28
1 1 0 1 0 1 1 0 0 1 1 1 1 0 0 0 0 1 1 1 1 0 1 1 0 1 1 1 1 0 1 1 0 0 0 1 1 0 1 0 1 0 1 1 0 0 1 0 0 0 28
1 1 0 1 0 1 1 0 0 1 1 1 0 1 0 0 0 0 1 1 0 0 1 0 1 0 1 1 1 1 1 1 0 1 0 1 1 0 0 1 1 0 1 0 1 0 0 0 0 0 26
1 1 0 1 0 0 0 0 0 0 0 0 1 0 0 1 1 0 1 0 0 0 0 1 0 1 0 0 0 0 1 1 1 0 0 1 1 0 0 1 1 1 1 1 1 1 1 0 0 0 22
1 1 0 1 0 0 1 0 0 0 1 1 0 0 1 1 0 0 1 0 1 0 0 1 0 1 1 1 0 1 0 1 0 1 1 1 1 0 1 0 1 1 1 0 1 1 0 0 0 0 26
1 1 0 1 0 1 0 0 0 1 0 1 1 0 0 1 0 1 0 0 0 1 1 0 0 1 1 1 1 1 0 1 1 0 1 1 1 0 0 0 0 1 1 0 1 1 1 0 0 0 26
1 1 1 1 0 1 1 0 1 1 1 1 1 0 0 1 0 0 1 0 0 0 1 0 0 0 1 0 1 1 1 1 1 0 1 1 1 0 1 0 1 0 1 1 0 1 1 0 0 0 29
1 1 0 0 0 0 1 0 0 1 1 1 1 0 0 0 1 0 1 0 0 0 1 1 0 1 1 0 0 1 0 1 1 0 1 1 0 1 0 0 1 0 1 0 0 0 0 0 0 1 22
1 1 0 1 0 0 1 0 0 1 0 1 1 0 1 0 0 1 1 0 0 0 0 1 0 1 1 1 1 0 1 1 1 1 0 1 1 0 0 0 1 0 1 0 1 1 0 1 0 0 26
1 1 0 1 0 1 1 0 1 1 1 0 1 0 0 1 0 0 0 0 0 1 0 1 0 1 1 1 0 0 1 1 0 1 1 1 1 0 0 0 1 0 1 0 0 1 1 0 1 0 26
1 1 0 0 0 1 1 0 0 1 1 0 1 1 0 0 0 1 1 0 0 1 0 1 0 1 1 1 0 0 1 1 1 0 0 1 1 1 0 0 1 1 1 0 1 1 0 0 0 0 26
1 1 0 1 1 1 1 0 1 1 1 1 1 0 0 1 0 0 1 0 0 0 1 1 0 1 1 1 1 1 1 1 1 0 1 1 1 0 1 0 0 0 1 0 1 0 1 0 0 1 31
1 1 0 1 0 0 1 1 0 1 1 1 1 0 0 0 0 1 1 0 0 0 1 1 0 1 1 1 1 0 1 1 0 0 0 1 1 1 0 0 1 0 1 0 1 0 0 0 1 0 26
1 1 0 1 0 1 1 0 1 1 0 1 1 0 0 0 0 1 1 0 0 0 0 1 0 1 1 1 0 1 1 1 1 1 0 1 1 1 0 0 1 1 1 0 0 1 0 1 0 0 28
1 1 0 1 0 0 1 0 0 1 0 1 1 0 1 1 0 0 1 0 1 0 0 1 1 1 1 1 0 1 0 1 0 1 1 1 1 1 1 0 0 1 1 0 0 0 1 1 0 0 28
0 1 0 1 1 1 1 0 0 1 0 1 1 0 0 0 0 0 1 1 0 0 0 1 0 1 1 1 0 1 1 1 1 0 1 1 0 1 0 0 1 0 1 0 0 0 1 0 0 0 24
1 1 0 0 1 1 1 0 1 0 0 1 1 0 0 0 0 1 0 1 0 1 0 1 0 1 1 1 0 1 1 1 1 1 0 1 1 1 0 0 1 0 1 0 0 0 0 0 1 0 26
1 1 0 1 0 1 1 0 0 1 0 1 1 0 1 0 0 0 1 1 0 0 1 0 1 1 1 1 1 0 1 1 1 0 0 1 0 0 0 0 0 1 1 0 1 0 1 0 0 0 25
1 1 0 0 0 0 1 0 1 1 1 1 1 1 1 1 0 0 1 0 0 1 0 1 0 1 1 0 1 0 1 1 1 1 1 1 0 0 0 0 1 0 1 0 0 1 0 0 1 0 27
1 1 0 1 0 1 1 0 0 1 0 1 0 0 0 0 0 1 1 0 0 0 0 0 0 1 1 0 0 0 1 1 0 0 0 1 1 0 0 0 1 1 1 0 1 1 0 0 0 0 20
1 1 0 1 0 1 1 0 0 1 0 1 1 0 0 1 0 1 1 0 0 1 1 1 0 1 1 1 0 0 0 1 0 1 1 1 0 0 0 0 0 0 1 0 0 1 0 1 0 0 24
1 1 0 1 0 1 1 0 0 1 0 1 0 1 0 0 0 1 1 0 1 0 0 0 1 1 1 0 0 1 1 1 0 0 0 1 1 0 0 0 1 0 1 0 0 0 1 0 0 0 22
0 1 0 1 0 0 1 0 0 1 0 1 0 1 0 1 0 1 1 0 1 0 0 1 0 1 1 1 0 0 1 1 1 0 1 1 1 0 0 0 1 1 1 0 0 1 0 0 0 0 24
1 1 0 1 1 1 1 0 0 1 0 1 1 0 0 0 0 0 1 1 0 0 1 1 0 0 0 0 0 1 1 1 1 0 1 1 0 0 0 0 1 0 1 0 1 1 0 1 0 0 24
0 0 0 1 0 1 1 0 0 1 0 1 0 0 0 1 1 1 1 1 0 0 0 1 0 1 1 1 0 1 1 1 1 0 1 1 0 0 1 0 1 1 1 0 0 0 0 0 0 0 24
1 1 0 1 0 1 1 0 0 1 1 1 0 0 0 1 0 1 1 1 0 1 0 0 0 1 1 1 0 0 1 1 1 1 1 1 1 1 0 1 1 0 1 1 1 1 1 0 0 0 31
1 1 0 1 0 1 1 0 0 1 0 1 1 0 0 0 0 1 0 1 0 0 0 1 0 0 1 1 0 0 0 1 1 0 0 0 1 0 0 0 1 0 1 0 1 0 1 0 1 0 21
1 1 0 1 1 1 1 0 0 1 0 1 0 0 0 1 0 0 1 0 0 1 0 0 0 1 0 1 1 1 1 1 0 1 0 1 0 1 0 0 0 1 1 0 1 1 1 0 0 0 25
1 1 0 1 0 0 0 0 1 0 0 1 1 0 1 1 0 0 1 1 0 0 0 1 0 1 1 1 0 0 1 1 1 0 0 1 1 1 1 0 1 1 1 1 1 1 0 0 0 0 27
1 1 0 1 0 0 1 0 0 1 1 1 0 0 0 1 0 0 1 1 0 0 1 1 0 1 1 1 0 0 1 1 1 0 0 1 1 0 0 0 0 1 1 1 1 1 1 0 0 0 26
1 1 0 1 0 1 1 0 0 1 1 1 0 0 0 0 0 0 1 0 0 0 0 0 1 1 1 0 0 1 1 1 1 1 0 1 1 1 1 0 1 0 1 1 0 0 1 0 0 0 25
1 1 0 1 0 0 1 0 0 1 1 1 0 0 0 1 0 0 1 0 0 1 0 1 0 0 1 0 1 0 1 1 1 0 1 1 0 0 0 0 1 0 1 0 1 1 1 0 0 0 23
1 1 0 1 0 1 1 0 0 1 0 1 1 0 0 1 0 1 1 0 0 1 1 1 0 1 1 0 0 0 1 1 1 1 0 1 1 1 0 0 1 1 0 1 1 0 1 0 0 0 28
1 1 0 0 0 1 1 0 1 0 1 1 0 0 0 0 0 1 1 0 0 1 1 0 0 1 0 1 0 1 1 1 1 0 0 1 0 0 1 0 0 1 1 0 0 1 1 0 0 0 23
0 1 0 1 1 1 1 0 0 1 1 1 1 0 0 1 0 0 1 1 0 0 0 1 0 1 1 1 0 0 1 1 0 1 0 1 0 1 1 0 1 0 1 0 1 0 1 0 0 0 26
1 1 0 1 1 1 1 0 0 1 1 0 1 0 0 1 0 1 1 0 0 0 0 1 0 0 1 0 0 0 1 1 1 0 1 1 1 0 0 0 0 1 1 0 0 1 0 0 0 0 23
0 1 0 0 0 0 1 0 0 1 0 1 1 1 0 0 0 1 0 0 1 0 1 1 0 1 0 0 1 1 1 1 1 0 0 1 1 1 0 0 1 1 1 1 1 0 0 0 0 0 24
1 1 0 1 0 0 1 0 0 0 1 1 0 0 0 1 0 0 1 0 0 0 1 1 0 0 0 1 0 1 1 0 0 0 0 0 1 0 1 0 1 0 1 1 1 0 1 0 0 0 20
1 1 0 1 0 0 1 0 0 0 0 1 1 0 0 1 0 1 1 0 0 0 1 0 0 0 0 1 0 1 1 1 0 0 1 1 0 1 0 0 1 0 1 0 1 0 0 0 1 0 21
1 1 0 1 0 0 1 0 0 1 0 1 1 1 0 0 0 0 1 0 1 0 1 0 1 1 1 1 0 1 0 1 1 1 0 1 1 1 0 0 1 1 1 0 0 0 1 1 0 0 27
1 1 0 1 0 1 1 0 0 0 0 1 1 0 0 0 0 0 1 0 0 0 1 1 0 1 1 1 1 0 1 1 0 1 1 1 0 0 1 0 1 1 1 0 1 0 0 0 0 0 24
1 1 0 1 0 1 0 0 0 1 0 1 0 0 1 1 0 0 1 0 0 0 0 1 0 1 0 0 0 1 1 1 1 0 0 1 1 0 0 0 1 1 1 1 0 0 1 0 0 0 22
1 1 0 1 1 1 1 0 0 1 1 1 1 0 0 0 0 1 1 1 0 1 0 1 1 0 1 0 0 0 1 1 1 0 1 1 1 1 0 1 1 1 1 1 0 0 0 0 0 0 29
1 1 0 1 0 1 1 0 0 1 1 1 1 0 0 0 0 1 1 0 0 1 0 1 0 1 1 0 0 0 0 1 1 0 0 0 1 1 0 0 1 0 1 0 1 0 0 1 0 0 23
1 1 0 1 0 0 1 0 0 0 0 1 1 0 0 0 0 0 1 0 0 1 0 0 0 1 1 1 0 1 1 1 1 0 1 1 0 0 0 0 1 1 1 1 1 0 1 0 0 0 23
1 1 0 1 0 1 1 0 0 1 1 1 1 0 0 0 0 1 1 0 0 1 1 1 0 0 0 1 1 0 1 1 1 1 0 1 0 0 0 0 1 0 1 0 1 1 1 1 0 0 27
0 0 0 1 0 1 1 0 0 1 1 1 0 1 0 0 1 0 1 0 0 0 1 1 0 1 1 1 0 0 1 1 1 1 0 1 1 0 1 0 1 0 1 0 1 0 0 0 0 0 24
1 1 0 1 0 1 1 0 0 1 1 1 1 0 0 0 0 0 1 0 0 1 1 0 0 1 1 0 0 0 1 1 1 1 1 1 0 0 1 0 1 1 1 0 1 0 0 0 0 0 25
1 1 0 1 0 0 1 0 0 1 1 1 1 1 0 0 0 0 1 1 1 1 1 1 0 1 1 1 0 0 1 1 0 0 0 1 1 1 0 1 1 0 1 1 0 0 0 0 0 0 27
1 1 0 1 0 0 1 0 0 1 0 0 1 0 0 0 0 0 1 1 0 1 1 0 0 0 1 0 1 1 1 1 1 0 1 0 0 0 0 0 1 1 1 0 1 1 1 0 0 0 23
1 1 0 1 0 0 1 0 0 1 1 1 1 0 0 0 0 0 1 0 0 1 0 0 1 1 1 1 0 0 1 1 1 0 0 1 1 0 0 0 1 0 1 0 0 0 1 0 0 0 22
0 1 0 1 0 1 1 0 1 0 1 1 0 0 1 0 0 0 1 0 0 0 0 1 0 1 1 1 0 0 1 1 1 1 1 0 0 0 0 0 1 0 1 0 1 0 1 0 0 0 22
0 0 0 1 0 1 1 0 0 1 0 1 1 0 0 1 0 1 1 0 0 1 0 0 0 1 1 1 0 0 1 1 0 1 1 1 1 1 1 0 1 0 1 1 1 0 0 0 0 0 25
1 1 0 1 0 1 1 0 0 1 0 0 1 1 0 1 0 0 1 0 0 1 1 0 0 0 1 1 1 1 1 1 1 0 0 1 1 1 0 0 1 0 1 1 1 0 0 0 0 0 26
1 1 0 1 0 0 1 0 0 1 1 1 1 0 0 1 0 1 1 0 0 1 1 1 0 0 1 1 0 0 1 1 0 0 1 1 1 1 0 0 1 1 1 0 0 1 1 0 0 0 27
1 1 1 1 0 1 1 0 1 1 0 1 0 0 0 1 0 0 1 0 0 0 1 0 1 1 1 0 1 0 0 1 1 0 1 0 1 0 0 1 1 0 1 0 0 0 1 0 1 0 25
1 1 0 1 0 1 1 0 0 0 0 1 0 0 0 1 0 0 1 1 0 1 1 0 1 1 0 1 0 0 1 1 1 1 0 1 0 1 0 0 1 0 1 1 1 0 1 0 0 0 25
1 0 0 1 0 1 1 0 0 1 1 0 1 1 0 0 0 1 1 0 0 0 1 1 0 1 1 0 1 0 0 1 1 1 0 0 0 1 1 0 0 0 1 0 1 1 1 0 0 0 24
1 1 0 1 0 1 1 0 0 1 0 1 1 0 0 1 0 0 1 0 0 0 1 0 0 1 1 0 1 0 1 1 1 1 0 1 1 0 0 0 0 0 1 1 1 0 0 0 0 0 23
1 1 0 1 0 1 1 0 0 1 0 1 1 0 0 1 0 0 1 0 1 0 0 1 1 1 1 0 1 0 1 1 0 1 0 1 1 0 0 0 1 0 1 0 0 0 1 1 0 0 25
1 1 0 1 0 0 1 0 0 1 1 1 1 0 0 1 0 0 1 0 0 0 1 1 0 1 1 1 0 1 1 1 1 0 0 1 1 1 0 0 1 1 1 0 0 0 0 0 0 0 25
0 0 0 1 1 0 1 0 0 1 1 1 0 0 0 1 0 1 1 1 0 0 0 1 0 1 0 1 0 1 1 1 0 0 0 1 1 1 0 0 1 1 1 0 1 0 1 0 1 0 25
1 1 0 1 1 1 1 0 1 0 0 1 1 0 0 0 0 1 1 0 0 0 1 0 0 1 1 0 0 1 1 1 1 1 0 1 0 0 0 0 1 1 1 0 0 0 0 0 1 0 24
1 1 0 1 0 1 1 0 0 0 0 1 0 0 0 0 0 0 1 0 0 0 1 1 1 0 1 0 0 1 1 1 1 1 1 1 0 1 0 0 1 0 1 0 1 1 1 0 0 0 24
1 0 0 1 0 1 1 0 1 0 0 1 0 0 0 0 0 1 1 0 0 0 0 0 0 1 1 1 0 1 1 1 0 0 0 1 1 0 1 0 1 1 1 0 0 0 0 0 0 0 20
1 0 0 1 0 0 1 0 1 1 1 1 1 0 0 0 0 0 1 0 0 0 1 0 0 1 1 1 1 0 0 1 1 0 0 1 1 1 1 0 1 1 1 0 0 1 1 1 0 0 26
1 1 0 1 0 1 1 0 0 1 0 1 1 0 0 0 0 1 1 0 0 1 1 0 0 1 1 1 1 1 1 1 1 0 1 0 1 1 1 0 1 0 1 0 1 0 1 0 0 0 28
0 1 0 1 0 0 1 0 0 1 1 1 0 0 0 1 0 1 0 1 1 0 0 0 1 0 1 0 1 1 1 1 1 1 0 1 0 0 0 0 1 1 1 0 1 1 1 0 0 0 25
1 1 0 1 1 0 1 0 0 1 1 0 1 0 0 1 0 1 1 0 0 0 0 1 1 1 1 0 0 0 1 1 1 0 1 0 1 1 1 0 1 1 1 0 1 0 1 0 1 1 29
0 1 0 1 0 1 1 0 0 1 0 1 0 0 0 1 1 1 1 0 0 1 1 1 0 1 0 1 0 0 1 1 0 0 1 0 0 0 1 0 1 0 1 0 1 0 1 0 1 0 24
1 1 0 1 0 0 1 0 0 0 0 1 1 0 0 0 0 1 1 0 0 0 1 0 0 1 1 0 0 1 1 1 1 1 0 1 0 1 0 0 1 0 1 1 1 0 1 0 0 0 23
1 1 0 0 0 1 1 0 0 1 1 1 0 0 0 0 0 1 1 0 0 0 0 1 1 1 1 0 0 0 1 1 1 0 0 1 0 0 0 0 1 1 1 0 0 0 0 1 0 0 21
1 1 0 1 0 0 1 0 0 1 0 1 0 1 0 0 0 1 1 1 0 1 0 1 0 1 1 1 0 1 1 1 1 1 0 0 1 0 0 0 1 0 1 0 0 0 1 0 0 0 24
1 1 0 1 0 0 1 0 0 1 1 0 1 0 0 1 0 0 1 0 0 0 1 1 1 1 1 1 0 0 1 1 1 0 0 1 1 1 1 0 0 0 1 0 1 0 1 0 0 0 25
1 1 0 0 0 1 0 0 0 1 0 1 1 1 0 0 0 1 1 0 0 0 0 1 0 1 1 0 0 0 1 1 0 1 0 1 0 1 0 0 1 1 1 1 0 1 0 0 0 0 22
1 1 0 1 0 1 1 0 0 0 0 1 0 0 0 1 0 0 1 0 0 0 1 0 0 1 1 1 1 1 1 1 0 1 1 1 1 1 0 0 1 1 1 0 0 0 0 0 0 0 24
1 1 0 1 1 0 1 0 1 1 1 1 1 0 0 1 0 0 1 1 1 0 0 0 0 1 1 0 1 1 0 1 1 0 0 1 0 0 1 0 0 0 1 1 0 1 0 0 0 0 25
1 1 0 1 0 0 1 0 1 1 0 1 1 0 0 1 0 1 1 0 0 0 0 0 1 1 1 1 0 1 1 1 1 0 1 1 1 0 0 0 1 0 1 0 1 0 1 0 0 0 26
1 1 0 1 0 1 1 0 0 1 0 1 1 0 0 0 0 0 1 0 0 1 0 0 0 1 1 0 0 0 1 1 1 1 0 1 0 0 0 0 1 1 1 0 1 0 1 0 1 0 23
1 1 0 0 1 0 1 0 1 0 0 1 1 0 0 1 0 0 0 0 0 1 0 0 1 1 1 1 0 0 1 1 0 0 1 1 0 0 1 0 0 1 1 0 0 0 1 0 0 0 21
1 1 0 1 0 1 1 0 0 1 1 1 1 0 0 1 0 1 1 1 0 0 0 1 1 0 0 0 0 1 1 1 1 0 0 1 1 0 1 1 1 0 1 0 0 0 1 0 0 0 26
1 1 0 1 0 1 1 0 0 1 0 1 0 1 0 1 0 0 1 0 0 0 1 1 0 1 1 1 0 0 1 1 0 0 0 1 0 1 0 0 1 0 1 1 0 1 0 0 0 0 23
1 1 0 1 0 1 1 0 0 1 1 0 1 0 0 1 0 0 1 0 0 0 1 0 0 0 1 1 1 1 1 1 1 0 1 0 0 0 0 0 1 0 1 0 1 0 1 0 0 0 23
1 1 0 1 0 1 1 0 0 1 0 1 0 0 0 1 0 0 1 0 0 0 1 0 0 1 1 1 0 1 1 1 1 0 0 1 1 1 0 0 1 1 1 0 1 0 1 0 0 0 25
1 1 0 0 0 1 1 0 0 0 0 1 0 0 0 0 0 1 1 0 0 1 0 1 0 0 1 1 1 1 1 1 0 0 1 1 0 0 0 0 1 1 1 0 0 1 0 1 0 0 22
1 1 0 1 0 1 1 0 0 0 0 1 1 0 0 1 0 1 1 0 0 1 1 1 0 1 1 1 0 1 0 1 1 1 0 1 1 0 0 0 1 0 1 1 1 0 0 0 0 0 26
1 1 0 1 0 1 1 0 0 1 0 1 1 0 0 1 0 1 1 1 0 1 0 1 0 1 1 0 1 0 1 1 1 0 0 1 0 0 1 0 0 0 1 0 0 1 1 0 0 0 25
1 1 0 1 0 1 1 0 1 1 0 1 1 0 0 1 0 0 1 0 0 1 0 1 0 1 1 1 0 1 1 1 1 1 0 1 1 0 0 0 1 0 1 0 0 0 1 0 0 0 26
1 1 0 1 1 1 1 0 1 1 1 1 1 1 0 0 0 0 1 0 0 0 0 1 0 0 1 1 0 0 1 1 0 0 1 1 0 1 0 0 1 1 1 0 0 1 0 0 0 0 25
1 1 0 1 0 0 1 0 0 1 0 0 1 0 0 1 0 1 1 0 1 1 0 0 1 1 1 1 0 0 1 1 1 1 0 1 0 0 0 0 1 1 1 0 0 0 1 0 0 0 24
1 1 0 1 0 1 0 0 0 1 0 1 0 0 0 1 0 0 1 1 0 0 0 1 0 0 1 1 1 0 1 1 1 0 0 1 0 1 0 1 1 1 1 0 0 0 1 0 0 0 23
1 1 0 1 0 1 1 0 0 1 0 1 1 0 0 1 0 1 1 1 0 0 0 1 0 1 0 1 0 0 1 1 1 0 1 1 0 1 0 0 1 1 1 0 0 0 1 0 0 0 25
1 1 0 1 0 0 1 0 0 1 1 0 1 0 0 1 0 0 1 0 0 1 1 0 1 1 1 1 0 1 1 1 1 0 0 1 1 0 0 0 1 0 1 1 0 0 0 0 1 0 25
1 1 0 1 0 1 1 0 0 0 1 1 1 0 0 0 0 1 1 0 0 1 0 0 0 0 1 1 0 0 1 1 1 1 0 1 0 0 0 1 1 0 1 1 1 1 0 0 0 0 24
1 1 0 1 1 1 1 0 0 1 0 1 1 1 0 0 0 0 1 1 0 0 0 1 0 0 1 0 1 1 1 1 1 0 1 1 0 1 1 0 1 0 1 1 0 0 0 0 1 0 27
1 1 0 1 0 1 1 0 0 1 0 1 1 0 0 1 0 1 1 0 1 0 1 0 0 1 1 1 1 1 1 1 0 0 1 1 1 1 0 0 1 1 1 1 1 0 0 0 0 0 29
1 1 0 1 1 1 1 0 0 0 1 1 0 0 0 1 1 1 1 1 0 0 1 1 0 1 1 1 1 0 1 1 0 0 1 1 1 1 0 0 1 0 1 0 1 0 0 0 0 0 28
1 1 0 1 0 1 1 0 0 1 0 1 1 0 0 0 0 0 1 0 0 1 1 1 1 1 1 1 0 0 1 1 1 1 1 1 1 1 0 0 1 1 1 0 1 1 0 0 0 0 29
1 1 0 1 0 1 1 0 0 1 1 1 1 0 0 0 0 0 1 0 1 0 1 1 1 1 0 0 0 0 1 1 1 1 0 1 1 0 1 0 1 0 0 0 0 1 1 0 0 0 25
1 1 0 1 0 1 1 0 0 1 0 1 0 0 0 1 0 1 1 0 1 0 1 1 0 1 1 1 1 0 1 1 0 0 0 0 1 1 0 1 1 0 1 0 1 1 1 0 0 1 28
1 1 0 1 0 1 1 0 1 1 0 1 1 0 0 1 0 1 1 0 0 0 1 0 1 0 0 1 0 1 1 1 1 1 0 1 0 0 0 1 1 1 0 0 0 0 1 1 0 0 26
1 1 0 1 0 1 1 0 0 0 0 1 1 0 0 0 0 1 0 0 0 0 1 1 0 1 1 0 0 0 1 1 1 0 0 1 0 0 0 0 1 0 1 0 0 1 0 0 0 0 19
1 1 0 0 1 1 1 0 0 0 1 1 1 0 0 0 0 1 1 0 0 0 0 1 0 1 1 1 0 1 0 1 1 0 0 1 1 1 0 0 1 0 1 0 1 1 1 0 0 0 25
1 1 1 1 1 1 1 0 1 1 0 1 1 0 1 1 0 0 1 0 0 0 1 0 0 1 1 0 1 0 1 1 1 1 1 0 0 0 0 0 0 0 1 0 1 1 0 0 1 0 27
1 1 0 1 0 1 1 0 0 0 0 1 1 0 0 1 0 1 1 0 0 0 1 1 1 0 1 1 0 0 1 1 1 0 1 0 0 1 0 1 1 1 1 1 1 0 1 0 0 0 27
1 1 0 1 1 0 1 0 1 1 0 1 1 0 0 1 0 1 1 0 0 1 0 1 0 1 1 1 0 1 1 1 1 1 0 1 0 0 1 0 1 0 1 0 0 1 1 0 0 0 28
0 1 0 1 0 0 0 0 0 1 0 1 1 0 0 1 0 0 1 0 0 0 0 0 0 1 1 0 1 0 1 1 0 0 0 1 1 0 1 0 1 1 1 0 1 0 0 0 0 0 19
1 1 0 1 0 1 0 0 0 0 0 1 0 0 0 0 0 0 1 0 0 0 1 1 0 0 1 0 1 1 1 1 1 0 0 0 0 0 1 0 1 1 1 0 0 0 0 0 0 0 18
1 1 0 0 0 1 1 0 1 0 1 1 1 0 0 1 0 1 1 0 1 0 1 0 0 1 1 0 0 0 1 1 0 0 1 1 0 0 0 0 0 0 1 0 1 0 1 0 0 0 22
1 0 0 0 0 0 0 0 0 1 0 1 1 0 0 1 0 0 1 0 0 0 0 1 1 0 1 1 0 0 1 1 1 0 1 1 0 0 0 0 1 1 1 0 1 0 0 0 0 0 19
1 1 0 1 0 1 1 0 1 0 0 1 1 0 0 1 0 0 1 0 0 0 0 0 0 1 1 1 0 1 1 1 1 1 1 1 0 0 0 0 1 0 1 0 0 0 0 0 0 0 22
1 1 0 0 0 0 1 0 0 0 0 1 0 0 0 0 0 1 0 0 0 1 1 1 0 1 0 0 1 1 1 1 1 0 0 0 0 1 0 0 0 1 1 0 0 0 1 1 0 0 19
1 1 0 1 0 1 1 0 0 0 1 1 1 0 0 1 0 0 1 0 0 0 1 0 1 1 1 1 1 0 1 1 1 0 0 1 1 1 0 0 1 1 1 0 0 0 1 0 0 0 26
1 1 0 1 1 1 1 0 0 1 1 1 1 0 1 0 0 1 1 0 0 0 1 0 1 0 1 1 0 0 1 1 1 0 1 1 1 0 1 1 0 1 1 0 0 0 1 0 0 0 28
1 1 0 1 0 0 1 0 0 1 1 1 1 0 1 0 0 0 1 0 0 0 1 1 0 0 1 1 0 1 1 1 0 0 0 0 0 0 0 0 0 0 1 1 1 1 0 0 1 0 22
1 1 0 1 0 1 1 0 0 0 0 1 1 0 0 1 1 1 1 1 0 0 0 0 0 0 0 1 0 1 1 1 0 1 0 1 1 0 0 0 0 0 1 0 1 1 0 1 0 0 23
1 0 0 1 0 0 1 0 1 0 0 1 0 0 0 0 0 0 1 0 0 0 0 0 0 1 1 1 0 1 1 1 1 1 1 0 1 1 1 0 1 1 1 0 1 0 1 0 0 1 24
1 1 0 0 0 1 1 0 0 1 0 1 1 0 1 0 0 0 1 1 0 0 0 1 0 1 1 1 1 1 1 1 0 0 0 1 1 1 0 0 0 1 1 0 1 1 0 1 1 0 27
1 1 1 1 0 1 1 0 0 1 1 1 1 0 0 0 0 0 1 0 0 0 1 0 0 0 1 1 0 1 1 1 1 0 0 1 0 1 0 0 1 1 1 0 0 0 1 0 0 0 24
0 1 0 1 0 1 1 0 0 1 1 1 1 0 0 0 0 1 1 0 0 0 1 1 0 0 1 0 0 0 1 1 1 0 0 1 0 1 0 0 1 1 1 0 1 0 0 0 0 0 22
1 0 0 1 0 0 1 0 0 1 1 1 1 0 0 0 1 1 1 0 1 0 1 0 0 1 0 0 0 0 1 1 1 0 1 1 1 0 1 0 1 1 1 0 1 0 0 0 0 0 24
1 1 0 1 0 1 0 0 0 0 1 1 0 1 1 0 1 0 1 0 0 0 0 0 1 1 0 1 1 1 1 1 1 0 0 1 1 1 0 0 1 1 1 0 1 0 1 0 0 0 26
1 1 1 1 0 1 0 0 0 0 0 0 0 0 0 0 0 0 1 0 0 0 0 0 1 1 1 1 1 0 1 1 1 0 0 1 1 0 1 0 0 0 1 0 0 0 0 0 0 0 18
1 0 0 1 1 0 1 0 0 1 1 1 0 0 0 0 0 1 1 1 0 0 1 0 0 0 0 1 0 0 1 1 1 0 0 1 0 0 1 0 1 1 1 0 1 0 1 1 0 0 23
1 1 0 1 0 0 1 0 0 0 1 1 1 1 0 1 0 1 1 0 0 1 0 1 0 0 0 1 1 0 0 1 1 0 1 1 0 1 0 0 0 1 1 0 0 0 1 0 0 0 23
1 1 0 1 0 1 1 0 0 0 0 1 1 1 0 1 0 0 1 1 0 0 0 1 1 1 1 1 0 0 1 1 1 0 0 1 1 1 1 0 1 0 1 0 1 0 0 0 0 0 26
1 1 0 1 1 1 1 0 0 1 1 0 1 0 0 0 0 0 0 1 0 0 1 1 1 1 0 0 1 0 1 1 1 1 0 1 0 1 1 0 1 0 1 0 1 0 1 0 0 0 26
1 1 0 1 0 1 1 1 0 1 0 0 1 0 1 0 0 0 1 0 0 1 1 1 0 1 1 1 0 0 0 1 0 0 0 1 1 1 0 0 1 0 1 1 0 1 0 0 0 0 24
1 1 0 1 0 1 1 0 0 1 0 1 1 0 1 0 0 1 1 0 0 0 0 1 1 1 0 0 1 1 1 1 1 0 1 1 1 0 0 0 1 0 1 0 1 1 1 0 0 0 27
0 1 0 1 0 1 1 0 0 1 1 0 1 0 0 1 0 1 1 0 0 0 0 1 0 0 1 1 0 0 1 1 1 1 1 1 1 1 0 0 0 1 1 0 0 0 0 0 0 0 23
1 1 0 1 0 1 1 0 0 1 0 1 0 0 0 1 0 1 1 0 0 1 0 1 0 1 1 1 1 0 1 1 1 1 1 1 0 0 0 1 0 0 1 0 1 0 0 0 0 0 25
1 1 0 0 1 1 1 0 0 1 0 1 1 0 0 0 1 1 1 0 0 0 0 0 1 0 0 1 0 1 1 1 0 1 0 1 1 0 1 0 1 1 1 1 0 0 1 0 0 0 25
1 0 0 1 0 1 1 0 0 0 1 1 1 0 1 1 0 1 1 1 0 1 1 0 1 1 1 0 0 1 1 1 0 0 0 0 0 0 0 1 1 0 1 0 1 0 0 0 0 0 24
1 1 0 1 0 1 1 0 0 1 1 1 0 1 0 1 0 1 0 0 0 1 0 0 0 1 1 1 1 1 1 1 1 0 1 1 0 1 0 0 1 0 1 1 1 0 1 0 0 0 28
1 1 0 1 1 1 1 0 0 0 1 1 1 1 0 1 0 1 1 1 0 0 1 0 0 1 1 0 0 1 1 1 1 1 0 1 0 0 0 0 1 0 1 0 1 0 1 0 0 1 28
1 1 0 1 0 1 0 0 0 1 0 1 1 0 1 0 0 1 1 1 0 0 1 1 1 0 0 1 0 0 1 1 1 0 0 0 1 0 0 0 1 1 1 1 0 0 1 1 1 0 26
1 1 0 1 0 1 1 0 0 0 0 1 1 0 0 1 1 0 1 0 0 1 0 0 0 1 1 0 0 1 1 1 0 0 1 0 1 1 1 0 1 0 0 0 1 0 1 0 0 0 23
0 0 0 1 1 1 1 0 0 1 0 1 1 0 0 0 0 0 1 1 1 1 1 0 0 1 1 0 1 0 1 1 1 1 0 1 0 1 0 0 1 1 1 0 1 0 1 0 1 0 27
1 1 0 1 0 1 1 0 0 1 0 1 0 0 0 0 0 0 1 1 0 0 0 0 0 1 1 1 0 1 1 1 0 1 0 1 0 0 0 0 1 1 1 0 0 0 1 0 0 0 21
0 1 0 1 0 1 1 0 0 0 1 1 0 0 1 1 0 0 1 1 0 0 1 0 0 1 1 1 0 1 1 1 1 1 0 1 1 1 1 0 0 1 1 1 0 0 0 0 1 0 27
0 1 0 1 0 1 1 1 0 1 1 1 1 1 0 1 0 0 1 1 0 0 1 0 0 1 0 1 1 0 1 1 1 1 1 0 1 0 1 0 1 0 0 0 0 0 1 0 0 0 26
1 1 0 1 0 1 1 0 0 1 0 1 1 0 0 1 0 1 1 1 0 1 0 1 1 1 1 0 0 0 1 1 1 0 0 1 0 0 1 0 1 0 1 0 1 0 0 0 0 0 25
1 1 0 1 0 1 1 0 0 1 1 1 1 0 0 0 0 0 0 0 1 1 0 1 1 1 0 1 0 1 1 1 1 0 0 1 0 1 0 0 1 0 1 0 0 0 1 0 1 0 25
1 1 0 1 1 0 1 0 0 0 0 1 1 0 0 1 0 1 1 1 0 0 1 1 1 1 1 1 1 0 1 1 1 1 1 1 0 1 0 0 1 0 1 0 1 1 1 0 0 0 30
1 1 1 1 1 1 1 0 1 1 1 1 1 1 0 0 0 0 1 0 0 0 0 0 1 1 1 1 1 1 1 1 0 1 0 1 0 0 0 0 1 1 1 1 0 1 0 0 0 0 29
1 1 0 0 0 0 1 0 0 0 1 1 1 0 0 1 0 0 0 0 1 0 0 1 0 0 1 1 0 1 1 1 1 1 1 0 0 0 0 0 1 0 1 1 0 1 0 0 0 0 21
1 1 0 1 0 1 1 0 0 1 1 1 0 0 0 1 1 1 1 0 1 1 1 1 0 1 1 1 1 0 1 1 1 0 0 1 0 0 0 0 0 0 1 0 0 1 0 0 0 0 26
1 1 0 0 0 1 1 0 1 1 0 1 1 0 0 1 0 0 1 1 0 1 0 1 0 0 1 0 1 1 0 1 0 0 1 1 0 0 0 0 1 0 1 0 0 0 0 0 0 0 21
0 1 1 0 0 1 1 0 0 1 1 0 1 0 0 0 0 1 1 0 1 0 1 0 0 1 1 1 0 0 0 1 1 0 1 1 1 1 1 0 0 1 1 1 1 1 1 0 0 0 27
1 1 0 1 0 1 1 0 0 0 0 1 1 0 0 1 0 0 1 0 1 0 1 1 1 1 0 0 0 1 1 1 1 0 0 1 0 1 1 0 1 1 1 0 1 1 1 0 0 0 27
1 1 0 1 0 1 1 0 0 0 1 1 0 0 0 0 0 1 1 1 0 0 0 1 0 1 1 1 1 0 1 1 1 1 1 1 0 0 0 0 0 1 1 1 1 0 0 1 0 0 26
1 1 0 1 0 1 1 0 1 1 0 1 1 0 0 0 0 1 1 0 0 0 0 1 0 0 1 1 0 0 1 1 1 0 1 1 1 0 0 0 1 0 1 1 0 0 1 0 0 0 24
1 1 0 0 0 0 1 0 0 1 0 1 1 0 1 1 0 0 1 0 0 1 0 1 0 1 0 0 0 0 1 1 1 1 1 1 1 0 0 0 1 0 1 0 0 1 1 0 1 0 24
1 1 0 1 0 0 0 0 0 1 1 1 1 0 0 0 0 1 0 0 0 1 1 1 0 1 1 1 1 0 1 1 0 0 1 1 0 1 0 0 1 0 1 0 0 1 0 0 1 0 24
1 1 0 1 0 0 1 0 0 1 0 1 1 1 0 0 0 1 1 1 0 1 0 0 0 1 0 1 0 0 1 1 0 0 0 1 1 0 0 0 0 0 1 0 1 1 0 0 0 0 21
1 0 0 1 0 1 1 0 1 1 0 1 1 1 0 0 0 1 1 0 0 0 1 1 0 1 1 1 1 0 1 1 1 0 1 1 0 0 0 0 1 1 1 0 0 1 1 0 0 0 27
1 1 1 1 0 1 1 0 0 1 1 1 1 0 0 1 1 1 1 0 0 1 1 1 0 1 1 1 0 0 1 1 1 1 0 0 1 1 0 0 1 1 1 0 0 0 0 0 0 0 29
0 1 0 1 0 0 1 0 0 1 1 0 1 0 0 1 0 0 1 0 0 0 0 0 0 1 0 1 1 1 1 1 0 0 1 1 0 0 0 1 0 0 1 0 1 0 1 0 0 0 20
1 1 0 1 0 1 1 0 0 1 1 1 1 0 0 1 0 1 1 0 0 0 0 1 1 0 1 1 1 0 1 1 0 1 1 1 0 1 0 0 1 1 1 1 0 0 1 0 0 0 28
0 1 0 1 1 1 1 0 0 0 0 1 1 1 0 1 0 1 1 1 0 1 0 1 0 0 1 1 0 1 1 1 1 0 1 1 0 1 0 1 1 1 1 0 1 1 0 0 0 0 29
1 1 0 1 0 1 0 0 0 1 1 0 1 0 0 1 0 1 1 1 0 0 1 1 1 0 1 1 1 0 1 1 1 0 1 1 1 0 1 1 1 0 1 1 0 0 0 0 0 0 28
1 1 0 0 0 1 1 0 0 1 1 1 1 0 0 1 0 0 1 0 0 1 1 1 0 1 1 1 0 1 1 1 1 0 1 1 1 0 1 0 1 0 1 0 0 0 1 0 0 0 27
1 1 0 1 0 1 1 0 0 1 1 1 1 1 0 1 0 0 1 1 0 1 0 0 0 1 1 1 0 0 1 1 1 0 0 1 1 1 0 0 1 1 1 0 0 1 1 0 0 0 28
1 0 0 1 1 1 1 0 1 0 0 1 1 1 0 1 0 0 1 0 0 0 0 0 1 1 1 0 0 0 1 1 1 0 1 1 0 0 1 0 1 0 1 0 0 1 1 0 1 0 25
1 1 0 1 0 1 1 0 0 1 0 1 0 0 1 0 0 1 1 0 0 1 0 0 0 0 1 0 0 0 1 1 0 1 0 1 0 1 1 0 1 1 1 0 1 0 1 0 0 0 23
1 1 0 0 0 0 1 0 0 1 1 0 1 0 0 1 0 0 1 1 0 0 1 1 1 0 1 1 1 1 0 1 1 1 0 1 1 0 1 0 1 1 1 0 1 0 1 0 0 0 27
1 0 0 1 0 1 1 0 0 1 1 1 0 0 0 0 0 0 1 0 0 1 0 1 0 1 1 1 0 1 1 1 1 1 1 1 1 0 0 0 1 0 1 1 1 1 1 1 0 0 28
1 1 0 1 0 1 1 0 0 1 0 1 1 0 0 1 0 0 1 0 0 0 1 0 0 0 1 1 0 0 1 1 1 0 0 0 1 0 0 0 1 1 1 1 1 0 0 0 0 0 22
1 0 0 1 0 1 0 0 0 1 0 0 1 0 0 1 0 1 1 1 0 1 1 0 1 1 0 1 0 0 1 1 0 0 1 1 0 0 0 0 0 1 0 0 1 1 0 1 1 1 24
1 1 0 1 0 1 1 0 0 1 0 1 1 0 0 0 0 1 1 0 0 0 1 0 0 0 1 0 0 0 1 1 0 0 0 1 0 1 1 0 1 1 1 0 0 0 1 0 0 0 21
1 0 0 1 0 1 1 0 0 1 0 1 1 0 0 1 0 1 1 0 1 0 0 1 0 1 0 1 1 1 1 1 1 1 0 1 0 1 0 0 0 1 1 0 0 1 1 1 0 0 27
1 0 0 1 0 1 1 0 0 1 0 0 0 0 0 1 0 0 1 0 0 1 0 1 0 1 0 1 0 1 1 1 1 0 0 1 1 0 0 0 1 1 1 1 0 0 0 1 1 0 23
0 1 0 1 0 0 1 0 0 1 1 0 0 1 0 1 0 1 1 0 0 0 0 0 0 0 1 1 0 0 1 1 1 1 0 0 1 0 1 0 0 0 1 1 0 1 0 0 0 0 20
0 1 0 0 0 1 1 0 0 1 0 1 1 0 0 1 0 0 1 0 0 0 1 0 0 1 1 0 0 1 1 1 1 0 0 1 0 0 0 1 1 0 1 1 1 0 1 0 0 0 22
1 1 0 1 1 1 1 0 1 1 1 1 1 0 0 0 0 1 0 1 0 1 1 1 0 1 1 1 1 1 1 1 0 1 0 1 1 0 1 0 1 0 1 1 0 0 1 0 0 0 31
1 1 0 1 0 1 1 0 1 1 0 1 1 0 0 1 0 1 1 1 0 0 1 0 0 1 1 0 1 0 1 1 0 1 0 1 1 0 0 0 0 1 1 1 0 0 1 0 0 0 26
1 1 0 1 0 0 1 0 0 0 0 1 1 0 0 1 0 0 1 0 0 0 0 1 1 1 1 1 1 0 1 1 1 0 1 1 1 1 0 0 1 1 1 1 0 0 0 0 0 0 25
1 0 0 0 0 1 1 0 0 1 0 1 1 0 0 1 0 0 1 1 0 0 0 0 0 1 1 0 1 0 1 1 0 1 1 1 1 1 0 0 1 0 1 1 1 1 1 0 0 1 26
1 1 0 1 0 1 1 0 0 1 1 1 1 0 0 1 1 0 1 0 0 1 0 1 1 1 1 0 0 0 1 1 1 1 0 1 0 0 0 0 1 0 0 0 1 1 1 0 0 0 26
1 1 0 1 0 1 1 0 0 1 0 1 0 0 0 0 0 0 1 0 0 0 0 0 0 1 1 1 0 0 1 1 1 1 1 1 1 0 1 0 1 0 1 0 0 0 1 0 0 0 22
0 0 0 0 0 1 1 0 0 1 0 1 1 1 1 0 0 1 1 0 1 1 1 1 0 1 1 1 1 1 1 1 1 0 1 1 1 1 0 0 1 1 1 0 1 0 1 0 0 0 30
1 1 0 1 0 1 1 0 1 1 0 0 0 0 0 1 0 1 1 1 0 1 1 1 0 0 1 1 0 1 1 1 1 0 0 1 1 1 0 0 1 1 1 0 1 1 1 1 0 0 30
1 0 0 1 0 1 1 0 0 1 1 1 1 0 0 0 0 1 0 1 0 0 1 0 0 0 0 1 1 0 1 1 1 0 1 0 0 0 0 0 1 1 1 0 0 0 0 0 1 0 21
1 1 0 1 1 1 1 0 1 1 0 1 1 0 0 1 0 1 1 0 1 0 0 1 0 1 0 1 0 1 1 1 0 1 1 0 0 1 0 1 1 0 1 0 1 1 1 0 1 0 30
1 1 0 1 1 1 0 0 0 1 0 1 1 1 0 1 0 1 1 1 0 0 0 0 0 0 1 0 0 0 1 1 1 0 0 1 1 1 0 0 0 1 1 0 1 1 1 0 1 0 26
1 1 0 1 0 0 1 0 0 1 0 1 1 0 1 0 0 1 1 0 0 1 1 1 0 1 1 1 0 1 1 1 1 0 0 1 1 1 1 0 0 0 1 1 1 0 0 0 0 0 27
1 1 0 1 0 1 1 0 0 1 1 1 1 0 0 1 0 1 1 0 0 1 0 0 0 1 1 1 0 0 0 1 1 0 1 1 0 1 0 1 0 0 1 1 1 1 0 0 0 0 26
1 0 0 1 0 1 1 0 0 1 0 0 1 0 0 1 0 0 1 1 0 0 1 1 0 0 0 0 0 0 1 1 1 0 0 1 1 1 1 1 1 0 0 0 1 0 1 0 0 0 22
0 1 0 1 0 1 1 0 0 1 1 1 1 0 0 0 0 1 1 0 0 0 0 0 0 0 1 1 1 0 1 1 0 0 0 1 1 1 0 0 1 0 1 0 1 1 0 0 1 0 23
0 1 0 1 1 1 1 0 0 1 1 1 0 0 0 0 0 0 0 0 0 1 0 0 0 0 1 0 0 1 1 1 0 0 0 1 0 0 0 0 0 0 1 0 1 1 1 0 0 0 18
433 437 21 440 81 379 457 15 109 379 224 422 345 99 60 288 36 286 464 157 81 177 254 296 117 357 374 344 193 247 455 494 338 170 195 440 280 242 153 43 376 215 468 158 272 189 245 69 105 21 12500
