0 0 0 0 0 0 0 0 0 0 0 0 1 0 0 0 0 0 0 0 0 0 0 0 0 0 0 0 0 0 0 0 0 0 0 0 0 0 0 0 0 0 0 0 0 0 0 0 0 0 1
0 0 0 0 0 1 0 0 0 0 0 0 0 0 0 0 0 0 0 0 0 0 0 0 0 0 0 0 0 0 0 0 0 0 0 0 0 0 0 0 0 0 0 0 0 0 0 0 0 0 1
0 0 0 0 0 0 0 0 0 0 0 0 0 0 0 0 0 0 0 0 0 0 0 0 0 0 0 0 0 0 0 0 0 1 0 0 0 0 0 0 0 0 0 0 0 0 0 0 0 0 1
0 0 0 0 0 0 0 0 0 0 0 0 0 0 0 0 0 0 0 0 0 0 0 0 0 0 1 0 0 0 0 0 0 0 0 0 0 0 0 0 0 0 0 0 0 0 0 0 0 0 1
0 0 0 0 0 0 0 0 0 0 0 0 0 0 0 0 1 0 0 0 0 0 0 0 0 0 0 0 0 0 0 0 0 0 0 0 0 0 0 0 0 0 0 0 0 0 0 0 0 0 1
0 0 0 0 0 0 0 0 0 0 0 0 0 0 0 0 0 0 0 0 0 0 0 0 0 0 0 0 0 0 0 0 0 0 0 0 0 0 0 0 0 0 0 0 0 0 0 0 0 1 1
0 0 0 1 0 0 0 0 0 0 0 0 0 0 0 0 0 0 0 0 0 0 0 0 0 0 0 0 0 0 0 0 0 0 0 0 0 0 0 0 0 0 0 0 0 0 0 0 0 0 1
0 0 0 0 1 0 0 0 0 0 0 0 0 0 0 0 0 0 0 0 0 0 0 0 0 0 0 0 0 0 0 0 0 0 0 0 0 0 0 0 0 0 0 0 0 0 0 0 0 0 1
0 0 1 0 0 0 0 0 0 0 0 0 0 0 0 0 0 0 0 0 0 0 0 0 0 0 0 0 0 0 0 0 0 0 0 0 0 0 0 0 0 0 0 0 0 0 0 0 0 0 1
0 0 0 0 0 0 0 0 0 0 0 0 0 0 0 0 0 0 0 0 0 1 0 0 0 0 0 0 0 0 0 0 0 0 0 0 0 0 0 0 0 0 0 0 0 0 0 0 0 0 1
0 1 0 0 0 0 0 0 0 0 0 0 0 0 0 0 0 0 0 0 0 0 0 0 0 0 0 0 0 0 0 0 0 0 0 0 0 0 0 0 0 0 0 0 0 0 0 0 0 0 1
0 0 0 0 0 0 0 0 0 0 0 0 0 0 0 0 0 0 0 0 0 1 0 0 0 0 0 0 0 0 0 0 0 0 0 0 0 0 0 0 0 0 0 0 0 0 0 0 0 0 1
0 0 0 0 0 0 0 0 0 0 0 0 0 0 0 0 1 0 0 0 0 0 0 0 0 0 0 0 0 0 0 0 0 0 0 0 0 0 0 0 0 0 0 0 0 0 0 0 0 0 1
0 0 0 0 0 0 0 0 0 0 0 0 0 0 0 0 0 0 0 0 0 0 0 0 0 0 0 0 0 0 0 0 0 0 0 1 0 0 0 0 0 0 0 0 0 0 0 0 0 0 1
0 0 0 0 0 0 0 0 0 0 0 0 0 0 0 0 0 0 0 0 0 0 1 0 0 0 0 0 0 0 0 0 0 0 0 0 0 0 0 0 0 0 0 0 0 0 0 0 0 0 1
0 0 0 1 0 0 0 0 0 0 0 0 0 0 0 0 0 0 0 0 0 0 0 0 0 0 0 0 0 0 0 0 0 0 0 0 0 0 0 0 0 0 0 0 0 0 0 0 0 0 1
0 0 0 0 0 0 0 0 0 0 0 0 0 0 0 0 0 0 0 0 0 0 0 0 0 0 0 0 0 0 0 0 0 0 0 0 0 0 1 0 0 0 0 0 0 0 0 0 0 0 1
0 0 0 0 0 0 0 0 0 0 0 0 0 0 0 0 0 0 0 0 0 0 0 0 0 0 1 0 0 0 0 0 0 0 0 0 0 0 0 0 0 0 0 0 0 0 0 0 0 0 1
0 0 0 0 0 0 0 0 0 0 0 0 0 0 0 0 0 0 0 0 0 0 0 0 0 0 0 0 0 0 1 0 0 0 0 0 0 0 0 0 0 0 0 0 0 0 0 0 0 0 1
0 0 0 0 0 0 0 0 0 0 0 0 0 0 0 0 0 0 0 0 0 0 0 0 0 0 0 0 0 0 0 0 0 0 0 0 0 0 0 0 0 0 0 0 0 0 0 0 1 0 1
0 0 0 0 0 0 0 0 0 0 0 0 0 0 0 0 0 0 0 1 0 0 0 0 0 0 0 0 0 0 0 0 0 0 0 0 0 0 0 0 0 0 0 0 0 0 0 0 0 0 1
0 0 0 0 0 0 0 0 0 0 0 0 0 0 0 0 0 0 0 0 0 0 0 0 0 0 0 0 0 0 0 0 0 0 1 0 0 0 0 0 0 0 0 0 0 0 0 0 0 0 1
0 0 0 0 0 1 0 0 0 0 0 0 0 0 0 0 0 0 0 0 0 0 0 0 0 0 0 0 0 0 0 0 0 0 0 0 0 0 0 0 0 0 0 0 0 0 0 0 0 0 1
0 0 0 0 0 0 0 0 0 0 0 0 0 0 0 0 0 0 0 0 0 0 0 0 0 0 0 0 0 0 0 0 0 0 0 0 0 0 0 0 0 0 0 1 0 0 0 0 0 0 1
0 0 0 0 0 0 0 0 0 0 0 0 0 0 0 0 0 0 0 0 0 0 0 0 0 0 0 0 0 0 1 0 0 0 0 0 0 0 0 0 0 0 0 0 0 0 0 0 0 0 1
0 0 0 0 0 1 0 0 0 0 0 0 0 0 0 0 0 0 0 0 0 0 0 0 0 0 0 0 0 0 0 0 0 0 0 0 0 0 0 0 0 0 0 0 0 0 0 0 0 0 1
0 0 0 0 0 0 0 1 0 0 0 0 0 0 0 0 0 0 0 0 0 0 0 0 0 0 0 0 0 0 0 0 0 0 0 0 0 0 0 0 0 0 0 0 0 0 0 0 0 0 1
0 0 0 0 0 0 0 0 0 0 0 0 0 0 0 0 0 0 0 0 0 0 0 0 1 0 0 0 0 0 0 0 0 0 0 0 0 0 0 0 0 0 0 0 0 0 0 0 0 0 1
0 0 0 0 0 0 0 0 0 0 0 0 0 1 0 0 0 0 0 0 0 0 0 0 0 0 0 0 0 0 0 0 0 0 0 0 0 0 0 0 0 0 0 0 0 0 0 0 0 0 1
0 0 0 0 0 0 0 0 0 0 0 0 0 0 0 0 0 0 0 0 0 0 0 0 0 0 0 0 0 1 0 0 0 0 0 0 0 0 0 0 0 0 0 0 0 0 0 0 0 0 1
0 0 0 0 0 0 0 0 0 0 0 0 0 0 0 0 0 0 0 0 0 0 0 0 0 0 0 0 0 0 0 0 0 0 0 0 0 0 0 0 1 0 0 0 0 0 0 0 0 0 1
0 0 0 0 0 0 0 1 0 0 0 0 0 0 0 0 0 0 0 0 0 0 0 0 0 0 0 0 0 0 0 0 0 0 0 0 0 0 0 0 0 0 0 0 0 0 0 0 0 0 1
0 0 0 0 0 0 0 0 0 0 0 0 0 0 0 0 0 0 0 0 0 0 0 0 0 0 0 0 0 0 0 1 0 0 0 0 0 0 0 0 0 0 0 0 0 0 0 0 0 0 1
0 0 0 0 0 0 0 0 0 0 0 0 0 0 0 0 0 0 0 0 0 0 0 0 0 0 0 0 0 0 0 0 0 0 0 0 0 0 1 0 0 0 0 0 0 0 0 0 0 0 1
0 0 0 0 0 0 0 0 0 0 0 0 0 0 0 0 0 0 0 0 0 0 0 0 0 0 0 0 0 0 0 0 0 0 0 0 0 0 1 0 0 0 0 0 0 0 0 0 0 0 1
0 0 0 0 0 0 0 0 0 0 0 1 0 0 0 0 0 0 0 0 0 0 0 0 0 0 0 0 0 0 0 0 0 0 0 0 0 0 0 0 0 0 0 0 0 0 0 0 0 0 1
0 0 0 0 0 0 0 0 0 0 0 0 0 0 0 0 0 0 0 0 0 0 0 0 0 0 0 0 0 0 0 0 0 0 0 0 0 0 0 0 0 0 1 0 0 0 0 0 0 0 1
0 0 0 0 0 0 0 0 0 0 0 0 0 0 0 0 0 0 0 0 0 0 0 0 0 0 0 0 0 0 0 0 0 0 0 0 0 0 0 0 0 0 0 0 0 0 0 0 0 1 1
0 0 0 0 0 0 0 0 0 0 0 0 0 0 0 0 0 0 0 0 0 0 0 0 0 0 0 0 0 0 1 0 0 0 0 0 0 0 0 0 0 0 0 0 0 0 0 0 0 0 1
0 0 1 0 0 0 0 0 0 0 0 0 1 0 0 0 0 1 0 0 0 0 0 0 0 0 0 0 0 0 0 0 1 0 0 0 0 0 0 0 0 0 0 0 0 0 0 0 0 0 4
0 0 1 0 0 0 0 0 0 1 0 0 0 0 0 0 0 1 0 0 0 0 0 0 0 0 0 0 0 0 0 0 0 0 0 0 1 0 0 0 0 0 0 0 0 0 0 0 0 0 4
0 0 0 0 0 0 0 0 0 0 0 0 0 0 0 0 0 1 0 0 0 0 0 0 0 0 0 0 0 0 0 1 0 1 0 0 0 0 0 1 0 0 1 1 0 0 0 0 0 0 6
0 0 1 0 0 0 0 0 0 1 1 0 1 0 0 0 1 0 0 0 1 0 0 0 0 1 0 0 1 0 0 1 1 1 0 0 1 1 0 0 0 0 1 1 0 0 1 0 0 0 16
0 1 0 0 0 0 0 0 0 0 1 0 1 0 0 1 0 1 0 0 1 0 1 0 0 1 0 0 1 0 0 0 0 1 1 0 1 0 0 0 0 1 0 0 0 0 0 0 0 1 14
0 1 0 0 0 0 0 0 0 0 0 0 1 0 0 1 1 0 0 1 0 0 0 1 1 1 0 0 1 0 0 0 1 1 0 0 1 1 1 1 0 0 1 0 0 0 1 0 0 1 18
0 1 0 0 0 1 0 0 0 1 0 0 0 1 1 1 0 0 1 1 1 0 0 1 1 1 0 0 1 0 0 0 0 0 1 0 0 0 0 1 1 0 0 0 0 0 1 0 0 1 18
1 1 1 0 0 1 0 1 1 1 0 0 0 0 1 0 0 1 0 1 1 1 0 1 1 1 0 1 0 0 0 1 1 0 1 1 1 0 1 0 1 0 0 1 0 1 0 0 0 0 25
1 0 0 1 0 0 1 1 0 0 0 1 1 0 1 1 1 0 0 0 0 0 1 1 1 0 1 1 1 0 0 1 0 0 1 1 0 1 0 1 0 0 1 1 0 0 1 1 0 0 24
0 0 0 0 0 0 1 1 1 0 1 1 0 1 0 0 1 1 0 0 0 1 0 0 1 1 0 1 1 1 0 1 0 1 1 1 0 0 0 1 0 0 1 0 1 0 0 1 1 1 24
1 0 0 1 1 0 0 0 1 0 1 1 0 0 1 0 1 0 1 0 0 1 0 1 0 1 0 0 1 0 1 1 1 1 1 0 0 1 0 1 1 0 0 0 0 0 1 0 0 1 23
0 0 0 0 0 0 0 0 1 0 0 0 1 0 1 0 0 0 0 0 0 1 1 0 1 0 0 0 1 1 0 1 0 0 1 1 1 0 0 1 1 0 1 1 1 0 0 1 1 0 19
0 1 0 0 0 0 0 0 0 1 1 1 1 1 1 1 0 1 1 1 0 1 1 1 0 1 0 0 1 0 0 1 1 0 0 0 0 0 1 1 1 1 0 1 0 1 1 0 0 0 25
1 1 0 0 1 1 1 0 0 1 1 1 0 0 1 0 1 0 1 1 1 1 1 0 1 1 0 0 0 0 0 1 0 1 0 1 0 0 0 1 1 0 0 0 1 0 1 1 0 0 25
0 1 0 0 0 1 1 1 0 1 1 0 1 0 1 0 1 0 0 0 0 0 1 0 1 0 1 1 1 1 0 0 0 1 1 0 1 0 1 1 0 0 1 1 0 1 0 1 0 0 24
0 1 1 0 1 1 0 0 0 1 0 0 0 1 1 0 1 1 1 0 0 0 1 0 0 1 1 1 1 0 0 0 1 1 1 0 1 1 1 0 0 0 0 1 0 1 0 1 0 1 25
0 0 1 0 1 1 1 0 0 0 0 1 0 1 1 1 0 1 0 1 1 1 0 0 0 0 1 0 0 1 0 0 0 1 0 1 0 1 0 1 0 1 0 1 1 0 0 0 1 0 22
0 1 0 0 0 1 0 1 0 0 1 0 0 0 0 0 0 1 0 0 0 1 0 1 0 0 1 0 1 1 0 1 1 0 0 0 1 0 1 0 0 0 1 0 0 1 1 1 0 1 19
0 1 0 1 0 0 0 1 0 0 1 1 1 1 1 0 0 0 0 0 1 1 0 1 1 1 1 1 0 0 0 0 0 0 1 1 0 0 1 0 0 0 1 1 0 1 1 1 1 0 24
1 1 0 0 0 0 1 0 1 0 1 1 1 1 0 0 0 1 0 0 1 0 0 0 1 0 1 1 1 1 0 1 0 1 1 1 1 1 0 0 0 1 0 0 1 0 1 0 1 0 25
1 0 0 0 1 0 0 1 0 0 1 0 0 1 1 0 1 0 0 0 1 1 1 0 1 0 0 1 1 0 0 1 0 0 0 0 0 0 0 0 1 1 1 0 0 0 1 0 1 0 19
0 0 0 1 0 0 1 1 1 0 0 0 1 1 0 1 1 1 0 1 1 1 0 0 0 0 0 0 1 0 0 1 0 0 1 1 1 0 0 1 1 1 1 1 0 0 0 0 1 1 24
1 0 1 0 0 0 1 0 1 1 1 1 1 0 1 1 1 0 1 0 1 1 1 0 1 0 1 0 1 0 1 1 1 1 1 0 1 1 1 0 1 1 1 1 0 0 0 1 1 0 32
1 0 0 0 0 0 1 1 1 0 0 0 1 1 0 1 1 0 0 1 0 1 1 0 1 1 1 1 0 0 0 1 1 0 0 0 0 0 1 0 0 1 0 0 0 0 1 0 1 0 21
0 0 1 0 1 0 0 0 0 0 1 1 0 0 1 1 1 1 1 1 1 0 0 0 1 1 0 0 1 1 1 1 0 1 0 0 0 0 0 1 0 1 1 0 0 1 0 1 0 1 24
1 0 0 0 0 0 0 0 0 0 0 1 0 0 1 1 1 1 1 0 1 0 0 1 0 1 0 0 1 1 1 1 0 0 0 1 0 1 0 0 1 1 1 1 1 0 0 1 1 0 23
1 0 0 0 0 0 0 1 0 1 0 1 0 1 1 1 1 0 1 1 1 0 0 0 1 0 0 0 1 0 1 1 1 0 1 1 1 0 0 0 1 0 1 0 1 0 1 0 1 1 25
1 1 0 0 1 1 1 1 1 1 0 0 1 1 0 1 1 0 1 0 1 0 0 1 0 1 1 1 1 1 1 1 1 1 0 1 1 1 1 0 1 1 0 0 0 1 1 0 0 1 33
0 1 0 0 0 1 0 1 1 0 1 0 1 0 1 0 1 1 1 1 1 1 0 1 1 0 0 0 1 0 1 1 0 0 0 1 1 0 0 0 1 0 1 1 1 1 0 1 1 0 27
1 1 0 1 0 1 1 1 0 1 1 0 1 1 1 0 0 1 0 1 0 1 0 1 1 0 1 1 0 0 0 0 1 1 0 0 0 1 1 0 0 0 1 1 0 1 0 0 0 0 25
1 1 1 1 0 1 0 0 1 0 1 1 0 1 0 0 1 1 0 1 0 1 0 1 1 0 1 1 0 0 1 0 1 0 0 1 1 0 0 0 1 0 0 1 0 1 0 1 1 0 26
1 1 1 1 1 1 1 0 0 1 0 1 0 1 1 1 0 1 0 1 1 1 0 1 1 0 1 1 1 1 1 0 1 0 0 0 1 1 0 1 0 0 1 1 1 1 1 0 0 1 33
1 0 0 1 1 1 0 0 1 1 0 0 1 1 0 1 0 1 0 0 1 1 1 1 1 0 0 1 0 0 1 1 0 1 1 1 1 1 0 0 1 1 0 0 0 0 1 1 0 0 27
1 0 1 1 1 1 0 1 0 0 0 0 0 0 1 1 1 1 0 0 0 0 1 1 0 1 1 0 0 0 0 1 0 1 0 0 0 0 0 1 1 1 1 1 1 0 0 1 0 1 24
0 0 1 0 1 0 1 1 1 1 1 1 0 1 1 1 1 0 1 0 1 0 0 0 1 1 1 0 0 0 0 1 0 1 0 0 0 0 0 1 1 0 1 0 0 0 0 0 0 0 22
0 0 0 1 1 0 0 1 1 1 1 0 1 0 1 1 1 1 0 0 0 0 1 0 1 1 1 1 0 0 0 0 0 1 0 1 1 0 1 0 1 1 0 0 0 0 1 1 1 0 25
0 0 0 0 0 0 1 0 1 0 0 1 1 1 0 0 1 0 0 1 1 0 1 0 1 1 1 1 1 1 1 1 0 0 1 0 0 1 0 0 0 1 1 1 1 0 1 1 0 1 26
1 1 0 1 1 0 0 1 0 1 0 1 0 1 0 1 1 0 1 0 1 0 1 0 1 0 1 1 1 0 0 1 0 0 0 1 1 0 0 0 0 1 0 0 1 0 0 1 1 1 25
0 0 0 0 0 0 0 0 1 0 0 0 1 0 1 0 1 0 1 0 1 1 1 0 0 0 1 1 0 0 1 1 1 0 1 0 1 0 0 0 1 1 0 0 0 1 1 1 0 0 20
0 0 0 1 0 0 1 1 0 0 1 0 0 1 0 0 0 1 0 0 1 0 0 1 0 0 0 1 0 1 0 0 1 1 0 1 1 0 0 0 1 1 0 1 1 0 1 0 1 0 20
0 0 1 0 1 1 1 1 0 0 1 1 1 1 0 1 1 1 1 0 0 1 0 1 0 1 0 0 1 0 1 1 1 1 0 1 0 0 0 1 0 1 0 1 1 0 1 1 0 1 29
0 1 0 1 0 1 1 0 0 0 1 1 0 0 1 1 1 0 1 1 1 1 1 1 1 0 1 1 0 1 1 0 0 0 1 1 0 0 1 0 1 1 0 0 1 1 0 1 0 0 28
0 0 1 0 0 0 0 1 1 0 0 0 1 1 1 0 0 0 1 0 0 0 1 1 1 0 0 0 1 0 1 0 1 0 0 0 1 1 0 0 1 0 0 0 1 0 1 1 1 1 21
0 0 0 1 0 0 0 1 0 0 0 1 0 1 0 1 1 1 0 0 1 0 0 1 0 0 0 1 0 1 1 0 0 1 0 1 0 0 1 1 0 0 0 0 1 0 0 1 0 1 19
1 1 1 0 1 1 1 1 0 0 1 1 0 1 1 1 1 1 1 0 0 0 0 1 0 1 1 1 0 1 0 0 1 0 1 1 1 0 1 1 1 0 0 1 0 1 0 1 1 1 32
0 1 1 1 0 1 0 0 1 0 1 0 0 1 0 1 0 0 1 1 1 0 1 1 1 0 0 1 0 1 0 1 0 1 0 0 0 0 1 1 0 1 0 1 1 0 0 1 0 0 24
0 1 1 1 0 1 0 0 0 0 1 0 0 0 0 1 0 0 0 0 0 0 0 1 0 0 1 1 1 0 1 0 1 0 1 0 0 1 1 1 1 1 1 1 0 0 1 1 0 1 23
1 0 0 0 1 1 1 1 1 0 1 0 0 1 0 0 0 0 1 0 1 1 1 0 0 1 1 1 0 1 0 0 0 1 1 0 1 0 0 0 0 1 1 0 1 0 0 0 0 0 22
1 0 1 0 1 0 0 1 0 1 0 0 0 0 0 1 1 1 0 1 0 1 1 0 0 1 0 1 0 0 0 0 0 0 0 1 1 0 1 1 1 0 1 1 0 0 1 0 0 0 21
1 1 0 0 1 0 0 0 0 0 1 1 0 0 1 1 0 1 0 0 1 1 0 0 1 0 0 0 0 1 0 0 0 1 0 1 0 1 1 1 0 1 1 0 1 0 0 1 1 1 23
1 0 0 1 1 1 1 0 0 0 0 1 0 1 0 0 0 1 0 1 0 0 1 1 0 0 0 1 1 0 0 0 0 0 1 1 1 1 0 1 0 0 1 0 0 1 0 1 0 1 22
1 0 0 0 0 1 0 1 0 0 0 0 1 1 0 0 1 1 0 0 0 1 0 0 0 1 0 0 0 0 1 0 1 1 1 1 1 0 1 0 0 1 0 1 1 1 0 0 1 1 22
0 0 0 1 0 1 0 1 0 1 0 0 1 1 1 1 0 1 0 0 0 1 1 0 1 1 0 0 1 1 1 1 1 0 0 1 1 0 1 1 1 0 0 1 0 0 0 0 1 0 25
1 0 1 1 1 1 0 0 0 1 0 1 1 1 1 1 0 0 0 1 0 0 1 0 1 0 1 0 0 1 0 1 0 0 0 0 1 1 1 0 1 1 0 0 0 0 1 0 0 0 23
0 1 0 0 0 1 0 0 0 0 1 0 1 1 1 1 0 1 1 0 1 0 1 0 1 0 1 0 0 1 0 0 0 1 0 1 0 0 1 0 1 1 1 0 0 1 1 1 0 1 24
0 0 1 1 0 1 0 0 0 0 0 1 1 1 0 1 1 1 1 1 0 0 1 0 0 0 0 0 0 1 0 0 0 1 1 1 0 0 0 1 1 0 0 1 1 0 1 0 0 1 22
0 1 0 0 0 0 0 1 0 1 1 1 1 0 1 1 1 0 0 0 0 0 0 0 0 0 0 1 1 0 0 1 1 1 0 0 1 0 1 0 0 0 0 1 1 1 0 0 1 1 21
1 1 0 1 1 1 0 0 1 0 1 0 0 0 1 0 1 1 0 1 1 1 1 1 0 1 0 1 1 0 0 0 1 0 0 0 0 0 0 0 1 0 1 0 1 0 0 1 1 0 24
1 0 0 0 1 0 1 1 0 0 0 1 0 1 0 0 0 1 0 1 1 0 0 1 1 0 1 1 1 1 0 0 1 0 1 0 0 0 1 0 1 0 1 0 0 1 1 0 0 1 23
1 1 1 1 1 1 1 1 1 1 1 1 0 1 1 1 1 0 0 1 0 1 1 0 0 0 0 0 0 1 1 0 0 1 1 0 0 1 1 0 0 1 0 0 0 0 0 1 1 0 28
0 0 0 0 1 0 0 1 0 1 0 1 0 1 0 1 1 0 0 0 1 1 0 1 1 1 1 0 0 1 1 0 1 1 1 1 1 1 1 1 0 0 1 0 1 1 0 0 0 1 27
0 1 1 0 1 0 1 0 0 0 1 0 0 1 1 0 1 0 0 0 1 1 0 0 0 0 1 0 0 1 1 0 0 1 1 1 1 0 0 0 0 0 0 0 0 0 0 0 0 0 17
0 0 1 0 1 1 0 1 1 0 0 0 1 1 0 1 0 0 1 1 1 1 0 0 0 0 1 0 1 1 0 0 1 0 0 1 0 0 0 1 0 0 0 0 0 0 1 1 0 0 20
0 0 1 0 0 1 0 1 0 1 0 0 1 1 1 0 0 1 1 1 1 0 0 0 1 0 0 1 0 0 0 0 0 1 1 1 1 0 1 0 0 1 1 1 0 0 1 1 1 1 25
1 0 1 1 1 1 0 0 1 1 1 0 1 1 0 0 1 1 0 0 1 1 0 1 0 1 1 0 0 1 0 0 1 0 0 0 0 0 0 1 0 1 0 1 1 0 1 0 1 1 26
1 1 1 1 1 0 0 1 0 0 0 0 1 0 1 1 1 0 1 0 0 1 1 0 0 1 0 0 0 0 1 0 1 1 0 0 0 0 0 0 1 0 0 0 1 1 1 1 1 0 23
0 0 1 0 1 1 0 1 0 1 1 0 0 1 0 0 0 0 1 0 0 1 1 1 1 0 1 0 1 1 1 0 0 0 0 0 0 1 1 1 0 0 0 0 1 0 1 1 0 1 23
1 1 0 0 0 0 0 1 1 0 0 1 1 0 1 0 1 1 1 0 1 1 1 1 1 1 1 1 1 1 1 0 0 1 0 1 0 0 0 1 1 1 1 0 1 1 1 1 1 1 33
1 0 0 1 0 1 0 1 0 0 1 0 0 0 1 0 0 1 1 1 1 1 1 0 0 1 1 1 1 1 0 1 1 1 1 0 1 1 0 0 0 0 0 1 1 1 0 0 1 1 28
0 1 1 0 0 1 1 1 1 1 0 0 1 1 0 1 0 1 0 0 1 1 0 0 0 0 0 0 0 0 0 1 1 0 1 0 0 1 0 1 0 0 1 1 0 0 0 1 1 0 22
0 1 0 1 1 0 0 0 0 0 0 1 1 1 0 1 0 0 0 1 0 0 1 0 0 0 1 0 1 1 0 0 0 0 1 1 1 0 1 0 0 1 0 0 0 1 1 0 0 0 19
0 0 0 1 1 1 0 0 1 0 0 0 1 1 0 0 1 1 1 1 0 1 0 1 0 1 0 1 0 1 0 1 1 0 1 1 0 0 0 1 0 0 0 1 0 0 1 1 1 0 24
1 0 0 1 0 1 1 0 0 1 1 0 0 1 0 0 1 0 0 1 1 0 0 0 0 1 1 1 1 0 1 0 0 1 1 0 0 0 0 1 0 0 1 1 0 1 0 0 1 0 22
1 1 1 1 1 0 0 1 0 0 1 1 0 0 0 0 0 0 1 1 0 0 0 0 0 1 1 1 0 1 1 0 0 1 0 1 0 0 1 1 1 0 1 0 1 0 1 0 0 0 23
0 1 0 0 1 0 1 0 1 0 0 1 1 0 1 0 0 0 0 1 0 0 0 1 1 1 0 0 1 1 1 1 0 0 0 0 1 0 0 0 0 1 1 0 0 1 0 1 0 1 21
0 0 1 0 0 1 0 1 1 1 0 0 1 1 1 0 0 0 1 0 1 0 0 1 0 1 0 0 0 0 1 0 0 1 0 0 1 0 1 1 1 1 1 0 1 1 0 0 0 1 23
1 1 1 1 1 0 0 0 1 1 0 0 0 1 1 1 1 1 1 0 0 0 1 1 0 0 0 1 0 0 1 0 1 1 0 1 1 0 1 1 1 0 1 0 0 1 0 1 1 0 28
0 1 1 0 1 0 1 0 0 1 0 0 0 0 0 1 1 1 1 0 0 0 1 0 1 1 1 0 1 0 0 0 0 1 1 1 1 0 1 0 1 0 1 1 0 1 0 1 0 1 25
0 0 0 0 1 1 1 0 0 1 1 0 1 1 1 1 0 1 0 0 0 0 1 1 1 1 0 1 1 0 0 0 1 1 0 1 0 1 0 1 0 1 1 1 0 0 1 0 0 1 26
1 0 0 1 0 0 0 0 0 0 1 0 1 1 1 1 1 0 1 1 0 0 1 1 0 0 0 1 1 1 1 0 0 1 1 0 1 0 0 1 1 0 0 1 1 0 1 0 0 1 25
0 0 0 0 1 1 0 0 0 1 0 0 1 0 0 0 0 0 0 0 1 0 1 1 0 1 0 1 1 0 1 1 1 0 1 1 0 0 0 0 1 0 0 0 1 1 0 1 0 0 19
0 0 0 1 1 0 0 0 0 0 1 1 1 0 0 0 1 1 0 1 0 1 1 1 1 1 0 1 1 0 1 0 0 1 0 0 1 1 0 1 1 1 1 1 1 0 0 1 0 0 26
1 0 1 0 0 1 1 1 0 1 1 1 0 0 0 1 0 0 0 1 1 1 0 1 0 1 0 0 0 1 0 1 1 1 1 1 1 1 1 1 0 0 1 1 1 1 0 1 1 0 30
1 0 1 0 0 0 0 1 1 1 1 1 1 0 0 1 0 0 0 0 1 1 0 1 1 0 1 0 1 0 0 0 1 1 0 0 1 0 0 0 1 1 0 1 0 1 0 1 0 0 23
0 1 1 1 0 0 1 0 1 0 1 1 0 1 1 0 1 0 1 1 1 0 1 0 0 1 1 0 0 1 1 0 0 1 0 0 0 1 0 0 1 1 1 0 0 1 0 1 1 0 26
1 1 1 1 0 1 0 1 0 1 1 1 0 0 0 0 0 0 1 0 1 0 0 1 0 0 0 0 1 1 0 0 1 0 0 1 1 1 0 1 1 0 0 0 1 0 0 0 0 0 21
1 0 0 0 0 1 0 0 1 0 1 0 0 1 1 1 0 0 0 1 0 1 1 1 0 0 0 1 0 0 1 1 0 1 0 0 1 1 1 0 1 0 1 0 1 0 1 0 1 0 23
1 0 0 0 1 1 1 1 0 0 1 1 0 1 1 0 0 1 1 1 1 1 1 0 1 1 0 1 1 0 1 0 0 0 0 0 0 1 0 0 0 0 0 1 1 0 1 0 0 1 25
0 1 0 1 1 0 0 1 1 1 0 1 1 0 0 0 1 1 0 1 0 1 0 1 0 1 0 0 1 0 1 0 0 0 1 1 0 0 0 1 0 1 0 1 1 0 0 1 1 0 24
0 0 1 1 0 1 1 0 1 0 1 1 1 0 0 1 1 0 0 0 1 1 0 0 0 1 1 0 0 0 0 0 1 1 0 1 0 1 0 0 0 0 0 1 1 0 0 1 0 1 22
0 1 0 1 1 1 0 0 0 0 0 1 1 1 1 1 0 0 0 1 1 0 0 0 1 1 1 1 1 1 0 0 1 0 1 0 0 0 1 1 0 0 0 0 0 0 0 0 1 0 22
0 0 1 0 1 0 0 0 1 0 0 0 1 0 1 0 1 0 1 1 0 0 0 1 1 1 1 1 1 0 0 0 1 0 1 1 0 1 0 0 0 1 1 0 0 0 1 0 1 1 23
0 0 0 1 1 0 1 0 0 1 1 0 1 0 1 1 1 1 0 0 0 1 1 0 0 1 1 1 1 1 1 1 1 0 1 0 1 0 1 1 0 0 1 0 1 0 1 0 0 0 27
1 1 0 1 0 0 1 0 0 0 1 0 0 0 0 0 0 1 1 1 1 1 0 0 1 1 0 0 0 1 1 1 0 0 1 1 1 1 1 1 0 0 1 0 0 0 0 0 1 1 24
0 1 1 0 1 1 0 1 0 1 0 1 1 0 1 0 0 0 1 0 1 0 0 0 1 1 1 0 0 0 1 0 1 0 0 1 1 0 0 0 1 0 0 0 0 0 1 0 1 0 21
0 1 1 1 0 1 1 0 0 1 0 1 0 1 1 0 0 1 1 0 1 1 0 0 0 0 1 1 1 0 0 1 0 1 1 1 1 1 1 1 1 0 0 1 0 0 1 0 1 1 29
0 1 1 1 1 0 1 0 0 0 0 1 0 1 0 1 0 1 1 0 1 0 0 0 1 0 0 1 0 1 1 1 0 0 1 1 0 0 0 0 1 1 1 1 0 0 0 0 1 0 23
0 1 1 0 1 1 0 1 1 1 1 0 1 0 0 0 0 0 0 1 1 1 1 0 0 0 0 0 0 0 0 0 0 0 0 1 0 0 0 1 0 1 1 1 0 1 1 1 0 1 22
1 1 0 0 0 1 1 1 0 1 0 0 0 1 1 0 1 0 1 0 0 0 1 0 1 0 0 1 1 1 1 1 0 1 1 1 1 1 0 0 1 1 1 1 0 1 0 0 0 1 28
1 1 0 1 0 1 1 1 1 0 0 1 1 0 0 0 0 1 0 0 0 1 0 1 1 1 1 1 0 0 0 1 1 1 1 0 1 1 0 0 1 1 1 0 0 0 1 0 1 0 27
0 0 0 1 0 0 0 1 0 0 0 0 0 0 0 0 0 0 1 1 1 0 0 0 0 0 1 0 1 1 1 1 1 1 1 1 1 1 1 1 0 0 0 0 1 0 1 1 1 1 23
0 0 0 0 0 0 0 0 0 0 0 0 0 0 0 0 0 0 0 0 0 1 0 1 0 0 0 0 0 0 0 0 0 0 0 0 0 0 0 0 0 0 0 0 0 0 0 0 0 0 2
0 0 0 0 0 0 0 0 0 0 0 0 0 0 0 0 0 0 0 0 0 0 0 0 1 0 0 0 0 0 0 0 0 0 0 0 0 0 0 0 0 0 0 0 0 0 0 0 0 0 1
0 0 0 0 0 0 0 0 0 0 0 0 0 0 0 0 0 0 0 0 0 0 0 0 0 0 0 0 0 0 0 0 0 0 1 0 0 0 0 0 0 0 0 0 0 0 0 0 0 0 1
0 0 0 0 0 0 0 0 0 0 0 0 0 0 0 0 0 0 0 0 0 0 0 0 0 0 0 0 0 0 0 0 0 0 0 0 0 0 1 0 0 0 0 0 0 0 0 0 0 0 1
0 0 0 0 0 0 0 0 0 0 0 0 0 0 0 0 0 0 1 0 0 0 0 0 0 0 0 0 0 0 0 0 0 0 0 0 0 0 0 0 0 0 0 0 0 0 0 0 0 0 1
0 0 0 0 0 0 0 0 0 0 0 0 0 0 0 0 0 0 0 0 0 0 0 0 0 0 0 0 0 0 0 0 0 0 0 0 0 0 0 0 0 0 0 0 0 0 0 0 1 0 1
0 0 0 0 0 0 0 0 0 0 0 0 0 0 0 0 0 0 0 0 0 0 0 0 0 0 1 0 0 0 0 0 0 0 0 0 0 0 0 0 0 0 0 0 0 0 0 0 0 0 1
0 0 0 0 0 0 0 0 1 0 0 0 0 0 0 0 0 0 0 0 0 0 0 0 0 0 0 0 0 0 0 0 0 0 0 0 0 0 0 0 0 0 0 0 0 0 0 0 0 0 1
0 0 0 0 0 0 0 0 0 0 0 0 0 0 0 0 0 0 0 0 0 0 0 0 0 1 0 0 0 0 0 0 0 0 0 0 0 0 0 0 0 0 0 0 0 0 0 0 0 0 1
0 0 0 0 0 0 0 0 0 0 0 0 0 0 0 0 0 0 0 1 0 0 0 0 0 0 0 0 0 0 0 0 0 0 0 0 0 0 0 0 0 0 0 0 0 0 0 0 0 0 1
0 0 0 0 0 0 0 0 0 0 0 0 0 1 0 0 0 0 0 0 0 0 0 0 0 0 0 0 0 0 0 0 0 0 0 0 0 0 0 0 0 0 0 0 0 0 0 0 0 0 1
0 0 0 0 0 0 0 0 0 0 0 0 0 0 0 0 0 0 0 0 0 0 1 0 0 0 0 0 0 0 0 0 0 0 0 0 0 0 0 0 0 0 0 0 0 0 0 0 0 0 1
0 0 0 0 0 0 0 0 0 0 0 0 0 0 0 0 0 0 0 0 0 0 0 0 0 0 0 0 0 0 0 0 0 0 0 0 0 0 0 0 0 0 0 0 0 1 0 0 0 0 1
0 0 0 0 0 0 0 0 0 0 0 0 0 0 0 0 1 0 0 0 0 0 0 0 0 0 0 0 0 0 0 0 0 0 0 0 0 0 0 0 0 0 0 0 0 0 0 0 0 0 1
0 0 0 0 0 0 0 0 0 0 0 0 0 0 0 0 0 0 0 0 0 0 0 0 0 0 0 0 1 0 0 0 0 0 0 0 0 0 0 0 0 0 0 0 0 0 0 0 0 0 1
0 0 0 0 0 0 0 0 0 0 0 0 0 0 0 0 0 0 0 0 0 0 0 0 1 0 0 0 0 0 0 0 0 0 0 0 0 0 0 0 0 0 0 0 0 0 0 0 0 0 1
0 0 0 0 0 0 0 0 0 0 0 0 0 0 0 0 0 0 0 0 0 0 0 0 0 0 0 0 0 0 0 0 0 0 0 0 0 0 0 0 0 0 1 0 0 0 0 0 0 0 1
0 0 0 0 0 0 0 0 0 0 0 0 0 0 0 0 0 0 0 0 0 0 0 0 0 0 0 0 0 0 0 0 1 0 0 0 0 0 0 0 0 0 0 0 0 0 0 0 0 0 1
0 0 0 0 0 0 0 1 0 0 0 0 0 0 0 0 0 0 0 0 0 0 0 0 0 0 0 0 0 0 0 0 0 0 0 0 0 0 0 0 0 0 0 0 0 0 0 0 0 0 1
0 0 0 0 0 0 0 0 0 0 0 0 0 0 0 0 0 0 0 0 0 0 0 0 0 0 0 0 0 0 0 0 0 0 0 0 1 0 0 1 0 0 0 0 0 0 0 0 0 0 2
0 1 0 0 0 0 0 0 0 0 0 0 0 0 0 0 0 0 0 0 0 0 0 0 0 0 0 0 0 0 0 0 0 0 0 0 0 0 0 0 0 0 0 0 0 0 0 0 0 0 1
0 0 1 0 0 0 0 0 0 0 0 0 0 0 0 0 0 0 0 0 0 0 0 0 0 0 0 0 0 0 0 0 0 0 0 0 0 0 0 0 0 0 0 0 0 0 0 0 0 0 1
0 0 0 0 0 0 0 0 0 0 0 0 0 0 1 0 0 0 0 0 0 0 0 0 0 0 0 0 0 0 0 0 0 0 0 0 0 0 0 0 0 0 0 0 0 0 0 0 0 0 1
0 0 0 0 0 0 0 0 0 0 0 0 0 0 0 0 0 0 0 0 0 0 0 0 0 0 0 1 0 0 0 0 0 0 0 0 0 0 0 0 0 0 0 0 0 0 0 0 0 0 1
0 0 0 0 0 0 1 0 0 0 0 0 0 0 0 0 0 0 0 0 0 0 0 0 0 0 0 0 0 0 0 0 0 0 0 0 0 0 0 0 0 0 0 0 0 0 0 0 0 0 1
0 0 0 0 0 0 0 0 0 0 0 0 0 0 0 0 0 0 0 0 0 0 0 0 0 0 0 0 0 0 0 0 0 0 0 0 0 0 0 0 0 0 0 0 0 0 1 0 0 0 1
0 0 0 0 0 0 0 0 0 0 0 0 0 0 0 0 0 0 0 0 0 0 0 0 0 0 0 0 0 0 0 0 0 0 0 0 0 0 1 0 0 0 0 0 0 0 0 0 0 0 1
0 0 0 0 0 0 0 0 0 0 0 0 0 0 0 0 0 0 0 0 0 0 0 0 0 1 0 0 0 0 0 0 0 0 0 0 0 0 0 0 0 0 0 0 0 0 0 0 0 0 1
0 0 0 0 0 0 0 0 0 0 0 0 0 0 0 0 0 0 0 0 0 0 0 0 0 0 0 0 1 0 0 0 0 0 0 0 0 0 0 0 0 0 0 0 0 0 0 0 0 0 1
0 0 0 1 0 0 0 0 0 0 0 0 0 0 0 0 0 0 0 0 0 0 0 0 0 0 0 0 0 0 0 0 0 0 0 0 0 0 0 0 0 0 0 0 0 0 0 0 0 0 1
0 0 0 0 0 0 0 0 0 0 0 0 0 0 0 0 0 0 0 0 0 0 0 0 0 0 0 0 0 0 0 0 0 0 0 0 0 0 0 1 0 0 0 0 0 0 0 0 0 0 1
0 0 0 0 1 0 0 0 0 0 0 0 0 0 0 0 0 0 0 0 0 0 0 0 0 0 0 0 0 0 0 0 0 0 0 0 0 0 0 0 0 0 0 0 0 0 0 0 0 0 1
0 0 0 0 0 0 0 0 0 0 0 0 0 0 0 0 0 0 0 0 0 0 0 0 0 1 0 0 0 0 0 0 0 0 0 0 0 0 0 0 0 0 0 0 0 0 0 0 0 0 1
1 0 0 0 0 0 0 0 0 0 0 0 0 0 0 0 0 0 0 0 0 0 0 0 0 0 0 0 0 0 0 0 0 0 0 0 0 0 0 0 0 0 0 0 0 0 0 0 0 0 1
0 0 0 0 0 0 0 0 0 0 0 0 0 0 0 0 0 0 0 0 0 0 0 0 0 0 0 0 0 0 0 0 0 0 0 1 0 0 0 0 0 0 0 0 0 0 0 0 0 0 1
0 0 1 0 0 0 0 0 0 0 0 0 0 0 0 0 0 0 0 0 0 0 0 0 0 0 0 0 0 0 0 0 0 0 0 0 0 0 0 0 0 0 0 0 0 0 0 0 0 0 1
0 0 0 0 0 0 0 0 1 0 0 0 0 0 0 0 0 0 0 0 0 0 0 0 0 0 0 0 0 0 0 0 0 0 0 0 0 0 0 0 0 0 0 0 0 0 0 0 0 0 1
0 0 0 0 0 0 0 0 0 0 0 0 0 0 0 0 0 0 0 0 0 0 0 0 0 0 0 0 0 0 0 0 0 0 0 0 0 0 0 0 0 1 0 0 0 0 0 0 0 0 1
0 0 0 0 0 0 0 1 0 0 0 0 0 0 0 0 0 0 0 0 0 0 0 0 0 0 0 0 0 0 0 0 0 0 0 0 0 0 0 0 0 0 0 0 0 0 0 0 0 0 1
0 0 0 0 0 0 0 0 0 0 0 0 0 0 0 0 0 0 0 0 0 0 0 0 0 0 1 0 0 0 0 0 0 0 0 0 0 0 0 0 0 0 0 0 0 0 0 0 0 0 1
0 0 0 0 0 0 0 0 0 0 0 0 0 0 0 0 0 0 0 0 0 0 0 0 0 0 0 0 0 0 0 0 0 0 1 0 0 0 0 0 0 0 0 0 0 0 0 0 0 0 1
0 0 0 0 0 0 0 0 0 0 0 0 0 0 0 0 0 0 0 0 0 0 0 0 0 0 0 0 0 0 0 0 0 0 0 0 0 0 0 1 0 0 0 0 0 0 0 0 0 0 1
0 0 0 0 0 0 0 0 0 0 0 1 0 0 0 0 0 0 0 0 0 0 0 0 0 0 0 0 0 0 0 0 0 0 0 0 0 0 0 0 0 0 0 0 0 0 0 0 0 0 1
0 0 0 0 0 0 0 0 0 0 1 0 0 0 0 0 0 0 0 0 0 0 0 0 0 0 0 0 0 0 0 0 0 0 0 0 0 0 0 0 0 0 0 0 0 0 0 0 0 0 1
0 0 0 0 0 0 0 0 0 0 0 0 0 0 0 0 0 0 0 0 0 0 0 0 0 0 0 0 0 0 0 0 0 0 0 1 0 0 0 0 0 0 0 0 0 0 0 0 0 0 1
0 0 0 0 0 0 0 0 0 0 0 0 0 0 0 0 0 0 0 0 0 0 0 0 0 0 0 0 0 0 0 0 0 0 0 0 0 0 0 0 1 0 0 0 0 0 0 0 0 0 1
0 0 0 0 0 0 0 0 0 0 0 0 0 0 0 0 0 0 0 0 0 0 0 0 0 0 0 0 0 0 0 0 0 0 0 0 0 0 0 0 0 0 0 0 0 0 0 0 1 0 1
0 0 0 0 0 0 0 0 0 0 0 0 0 0 0 1 0 0 0 0 0 0 0 0 0 0 0 0 0 0 0 0 0 0 0 0 0 0 0 0 0 0 0 0 0 0 0 0 0 0 1
0 0 0 0 0 0 0 0 0 0 0 0 0 0 0 0 0 0 0 0 0 0 0 0 0 0 0 0 0 0 0 0 0 0 0 0 0 1 0 0 0 0 0 0 0 0 0 0 0 0 1
0 0 0 0 0 0 0 0 1 0 0 0 0 0 0 0 0 0 0 0 0 0 0 0 0 0 0 0 0 0 0 0 0 0 0 0 0 0 0 0 0 0 0 0 0 0 0 0 0 0 1
0 1 0 0 0 0 0 0 0 0 0 0 0 0 0 0 0 0 0 0 0 0 0 0 0 0 0 0 0 0 0 0 0 0 0 0 0 0 0 0 0 0 0 0 0 0 0 0 0 0 1
0 0 0 0 0 0 0 0 0 0 0 0 0 0 0 0 0 0 0 0 0 0 0 0 0 0 0 0 0 0 0 0 0 0 0 0 0 0 0 0 1 0 0 0 0 0 0 0 0 0 1
0 0 0 0 0 0 0 0 0 0 0 0 0 0 0 0 0 0 0 0 0 0 0 0 0 0 0 0 0 0 0 0 0 0 0 0 0 0 0 0 0 0 0 0 0 0 0 0 0 1 1
0 0 0 0 0 0 0 0 0 0 0 0 0 0 0 0 0 0 0 0 0 0 0 0 0 0 0 0 0 1 0 0 0 0 0 0 0 0 0 0 0 0 0 0 0 0 0 0 0 0 1
1 0 0 0 0 0 0 0 0 0 0 0 0 0 0 0 0 0 0 0 0 0 0 0 0 0 0 0 0 0 0 0 0 0 0 0 0 0 0 0 0 0 0 0 0 0 0 0 0 0 1
0 0 0 0 0 0 1 0 0 0 0 0 0 0 0 0 0 0 0 0 0 0 0 0 0 0 0 0 0 0 0 0 0 0 0 0 0 0 0 0 0 0 0 0 0 0 0 0 0 0 1
0 0 0 1 0 0 0 0 0 0 0 0 0 0 0 0 0 0 0 0 0 0 0 0 0 0 0 0 0 0 0 0 0 0 0 0 0 0 0 0 0 0 0 0 0 0 0 0 0 0 1
0 0 0 0 0 0 0 0 0 0 0 0 0 0 0 0 0 0 0 0 0 0 0 0 0 0 0 0 0 0 0 0 0 0 0 0 0 0 0 1 0 0 0 0 0 0 0 0 0 0 1
0 0 0 0 0 0 0 0 0 0 0 0 0 0 0 0 0 0 0 0 0 0 0 0 0 0 0 0 0 0 0 0 0 0 0 0 0 1 0 0 0 0 0 0 0 0 0 0 0 0 1
0 0 0 0 0 0 0 0 0 0 0 0 0 0 0 1 0 0 0 0 0 0 0 0 0 0 0 0 0 0 0 0 0 0 0 0 0 0 0 0 0 0 0 0 0 0 0 0 0 0 1
0 0 0 0 0 0 0 0 0 0 0 0 0 0 0 0 0 0 0 0 0 0 0 0 0 0 0 0 1 0 0 0 0 0 0 0 0 0 0 0 0 0 0 0 0 0 0 0 0 0 1
0 0 0 0 0 0 0 1 0 0 0 0 0 0 0 0 0 0 0 0 0 0 0 0 0 0 0 0 0 0 0 0 0 0 0 0 0 0 0 0 0 0 0 0 0 0 0 0 0 0 1
0 0 0 0 0 0 0 0 0 0 0 0 1 0 0 0 0 0 0 0 0 0 0 0 0 0 0 0 0 0 0 0 0 0 0 0 0 0 0 0 0 0 0 0 0 0 0 0 0 0 1
0 0 0 0 0 0 0 0 0 0 0 0 0 0 0 0 0 0 0 0 0 0 0 0 0 0 0 0 0 0 1 0 0 0 0 0 0 0 0 0 0 0 0 0 0 0 0 0 0 0 1
0 0 0 0 0 0 1 0 0 0 0 0 0 0 0 0 0 0 0 0 0 0 0 0 0 0 0 0 0 0 0 0 0 0 0 0 0 0 0 0 0 0 0 0 0 0 0 0 0 0 1
0 0 0 0 0 0 0 0 0 0 0 0 0 0 0 0 1 0 0 0 0 0 0 0 0 0 0 0 0 0 0 0 0 0 0 0 0 0 0 0 0 0 0 0 0 0 0 0 0 0 1
0 0 0 0 0 1 0 0 0 0 0 0 0 0 0 0 0 0 0 0 0 0 0 0 0 0 0 0 0 0 0 0 0 0 0 0 0 0 0 0 0 0 0 0 0 0 0 0 0 0 1
0 0 0 0 0 0 0 0 0 0 0 0 0 0 0 0 0 0 0 0 0 0 0 0 0 0 0 0 0 0 0 0 0 0 0 0 0 0 0 0 0 0 0 1 0 0 0 0 0 0 1
0 0 0 0 0 0 0 0 0 0 0 0 0 0 0 1 0 0 0 0 0 0 0 0 0 0 0 0 0 0 0 0 0 0 0 0 0 0 0 0 0 0 0 0 0 0 0 0 0 0 1
0 0 0 0 0 0 0 0 0 0 0 1 0 0 0 0 0 0 0 0 0 0 0 0 0 0 0 0 0 0 0 0 0 0 0 0 0 0 0 0 0 0 0 0 0 0 0 0 0 0 1
0 0 0 0 0 0 0 0 0 0 0 0 0 0 0 0 0 0 0 0 0 0 0 0 0 0 0 0 0 0 0 0 0 0 0 0 0 0 1 0 0 0 0 0 0 0 0 0 0 0 1
0 0 0 0 0 0 0 0 0 0 0 0 0 0 0 0 0 0 0 0 0 0 0 0 0 0 0 0 0 0 0 0 0 0 0 0 0 0 0 0 0 0 0 0 1 0 0 0 0 0 1
0 0 0 0 0 0 0 0 0 0 0 0 0 1 0 0 0 0 0 0 0 0 0 0 0 0 0 0 0 0 0 0 0 0 0 0 0 0 0 0 0 0 0 0 0 0 0 0 0 0 1
0 0 0 0 0 0 0 0 0 0 0 0 0 0 0 0 0 0 0 0 0 0 0 0 0 0 0 0 0 0 0 0 0 0 0 0 0 1 0 0 0 0 0 0 0 0 0 0 0 0 1
1 0 0 0 0 0 0 0 0 0 0 0 0 0 0 0 0 0 0 0 0 0 0 0 0 0 0 0 0 0 0 0 0 0 0 0 0 0 0 0 0 0 0 0 0 0 0 0 0 0 1
0 0 0 0 0 0 0 0 0 0 0 0 0 0 0 0 0 0 0 0 0 0 0 0 0 0 0 0 0 0 0 0 0 0 0 0 0 0 1 0 0 0 0 0 0 0 0 0 0 0 1
0 0 0 0 0 0 0 0 0 0 0 0 0 0 0 1 0 0 0 0 0 0 0 0 0 0 0 0 0 0 0 0 0 0 0 0 0 0 0 0 0 0 0 0 0 0 0 0 0 0 1
0 0 0 0 0 0 0 0 0 0 0 0 0 0 0 0 0 0 0 0 0 0 0 0 0 0 0 0 0 1 0 0 0 0 0 0 0 0 0 0 0 0 0 0 0 0 0 0 0 0 1
0 0 0 0 0 0 0 0 0 0 0 0 0 0 0 0 0 0 0 0 0 0 0 0 0 0 0 0 0 0 0 0 0 0 0 0 0 0 0 0 0 0 0 0 0 0 0 0 1 0 1
0 0 0 0 0 0 0 0 0 0 0 0 0 0 0 0 1 0 0 0 0 0 0 0 0 0 0 0 0 0 0 0 0 0 0 0 0 0 0 0 0 0 0 0 0 0 0 0 0 0 1
0 0 0 0 0 0 0 0 1 0 0 0 0 0 0 0 0 0 0 0 0 0 0 0 0 0 0 0 0 0 0 0 0 0 0 0 0 0 0 0 0 0 0 0 0 0 0 0 0 0 1
0 0 0 0 0 0 0 0 0 0 0 0 0 0 0 0 0 0 0 0 0 0 0 0 0 0 0 0 0 0 1 0 0 0 0 0 0 0 0 0 0 0 0 0 0 0 0 0 0 0 1
0 0 0 0 0 0 0 0 0 0 0 0 0 0 0 0 0 0 1 0 0 0 0 0 0 0 0 0 0 0 0 0 0 0 0 0 0 0 0 0 0 0 0 0 0 0 0 0 0 0 1
0 0 0 0 0 0 0 0 0 0 0 0 0 0 0 0 0 0 0 0 0 0 0 0 0 0 0 0 0 0 0 0 0 0 0 0 0 0 0 0 0 0 0 0 0 0 0 0 0 1 1
0 0 0 0 0 0 0 0 0 0 0 0 0 0 0 0 0 0 0 0 0 0 0 1 0 0 0 0 0 0 0 0 0 0 0 0 0 0 0 0 0 0 0 0 0 0 0 0 0 0 1
0 0 0 0 0 0 0 0 0 0 0 0 0 0 0 0 0 0 0 0 0 0 0 0 0 0 0 0 0 0 0 0 0 0 0 0 1 0 0 0 0 0 0 0 0 0 0 0 0 0 1
0 0 0 0 0 0 0 0 0 0 0 0 0 0 0 0 0 0 0 0 0 1 0 0 0 0 0 0 0 0 0 0 0 0 0 0 0 0 0 0 0 0 0 0 0 0 0 0 0 0 1
0 0 0 0 1 0 0 0 0 0 0 0 0 0 0 0 0 0 0 0 0 0 0 0 0 0 0 0 0 0 0 0 0 0 0 0 0 0 0 0 0 0 0 0 0 0 0 0 0 0 1
0 0 0 0 0 0 0 0 0 0 0 0 0 0 0 0 0 0 0 0 1 0 0 0 0 0 0 0 0 0 0 0 0 0 0 0 0 0 0 0 0 0 0 0 0 0 0 0 0 0 1
0 0 0 0 0 0 0 0 0 0 0 0 0 0 0 0 0 0 0 0 0 0 0 0 0 0 0 0 0 0 0 0 0 1 0 0 0 0 0 0 0 0 0 0 0 0 0 0 0 0 1
0 0 0 0 0 0 0 0 0 0 0 0 0 0 0 0 0 0 0 0 0 0 0 0 1 0 0 0 0 0 0 0 0 0 0 0 0 0 0 0 0 0 0 0 0 0 0 0 0 0 1
0 0 0 0 0 0 0 0 1 0 0 0 0 0 0 0 0 0 0 0 0 0 0 0 0 0 0 0 0 0 0 0 0 0 0 0 0 0 0 0 0 0 0 0 0 0 0 0 0 0 1
0 0 0 0 0 0 0 0 0 0 0 0 0 0 1 0 0 0 0 0 0 0 0 0 0 0 0 0 0 0 0 0 0 0 0 0 0 0 0 0 0 0 0 0 0 0 0 0 0 0 1
0 0 0 0 0 0 0 0 0 0 0 0 0 0 0 0 0 0 0 0 0 0 0 0 0 0 0 1 0 0 0 0 0 0 0 0 0 0 0 0 0 0 0 0 0 0 0 0 0 0 1
0 0 0 0 0 0 0 0 0 0 1 0 0 0 0 0 0 0 0 0 0 0 0 0 0 0 0 0 0 0 0 0 0 0 0 0 0 0 0 0 0 0 0 0 0 0 0 0 0 0 1
0 0 0 0 0 0 0 0 0 0 0 0 0 0 0 0 0 0 0 0 0 0 0 0 0 0 0 0 0 0 0 0 0 0 0 0 0 0 0 0 0 0 0 0 0 0 0 0 0 1 1
0 0 0 0 0 0 0 0 0 0 0 0 0 0 0 0 0 0 0 0 1 0 0 0 0 0 0 0 0 0 0 0 0 0 0 0 0 0 0 0 0 0 0 0 0 0 0 0 0 0 1
0 0 0 0 0 0 0 0 0 0 0 0 0 0 0 0 0 0 0 0 0 0 0 0 0 0 0 0 0 0 0 0 0 0 0 0 0 0 0 0 0 0 0 0 0 1 0 0 0 0 1
0 0 0 0 0 0 0 0 0 0 0 0 0 0 0 0 0 0 0 0 0 0 0 0 0 0 0 0 0 0 0 0 0 0 0 0 0 0 0 0 0 0 0 0 1 0 0 0 0 0 1
0 0 0 0 1 0 0 0 0 0 0 0 0 0 0 0 0 0 0 0 0 0 0 0 0 0 0 0 0 0 0 0 0 0 0 0 0 0 0 0 0 0 0 0 0 0 0 0 0 0 1
0 0 0 0 0 0 1 0 0 0 0 0 0 0 0 0 0 0 0 0 0 0 0 0 0 0 0 0 0 0 0 0 0 0 0 0 0 0 0 0 0 0 0 0 0 0 0 0 0 0 1
0 0 0 0 0 0 0 0 0 0 0 0 0 0 0 0 1 0 0 0 0 0 0 0 0 0 0 0 0 0 0 0 0 0 0 0 0 0 0 0 0 0 0 0 0 0 0 0 0 0 1
0 0 0 0 0 0 0 0 0 0 0 0 0 0 0 0 0 0 0 0 0 0 0 0 0 0 0 0 0 0 0 0 0 0 0 0 0 0 0 0 1 0 0 0 0 0 0 0 0 0 1
1 0 0 0 0 0 0 0 0 0 0 0 0 0 0 0 0 0 0 0 0 0 0 0 0 0 0 0 0 0 0 0 0 0 0 0 0 0 0 0 0 0 0 0 0 0 0 0 0 0 1
0 0 0 0 0 0 1 0 0 0 0 0 0 0 0 0 0 0 0 0 0 0 0 0 0 0 0 0 0 0 0 0 0 0 0 0 0 0 0 0 0 0 0 0 0 0 0 0 0 0 1
0 0 0 0 0 0 0 0 0 0 0 0 0 0 0 0 0 0 0 0 0 0 0 0 0 0 0 0 0 0 0 0 0 0 0 0 0 0 0 0 0 0 0 0 0 0 0 1 0 0 1
0 0 0 1 0 0 0 0 0 0 0 0 0 0 0 0 0 0 0 0 0 0 0 0 0 0 0 0 0 0 0 0 0 0 0 0 0 0 0 0 0 0 0 0 0 0 0 0 0 0 1
0 0 0 0 0 0 0 0 0 0 0 1 0 0 0 0 0 0 0 0 0 0 0 0 0 0 0 0 0 0 0 0 0 0 0 0 0 0 0 0 0 0 0 0 0 0 0 0 0 0 1
0 0 0 0 0 0 0 0 0 0 0 0 0 1 0 0 0 0 0 0 0 0 0 0 0 0 0 0 0 0 0 0 0 0 0 0 0 0 0 0 0 0 0 0 0 0 0 0 0 0 1
0 0 0 0 0 0 0 0 0 0 0 0 0 0 0 0 0 0 0 0 0 0 0 0 0 0 0 0 0 0 0 0 0 0 0 0 1 0 0 0 0 0 0 0 0 0 0 0 0 0 1
47 49 45 48 50 54 43 54 42 42 51 50 53 59 54 53 57 51 46 46 57 54 47 48 53 54 51 52 57 48 48 46 47 55 51 56 56 41 48 53 53 45 53 50 45 38 49 51 49 51 2500
