0 1 0 0 0 0 0 1 1 0 1 0 1 1 0 1 0 0 1 0 1 1 1 0 1 1 0 0 1 1 1 1 0 1 1 1 1 1 0 1 0 0 0 0 1 1 0 0 0 0 25
0 1 0 1 0 1 1 1 0 1 1 0 1 1 0 1 0 1 1 0 1 1 1 1 0 1 0 0 1 1 1 1 1 0 1 1 1 1 1 1 1 0 0 0 1 0 0 0 0 0 30
0 1 0 0 0 0 0 1 0 1 1 0 1 1 1 1 1 0 0 0 1 1 0 1 1 1 1 1 1 0 1 1 1 0 0 1 0 0 1 1 0 1 0 0 1 1 0 0 0 0 26
0 0 0 1 1 1 0 1 0 1 1 0 1 1 1 1 0 1 0 0 1 1 0 1 1 0 0 1 1 1 1 1 0 1 1 1 0 0 0 0 1 1 0 0 0 1 0 0 0 0 26
0 1 1 1 0 0 0 1 1 1 1 0 1 1 0 1 0 1 1 0 0 1 0 0 1 1 1 0 1 1 1 1 1 0 0 1 0 0 0 1 0 1 0 0 1 0 0 0 0 0 25
0 1 1 1 0 0 0 1 1 1 1 0 1 0 0 1 1 0 1 0 1 0 1 0 1 1 1 0 0 1 0 0 1 0 1 1 0 0 1 1 0 1 0 0 1 1 0 0 0 0 25
0 1 0 1 0 1 1 1 1 1 1 1 1 1 1 1 1 0 1 0 1 1 0 0 1 1 0 0 1 1 1 1 1 1 0 1 1 1 0 0 0 1 0 1 1 0 0 0 0 0 31
0 1 0 0 0 1 0 1 1 0 1 0 1 0 1 1 1 0 1 0 1 1 0 0 0 1 0 0 1 1 1 0 0 1 1 0 0 1 1 0 1 1 0 0 1 0 0 0 0 0 23
0 0 1 0 0 1 0 1 1 1 1 0 1 1 0 1 0 0 1 0 1 0 1 0 1 1 1 0 1 1 1 1 0 1 0 1 0 0 0 1 0 0 0 1 1 0 0 0 0 0 24
0 1 0 1 1 0 0 1 1 0 1 1 1 1 0 1 1 1 1 1 1 1 0 0 1 1 1 0 0 1 0 0 0 1 0 1 1 0 0 1 1 1 0 0 1 0 1 0 0 0 28
0 1 1 0 0 0 0 1 0 1 1 0 1 0 1 0 1 0 0 0 1 1 0 1 1 1 1 0 1 1 1 1 1 1 0 0 1 0 0 0 1 1 0 0 1 1 0 0 0 0 25
0 0 1 1 1 0 0 1 1 1 1 0 1 0 0 1 0 0 1 0 1 1 1 0 1 1 1 1 1 0 0 1 0 1 1 0 0 0 0 1 1 0 0 0 0 0 0 0 0 0 23
0 1 0 1 0 0 0 0 1 1 1 0 1 1 0 1 0 0 1 0 1 0 1 1 1 1 1 0 1 1 1 1 1 0 1 1 1 0 0 1 0 1 0 0 1 0 0 0 0 0 26
0 1 0 0 0 0 0 1 1 1 1 0 0 1 0 0 1 0 0 0 1 1 0 0 1 1 0 1 0 0 1 1 1 0 0 1 1 1 0 0 0 0 1 0 1 0 0 0 0 0 20
0 1 0 1 0 1 0 1 1 1 1 1 1 1 1 1 1 1 0 0 1 1 1 0 1 1 0 0 1 1 1 1 0 0 1 0 0 0 0 0 0 1 0 0 1 0 0 0 0 0 26
0 1 0 1 1 0 0 1 0 0 1 1 1 0 0 0 0 0 1 0 1 1 0 0 1 1 1 0 1 1 0 1 1 1 0 1 0 0 0 0 1 1 0 0 1 0 1 0 0 0 23
0 1 0 1 0 0 0 1 0 1 1 0 1 1 0 1 1 0 0 0 1 1 0 1 0 1 1 1 1 1 1 1 1 0 0 1 0 0 0 0 0 1 0 1 1 0 0 0 1 0 25
0 1 0 0 0 1 0 1 0 1 1 0 1 1 1 1 0 0 0 0 1 1 1 1 0 1 1 0 1 1 1 0 1 1 1 1 1 0 0 1 0 1 0 0 1 1 0 0 0 0 27
0 0 0 0 0 0 0 1 1 1 1 0 1 1 0 1 0 1 1 0 1 1 1 0 1 1 0 0 1 1 1 1 1 0 0 0 0 0 0 0 1 1 0 0 1 1 0 0 0 0 23
0 1 0 1 0 1 0 1 1 1 1 0 1 1 1 0 1 0 1 0 1 1 1 0 1 1 1 0 1 1 1 1 0 0 1 0 0 0 0 1 1 1 0 0 0 0 0 0 0 0 26
0 1 0 0 0 0 0 1 0 1 1 0 0 1 1 1 0 0 0 0 1 1 0 0 1 1 1 0 1 1 0 1 1 0 1 0 1 0 1 1 0 1 0 0 0 0 0 0 0 0 21
0 1 0 1 0 0 0 1 1 1 1 0 1 0 1 0 1 0 1 0 1 1 1 1 1 1 1 0 1 1 1 1 1 0 0 0 1 0 0 0 0 1 0 0 1 0 0 0 0 0 25
0 0 0 1 0 1 0 1 1 1 1 0 1 0 0 1 0 1 0 0 1 1 0 1 1 1 0 0 1 1 1 0 0 0 0 0 1 1 0 1 1 1 0 0 1 1 0 0 0 0 24
0 1 1 1 0 1 0 1 0 0 1 0 1 0 0 1 0 0 0 0 1 0 1 0 1 1 1 1 1 1 1 1 1 0 0 1 1 0 1 1 0 1 0 0 1 0 0 0 0 0 25
0 1 0 1 0 0 0 1 0 1 1 0 1 1 0 1 1 1 1 0 1 1 0 0 1 1 1 0 1 1 1 1 1 1 1 1 1 1 0 0 0 1 0 0 1 1 0 0 1 0 30
0 1 0 1 1 0 0 1 0 0 1 0 1 1 0 1 0 0 0 0 1 1 1 0 1 1 1 0 1 0 0 1 1 0 0 0 1 0 0 0 1 1 0 0 0 0 0 0 0 0 20
0 0 1 1 1 0 0 1 1 1 0 0 1 1 1 0 1 1 1 0 1 1 1 0 1 0 1 0 1 1 1 1 1 0 1 0 0 0 1 1 1 1 0 0 1 0 0 1 0 0 29
0 1 0 1 0 1 0 1 0 1 1 0 0 0 1 1 1 0 0 0 1 1 0 1 1 1 1 0 1 1 1 1 1 1 0 1 1 0 0 1 1 1 0 0 0 0 0 0 0 0 26
0 0 1 1 0 0 0 1 0 1 1 0 1 1 1 1 1 0 0 0 1 1 0 1 1 1 0 0 1 1 1 1 1 0 1 1 0 0 0 1 0 1 0 0 0 0 1 0 0 0 25
0 0 0 1 0 0 0 1 1 1 1 0 1 0 1 0 1 0 1 0 1 1 1 1 1 1 0 1 1 1 1 1 0 1 0 1 0 0 1 1 1 1 0 1 1 0 0 0 0 0 28
1 0 0 1 0 1 0 1 1 1 1 0 1 1 1 0 0 0 0 0 1 0 0 1 1 1 1 1 1 1 1 1 0 0 1 0 0 0 0 1 1 0 0 0 1 0 0 0 0 1 25
0 1 0 1 0 1 0 1 0 0 1 0 1 0 0 1 1 1 1 0 1 1 1 0 0 1 1 0 1 1 1 1 0 0 1 1 1 0 0 1 0 1 0 1 0 1 0 0 0 0 26
0 1 0 0 0 1 0 1 0 1 1 0 1 0 0 1 1 0 1 0 1 1 0 0 1 1 1 0 1 1 0 1 0 0 0 0 0 0 0 0 0 1 0 0 1 0 0 0 0 1 20
0 1 1 0 1 0 0 1 0 1 1 0 1 0 1 1 0 0 0 0 1 1 1 1 1 1 0 1 1 1 1 1 0 0 1 0 0 0 0 0 0 1 0 1 1 1 0 0 0 0 25
0 1 0 1 0 1 0 1 0 1 1 0 1 1 0 0 0 0 1 0 1 1 1 0 1 1 1 0 1 1 0 1 0 0 1 1 0 1 1 1 0 1 0 1 1 1 0 0 0 0 27
0 1 0 1 0 0 0 1 0 0 1 0 1 1 0 0 0 0 1 0 1 0 0 0 1 1 1 0 1 1 1 1 1 1 0 1 1 1 1 1 0 1 0 0 1 0 0 0 0 0 24
0 1 0 0 0 0 0 1 1 1 1 0 1 0 0 0 0 1 1 0 1 1 1 0 1 1 1 0 1 1 1 1 0 0 0 0 0 0 0 1 1 1 0 0 0 0 0 0 0 0 21
1 1 1 0 0 0 0 0 0 0 1 1 1 0 0 1 1 0 1 1 1 1 1 1 1 1 1 0 1 1 1 1 1 1 1 1 0 0 1 1 1 1 0 0 1 0 0 0 0 0 30
0 0 0 0 0 1 0 1 1 1 0 0 1 1 0 1 0 0 1 0 1 1 0 1 1 1 1 1 1 1 1 1 1 1 1 1 0 0 0 1 0 1 0 0 0 0 0 0 0 0 25
0 1 0 1 0 0 0 1 0 0 1 0 1 0 0 0 0 0 1 0 1 1 0 0 1 1 1 0 1 1 1 1 1 0 1 1 0 0 1 1 1 1 0 0 0 1 1 0 1 0 25
0 1 0 0 0 1 0 1 0 0 1 0 0 1 1 1 1 0 0 0 1 1 0 1 0 0 1 0 1 1 1 1 0 0 1 1 0 0 0 1 0 1 0 0 1 1 0 0 0 0 22
0 1 0 1 1 0 0 1 1 1 1 0 1 1 1 1 0 0 0 0 1 0 1 0 1 1 0 0 1 1 1 1 0 1 0 1 1 0 1 0 0 1 0 0 0 1 0 0 0 0 25
0 1 1 1 0 1 0 1 1 1 1 0 1 0 0 1 0 0 1 0 1 0 1 0 1 1 1 0 1 1 1 1 0 1 1 1 0 0 0 1 1 1 0 0 0 0 0 0 0 0 26
0 1 1 1 0 0 0 0 0 0 1 0 1 1 0 1 1 1 1 0 1 1 0 0 1 1 1 1 1 1 1 1 1 1 1 1 0 0 1 1 1 1 0 0 0 1 0 0 0 0 29
0 1 0 0 0 1 0 1 1 0 1 1 1 0 0 1 1 1 0 0 1 1 1 1 1 1 1 0 1 0 0 1 1 1 1 1 0 0 0 1 1 1 0 0 1 1 0 0 1 0 29
0 1 0 1 0 0 0 1 1 1 0 0 1 1 0 1 0 1 1 0 1 0 1 0 1 1 1 0 1 1 0 1 0 0 1 1 0 1 0 1 0 1 0 1 1 1 0 0 0 0 26
0 1 0 1 0 0 0 1 0 1 0 0 1 0 0 1 0 0 1 0 1 1 1 1 1 1 1 0 1 0 1 1 0 1 1 0 1 1 0 1 0 1 0 0 1 0 0 0 0 0 24
0 1 1 1 0 0 0 0 1 1 1 0 1 0 1 1 0 0 1 0 0 1 0 1 1 1 1 0 1 1 1 1 0 0 1 1 0 0 1 1 0 1 0 1 1 1 0 0 0 0 27
0 0 0 1 0 0 0 1 1 1 1 0 1 1 0 1 0 0 0 0 1 1 0 0 1 1 1 0 1 0 1 1 1 0 1 1 0 0 0 1 1 1 0 0 0 0 0 0 0 0 22
0 0 1 1 0 0 0 1 0 1 1 0 1 1 0 0 0 0 1 0 1 1 0 1 1 1 0 1 1 1 0 1 1 0 0 1 1 0 0 0 0 1 0 0 0 0 0 0 0 0 21
0 1 0 0 0 0 0 1 0 0 1 0 0 1 1 0 0 1 1 0 1 0 1 0 1 1 0 0 1 1 0 1 0 0 1 1 1 0 0 1 0 1 0 0 0 0 0 0 0 0 19
0 1 0 1 0 0 0 1 0 0 1 0 1 1 1 0 1 0 0 0 1 1 1 0 1 1 1 0 1 1 0 0 1 0 1 1 0 0 0 0 0 1 0 0 1 1 0 0 0 0 22
0 0 1 1 0 1 0 1 1 1 1 0 1 1 1 0 0 0 0 0 1 1 1 1 1 0 0 0 0 1 1 1 1 0 1 0 1 1 0 1 0 1 0 0 0 1 0 0 0 0 25
0 0 0 0 0 1 0 1 0 0 1 0 1 1 1 0 0 0 0 0 1 1 1 1 1 1 0 0 1 1 1 1 1 0 1 1 1 0 0 1 0 1 0 0 1 1 0 0 0 1 25
0 1 1 1 0 0 0 1 1 1 1 0 1 0 1 1 0 0 0 1 1 1 0 1 0 1 1 1 1 1 1 1 0 0 0 1 0 0 0 1 1 1 0 0 1 0 0 0 1 1 28
0 1 0 0 0 1 0 1 0 0 1 0 1 0 0 1 1 1 0 0 1 1 1 0 1 1 1 1 1 1 1 1 1 0 0 0 1 0 0 1 0 1 0 0 1 0 0 0 0 0 24
0 0 0 1 0 0 0 1 1 1 1 1 1 1 1 1 1 0 1 0 1 1 1 0 1 1 0 0 1 1 1 1 1 1 1 0 1 0 0 0 0 1 0 0 1 1 0 0 0 0 28
0 0 0 1 0 1 0 1 0 0 1 0 0 1 1 0 1 1 0 0 1 1 0 0 1 1 1 0 1 1 1 1 1 1 1 1 1 0 1 1 1 0 0 0 0 0 0 0 0 0 25
0 0 0 0 0 0 0 1 1 0 1 0 1 1 0 0 0 0 0 0 1 1 1 0 1 1 0 1 1 1 1 1 0 0 1 0 0 0 0 1 0 0 0 0 0 0 0 0 0 0 17
0 1 0 1 1 0 0 1 1 0 1 0 1 0 0 1 1 0 1 0 1 1 0 1 1 1 1 0 1 1 1 1 1 1 0 0 0 0 0 1 0 1 0 0 1 1 1 0 0 0 27
0 1 0 1 1 0 0 1 1 1 1 0 1 0 0 1 1 0 1 0 1 1 0 1 1 1 1 0 1 1 1 1 1 0 1 1 1 0 0 1 0 1 0 0 1 1 0 0 0 0 29
0 1 0 1 1 0 0 1 0 1 0 0 0 0 1 0 1 0 1 0 1 0 0 1 1 1 1 0 1 1 0 0 1 0 1 1 0 0 0 1 0 1 0 0 1 0 0 0 1 0 22
0 0 0 1 0 0 0 0 0 1 1 0 1 1 0 1 1 0 0 0 1 0 1 0 1 1 1 0 1 1 0 1 1 1 1 1 0 0 0 1 1 1 0 0 1 1 0 0 0 0 24
0 1 0 0 0 1 0 1 1 1 1 0 1 1 0 0 0 1 1 0 1 1 1 0 0 1 0 0 1 1 1 1 0 0 1 1 0 1 1 0 0 1 0 1 1 0 0 0 0 0 25
0 1 0 1 0 0 0 1 0 1 1 0 1 1 0 0 0 0 1 0 1 1 1 1 1 1 1 0 1 0 1 1 1 1 1 1 1 0 1 1 0 1 0 0 1 1 0 0 0 0 28
0 1 0 1 0 0 0 1 0 1 0 0 1 0 1 1 1 0 0 1 1 1 0 0 1 1 1 1 1 1 1 1 0 1 0 0 0 0 0 0 0 1 0 0 1 0 0 0 0 0 22
0 1 1 0 0 0 0 1 1 1 1 0 1 1 1 1 0 0 1 0 1 1 1 0 0 1 0 0 1 1 1 1 0 1 0 0 1 0 1 1 0 1 0 0 1 0 0 0 0 0 25
0 1 0 0 0 0 0 1 1 1 1 0 0 0 0 1 1 1 0 0 1 1 0 0 1 1 1 0 1 1 0 1 0 1 1 0 0 0 0 0 0 1 0 0 1 0 0 0 0 0 20
0 1 0 1 0 0 0 1 1 1 1 1 1 0 0 0 1 0 1 0 1 1 1 1 1 1 1 0 1 1 1 1 1 0 1 1 0 1 0 0 0 1 0 0 0 0 0 0 0 0 26
1 1 0 1 0 0 0 1 0 1 1 0 1 1 0 0 1 0 1 0 1 1 0 1 1 1 0 0 1 1 1 1 0 0 1 0 1 0 0 1 1 1 0 0 1 0 0 0 0 0 25
0 0 0 0 0 0 0 1 1 0 1 0 0 1 1 0 1 0 0 0 1 1 1 1 1 1 0 0 1 0 1 1 0 0 1 0 1 1 0 1 1 1 0 0 1 1 0 0 0 0 23
0 1 0 0 0 1 0 1 0 0 1 0 1 0 1 0 0 1 1 0 1 1 1 0 1 1 1 0 1 1 0 1 1 0 0 1 0 1 0 0 0 1 0 0 1 0 0 0 0 0 22
0 1 0 0 0 0 0 0 0 1 1 0 1 0 0 1 1 0 0 0 1 1 1 0 1 1 1 0 1 1 1 1 1 1 1 0 0 0 1 0 0 1 0 0 0 0 0 0 0 0 21
0 1 0 1 0 0 0 0 0 1 1 1 1 0 0 0 1 0 0 0 1 0 0 0 1 1 0 0 1 0 1 1 1 0 0 1 0 1 0 0 1 1 1 0 1 0 0 0 0 0 20
0 1 0 1 0 0 0 1 1 0 1 1 1 1 0 1 1 0 1 0 1 1 1 1 1 1 0 0 0 1 1 0 1 1 0 1 1 0 1 0 0 1 0 0 0 0 0 0 0 0 25
0 0 0 1 0 0 0 1 0 1 1 0 1 0 1 0 0 0 1 0 1 0 0 0 1 0 0 0 1 1 1 1 1 1 0 0 1 0 0 0 0 1 0 1 1 0 0 0 0 0 19
0 1 0 0 0 1 0 1 0 0 0 0 1 1 1 0 1 0 0 0 1 1 0 0 1 1 1 0 1 1 1 1 1 1 0 1 0 0 1 1 1 1 0 0 1 1 0 0 0 0 25
0 0 0 1 0 0 0 1 0 0 1 0 1 1 0 1 1 1 0 0 1 1 0 1 1 1 1 1 1 0 1 1 0 1 0 1 0 0 0 0 0 1 0 0 1 0 0 0 0 0 22
0 0 0 0 0 0 0 1 1 1 1 0 1 1 0 1 0 0 1 0 1 0 0 0 1 1 1 0 1 1 1 1 0 0 0 0 1 0 0 1 0 1 0 1 1 0 0 0 0 0 21
1 1 0 1 0 1 0 1 1 0 1 0 1 1 0 1 1 0 1 0 1 1 0 0 0 1 0 0 1 1 0 1 0 0 0 1 1 0 0 1 0 0 0 0 1 0 0 0 1 0 23
1 1 0 0 0 1 0 1 0 1 1 0 1 0 0 1 0 0 1 0 1 1 1 0 1 1 1 0 1 1 1 1 0 0 1 1 0 0 0 1 1 1 0 0 1 0 0 0 0 0 25
0 0 1 0 0 1 0 1 1 0 0 0 1 1 1 0 1 0 1 0 1 1 0 0 1 1 0 0 0 1 1 1 0 1 1 0 0 0 0 0 0 0 0 0 1 0 0 0 0 0 19
0 0 1 1 0 0 0 1 1 1 0 0 1 0 0 0 0 0 0 0 1 1 1 0 1 1 1 1 1 1 1 1 1 0 1 1 1 1 1 0 1 1 0 0 1 0 0 0 0 0 26
0 1 0 1 0 1 0 1 0 1 1 0 1 1 0 1 0 0 1 1 1 0 0 0 1 1 0 0 1 1 0 1 0 0 1 1 0 1 1 0 1 1 0 0 0 1 0 0 0 0 24
0 0 0 1 0 0 0 1 0 1 1 0 1 0 0 1 0 1 1 0 1 1 1 0 0 1 1 1 1 0 1 1 1 0 0 1 1 0 1 1 1 1 0 0 1 0 0 0 0 0 25
0 0 0 0 0 1 0 1 0 1 1 0 1 0 1 1 1 1 1 0 1 0 1 0 1 1 1 1 1 1 1 1 1 0 0 0 0 0 1 1 0 1 0 0 0 1 0 0 0 0 25
0 0 0 1 0 0 0 1 0 1 1 0 1 1 0 1 0 0 1 0 1 1 0 1 1 1 1 0 1 1 0 0 0 0 1 1 1 1 0 1 0 1 0 0 0 0 0 0 0 0 22
0 1 1 0 0 0 0 1 0 1 0 0 1 1 0 1 1 0 1 0 1 1 0 0 1 1 1 1 1 1 1 1 1 1 0 1 0 1 1 1 0 1 0 0 0 1 1 0 0 0 28
0 1 0 1 1 1 1 1 1 0 1 0 1 1 1 1 0 0 1 0 1 1 1 0 1 1 0 1 1 1 1 1 0 1 1 0 0 0 0 1 1 1 0 0 1 1 0 0 0 0 30
0 0 0 0 0 0 0 1 1 0 0 0 1 1 1 1 1 1 0 0 1 1 1 1 1 1 1 0 1 1 0 0 0 1 1 1 0 0 1 1 0 0 0 0 1 0 0 0 0 0 23
0 0 0 1 0 0 0 1 0 1 0 0 1 1 0 1 0 0 0 0 1 1 1 0 1 1 1 1 1 1 1 1 1 0 1 1 0 1 1 1 0 0 0 0 0 0 0 0 0 0 23
0 1 1 1 0 0 0 1 1 1 1 0 1 1 0 1 0 0 0 1 1 1 0 1 1 1 1 1 1 1 1 1 0 1 0 1 1 0 0 1 1 1 0 0 1 1 1 0 0 0 31
0 1 1 1 0 1 0 1 0 1 1 0 1 0 1 1 1 0 0 0 1 1 1 1 0 1 1 0 1 0 1 1 1 0 1 0 0 0 0 0 0 1 0 0 0 0 0 0 0 0 23
0 0 0 1 0 1 0 1 1 0 0 0 1 0 0 0 0 0 1 0 1 1 1 0 1 1 0 1 1 1 1 1 1 0 0 1 0 0 0 1 1 1 0 1 1 0 0 0 1 0 24
0 1 1 1 1 0 0 1 1 1 1 0 1 1 0 1 0 0 1 0 0 1 1 1 1 0 0 0 1 1 0 1 1 1 1 0 1 1 0 1 1 1 0 0 0 0 0 0 0 0 27
0 1 1 0 0 0 0 1 0 1 0 0 1 0 0 1 1 0 0 0 1 1 1 0 1 1 1 1 1 1 0 1 1 0 1 0 1 0 1 1 1 1 0 0 1 1 0 0 1 0 27
1 1 0 0 0 1 0 1 0 1 1 0 1 0 1 1 1 0 1 0 1 0 0 0 1 1 1 0 1 1 0 1 1 1 1 0 0 0 0 0 1 1 0 0 1 0 0 0 0 0 24
0 1 1 1 0 0 0 1 1 1 1 0 1 0 0 1 0 0 1 0 1 0 1 0 1 1 0 0 1 1 1 1 1 0 1 1 0 0 0 1 1 1 0 0 0 0 0 0 0 0 24
0 1 0 1 0 0 0 1 0 1 1 0 1 0 0 1 0 0 1 0 1 1 1 0 1 1 0 0 1 1 1 1 1 0 1 0 0 1 0 0 0 1 0 0 1 0 0 0 0 0 22
0 1 0 1 0 1 0 1 1 0 1 0 1 1 1 1 1 0 1 0 1 1 1 1 1 1 0 0 1 0 1 1 0 0 1 1 1 0 0 0 1 0 0 0 1 1 0 0 0 0 27
0 1 0 1 0 1 0 1 0 0 1 0 1 1 0 1 0 0 0 0 1 1 0 0 0 1 1 0 1 1 1 1 1 0 1 1 1 0 0 1 0 0 0 0 1 1 0 0 0 0 23
0 1 0 1 1 0 0 1 0 1 1 0 1 0 0 1 0 0 0 0 1 1 1 1 0 1 0 0 1 1 0 1 1 0 1 1 0 0 0 1 0 1 0 0 1 0 0 0 0 0 22
0 1 1 0 0 1 0 1 0 1 1 1 1 0 1 1 1 0 1 0 1 0 1 1 1 1 0 0 0 1 1 1 0 1 0 0 1 0 0 1 0 0 0 0 1 0 0 0 0 0 24
0 1 0 0 0 0 1 0 1 1 1 0 1 0 1 0 1 0 1 0 1 1 0 0 1 1 1 1 1 1 1 1 0 1 1 0 0 0 0 1 1 1 0 0 1 0 1 0 0 0 26
0 0 0 1 0 0 0 1 0 1 1 0 1 1 1 1 0 0 1 0 1 1 0 0 1 1 0 1 1 1 1 1 1 1 0 0 0 0 1 1 0 1 0 0 0 1 0 0 0 0 24
0 1 0 1 0 0 1 1 1 1 0 1 1 1 0 1 1 0 0 0 1 1 1 0 0 1 1 0 1 1 1 1 0 0 1 1 1 0 0 1 1 1 0 0 0 0 0 1 1 0 28
0 1 1 1 1 1 0 1 0 1 1 0 1 1 0 1 0 0 1 0 1 1 0 1 1 1 1 0 1 1 1 1 0 0 1 0 1 0 1 1 1 1 0 0 1 0 0 0 0 0 29
0 1 1 0 1 1 0 1 1 1 1 0 1 0 0 0 1 0 0 0 1 1 1 1 1 1 1 0 0 1 1 1 1 1 1 1 0 0 0 0 0 1 0 0 1 0 0 0 0 0 26
0 0 1 0 0 1 0 1 1 0 1 0 1 1 0 0 0 0 0 0 1 0 0 1 1 0 1 1 1 1 1 1 1 0 1 1 0 0 0 1 1 1 0 0 1 1 0 0 0 0 24
0 0 0 1 0 1 0 1 0 1 1 0 1 1 1 1 1 0 1 0 1 1 0 1 1 1 0 0 1 1 1 1 1 0 1 1 1 1 1 0 0 1 0 0 0 0 0 0 0 0 27
0 1 0 1 0 0 1 1 1 0 0 0 1 0 0 1 1 0 0 0 1 1 1 0 1 1 1 1 1 0 1 0 0 0 0 1 0 0 0 0 0 1 0 0 1 0 0 0 0 0 20
0 1 0 1 0 1 0 1 1 0 1 0 1 1 1 0 0 0 1 0 1 1 1 0 1 1 1 1 1 1 1 1 0 0 1 1 1 0 1 1 0 1 1 0 1 0 0 0 0 0 29
0 1 1 1 0 0 0 1 0 0 1 0 1 1 1 1 1 1 1 0 1 0 0 1 1 0 0 0 1 1 1 1 1 0 1 0 1 0 0 0 0 1 0 0 1 0 0 0 0 0 24
0 0 1 1 0 0 0 1 0 1 1 1 1 1 0 0 0 1 1 0 0 1 0 0 1 0 1 1 1 1 1 1 1 1 1 1 0 0 0 1 1 1 0 0 1 1 0 0 0 0 27
0 1 0 1 0 0 0 1 0 1 1 0 1 0 0 1 1 0 0 0 1 1 1 0 1 1 0 0 1 1 0 0 1 0 1 0 0 0 0 1 0 1 0 0 1 0 1 0 0 0 21
0 1 0 1 1 1 0 1 0 1 1 0 1 0 1 1 1 0 1 0 1 1 0 0 1 1 0 1 1 1 0 1 0 1 1 1 1 1 0 0 1 1 1 0 0 0 1 0 0 0 29
0 1 1 1 0 0 0 1 1 0 0 1 1 1 0 1 0 0 1 0 1 1 0 0 1 0 1 0 1 1 1 1 0 1 0 0 0 0 0 0 0 1 0 0 1 0 0 0 0 0 21
0 1 0 1 1 0 0 0 1 1 1 0 1 0 1 0 1 0 1 0 1 1 1 0 1 1 1 1 1 1 1 0 0 0 0 0 0 0 0 1 0 1 0 0 0 1 0 0 0 0 23
0 1 0 0 1 0 0 1 1 1 1 0 0 1 1 0 1 0 1 0 1 0 0 1 0 1 1 0 1 1 0 1 1 1 0 1 0 0 1 1 0 1 0 0 1 0 0 0 0 0 24
0 1 0 1 0 0 0 1 1 0 1 0 1 0 1 1 0 0 1 1 1 0 0 0 1 1 0 0 1 1 0 1 0 1 0 1 0 0 1 0 1 1 0 0 0 1 0 0 0 0 22
0 0 0 0 0 0 1 1 0 0 1 0 1 0 0 1 0 0 0 0 1 1 0 1 1 1 0 0 0 0 1 1 0 1 1 1 1 0 0 1 0 1 0 0 1 1 1 0 0 0 21
0 1 0 1 0 1 0 1 0 1 1 0 1 0 1 0 0 0 1 0 1 0 1 0 1 1 1 0 1 1 1 1 1 1 1 1 0 0 0 1 0 1 0 0 0 1 0 0 0 0 25
0 1 0 1 0 0 0 1 1 1 1 1 1 1 0 1 1 0 0 0 1 1 0 1 0 1 1 1 1 1 1 1 1 1 1 0 1 0 0 0 1 1 0 0 0 0 0 0 0 0 27
0 1 0 0 0 0 0 1 1 0 1 1 1 1 0 1 0 0 1 1 1 0 0 0 1 1 0 0 1 1 1 1 1 0 0 0 1 0 0 0 1 1 0 0 1 0 0 0 0 0 22
0 1 0 1 0 1 0 1 1 1 1 0 1 0 1 0 1 1 0 0 1 1 1 0 1 1 0 1 1 0 1 1 1 1 0 1 1 1 1 0 0 1 0 0 1 0 0 0 0 0 28
0 1 0 0 0 1 0 1 1 1 1 0 1 1 1 0 1 0 1 0 1 1 0 1 1 1 0 0 1 0 1 1 0 0 1 1 0 0 1 1 0 1 0 0 1 0 0 0 0 0 25
0 1 0 1 0 1 0 1 1 0 1 0 1 0 1 1 0 0 1 0 1 1 0 0 1 1 1 0 1 0 1 1 1 1 1 0 0 0 0 1 0 1 0 0 1 0 1 0 0 0 25
0 0 1 1 0 0 0 1 0 1 1 0 1 0 0 1 0 0 0 0 1 1 0 0 1 1 0 0 1 1 1 1 1 0 0 1 0 0 0 1 1 0 0 0 1 0 0 0 1 0 21
0 0 1 1 0 0 0 1 1 1 1 0 1 1 1 0 1 0 1 0 1 1 0 1 1 1 1 0 1 0 1 1 1 1 0 0 0 1 0 1 1 1 0 1 1 0 0 0 0 1 29
0 1 1 1 0 0 1 1 0 1 1 0 1 1 1 1 0 0 0 0 1 0 1 1 1 1 0 1 1 1 1 1 0 1 1 1 0 1 1 1 1 1 0 0 1 0 0 0 0 0 30
0 0 0 1 0 0 0 0 0 1 1 1 1 1 0 0 1 1 1 0 1 1 0 0 1 1 1 0 1 1 1 1 1 0 0 1 0 1 0 1 1 1 0 1 1 1 0 0 0 0 27
0 1 0 1 0 0 0 1 0 1 0 0 1 1 0 0 0 0 1 0 1 1 0 0 1 1 1 0 1 1 1 1 1 1 1 1 1 1 1 0 1 1 0 0 1 1 0 0 0 0 27
0 0 1 1 0 0 0 1 1 1 1 1 1 0 0 1 1 0 0 0 1 1 0 0 1 1 1 0 1 1 0 1 1 0 0 1 0 0 1 1 0 1 0 0 1 0 0 0 0 0 24
0 1 0 0 0 1 0 0 1 1 1 0 1 0 0 0 0 1 1 0 1 1 1 1 1 1 1 1 1 0 0 1 1 0 0 1 1 0 1 0 0 1 0 0 1 0 1 0 0 0 25
0 1 1 0 0 0 0 1 1 1 1 0 1 1 0 1 1 0 0 0 1 1 0 1 0 0 0 0 1 0 1 1 0 1 0 1 0 1 0 0 1 1 0 0 1 0 0 0 0 0 22
0 1 1 0 0 1 0 1 0 1 1 0 1 1 0 1 1 0 1 1 1 0 1 1 0 0 1 0 1 0 1 1 1 0 0 1 0 0 0 1 0 1 0 0 1 1 0 0 0 0 25
0 1 1 1 0 0 0 1 0 1 1 0 1 0 1 1 0 0 1 0 1 1 1 0 0 1 0 1 1 1 0 1 1 0 0 1 1 0 0 0 0 1 0 0 0 1 0 0 0 0 23
0 1 0 1 0 1 0 1 0 1 1 0 1 1 1 1 1 0 0 0 1 0 0 1 1 1 0 0 1 1 1 1 0 0 0 0 0 0 0 1 0 1 0 0 1 0 0 0 0 0 22
0 0 1 0 0 1 0 1 0 1 1 1 1 0 1 0 0 0 0 0 1 1 1 1 0 1 1 0 1 1 1 1 1 1 1 1 1 0 1 1 0 1 0 0 1 1 0 0 0 0 28
0 1 0 0 0 1 0 1 1 1 1 0 1 0 1 1 1 0 0 0 1 1 0 0 1 1 1 0 0 1 1 0 0 1 1 0 0 0 1 0 0 1 0 0 1 0 0 0 0 0 22
0 1 0 1 0 1 0 1 1 1 1 0 1 0 0 1 0 1 0 0 1 1 0 0 0 1 1 0 1 0 1 1 1 0 0 1 1 0 0 1 1 1 0 0 0 0 0 0 0 0 23
0 0 0 1 0 1 0 1 1 1 0 0 1 1 1 1 0 0 1 0 1 1 0 0 1 1 0 0 1 1 1 1 1 1 0 1 0 1 0 1 1 1 0 0 1 0 0 0 0 0 26
0 0 0 0 0 0 0 1 1 1 1 0 1 1 1 0 0 0 1 1 1 1 0 0 1 1 0 0 1 1 1 1 0 0 0 1 0 1 0 0 1 1 0 0 1 0 1 0 0 0 23
0 1 1 1 0 1 0 1 1 1 1 0 1 1 0 1 0 0 1 0 0 0 0 0 1 1 1 0 1 0 1 1 1 0 0 1 0 0 0 1 0 0 0 1 0 0 1 0 0 0 23
1 0 0 1 0 1 0 1 1 1 1 0 1 1 1 1 0 0 1 0 1 1 0 0 1 1 1 0 1 0 1 1 1 1 1 1 0 0 1 1 1 1 0 0 1 1 0 0 0 0 30
0 1 0 0 0 1 0 0 0 1 1 0 1 1 0 1 1 0 1 0 1 0 0 0 1 1 1 0 1 1 1 1 0 0 1 1 1 1 0 0 0 1 0 0 0 0 0 0 0 0 22
0 1 0 0 1 0 0 1 1 0 1 0 1 1 0 0 1 0 1 0 1 0 0 1 1 1 0 0 0 1 1 1 1 0 1 1 0 0 1 0 0 1 0 0 1 1 0 0 0 0 23
0 0 0 1 0 0 0 1 0 1 1 0 1 0 0 1 0 0 1 0 1 1 1 0 1 1 1 1 1 1 1 1 1 1 1 1 0 0 1 0 1 1 0 0 1 0 0 0 0 0 26
0 0 1 1 0 1 0 1 1 1 1 0 1 1 0 1 1 1 1 0 1 1 0 0 1 1 1 1 1 1 1 1 1 1 1 1 1 0 1 1 0 1 0 0 1 1 0 0 1 0 34
0 1 1 0 0 1 0 1 1 1 1 0 1 1 0 1 0 0 0 0 1 1 1 0 1 1 1 0 1 0 1 1 1 0 0 0 1 1 0 0 1 1 0 0 1 0 0 0 0 0 25
1 0 0 1 0 1 1 1 1 1 1 0 1 1 0 1 1 0 1 1 1 1 1 0 1 1 0 0 1 1 0 0 1 1 0 0 0 1 0 0 0 1 0 0 1 0 0 0 1 0 27
0 1 0 0 0 1 0 0 1 0 1 0 1 1 0 1 0 0 0 0 1 1 1 1 1 1 1 0 1 1 1 1 0 1 0 0 1 1 1 1 1 1 0 0 1 0 0 0 0 0 26
0 1 0 0 1 0 0 1 0 1 1 0 1 1 1 1 0 0 1 0 0 0 0 1 1 1 0 0 1 1 1 1 1 1 1 1 1 0 0 0 1 0 0 1 1 1 0 0 0 0 26
1 1 0 1 0 1 0 1 1 0 1 0 1 1 1 1 1 0 0 0 1 1 0 1 0 1 1 0 1 1 1 1 1 0 1 1 1 0 1 0 0 1 0 0 1 0 1 0 0 0 29
0 1 0 1 0 1 0 1 0 1 1 0 0 0 1 0 1 0 1 0 1 1 1 0 0 1 1 0 1 1 1 1 1 0 1 1 1 1 1 1 1 1 0 0 1 0 0 0 0 0 28
0 1 1 0 1 0 0 1 0 0 1 0 1 1 0 0 1 0 1 0 1 1 0 1 1 1 1 0 1 1 1 1 1 0 1 0 0 0 0 1 1 1 0 0 0 0 0 0 0 0 24
0 1 0 1 1 0 0 1 0 1 1 0 1 1 0 0 0 0 0 0 1 0 1 1 1 1 0 0 1 1 1 1 1 0 1 1 1 0 0 0 1 0 0 1 0 0 0 0 0 0 23
0 0 0 1 0 0 0 1 1 1 0 0 1 1 0 1 1 0 1 0 1 1 1 1 1 1 1 0 1 1 1 1 0 1 0 1 0 1 0 1 1 1 0 0 0 1 0 1 0 0 28
0 0 0 0 0 0 0 1 0 0 1 0 1 1 0 1 1 0 1 0 1 1 1 1 1 1 0 1 1 0 1 0 1 0 0 1 0 0 1 1 0 1 0 0 0 0 0 0 0 0 21
0 1 1 0 0 1 0 1 1 1 1 1 0 1 1 1 0 1 1 1 1 1 1 1 1 1 1 0 1 1 1 1 0 1 1 1 1 1 0 0 1 1 0 0 0 1 0 0 0 0 33
0 1 1 0 0 1 0 1 1 1 1 0 1 0 0 1 0 0 0 0 1 1 0 0 1 1 1 1 1 1 1 1 1 1 1 1 0 1 1 0 0 1 0 0 1 1 1 0 1 0 30
0 1 0 1 0 1 0 1 1 1 1 1 1 1 0 0 1 0 1 0 1 0 0 0 0 1 1 0 1 1 1 1 1 1 0 0 1 0 0 1 1 1 0 0 0 0 0 0 0 0 25
0 1 1 0 0 1 0 1 1 0 1 1 1 1 0 1 0 0 1 1 1 0 0 0 0 1 1 0 1 1 1 1 0 1 1 1 0 0 0 0 0 1 0 0 1 1 0 0 0 0 25
0 1 0 1 0 0 0 1 1 0 1 0 1 1 1 0 1 0 0 0 1 1 0 0 1 1 1 0 1 0 0 0 1 0 1 1 0 1 0 1 1 1 0 0 1 0 0 0 0 0 23
1 1 1 0 0 0 0 1 1 0 0 0 0 1 0 0 0 1 1 0 1 1 1 0 1 1 0 0 1 1 1 1 0 1 1 1 1 0 1 1 0 1 0 0 1 1 0 0 0 0 26
0 1 0 1 0 0 0 1 1 1 0 0 1 1 1 0 1 0 1 0 1 0 0 1 0 1 1 0 1 1 1 1 0 0 0 1 0 1 0 0 1 1 0 0 1 1 0 0 0 0 24
0 1 1 0 0 1 0 1 1 1 1 1 1 0 1 1 0 1 1 1 1 1 1 0 1 1 0 1 1 1 1 1 1 1 1 0 1 0 0 0 0 1 0 0 1 0 0 0 0 0 30
0 0 0 1 0 1 0 1 1 1 0 1 0 0 0 0 0 0 1 0 1 0 0 1 1 1 0 0 1 1 1 1 1 0 1 1 0 1 1 0 0 1 0 0 1 0 0 0 0 0 22
0 1 0 1 0 0 0 1 1 0 1 1 1 0 1 0 1 0 1 0 1 1 0 0 1 1 1 0 1 1 1 1 0 1 1 0 0 0 1 1 0 1 0 0 0 0 0 0 0 0 24
0 1 1 1 0 0 0 1 1 1 1 0 1 0 0 1 0 0 1 0 1 1 1 0 0 1 0 0 1 1 1 1 1 1 1 0 0 0 0 1 0 1 0 0 0 0 0 0 0 0 23
0 0 1 0 1 0 0 1 0 1 1 0 1 1 0 0 1 0 0 0 1 0 0 0 1 1 0 0 1 1 1 0 1 0 1 1 0 1 0 0 0 1 0 0 1 1 0 0 0 0 21
0 1 1 1 0 1 0 1 1 1 0 0 1 0 1 1 0 1 1 0 1 0 1 0 1 1 0 0 1 1 1 1 1 1 1 1 1 0 0 0 0 1 0 0 1 1 0 0 0 0 28
0 1 0 1 0 1 0 1 1 1 1 0 1 1 0 1 0 0 0 1 1 1 0 0 1 1 0 0 1 1 1 1 1 0 0 0 1 1 0 0 0 1 0 0 1 0 1 0 0 0 25
0 1 1 0 0 0 0 1 0 0 1 0 1 1 1 0 0 0 1 0 1 1 0 0 1 1 1 0 1 1 0 1 0 0 1 0 1 0 0 1 1 1 0 0 0 0 0 0 0 0 21
0 1 0 1 0 0 0 1 1 1 1 0 1 0 0 1 0 0 1 0 1 1 0 0 1 1 0 1 1 1 1 1 1 0 0 1 0 0 1 1 0 1 0 0 1 0 1 0 0 0 25
0 1 0 1 0 0 0 1 0 1 0 0 1 1 0 1 1 0 0 0 1 1 0 0 1 1 1 0 1 1 1 0 1 1 0 1 1 0 0 0 1 0 0 0 1 1 0 0 0 0 23
0 1 0 0 0 0 0 1 1 1 1 0 1 0 0 1 1 0 0 0 1 1 1 1 1 1 1 0 1 1 1 1 1 1 1 0 1 0 0 1 1 1 0 0 1 1 0 0 0 0 28
0 1 1 1 0 0 0 1 0 0 0 0 1 0 1 0 0 1 1 0 1 0 1 0 1 1 1 0 1 0 1 1 1 1 1 0 1 0 0 1 1 1 0 1 1 0 0 0 0 0 25
0 1 1 1 0 0 0 1 1 1 0 1 1 0 1 1 0 0 1 1 1 0 0 0 1 1 1 0 1 1 1 1 0 0 0 0 1 0 0 1 0 1 0 0 1 0 0 0 0 0 24
0 1 0 1 1 0 0 1 0 1 1 0 1 1 1 1 0 1 1 0 1 0 1 0 1 0 1 1 1 1 1 1 0 1 1 1 0 1 1 1 1 1 0 0 1 1 0 0 0 0 31
0 1 0 1 0 0 0 1 1 0 1 1 1 0 1 1 1 1 0 0 1 1 1 0 1 1 0 0 1 1 1 1 1 1 1 1 1 0 0 1 0 1 0 0 1 0 0 0 0 0 28
1 1 1 1 0 1 0 0 0 1 0 0 1 1 1 1 1 0 1 0 1 1 0 0 0 0 0 0 1 0 1 1 1 0 0 1 0 0 0 1 1 1 0 0 1 0 1 0 1 0 25
0 0 1 1 0 1 0 1 0 1 1 0 0 1 0 1 0 0 1 0 1 1 0 1 1 1 1 0 1 1 1 1 1 0 1 0 0 0 1 0 1 1 0 0 1 0 0 0 1 0 26
0 0 1 0 0 0 0 1 1 0 1 1 1 1 0 0 0 1 0 0 1 0 0 1 1 0 0 0 1 1 1 1 1 1 0 1 1 0 0 0 1 1 0 0 1 0 0 0 0 0 22
0 1 0 0 0 1 0 0 1 1 0 0 1 1 0 0 0 0 1 0 1 0 1 0 1 1 1 0 0 0 1 1 1 0 1 0 1 0 1 1 0 0 0 0 1 0 0 0 0 0 20
0 1 0 1 0 0 0 1 0 1 1 0 0 1 0 1 0 0 1 0 1 1 0 1 1 1 0 0 1 1 1 1 1 0 0 0 1 0 1 1 0 0 0 0 1 1 0 0 0 0 23
0 1 0 1 0 0 0 1 0 1 1 1 1 1 1 1 0 1 0 0 1 1 1 0 0 1 1 0 1 1 1 1 1 0 1 0 0 1 1 1 0 1 1 0 0 0 0 0 0 0 27
0 0 0 0 0 0 0 1 1 1 1 0 1 1 1 1 0 0 1 0 1 1 1 0 1 1 1 0 1 1 1 1 1 0 1 1 0 0 1 1 0 1 1 1 1 1 0 1 0 0 30
0 1 1 1 1 1 0 1 0 1 0 0 1 1 0 1 1 0 0 0 1 0 0 0 1 1 1 0 1 0 1 1 0 1 0 0 0 0 0 1 1 1 0 0 1 0 0 0 0 0 23
0 1 1 1 0 1 0 1 0 1 1 1 1 1 0 1 0 0 1 0 1 1 0 0 0 1 0 0 1 1 1 1 1 1 0 0 1 0 1 1 0 0 0 0 1 1 0 0 0 0 26
0 1 0 1 0 1 0 1 0 0 1 1 1 0 0 1 0 0 0 0 1 1 0 0 1 1 0 0 1 1 1 1 1 1 1 1 1 0 0 1 1 1 0 0 1 0 0 0 0 0 25
0 1 0 1 0 1 0 1 1 1 1 0 1 1 1 1 1 0 1 0 1 1 1 0 1 1 0 0 1 1 1 1 0 1 0 1 1 1 0 0 0 1 0 0 1 1 0 0 0 0 29
0 0 1 0 0 0 0 1 0 1 1 0 1 0 0 1 1 0 1 0 1 1 1 1 1 1 0 0 1 1 1 1 0 1 0 1 0 1 0 0 0 0 0 0 1 0 0 0 0 0 22
0 1 0 0 0 1 0 0 0 1 1 1 1 0 0 1 0 1 1 0 1 1 1 1 1 1 1 1 1 1 1 1 1 0 1 0 1 0 1 1 0 1 0 0 1 0 0 0 0 0 28
0 1 0 0 0 0 0 1 1 0 1 0 1 1 0 0 0 1 1 0 1 0 1 0 1 1 1 1 1 1 1 1 1 1 1 1 1 0 1 0 1 1 0 0 1 1 0 0 0 0 28
0 1 1 1 1 0 0 1 0 1 1 0 1 0 1 0 0 0 1 0 1 1 1 0 1 1 1 1 1 1 1 1 0 0 0 1 0 0 0 1 1 1 0 0 1 1 0 0 0 0 27
0 1 0 0 0 1 0 1 0 1 1 1 1 1 1 1 0 0 1 0 1 1 0 0 1 1 1 1 1 1 1 1 1 0 1 1 0 0 0 1 0 1 0 0 1 0 0 0 0 0 27
0 0 0 0 0 1 0 1 0 0 0 0 1 1 0 0 1 0 1 0 1 0 0 0 1 1 1 1 1 1 1 1 1 1 1 1 0 0 0 0 0 1 0 0 1 1 0 0 0 0 22
0 1 0 0 0 0 1 1 1 1 1 1 1 0 1 1 0 0 1 0 1 0 0 0 1 1 0 0 1 1 1 1 1 0 1 1 0 0 0 1 1 1 0 0 0 1 0 0 0 0 25
0 1 0 1 0 1 0 1 0 1 1 0 1 0 0 0 0 0 0 0 1 1 0 0 1 1 1 0 1 1 1 1 1 0 1 0 1 1 1 0 1 1 0 0 1 0 0 0 0 0 24
0 1 1 0 1 1 0 1 1 0 1 0 1 1 1 1 0 0 1 0 1 1 0 0 1 1 1 0 1 1 1 1 1 1 0 0 0 1 1 0 0 1 0 1 1 0 1 0 0 0 29
0 1 0 1 0 0 0 1 1 0 1 0 1 0 0 1 1 0 1 0 1 1 0 1 1 1 1 0 1 1 1 1 1 0 0 1 0 1 0 1 1 1 0 0 0 0 0 0 0 0 25
0 1 1 0 1 1 0 1 1 1 1 1 1 0 1 0 0 0 0 0 1 0 0 0 1 1 1 1 1 0 1 1 0 0 1 0 0 0 1 1 1 0 0 0 0 1 1 0 0 0 25
0 1 0 1 0 1 0 1 1 0 0 0 1 1 0 1 1 0 1 1 1 1 0 0 1 1 1 0 1 1 1 1 1 1 0 1 0 1 0 0 0 1 0 0 0 1 0 0 0 0 26
0 1 0 1 0 0 0 1 0 1 1 0 1 1 0 1 0 0 1 0 1 1 1 1 1 1 0 0 1 1 1 1 0 0 1 1 1 1 1 1 0 1 0 0 1 1 0 0 0 0 28
0 1 0 1 0 0 0 1 1 1 1 1 1 1 1 1 1 0 1 0 1 1 1 1 1 1 0 0 1 1 1 1 1 1 0 1 0 0 0 1 0 0 0 0 1 0 0 0 0 0 28
0 1 0 1 0 0 0 1 1 1 1 0 1 1 1 0 0 0 1 0 1 1 0 1 1 1 1 1 1 1 1 1 1 1 0 0 1 0 0 0 0 0 0 0 0 1 1 0 0 0 26
0 1 0 1 1 0 0 0 0 1 1 0 1 1 0 0 0 1 1 0 1 1 0 0 0 1 1 0 1 1 0 1 1 0 0 1 1 0 0 1 1 1 0 0 1 0 0 0 0 0 23
0 1 0 0 0 0 0 1 1 1 1 0 1 1 0 0 0 0 1 0 1 0 1 1 1 1 1 0 1 1 1 1 1 1 0 0 0 0 0 1 0 1 0 0 1 0 0 0 0 0 23
1 1 0 1 0 0 0 1 1 1 1 1 1 1 0 0 1 0 0 0 1 1 0 1 1 1 0 0 1 1 1 1 1 0 1 0 0 0 0 1 0 1 0 0 0 0 0 0 0 0 24
0 1 1 0 0 0 0 1 1 1 1 0 0 0 0 1 0 0 0 0 1 1 0 0 0 1 0 1 1 1 1 1 1 1 0 1 0 1 1 0 1 1 1 0 1 0 0 0 0 0 24
0 0 0 0 0 1 0 1 0 1 1 0 1 0 0 1 1 0 1 0 1 1 0 0 1 0 1 0 1 1 1 1 1 1 1 0 1 1 0 1 0 1 0 0 0 1 0 0 0 1 25
0 1 0 1 0 0 1 1 1 1 1 0 1 0 1 0 1 0 0 0 1 0 0 1 1 1 1 0 1 1 1 0 0 0 0 1 1 0 0 1 0 1 0 0 1 1 0 0 0 0 24
0 1 1 0 0 1 1 1 1 0 0 0 1 0 1 0 1 0 1 0 1 0 0 1 0 1 1 1 1 1 1 1 0 0 1 1 0 0 0 1 1 1 0 0 1 1 0 0 0 0 26
0 1 1 1 0 0 0 1 1 1 1 0 1 0 1 0 0 0 1 0 1 1 0 1 1 1 0 0 1 1 1 1 1 1 1 0 0 0 0 0 0 1 0 0 0 0 0 0 0 0 23
0 1 0 1 0 0 0 1 0 1 0 0 1 1 1 1 0 0 1 0 1 1 0 1 1 1 0 1 1 1 1 1 1 0 1 0 0 0 0 0 0 1 0 0 1 0 0 0 0 0 23
0 0 0 1 1 0 0 1 1 1 0 1 1 0 0 1 0 0 1 0 1 1 0 0 1 1 1 0 1 0 1 1 1 0 0 1 1 1 0 0 0 0 0 0 1 0 0 0 0 0 22
0 1 0 1 0 1 0 1 0 1 1 0 1 0 0 1 1 0 1 0 1 1 1 0 1 1 0 0 1 1 1 1 1 0 0 1 0 0 0 1 0 1 0 1 1 0 0 0 0 0 25
0 1 1 1 0 0 1 1 0 1 0 0 1 1 1 1 1 0 0 0 1 1 0 0 1 1 1 1 1 0 1 0 1 1 0 1 1 0 0 0 1 0 1 0 0 0 0 0 1 0 26
0 1 0 0 0 1 0 1 0 1 1 0 1 1 0 1 0 0 0 1 1 0 1 0 1 1 1 0 1 1 1 1 1 1 1 1 1 0 0 0 0 1 0 0 0 0 0 0 0 0 24
0 1 0 1 0 1 0 1 0 1 1 0 1 0 0 1 0 0 1 0 1 1 0 0 1 1 1 1 1 0 1 1 1 1 1 1 0 0 0 1 0 1 0 0 0 1 0 0 0 0 25
0 0 0 1 0 1 0 1 0 1 1 0 1 0 0 1 0 0 1 0 1 1 1 0 1 1 1 1 1 1 1 1 0 1 1 1 0 0 0 1 1 1 0 0 0 0 0 0 0 0 25
0 0 1 0 1 1 0 1 0 0 1 1 1 0 0 1 1 0 1 0 1 1 0 1 1 1 1 0 1 1 1 1 1 1 1 1 1 0 0 0 0 1 0 0 1 0 0 0 0 0 27
0 0 1 1 0 0 0 1 1 1 1 0 1 1 0 0 1 1 1 0 1 1 1 0 1 1 0 0 1 1 1 1 0 1 0 0 1 0 0 1 0 0 1 0 1 1 0 0 0 0 26
0 1 0 0 0 1 0 1 1 1 1 0 1 1 0 1 0 0 1 0 1 1 0 0 1 0 1 0 1 1 1 1 1 1 0 1 0 1 0 0 1 1 1 0 1 0 0 0 0 0 26
0 1 1 0 0 0 0 1 1 1 1 0 1 0 1 1 1 0 1 1 1 1 1 0 1 1 0 1 1 1 1 0 1 0 0 1 0 1 0 1 1 1 0 0 0 1 0 0 0 0 28
1 1 0 1 0 1 0 1 1 1 0 0 1 1 0 1 1 0 1 0 1 1 1 1 1 1 0 0 1 1 0 1 1 0 1 0 0 0 0 1 1 0 0 0 0 1 1 0 0 0 27
0 0 0 1 0 1 0 1 1 1 1 0 1 0 1 1 0 0 1 0 1 1 0 1 1 1 1 0 1 1 1 1 1 0 1 1 1 0 0 1 0 1 0 0 1 0 0 0 1 0 28
0 1 0 1 1 1 0 1 0 1 1 0 1 1 0 1 1 1 1 0 1 1 1 0 1 1 0 0 1 1 1 1 1 0 0 0 0 0 0 1 1 1 0 0 1 0 1 0 0 0 28
0 1 0 0 0 1 0 1 1 1 1 0 0 1 1 1 1 0 1 0 1 1 0 0 1 0 0 0 1 1 1 1 1 0 1 1 0 0 0 1 1 0 0 0 1 0 0 0 0 0 24
0 1 1 1 0 0 0 1 1 0 1 0 1 1 0 0 0 0 1 0 1 1 0 1 1 1 0 0 1 1 1 1 0 1 0 1 0 0 0 1 0 1 0 0 0 0 0 0 0 0 22
0 0 1 1 0 0 0 1 1 1 0 1 0 1 0 0 1 1 1 0 1 1 1 0 1 1 1 0 1 1 1 1 1 0 0 1 0 0 1 1 0 0 0 0 1 0 0 0 0 0 25
0 1 1 0 0 0 0 1 0 1 1 1 1 1 0 1 1 0 0 0 1 1 0 0 1 1 1 0 1 0 1 1 1 1 1 1 0 1 0 0 0 0 0 1 1 0 0 0 0 0 25
0 0 1 1 0 0 0 1 1 1 1 0 0 0 0 1 0 0 0 0 1 1 1 1 1 1 1 1 1 1 1 1 0 1 1 1 1 0 0 0 0 1 0 0 1 1 0 0 0 0 26
0 1 0 0 1 0 1 1 0 1 1 0 1 1 1 0 0 0 0 0 1 1 0 0 1 1 1 0 1 0 1 1 0 1 0 0 1 1 0 1 1 0 0 0 0 0 0 0 0 0 22
0 0 0 1 0 0 0 1 1 1 0 0 1 1 1 0 0 1 0 0 1 1 0 0 1 1 0 0 1 1 1 1 1 1 1 1 0 0 1 1 0 1 0 0 1 0 0 0 0 0 24
0 1 0 0 1 0 0 1 1 1 1 1 1 1 0 1 0 0 0 0 1 1 1 1 1 1 0 0 1 1 1 1 0 1 1 0 1 0 1 0 0 0 0 0 1 0 0 0 0 0 25
0 0 0 1 0 0 0 1 0 1 1 0 0 0 1 1 1 0 0 0 1 1 1 1 1 1 0 0 1 1 1 1 1 1 1 1 1 1 1 0 1 1 0 0 0 0 1 0 0 0 27
0 0 1 1 0 1 0 1 0 1 1 0 1 1 1 1 0 0 0 0 1 1 0 0 1 1 1 1 1 1 1 1 0 1 0 1 1 0 0 0 0 1 0 0 1 0 0 0 0 0 25
0 0 0 0 0 1 0 1 0 1 1 0 1 0 0 0 0 0 1 0 1 1 0 1 0 1 1 0 1 1 1 1 0 0 0 0 0 0 0 1 0 1 0 0 0 1 0 0 0 0 18
0 1 1 1 1 0 0 1 0 0 1 0 1 0 1 0 1 0 1 0 1 1 0 0 1 1 1 1 1 1 1 1 0 1 1 1 0 0 0 1 0 1 1 0 1 1 0 0 1 0 29
0 1 0 0 0 1 0 1 0 1 1 0 1 1 0 0 0 0 1 0 1 1 0 0 0 1 0 1 1 1 1 1 0 0 1 0 0 0 0 1 1 1 0 1 1 0 1 0 0 0 23
0 1 0 1 0 0 0 1 1 1 1 0 1 0 0 1 1 0 1 0 1 1 1 0 1 1 0 0 1 1 1 1 1 0 0 1 1 0 0 1 0 1 0 0 1 1 0 0 0 0 26
0 1 0 0 1 1 0 1 0 1 1 1 1 0 0 1 0 0 0 0 1 1 1 0 1 1 1 0 1 1 1 0 0 1 1 1 0 0 0 1 0 1 0 1 1 0 0 0 0 0 25
0 1 1 1 0 0 0 1 1 1 1 0 1 1 0 1 1 0 1 0 1 1 1 0 1 1 1 0 1 1 1 0 0 1 1 0 0 0 0 0 0 1 0 0 1 1 0 0 0 0 26
0 1 1 0 1 0 0 1 1 1 1 0 1 1 1 0 0 0 1 0 1 1 0 0 1 1 0 0 1 1 1 1 0 0 0 1 0 1 1 1 1 1 1 0 1 1 1 0 1 0 30
0 0 1 1 1 0 0 1 1 0 1 0 1 0 1 1 0 0 1 0 1 0 0 0 1 1 1 0 1 1 1 1 1 1 0 1 1 0 0 0 0 1 0 0 1 0 0 0 0 0 24
0 1 0 0 0 1 0 1 1 0 1 1 1 1 1 0 1 0 1 0 1 1 0 0 0 1 1 0 1 1 1 1 0 1 1 0 0 0 1 0 0 1 0 0 1 0 0 0 0 0 24
0 1 0 0 0 0 0 1 1 1 1 1 1 1 0 1 0 0 1 0 1 0 1 0 1 1 0 1 1 1 1 1 1 1 1 0 1 0 0 0 1 1 0 0 0 0 0 0 0 0 25
0 1 1 0 0 0 0 1 1 1 1 0 1 1 1 0 0 0 1 0 1 1 1 0 1 1 1 0 1 1 1 1 0 1 1 0 1 0 1 1 1 1 0 0 1 1 1 0 0 0 30
13 182 81 156 39 103 14 233 135 184 211 45 229 148 105 164 114 47 162 19 244 194 114 92 213 232 154 65 238 211 213 226 157 121 146 159 108 65 78 154 104 214 12 25 178 90 29 4 20 6 6250
