0 1 0 0 0 0 0 0 0 0 1
1 0 0 0 0 0 0 0 0 0 1
0 0 0 0 0 0 0 1 0 0 1
0 0 1 0 0 0 0 0 0 0 1
0 0 0 1 0 0 0 0 0 0 1
0 0 0 0 0 0 0 0 0 1 1
0 0 1 0 0 0 0 0 0 0 1
0 0 1 0 0 0 1 0 0 0 2
0 0 0 0 0 0 1 0 0 0 1
0 0 0 0 0 1 1 1 0 0 3
0 0 1 0 0 0 1 0 0 0 2
0 0 1 0 0 1 0 0 0 0 2
0 0 0 0 0 0 1 0 1 1 3
0 0 0 0 0 0 1 0 0 0 1
0 0 0 0 1 0 0 0 0 0 1
1 0 0 0 0 0 1 1 0 1 4
0 0 1 0 0 0 1 0 0 1 3
0 0 0 0 0 0 1 0 0 1 2
1 1 0 0 0 0 0 0 0 1 3
1 1 0 0 0 0 0 1 0 0 3
0 1 1 0 0 1 0 0 1 0 4
0 1 1 1 0 1 0 0 1 0 5
1 1 1 0 0 1 0 0 1 1 6
1 1 1 1 0 1 0 0 1 1 7
1 0 0 0 0 1 0 0 1 0 3
1 0 1 0 1 0 1 0 0 1 5
0 0 1 0 0 1 0 1 0 0 3
0 0 0 0 1 0 0 0 1 0 2
0 0 0 0 0 1 0 0 0 1 2
0 1 0 0 0 1 0 0 0 1 3
0 1 1 0 1 1 1 1 0 1 7
1 0 0 1 1 0 1 1 1 1 7
1 0 0 0 1 0 1 0 0 0 3
1 1 1 0 1 0 0 0 1 1 6
1 0 1 0 0 0 0 0 0 1 3
0 0 0 1 0 0 0 1 0 1 3
0 0 1 1 0 1 0 0 1 0 4
0 1 0 1 0 0 1 1 1 1 6
0 1 0 1 0 1 1 1 1 0 6
0 0 1 1 0 1 1 0 0 0 4
0 1 0 1 1 1 0 0 0 1 5
1 1 0 1 0 0 1 1 0 1 6
1 1 0 0 0 0 0 0 0 1 3
0 0 1 0 1 0 0 0 0 0 2
0 1 1 0 0 0 0 1 0 0 3
0 0 0 0 0 0 1 0 0 0 1
0 1 0 0 0 0 0 0 0 0 1
0 0 0 0 0 0 0 1 0 0 1
0 0 0 0 1 0 0 0 0 0 1
0 0 0 0 0 0 0 0 1 0 1
0 0 0 0 0 0 0 1 0 0 1
1 0 0 0 0 0 0 0 0 0 1
0 0 0 0 0 1 0 0 0 0 1
0 0 0 0 0 0 0 0 1 0 1
1 0 0 0 0 0 0 0 0 0 1
0 0 0 0 0 0 0 0 1 0 1
0 0 0 0 0 0 0 0 1 0 1
0 0 0 0 0 1 0 0 0 0 1
0 0 0 0 0 1 0 0 0 0 1
0 0 0 0 0 0 0 0 1 0 1
0 0 0 0 1 0 0 0 0 0 1
0 0 0 0 0 0 0 0 0 1 1
0 0 0 0 0 0 0 0 1 0 1
0 0 0 0 0 0 0 0 1 0 1
0 1 0 0 0 0 0 0 0 0 1
0 0 0 0 0 1 0 0 0 0 1
0 0 0 0 0 1 0 0 0 0 1
0 0 0 0 0 0 0 0 0 1 1
0 1 0 0 0 0 0 0 0 0 1
0 0 0 1 0 0 0 0 0 0 1
0 0 0 0 0 1 0 0 0 0 1
0 1 0 0 0 0 0 0 0 0 1
0 0 0 0 0 0 0 1 0 0 1
1 0 0 0 0 0 0 0 0 0 1
0 1 0 0 0 0 0 0 0 0 1
0 0 0 0 0 0 0 0 0 1 1
1 0 0 0 0 0 0 0 0 0 1
0 0 0 0 1 0 0 0 0 0 1
0 0 0 1 0 0 0 0 0 0 1
1 0 0 0 0 0 0 0 0 0 1
0 0 0 0 0 0 0 0 1 0 1
0 0 0 0 0 0 0 0 1 0 1
0 0 0 0 0 0 1 0 0 0 1
0 0 0 0 0 0 0 0 0 1 1
0 1 0 0 0 0 0 0 0 0 1
1 0 0 0 0 0 0 0 0 0 1
0 0 0 1 0 0 0 0 0 0 1
0 0 0 1 0 0 0 0 0 0 1
0 0 0 1 0 0 0 0 0 0 1
0 0 0 0 0 1 0 0 0 0 1
0 0 0 0 0 0 0 0 0 1 1
0 0 0 1 0 0 0 0 0 0 1
0 0 0 0 1 0 0 0 0 0 1
0 0 0 0 1 0 0 0 0 0 1
0 0 0 0 1 0 0 0 0 0 1
0 1 0 0 0 0 0 0 0 0 1
0 0 0 1 0 0 0 0 0 0 1
0 0 0 0 0 0 0 0 0 1 1
0 0 0 0 1 0 0 0 0 0 1
0 0 1 0 0 0 0 0 0 0 1
20 23 20 18 16 22 19 15 21 26 200
