1 0 1 1 1 1 0 1 0 0 0 1 1 1 0 1 0 1 1 0 1 1 1 0 0 0 1 1 0 0 0 0 0 0 0 1 0 0 0 0 0 0 0 0 0 0 0 0 0 0 18
0 1 0 1 1 0 0 1 1 0 0 1 1 1 0 0 0 1 1 0 1 1 1 0 1 1 0 0 0 0 0 0 0 0 0 0 0 0 0 0 0 0 0 0 0 0 0 0 0 0 15
1 1 0 1 0 1 1 1 1 0 0 1 1 1 1 1 0 1 1 0 0 1 1 0 0 1 1 1 0 0 0 0 0 0 0 0 0 0 0 0 0 0 0 0 0 0 0 0 0 0 19
1 1 0 1 1 1 0 0 1 0 0 1 1 1 0 0 0 1 1 0 1 1 1 0 0 1 1 0 0 0 0 0 0 0 0 0 0 0 0 0 0 0 0 0 0 0 0 0 0 0 16
1 0 0 1 1 1 0 0 1 0 0 1 1 1 1 1 0 1 1 0 1 0 1 0 0 0 0 0 1 0 0 0 0 0 0 0 0 0 0 0 0 0 0 0 0 0 0 0 0 0 15
1 0 1 1 1 0 0 0 1 0 1 1 1 1 0 1 0 1 1 0 0 0 1 0 0 0 0 1 0 0 0 0 0 0 0 0 0 0 0 0 0 0 0 0 0 0 0 0 0 0 14
1 0 1 0 1 0 1 1 1 0 0 1 1 0 1 0 0 1 1 0 1 0 1 0 1 0 1 1 1 0 0 0 0 0 0 0 0 0 0 0 0 0 0 0 0 0 0 0 0 0 17
1 0 0 1 1 1 1 0 0 0 0 1 1 1 0 1 1 1 1 0 1 1 1 0 1 1 0 1 1 0 0 0 0 0 0 0 0 0 0 0 0 0 0 0 0 0 0 0 0 0 19
1 0 1 1 0 0 1 0 1 0 0 1 1 1 0 1 0 1 1 0 1 0 1 0 1 1 1 1 0 0 0 0 0 0 0 0 0 0 0 0 0 0 0 0 0 0 0 0 0 0 17
1 0 0 0 1 1 0 0 0 0 0 1 1 1 0 1 0 1 1 0 1 1 1 1 1 0 1 0 0 0 0 0 0 0 0 0 0 0 0 0 0 0 0 0 0 0 0 0 0 0 15
0 1 0 1 1 0 1 1 1 0 1 1 1 1 1 1 0 1 1 0 0 0 1 1 0 0 0 0 1 0 0 0 0 0 0 0 0 0 0 0 0 0 0 0 0 0 0 0 0 0 17
1 0 0 0 0 0 1 1 1 0 1 1 1 1 0 1 0 1 1 0 1 1 0 1 1 0 1 0 0 0 0 0 0 0 0 0 0 0 0 0 0 0 0 0 0 0 0 0 0 0 16
1 0 1 1 1 1 1 0 1 0 0 1 1 1 0 1 0 1 1 0 1 1 1 1 0 0 1 0 0 0 0 0 0 0 0 0 0 0 0 0 0 0 0 0 0 0 0 0 0 0 18
1 1 1 0 0 1 0 0 1 0 1 1 1 1 0 1 0 1 1 0 0 1 1 1 1 1 0 0 0 0 0 0 0 0 0 0 0 0 0 0 0 0 0 0 0 0 0 0 0 0 17
1 1 1 0 0 0 0 1 1 0 0 1 1 1 1 1 0 1 1 0 0 1 1 1 1 1 0 0 0 0 0 0 0 0 0 0 0 0 0 0 0 0 0 0 0 0 0 0 0 0 17
1 1 1 1 1 0 1 0 1 0 0 1 1 0 1 1 0 0 1 0 0 0 1 0 1 1 1 0 0 0 0 0 0 0 0 0 0 0 0 0 0 0 0 0 0 0 0 0 0 0 16
1 0 0 1 0 1 0 1 0 1 1 1 1 0 0 1 0 1 1 0 1 1 1 0 0 1 0 0 1 0 0 0 0 0 0 0 0 0 0 0 0 0 0 0 0 0 0 0 0 0 16
1 0 1 1 1 0 1 1 1 0 0 1 0 1 1 0 0 1 1 0 1 1 1 1 1 1 1 1 0 0 0 0 0 0 0 0 0 0 0 0 0 0 0 0 0 0 0 0 0 0 20
1 1 0 1 1 0 1 1 1 0 1 1 1 1 0 1 0 1 1 0 1 0 1 1 1 1 1 1 0 0 0 0 0 0 0 0 0 0 0 0 0 0 0 0 0 0 0 0 0 0 21
1 1 0 1 1 0 1 1 1 0 0 1 1 1 0 0 0 0 1 0 1 1 1 0 0 0 1 0 1 0 0 0 0 0 0 0 0 0 0 0 0 0 0 0 0 0 0 0 0 0 16
1 1 1 0 1 1 0 0 1 0 0 1 1 1 0 1 0 1 1 0 1 1 1 1 0 0 1 0 0 0 0 0 0 0 0 0 0 0 0 0 0 0 0 0 0 0 0 0 0 0 17
1 1 0 1 1 0 0 0 0 0 0 1 1 0 1 1 1 0 1 0 0 1 1 1 0 0 0 1 0 0 0 0 0 0 0 0 0 0 0 0 0 0 0 0 0 0 0 0 0 0 14
1 0 1 1 1 1 0 1 1 0 0 1 1 1 0 0 0 1 1 0 1 1 1 0 1 1 1 0 0 0 0 0 0 0 0 0 0 0 0 0 0 0 0 0 0 0 0 0 0 0 18
1 1 1 0 1 0 1 0 1 0 1 1 1 1 0 1 0 1 1 0 1 1 1 1 0 0 1 0 1 0 0 0 0 0 0 0 0 0 0 0 0 0 0 0 0 0 0 0 0 0 19
1 1 0 0 1 0 0 1 1 0 1 1 1 1 0 0 0 0 1 0 1 0 1 0 1 0 0 0 0 0 0 0 0 0 0 0 0 0 0 0 0 0 0 0 0 0 0 0 0 0 13
1 0 1 1 1 1 1 1 1 0 0 1 1 0 0 1 0 1 1 0 1 1 1 0 1 0 1 1 1 0 0 0 0 0 0 0 0 0 0 0 0 0 0 0 0 0 0 0 0 0 20
1 0 1 0 1 0 0 1 1 0 1 1 1 1 0 1 0 0 0 0 1 1 1 1 1 1 1 1 0 0 0 0 0 0 0 0 0 0 0 0 0 0 0 0 0 0 0 0 0 0 18
0 1 1 1 1 1 0 1 1 0 1 1 1 1 1 1 0 1 1 0 0 0 1 0 0 0 1 1 0 0 0 0 0 0 0 0 0 0 0 0 0 0 0 0 0 0 0 0 0 0 18
1 0 1 1 1 0 1 0 1 0 1 1 1 0 1 1 0 1 1 0 1 1 1 1 0 0 0 1 0 0 0 0 0 0 0 0 0 0 0 0 0 0 0 0 0 0 0 0 0 0 18
1 1 1 1 1 1 1 1 1 0 1 1 1 1 0 1 0 1 1 0 0 0 1 0 0 0 0 0 0 0 0 0 0 0 0 0 0 0 0 0 0 0 0 0 0 0 0 0 0 0 17
1 1 0 0 0 0 0 1 1 0 1 1 1 1 0 1 0 1 1 0 1 1 1 0 0 1 0 0 0 0 0 0 0 0 0 0 0 0 0 0 0 0 0 0 0 0 0 0 0 0 15
0 0 0 0 1 1 1 0 1 0 0 1 1 1 0 1 0 1 1 0 1 1 0 0 1 0 1 0 1 0 0 0 0 0 0 0 0 0 0 0 0 0 0 0 0 0 0 0 0 0 15
1 1 0 1 0 0 0 0 1 0 1 1 1 1 0 1 0 1 0 0 1 1 1 0 0 1 1 1 0 0 0 0 0 0 0 0 0 0 0 0 0 0 0 0 0 0 0 0 0 0 16
1 1 1 1 0 0 0 0 1 0 1 1 1 1 1 0 1 0 1 0 0 1 1 1 1 0 1 0 1 0 0 0 0 0 0 0 0 0 0 0 0 0 0 0 0 0 0 0 0 0 18
1 1 1 0 1 0 1 1 1 0 0 1 1 1 0 1 0 1 1 0 1 1 1 0 0 0 1 1 0 0 0 0 0 0 0 0 0 0 0 0 0 0 0 0 0 0 0 0 0 0 18
1 0 0 0 1 0 0 1 1 0 1 1 1 1 0 1 0 1 1 0 1 1 1 0 1 0 1 1 0 0 0 0 0 0 0 0 0 0 0 0 0 0 0 0 0 0 0 0 0 0 17
1 1 1 1 0 1 1 1 1 0 0 1 1 1 0 1 0 0 1 0 0 1 1 0 0 0 1 0 0 0 0 0 0 0 0 0 0 0 0 0 0 0 0 0 0 0 0 0 0 0 16
1 1 1 0 1 0 1 1 1 0 1 1 0 1 1 1 0 0 1 0 1 1 1 0 1 0 0 0 0 0 0 0 0 0 0 0 0 0 0 0 0 0 0 0 0 0 0 0 0 0 17
1 0 0 1 0 0 1 1 1 0 0 1 1 1 0 1 0 0 1 0 1 0 1 0 1 1 0 1 0 0 0 0 0 0 0 0 0 0 0 0 0 0 0 0 0 0 0 0 0 0 15
1 1 0 1 0 0 0 1 0 0 1 1 1 0 0 1 0 1 0 0 0 1 1 1 0 0 1 1 1 0 0 0 0 0 0 0 0 0 0 0 0 0 0 0 0 0 0 0 0 0 15
1 0 1 0 1 0 0 1 1 0 1 1 1 1 1 1 0 0 1 0 1 1 1 0 1 0 1 0 1 0 0 0 0 0 0 0 0 0 0 0 0 0 0 0 0 0 0 0 0 0 18
0 0 0 0 1 0 0 1 1 0 0 1 1 0 0 1 0 1 1 0 1 1 1 0 1 0 1 0 0 0 0 0 0 0 0 0 0 0 0 0 0 0 0 0 0 0 0 0 0 0 13
1 1 1 1 0 0 0 1 1 0 0 1 1 1 0 1 0 1 1 0 1 0 1 0 0 0 0 1 0 0 0 0 0 0 0 0 0 0 0 0 0 0 0 0 0 0 0 0 0 0 15
1 1 0 0 0 0 1 1 1 0 1 1 1 0 1 1 0 1 1 0 1 1 1 1 0 0 1 0 0 0 0 0 0 0 0 0 0 0 0 0 0 0 0 0 0 0 0 0 0 0 17
1 0 1 0 1 1 1 0 1 0 0 1 1 1 1 1 0 1 1 0 0 1 1 0 0 0 1 0 0 0 0 0 0 0 0 0 0 0 0 0 0 0 0 0 0 0 0 0 0 0 16
1 1 0 1 1 0 1 0 1 1 0 1 1 1 1 0 0 1 1 0 0 1 1 0 0 0 0 0 0 0 0 0 0 0 0 0 0 0 0 0 0 0 0 0 0 0 0 0 0 0 15
1 1 0 0 1 0 1 0 0 0 1 1 1 0 0 1 0 1 1 0 1 1 1 0 1 0 1 0 1 0 0 0 0 0 0 0 0 0 0 0 0 0 0 0 0 0 0 0 0 0 16
1 1 1 1 1 1 1 0 1 1 1 1 1 1 0 0 0 1 1 0 1 1 1 0 0 1 1 0 0 0 0 0 0 0 0 0 0 0 0 0 0 0 0 0 0 0 0 0 0 0 20
1 1 0 1 1 0 1 1 1 1 1 1 1 0 0 0 0 1 1 0 1 0 1 1 0 0 1 0 1 0 0 0 0 0 0 0 0 0 0 0 0 0 0 0 0 0 0 0 0 0 18
1 1 0 0 0 0 0 1 1 0 0 1 1 1 0 1 0 1 0 0 0 1 1 0 1 1 1 1 0 0 0 0 0 0 0 0 0 0 0 0 0 0 0 0 0 0 0 0 0 0 15
1 1 1 1 1 0 1 1 1 1 1 1 1 0 0 1 0 1 1 0 0 1 1 0 1 0 1 0 0 0 0 0 0 0 0 0 0 0 0 0 0 0 0 0 0 0 0 0 0 0 19
1 0 0 0 0 0 0 0 0 0 0 1 1 1 1 1 1 1 1 0 1 1 0 0 0 1 0 0 1 0 0 0 0 0 0 0 0 0 0 0 0 0 0 0 0 0 0 0 0 0 13
0 1 1 0 1 1 1 0 1 1 0 1 1 1 0 0 0 1 0 0 1 1 1 0 1 1 1 0 0 0 0 0 0 0 0 0 0 0 0 0 0 0 0 0 0 0 0 0 0 0 17
1 0 1 1 1 0 1 1 1 0 0 1 1 0 0 1 0 1 1 0 1 1 0 0 0 1 1 0 1 0 0 0 0 0 0 0 0 0 0 0 0 0 0 0 0 0 0 0 0 0 17
1 0 0 0 1 0 0 0 1 0 1 1 1 1 0 1 0 1 1 0 0 1 1 0 0 1 1 1 0 0 0 0 0 0 0 0 0 0 0 0 0 0 0 0 0 0 0 0 0 0 15
1 1 0 1 1 0 1 0 1 0 0 1 1 1 0 1 0 1 1 0 1 1 1 0 1 1 1 1 0 0 0 0 0 0 0 0 0 0 0 0 0 0 0 0 0 0 0 0 0 0 19
1 0 0 1 1 1 1 0 1 0 1 1 1 1 0 1 0 1 1 0 0 1 1 1 0 0 0 0 0 0 0 0 0 0 0 0 0 0 0 0 0 0 0 0 0 0 0 0 0 1 17
1 1 1 1 1 1 0 0 1 0 1 1 1 1 0 1 0 0 1 0 0 1 1 0 1 0 1 0 0 0 0 0 0 0 0 0 0 0 0 0 0 0 0 0 0 0 0 0 0 0 17
1 0 0 0 0 0 0 0 1 0 0 1 1 0 1 0 0 1 1 0 1 1 1 0 0 0 1 1 0 0 0 0 0 0 0 0 0 0 0 0 0 0 0 0 0 0 0 0 0 0 12
1 1 0 1 0 1 1 1 1 0 0 1 1 0 0 0 0 1 1 0 0 0 1 1 0 0 1 1 1 0 0 0 0 0 0 0 0 0 0 0 0 0 0 0 0 0 0 0 0 0 16
1 0 1 0 1 1 0 0 1 0 0 1 1 1 1 1 0 1 1 0 1 1 1 1 0 1 1 1 0 0 0 0 0 0 0 0 0 0 0 0 0 0 0 0 0 0 0 0 0 0 19
1 1 0 0 0 1 1 0 1 0 1 1 1 1 1 1 0 1 1 0 1 1 1 1 1 1 1 0 0 0 0 0 0 0 0 0 1 0 0 0 0 0 0 0 0 0 0 0 0 0 21
1 0 0 1 0 1 0 0 1 0 0 1 1 0 0 1 0 1 0 0 1 0 1 1 0 0 1 0 0 0 0 0 0 0 0 0 0 0 0 0 0 0 0 0 0 0 0 0 0 0 12
1 1 1 1 1 0 1 0 1 0 0 1 1 1 1 1 0 1 0 0 1 0 1 0 0 1 1 1 0 0 0 0 0 0 0 0 0 0 0 0 0 0 0 0 0 0 0 0 0 0 18
1 0 1 1 0 0 1 1 1 0 1 1 1 1 0 1 0 1 1 0 1 0 1 0 1 1 1 0 0 0 0 0 0 0 0 0 0 0 0 0 0 0 0 0 0 0 0 0 0 0 18
1 0 1 1 1 1 1 1 0 0 1 1 1 1 0 0 0 1 1 0 1 1 1 1 0 1 1 1 0 0 0 0 0 0 0 0 0 0 0 0 0 0 0 0 0 0 0 0 0 0 20
1 1 1 1 1 0 1 1 1 0 0 1 1 1 0 0 0 0 1 0 0 1 1 0 1 1 1 0 0 0 0 0 0 0 0 0 0 0 0 0 0 0 0 0 0 0 0 0 0 0 17
1 1 0 0 0 0 0 0 1 1 1 1 0 0 0 1 0 1 1 0 1 1 1 0 1 0 1 0 0 0 0 0 0 0 0 0 0 0 0 0 0 0 0 0 0 0 0 0 0 0 14
1 1 1 0 1 1 0 1 1 0 1 1 1 1 1 0 0 1 1 0 0 1 1 0 0 1 1 1 0 0 0 0 0 0 0 0 0 0 0 0 0 0 0 0 0 0 0 0 0 0 19
1 0 0 1 0 1 0 1 1 1 1 1 1 1 0 0 0 1 1 0 1 1 1 0 1 1 0 1 0 0 0 0 0 0 0 0 0 0 0 0 0 0 0 0 0 0 0 0 0 0 18
1 0 0 1 1 1 0 0 1 0 0 0 1 1 1 1 0 1 1 0 1 1 1 0 0 0 1 0 1 0 0 0 0 0 0 0 0 0 0 0 0 0 0 0 0 0 0 0 0 0 16
0 1 1 0 1 0 1 1 1 0 0 1 1 1 0 1 0 0 1 0 0 1 1 0 0 0 0 1 1 0 0 0 0 0 0 0 0 0 0 0 0 0 0 0 0 0 0 0 0 0 15
1 1 0 1 1 0 1 0 1 0 0 1 1 1 0 1 0 1 0 0 1 1 0 0 1 1 1 0 0 0 0 0 0 0 0 0 0 0 0 0 0 0 0 0 0 0 0 0 0 0 16
1 1 0 1 1 1 1 1 1 0 0 1 1 1 1 1 0 1 1 0 1 1 1 0 0 0 1 0 1 0 0 0 0 0 0 0 0 0 0 0 0 0 0 0 0 0 1 0 0 0 21
1 1 0 1 0 1 1 0 1 1 0 1 1 1 0 1 0 0 1 0 1 1 1 0 0 1 1 0 0 0 0 0 0 0 0 0 0 0 0 0 0 0 0 0 0 0 0 0 0 0 17
1 0 0 0 0 1 0 0 1 0 1 1 1 1 0 1 0 1 1 0 1 1 1 1 0 1 1 0 1 0 0 0 0 0 0 0 0 0 0 0 0 0 0 0 0 0 0 0 0 0 17
1 1 0 1 1 1 1 0 1 0 0 1 1 0 0 1 1 1 1 0 1 1 1 1 1 0 1 0 0 0 0 0 0 0 0 0 0 0 0 0 0 0 0 0 0 0 0 0 0 0 19
1 1 0 0 1 1 0 0 1 0 0 1 1 0 0 1 0 1 1 0 1 1 1 1 1 0 0 1 1 0 0 0 0 0 0 0 0 0 0 0 0 0 0 0 0 0 0 0 0 0 17
0 0 1 1 1 0 1 0 1 0 1 1 1 0 0 0 0 1 1 0 0 1 1 0 1 0 1 0 0 0 0 0 0 0 0 0 0 0 0 0 0 0 0 0 0 0 0 0 0 0 14
0 0 1 1 1 1 0 0 1 0 0 1 1 1 0 1 0 1 1 0 0 1 1 0 1 1 0 0 0 0 0 0 0 0 0 0 0 0 0 0 0 0 0 0 0 0 0 0 0 0 15
1 1 1 0 1 0 0 0 0 0 0 1 1 1 0 1 0 1 1 0 1 1 1 0 0 0 1 1 1 0 0 0 0 0 0 0 0 0 0 0 0 0 0 0 0 0 0 0 0 0 16
1 1 1 0 1 0 1 1 1 0 1 1 1 1 1 1 0 1 1 0 1 1 1 0 0 0 1 1 0 0 0 0 0 0 0 0 0 0 0 0 0 0 0 0 0 0 0 0 0 0 20
1 0 1 1 0 1 1 1 0 0 1 1 1 1 0 0 0 1 1 0 1 0 1 0 0 0 1 1 0 0 0 0 0 0 0 0 0 0 0 0 0 0 0 0 0 0 0 0 0 0 16
1 1 0 1 0 0 1 0 1 0 0 1 1 0 0 1 0 1 1 0 0 1 1 1 1 1 1 1 1 0 0 0 0 0 0 0 0 0 0 0 0 0 0 0 0 0 0 0 0 0 18
1 0 1 1 0 0 0 1 1 1 1 1 0 1 1 1 0 1 1 0 1 1 1 0 1 0 1 0 0 0 0 0 0 0 0 0 0 0 0 0 0 0 0 0 0 0 0 0 0 0 18
1 1 0 1 1 0 0 0 1 0 0 1 1 1 0 1 0 1 1 0 1 0 1 0 0 0 0 0 0 0 0 0 0 0 0 0 0 0 0 0 0 0 0 0 0 0 0 0 0 0 13
1 0 0 0 1 1 0 1 0 0 1 1 1 0 0 1 0 1 0 0 1 0 1 1 0 0 1 1 1 0 0 0 0 0 0 0 0 0 0 0 0 0 0 0 0 0 0 0 0 0 15
1 1 0 0 0 0 1 1 0 0 0 0 1 1 0 1 0 1 0 0 1 1 1 0 0 1 1 0 1 0 0 0 0 0 0 0 0 0 0 0 0 0 0 0 0 0 0 0 0 0 14
1 0 1 0 1 0 1 1 1 0 1 1 1 0 1 1 0 1 1 0 1 1 1 0 1 0 0 0 1 0 0 0 0 0 0 0 0 0 0 0 0 0 0 0 0 0 0 0 0 0 18
1 1 0 0 1 0 1 0 0 1 1 1 1 1 0 1 0 1 1 1 1 0 1 0 0 0 1 0 0 0 0 0 0 0 0 0 0 0 0 0 0 0 0 0 0 0 0 0 0 0 16
1 0 0 1 1 1 0 1 1 0 0 1 1 0 0 1 0 1 1 0 1 1 1 0 1 1 1 0 0 0 0 0 0 0 0 0 0 0 0 0 0 0 0 0 0 0 0 0 0 0 17
1 0 0 1 0 0 1 0 1 0 0 1 1 1 0 1 1 1 0 0 1 0 1 0 1 1 1 1 1 0 0 0 0 0 0 0 0 0 0 0 0 0 0 0 0 0 0 0 0 0 17
1 0 0 0 1 0 0 0 1 0 0 1 1 1 0 1 0 0 1 0 0 0 1 0 0 0 1 0 0 0 0 0 0 0 0 0 0 0 0 0 0 0 0 0 0 0 0 0 0 0 10
1 0 0 1 1 0 0 1 1 0 1 0 1 1 0 1 0 1 1 0 1 1 1 1 0 0 1 1 0 0 0 0 0 0 0 0 0 0 0 0 0 0 0 0 0 0 0 0 0 0 17
1 0 0 1 0 1 1 0 1 0 0 1 1 1 0 1 0 0 0 0 0 1 1 1 0 0 1 1 0 0 0 0 0 0 0 0 0 0 0 0 0 0 0 0 0 0 0 0 0 0 14
0 0 0 1 1 0 0 0 0 0 1 1 1 1 1 1 0 1 1 0 1 0 1 0 0 0 0 0 0 0 0 0 0 0 0 0 0 0 0 0 0 0 0 0 0 0 0 0 0 0 12
1 1 0 1 0 0 0 0 1 0 0 1 1 1 0 0 0 1 1 0 0 1 1 0 0 0 1 0 0 0 0 0 0 0 0 0 0 0 0 0 0 0 0 0 0 1 0 0 0 0 13
1 1 1 1 1 1 1 0 1 0 1 1 1 0 1 1 0 0 0 0 0 1 1 0 0 0 1 1 0 0 0 0 0 0 0 0 0 0 0 0 0 0 0 0 0 0 0 0 0 0 17
1 0 1 1 1 0 0 0 0 0 1 1 0 1 0 1 0 0 1 0 1 1 1 1 0 1 0 1 0 0 0 0 0 0 0 0 0 0 0 0 0 0 0 0 0 0 0 0 0 0 15
1 0 0 1 1 0 0 0 1 0 0 1 1 0 0 1 1 1 1 0 1 1 1 0 1 0 0 0 0 0 0 0 0 0 0 0 0 0 0 0 0 0 0 0 0 0 0 0 0 0 14
1 1 0 1 1 1 1 1 1 0 0 1 1 1 0 1 0 1 1 0 1 0 1 1 0 0 1 0 1 0 0 0 0 0 0 0 0 0 0 0 0 0 0 0 0 0 0 0 0 0 19
1 0 1 1 0 1 0 1 1 0 0 1 1 1 0 1 0 1 1 0 1 0 1 0 1 1 1 1 1 0 0 0 0 0 0 0 0 0 0 0 0 0 0 0 0 0 0 0 0 0 19
1 1 1 0 0 0 0 0 1 0 1 1 1 0 1 1 0 1 1 0 1 0 1 0 1 1 1 1 1 0 0 0 0 0 0 0 0 0 0 0 0 0 0 0 0 0 0 0 0 0 18
1 1 1 1 1 0 0 0 0 0 0 1 1 1 0 1 0 1 1 0 0 1 1 0 1 1 1 0 0 0 0 0 0 0 0 0 0 0 0 0 0 0 0 0 0 0 0 0 0 0 16
1 0 0 0 1 1 1 1 0 0 0 1 1 0 0 1 0 1 1 0 1 1 1 0 0 1 1 1 0 0 0 0 0 0 0 0 0 0 0 0 0 0 0 0 0 0 0 0 0 0 16
1 0 1 1 1 0 1 0 0 0 0 1 1 1 0 1 0 0 1 0 0 1 1 0 0 0 1 0 0 0 0 0 0 0 0 0 0 0 0 0 0 0 0 0 0 0 0 0 0 0 13
1 0 0 0 1 0 1 0 0 0 1 1 1 0 0 1 0 0 1 0 1 0 1 0 0 0 1 0 1 0 0 0 0 0 0 0 0 0 0 0 0 0 0 0 0 0 0 0 0 0 12
1 0 1 1 1 1 1 1 1 1 1 1 1 1 0 1 0 1 1 0 0 0 1 1 0 0 1 0 0 0 0 0 0 0 0 0 0 0 0 0 0 0 0 0 0 0 0 0 0 0 19
1 0 0 1 1 1 0 1 1 0 1 1 1 0 0 1 0 1 1 0 1 1 1 0 0 1 1 0 1 0 0 0 0 0 0 0 0 0 0 0 0 0 0 0 0 0 0 0 0 0 18
1 1 0 1 1 0 1 1 0 0 0 1 1 1 1 1 0 1 1 0 0 0 1 1 0 0 0 0 1 0 0 0 0 0 0 0 0 0 0 0 0 0 0 0 0 0 0 0 0 0 16
1 0 1 1 1 1 1 1 1 0 0 1 1 1 0 0 0 1 1 0 0 1 1 0 1 0 0 1 0 0 0 0 0 0 0 0 0 0 0 0 0 0 0 0 0 0 0 0 0 0 17
1 1 1 1 1 0 0 0 1 1 0 1 1 1 0 1 0 0 0 0 1 1 1 1 0 0 1 0 0 0 0 0 0 0 0 0 0 0 0 0 0 0 0 0 0 0 0 0 0 0 16
1 1 1 1 1 1 0 1 1 0 0 1 1 1 0 1 0 1 1 0 1 0 1 0 0 0 1 1 0 0 0 0 0 0 0 0 0 0 0 0 0 0 0 0 0 0 0 0 0 0 18
1 0 1 1 1 0 1 1 1 0 1 1 1 1 0 1 0 1 1 0 0 0 1 1 0 0 1 1 0 0 0 0 1 0 0 0 0 0 0 0 0 0 0 0 0 0 0 0 0 0 19
1 1 0 1 1 1 1 0 1 0 1 1 1 1 0 1 0 1 1 0 0 0 1 0 1 0 0 0 0 0 0 0 0 0 0 0 0 0 0 0 0 0 0 0 0 0 0 0 0 0 16
1 0 1 1 1 1 0 0 1 0 0 1 0 1 1 1 0 1 1 0 1 1 1 1 1 0 1 1 0 0 0 0 0 0 0 0 0 0 0 0 0 0 0 0 0 0 0 0 0 0 19
1 0 0 1 0 0 0 1 1 0 1 1 1 1 0 1 0 1 1 0 1 1 1 0 1 1 1 1 0 0 0 0 0 0 0 0 0 1 0 0 0 0 0 0 0 0 0 0 0 0 19
1 0 0 1 1 1 1 1 1 1 1 1 1 1 0 1 0 1 1 0 1 0 1 1 1 0 1 1 0 0 0 0 0 0 0 0 0 0 0 0 0 0 0 0 0 0 0 0 0 0 21
1 1 1 1 1 0 1 0 1 0 0 0 1 1 0 1 0 1 1 0 1 0 1 0 0 1 1 0 1 0 0 0 0 0 0 0 0 0 0 0 0 0 0 0 0 0 0 0 0 0 17
1 1 0 1 1 0 1 0 1 0 0 1 1 1 0 1 0 0 1 0 0 1 1 0 0 1 0 0 0 0 0 0 0 0 0 0 0 0 0 0 0 0 0 0 0 0 0 0 0 0 14
1 0 1 1 1 0 1 1 1 0 0 1 1 0 0 1 1 1 0 0 1 1 1 1 1 0 0 0 0 0 0 0 0 0 0 0 0 0 0 0 0 0 0 0 0 0 0 0 0 0 17
0 0 1 1 0 0 1 1 0 0 0 1 1 1 0 1 0 1 1 0 1 1 1 0 1 0 1 0 1 0 0 0 0 0 0 0 0 0 0 0 0 0 0 0 0 0 0 0 0 0 16
1 1 1 0 0 1 0 0 1 0 1 1 1 1 0 1 0 1 1 0 1 1 1 0 0 0 1 1 1 0 0 0 0 0 0 0 0 0 0 0 0 0 0 0 0 0 0 0 0 0 18
1 0 0 1 1 0 0 0 1 0 1 1 1 1 0 1 0 0 1 0 0 1 1 1 0 0 0 0 1 0 0 0 0 0 0 0 0 0 0 0 0 0 0 0 0 0 0 0 0 0 14
1 0 0 1 1 0 1 0 1 0 1 1 1 1 0 1 0 1 1 0 1 1 1 0 0 0 0 0 1 0 0 0 0 0 0 0 0 0 0 0 0 0 0 0 0 0 0 0 0 0 16
1 1 0 1 1 0 1 1 1 0 0 1 1 1 0 1 0 1 1 0 1 1 1 0 0 1 0 1 0 0 0 0 0 0 0 0 0 0 0 0 0 0 0 0 0 0 0 0 0 0 18
1 0 1 1 1 0 0 0 1 0 1 1 1 0 0 1 0 1 1 0 0 1 1 0 0 0 1 0 1 0 0 0 0 0 0 0 0 0 0 0 0 0 0 0 0 0 0 0 0 0 15
1 0 0 0 0 0 1 0 1 0 0 1 1 1 0 0 0 1 0 0 0 0 1 1 0 0 0 0 1 0 0 0 0 0 0 0 0 0 0 0 0 0 0 0 0 0 0 0 0 0 10
1 1 1 1 1 1 1 1 1 0 0 1 1 1 1 1 0 1 1 0 1 1 1 0 0 0 1 0 0 0 0 0 0 0 0 0 0 0 0 0 0 0 0 0 0 0 0 0 0 0 20
1 1 0 0 1 0 1 0 1 0 1 1 1 0 0 1 0 1 1 0 1 1 1 0 0 1 1 1 0 0 0 0 0 0 0 0 0 0 0 0 0 0 0 0 0 0 0 0 0 0 17
1 1 0 1 1 1 0 1 1 0 1 1 1 1 1 1 0 1 1 0 1 1 1 0 0 1 0 0 0 0 0 0 0 1 0 0 0 0 0 0 0 0 0 0 0 0 0 0 0 0 20
1 0 0 0 1 1 0 1 1 0 1 1 1 1 0 1 0 1 1 0 1 0 1 1 1 1 1 0 0 0 0 0 0 0 0 0 0 0 0 0 0 0 0 0 0 0 0 0 0 0 18
1 0 0 1 1 1 1 0 1 1 0 1 1 1 0 1 0 1 1 0 1 1 1 0 1 1 1 0 0 0 0 0 0 0 0 0 0 0 0 0 0 0 0 0 0 0 0 0 0 0 19
1 0 1 1 1 0 1 1 1 0 1 1 1 0 0 1 0 1 1 0 1 0 1 0 0 0 1 0 0 0 0 0 0 0 0 0 0 0 0 0 0 0 0 0 0 0 0 0 0 0 16
1 0 0 1 1 0 1 1 1 0 1 1 1 1 0 1 0 0 1 0 0 1 1 0 0 1 1 0 0 0 0 0 0 0 0 0 0 0 0 0 0 0 0 0 0 0 0 0 0 0 16
1 1 0 1 1 0 1 1 1 0 1 0 0 0 1 1 0 1 1 0 1 1 1 0 1 1 1 0 1 0 0 0 0 0 0 0 0 0 0 0 0 0 0 0 0 0 0 0 0 0 19
1 1 1 1 1 0 1 0 1 0 0 1 1 1 0 1 0 1 1 0 0 1 1 0 0 0 1 0 0 0 0 0 0 0 0 0 0 0 0 0 0 0 0 0 0 0 0 0 0 0 16
1 1 0 1 1 1 0 1 1 0 0 1 1 1 0 1 0 1 0 0 1 1 0 1 0 1 1 0 0 0 0 0 0 0 0 0 0 0 0 0 0 0 0 0 0 0 0 0 0 0 17
1 1 1 0 0 1 1 0 0 1 0 1 1 1 0 1 0 0 1 0 1 0 1 0 1 0 1 1 0 0 0 0 0 0 0 0 0 0 0 0 0 0 0 0 1 0 0 0 0 0 17
0 0 0 1 0 0 0 1 1 0 1 1 0 1 0 1 0 1 0 0 0 1 1 1 0 0 1 0 1 0 0 0 0 0 0 0 0 0 0 0 0 0 0 0 0 0 0 0 0 0 13
1 1 1 1 0 0 0 0 1 0 0 1 1 0 0 1 0 1 1 0 1 1 1 1 0 0 1 1 0 0 0 0 0 0 0 0 0 0 0 0 0 0 0 0 0 0 0 0 0 0 16
1 1 1 1 1 1 1 0 1 1 0 1 1 1 0 0 0 1 1 0 0 1 1 1 1 1 1 1 0 0 0 0 0 0 0 0 0 0 0 0 0 0 0 0 0 0 0 0 0 0 21
1 1 0 1 1 0 1 1 1 0 0 1 1 1 0 1 0 1 1 0 1 0 1 0 1 1 0 1 1 0 0 0 0 0 0 0 0 0 0 0 0 0 0 0 0 0 0 0 0 0 19
1 0 1 1 1 1 1 1 1 0 1 1 1 0 1 1 0 1 1 0 0 1 1 0 0 1 1 0 1 0 0 0 0 0 0 0 0 0 0 0 0 0 0 0 0 0 0 0 0 0 20
1 1 0 1 0 1 1 0 1 0 1 1 1 1 0 1 0 1 1 0 0 1 1 0 1 0 0 0 0 0 0 0 0 0 0 0 0 0 0 0 0 0 0 0 0 0 0 0 0 0 16
1 0 0 1 1 0 1 1 0 1 0 1 1 0 0 1 0 0 1 0 0 1 1 0 1 0 1 1 0 0 0 0 0 0 0 0 0 0 0 0 0 0 0 0 0 0 0 0 0 0 15
1 1 0 1 0 0 0 1 1 0 1 1 1 1 1 1 0 1 1 0 1 1 1 1 1 0 1 1 0 0 0 0 0 0 0 0 0 0 0 0 0 0 0 0 0 0 0 0 0 0 20
1 1 1 1 1 0 0 0 1 0 0 1 1 1 0 0 0 1 1 0 1 1 1 1 0 0 0 1 0 0 0 0 0 0 0 0 0 0 0 0 0 0 0 0 0 0 0 0 0 0 16
0 0 0 1 1 1 1 1 1 0 1 1 1 0 1 1 0 1 1 0 0 1 1 0 1 0 1 1 0 0 0 0 0 0 0 0 0 0 0 0 0 0 0 0 0 0 0 0 0 0 18
1 1 1 0 1 0 1 1 1 0 0 1 1 1 1 1 0 1 0 0 1 1 1 0 1 1 1 0 0 0 0 0 0 0 0 0 0 0 0 0 0 0 0 0 0 0 0 0 0 0 19
1 1 1 0 1 1 1 0 1 0 0 1 1 1 0 1 0 1 1 0 1 1 1 0 0 1 1 0 0 0 0 0 0 0 0 0 0 0 0 0 0 0 0 0 0 0 0 0 0 0 18
1 1 0 0 0 0 1 0 1 0 1 1 1 1 0 1 0 1 1 0 1 1 1 1 0 1 1 0 0 0 0 0 0 0 0 0 0 0 0 0 0 0 0 0 0 0 0 0 0 0 17
1 0 1 1 0 1 0 0 1 0 0 1 1 0 1 1 0 1 1 0 0 1 1 0 0 1 1 1 0 0 0 0 0 0 0 0 0 0 0 0 0 0 0 0 0 0 0 0 0 0 16
1 1 0 1 1 0 1 1 1 0 0 1 1 0 0 0 0 1 1 0 0 1 1 0 1 1 0 0 0 0 0 0 0 0 0 0 0 0 0 0 0 0 0 0 0 0 0 0 0 0 15
1 0 0 1 1 0 0 1 1 0 1 1 1 1 0 1 1 1 1 0 1 1 1 0 1 1 1 0 0 0 1 0 0 0 0 0 0 0 0 0 0 0 0 0 0 0 0 0 0 0 20
1 1 0 0 1 0 0 0 1 0 0 1 1 1 0 1 0 1 1 0 0 1 1 1 1 1 1 1 1 0 0 0 0 0 0 0 0 0 0 0 0 0 0 0 0 0 0 0 0 0 18
1 1 1 0 0 1 1 1 1 0 1 1 1 1 1 0 0 1 1 0 0 0 0 0 0 1 1 0 0 0 0 0 0 0 0 0 0 0 0 0 0 0 0 0 0 0 0 0 0 0 16
1 1 0 0 1 0 1 1 1 0 0 1 1 1 0 1 0 1 1 0 1 1 1 0 1 0 1 0 0 0 0 0 0 0 0 0 0 0 0 0 0 0 0 0 0 0 0 0 0 0 17
1 0 0 0 1 1 1 1 0 0 0 1 1 1 1 1 0 1 1 0 1 1 1 0 0 0 1 1 0 0 0 0 0 0 0 0 0 0 0 0 0 0 0 0 0 0 0 0 0 0 17
1 1 0 1 1 1 1 1 1 0 0 1 1 1 1 0 0 0 1 0 0 0 1 0 0 1 1 1 1 0 0 0 0 0 0 0 0 0 0 0 0 0 0 0 0 0 0 0 0 0 18
1 1 1 1 1 0 0 0 0 1 0 1 1 0 0 1 0 0 1 0 1 0 1 0 0 0 1 0 1 0 0 0 0 0 0 0 0 0 0 0 0 0 0 0 0 0 0 0 0 0 14
1 0 0 1 0 1 1 1 1 1 1 1 1 0 0 1 0 1 0 0 0 1 1 0 0 1 1 0 0 0 0 0 0 0 0 0 0 0 0 0 0 0 0 0 0 0 0 0 0 0 16
1 1 0 1 0 0 0 0 1 0 1 1 1 1 1 1 0 1 1 0 1 1 1 0 0 0 1 0 0 0 0 0 0 0 0 0 0 0 0 0 0 0 0 0 0 0 0 0 0 0 16
1 0 0 0 1 0 1 0 1 0 1 1 1 1 0 1 0 1 1 0 0 1 1 1 1 0 1 1 1 0 0 0 0 0 0 0 0 0 0 0 0 0 0 0 0 0 0 0 0 0 18
1 0 0 1 1 0 0 0 1 0 0 1 1 1 0 1 0 1 1 0 1 1 1 0 0 0 1 0 0 0 0 0 0 0 0 0 0 0 0 0 0 0 0 0 0 0 0 0 0 0 14
1 0 0 1 0 0 1 1 1 0 0 1 1 1 0 1 0 0 1 0 1 1 1 1 0 1 1 1 0 0 0 0 0 0 0 0 0 0 0 0 0 0 0 0 0 0 0 0 0 0 17
1 1 0 1 1 0 1 1 1 1 0 1 1 1 0 1 0 1 0 0 1 1 1 0 0 1 1 0 1 0 0 0 0 0 0 0 0 0 0 0 0 0 0 0 0 0 0 0 0 0 19
1 1 1 0 1 0 0 0 1 0 0 1 1 1 0 1 0 1 1 0 1 1 1 0 0 1 0 1 0 0 0 0 0 0 0 0 0 0 0 0 0 0 0 0 0 0 0 0 0 0 16
1 0 0 0 1 1 0 1 1 0 0 1 1 1 0 1 0 1 0 0 1 0 1 0 0 0 1 1 0 0 0 0 0 0 0 0 0 0 0 0 0 0 0 0 0 0 0 0 0 0 14
1 0 1 1 1 0 0 1 1 0 1 1 1 1 0 1 0 1 1 0 1 1 1 0 1 0 0 0 0 0 0 0 0 0 0 0 0 0 0 0 0 0 0 0 0 0 0 0 0 0 17
1 0 1 1 1 0 0 1 0 0 0 1 1 0 0 1 0 1 1 0 0 1 1 0 1 1 1 0 1 0 0 0 0 0 0 0 0 0 0 0 0 0 0 0 0 0 0 0 0 0 16
1 1 1 1 0 1 1 0 1 0 1 1 1 1 0 1 0 1 1 0 0 1 1 0 0 0 1 0 0 0 0 0 0 0 0 0 0 0 0 0 0 0 0 0 0 0 0 0 0 0 17
1 1 0 1 1 0 0 0 1 0 1 1 1 1 0 0 0 0 1 0 0 1 1 0 0 1 0 0 0 0 0 0 0 0 0 0 0 0 0 0 0 0 0 0 0 0 0 0 0 0 13
1 1 0 0 0 0 0 0 1 1 0 1 1 1 0 0 0 1 1 0 0 0 1 0 0 1 0 0 1 0 0 0 0 0 0 0 0 0 0 0 0 0 0 0 0 0 0 0 0 0 12
1 1 0 1 0 0 1 1 1 0 0 1 0 1 0 1 0 0 1 0 1 0 1 0 0 0 0 1 0 0 0 0 0 0 0 0 0 0 0 0 0 0 0 0 0 0 0 0 0 0 13
1 1 0 1 1 1 1 0 1 0 1 1 1 1 0 0 0 1 1 0 0 1 1 1 0 0 1 0 0 0 0 0 0 0 0 0 0 0 0 0 0 0 0 0 0 0 0 0 0 0 17
1 0 0 1 1 1 1 0 1 0 1 1 1 1 0 1 0 1 1 0 0 0 0 1 0 0 0 1 0 0 0 0 0 0 0 0 0 0 0 0 0 0 0 0 0 0 0 0 0 0 15
1 0 0 1 1 0 1 1 1 0 1 1 1 1 0 1 0 1 0 0 1 1 1 1 0 1 1 1 1 0 0 0 0 0 0 0 0 0 0 0 0 0 0 0 0 0 0 0 0 0 20
1 0 0 0 1 0 0 1 1 0 1 1 1 0 0 1 0 1 0 0 1 0 1 0 1 0 0 0 0 0 0 0 0 0 0 0 0 0 0 0 0 0 0 0 0 0 0 0 0 0 12
1 1 0 1 1 0 1 0 1 0 0 1 1 1 0 1 0 0 1 0 0 1 1 0 0 1 1 1 0 0 0 0 0 0 0 0 0 0 0 0 0 0 0 0 0 0 0 0 0 0 16
1 0 0 0 1 0 1 0 0 0 1 1 1 0 1 1 0 1 1 0 1 1 1 0 1 1 0 0 1 0 0 0 0 0 0 0 0 0 0 0 0 0 0 0 0 0 0 0 0 0 16
1 1 0 1 1 0 0 1 1 0 0 1 1 0 0 1 0 1 1 0 0 0 1 0 0 1 0 1 0 0 0 0 0 0 0 0 0 0 0 0 0 0 0 0 0 0 0 0 0 0 14
1 0 1 0 1 0 1 0 1 0 0 1 1 1 0 1 0 0 1 0 0 0 1 0 1 1 0 0 1 0 0 0 0 0 0 0 0 0 0 0 0 0 0 0 0 0 0 0 0 0 14
1 0 0 1 1 0 1 1 1 0 0 1 1 1 0 1 0 1 1 0 1 1 1 1 1 0 1 1 0 0 0 0 0 0 0 0 0 0 0 0 0 0 0 0 0 0 0 0 0 0 19
1 0 0 1 1 1 0 1 1 0 1 1 1 1 0 1 0 1 1 0 1 1 1 0 0 1 1 1 1 0 0 0 0 0 0 0 0 0 0 0 0 0 0 0 0 0 0 0 0 0 20
1 1 1 0 1 0 1 1 1 0 0 1 1 1 1 1 0 1 1 0 1 1 1 0 0 1 1 0 0 0 0 0 0 0 0 0 0 0 0 0 0 0 0 0 0 0 0 0 0 0 19
1 0 0 1 1 1 0 1 1 0 0 1 1 1 0 1 0 1 1 0 1 1 1 0 0 0 1 1 1 0 0 0 0 0 0 0 0 0 0 0 0 0 0 0 0 0 0 0 0 0 18
1 0 1 0 0 1 0 0 1 1 0 1 1 1 0 1 0 0 0 0 1 1 1 0 0 1 0 0 1 0 0 0 0 0 0 0 0 0 0 0 0 0 0 0 0 0 0 0 0 0 14
0 0 1 1 1 1 1 0 1 0 0 1 1 1 0 0 0 1 1 0 0 1 1 0 0 0 1 1 1 0 0 0 0 0 0 0 0 0 0 0 0 0 0 0 0 0 0 0 0 0 16
1 1 1 0 1 0 1 1 1 0 0 1 1 1 0 1 0 1 0 0 1 1 1 0 1 1 1 0 1 0 0 0 0 0 0 0 0 0 0 0 0 0 0 0 0 0 0 0 0 0 19
1 0 1 0 1 1 1 0 1 0 1 1 1 1 0 1 0 0 1 0 1 1 1 0 1 1 0 0 0 0 0 0 0 0 0 0 0 0 0 0 0 0 0 0 0 0 0 0 0 0 17
1 0 0 0 1 0 1 0 0 0 0 1 1 1 0 1 0 1 1 0 0 1 1 0 0 0 1 1 0 0 0 0 0 0 0 0 0 0 0 0 0 0 0 0 0 0 0 0 0 0 13
1 1 1 1 0 1 0 1 1 0 1 1 1 1 0 0 0 1 1 0 0 1 1 0 0 0 0 1 0 0 0 0 0 0 0 0 0 0 0 0 0 0 0 0 0 0 0 0 0 0 16
1 1 1 1 0 0 0 1 0 0 0 1 0 1 0 1 0 1 1 0 1 1 1 1 0 1 1 0 0 0 0 0 0 0 0 0 0 0 0 0 0 0 0 0 0 0 0 0 0 0 16
1 0 0 1 1 1 0 1 1 0 1 1 1 1 0 1 0 1 1 0 0 1 1 0 0 0 1 1 0 0 0 0 0 0 0 0 0 0 0 0 0 0 0 0 0 0 0 0 0 0 17
1 0 1 1 0 0 1 1 1 0 0 1 1 1 0 1 0 1 1 0 1 1 1 0 0 1 0 0 0 0 0 0 0 0 0 0 0 0 0 0 0 0 0 0 0 0 0 0 0 0 16
1 0 0 1 1 0 1 1 1 0 1 1 1 0 1 1 0 1 1 0 0 0 1 0 0 1 1 0 1 0 0 0 0 0 0 0 0 0 0 0 0 0 0 0 0 0 0 0 0 0 17
1 0 0 1 0 1 1 0 1 0 0 1 1 1 0 1 0 0 0 0 0 1 1 0 0 1 0 0 0 0 0 0 0 0 0 0 0 0 0 0 0 0 0 0 0 0 0 0 0 0 12
1 0 1 0 1 0 1 1 0 0 0 1 1 0 0 1 0 1 1 0 1 0 1 1 0 0 0 1 1 0 0 0 0 0 0 0 0 0 0 0 0 0 0 0 0 0 0 0 0 0 15
1 0 1 1 1 1 1 1 1 0 0 1 1 1 0 0 0 1 1 0 0 1 1 1 0 0 1 0 0 0 0 0 0 0 0 0 0 0 0 0 0 0 0 0 0 0 0 0 0 0 17
1 1 0 1 0 0 1 1 0 1 1 1 1 1 0 1 0 0 0 0 0 0 1 0 1 0 1 0 0 0 0 0 0 0 0 0 0 0 0 0 0 0 0 0 0 0 0 0 0 0 14
1 1 1 1 0 0 0 0 1 0 1 1 1 1 0 1 0 0 0 0 0 1 1 0 0 0 0 1 1 0 0 0 0 0 0 0 0 0 0 0 0 0 0 0 0 0 0 0 0 0 14
1 0 1 1 0 0 0 1 1 0 1 1 1 0 1 0 0 1 1 0 0 0 1 0 1 1 0 1 0 0 1 0 0 0 0 0 0 0 0 0 0 0 0 0 0 0 0 0 0 0 16
1 0 1 0 1 1 1 1 1 0 1 1 1 0 1 1 0 0 1 0 0 1 1 0 1 1 1 1 0 0 0 0 0 0 0 0 0 0 0 0 0 0 0 0 0 0 0 0 0 0 19
1 1 0 0 1 0 0 1 1 0 1 1 1 1 0 0 0 0 1 0 1 1 1 0 0 1 1 1 0 0 0 0 0 0 0 0 0 0 0 0 0 0 0 0 0 0 0 0 0 0 16
1 1 0 0 1 0 0 0 1 0 0 1 1 0 1 1 0 0 0 0 1 1 1 0 0 1 1 0 1 0 0 0 0 0 0 0 0 0 0 0 0 0 0 0 0 0 0 0 0 0 14
1 0 1 0 0 1 0 0 1 0 0 1 1 0 0 1 0 1 1 0 0 1 1 0 1 1 0 0 0 0 0 0 0 0 0 0 0 0 0 0 0 0 0 0 0 0 0 0 0 0 13
1 1 0 0 1 0 0 0 1 1 0 1 1 0 0 1 0 0 0 0 0 1 1 0 0 0 1 1 1 0 0 0 0 0 0 0 0 0 0 0 0 0 0 0 0 0 0 0 0 0 13
1 0 1 1 1 0 0 0 1 1 0 1 1 1 0 1 1 1 1 0 1 0 0 1 0 0 1 0 0 0 0 0 0 0 0 0 0 0 0 0 0 0 0 0 0 0 0 0 0 0 16
1 0 1 0 1 0 0 1 1 0 0 1 1 1 0 1 0 0 1 0 1 0 1 0 1 1 1 1 1 0 0 0 0 0 0 0 0 0 0 0 0 0 0 0 0 0 0 0 0 0 17
1 0 1 1 0 0 1 1 1 0 0 1 1 0 0 1 0 1 1 0 1 1 1 0 0 1 1 1 0 0 0 0 0 0 0 0 0 0 0 0 0 0 0 0 0 0 0 0 0 0 17
1 1 0 1 1 1 1 1 1 0 1 1 1 1 0 0 0 1 1 0 1 1 1 1 1 1 1 0 1 0 0 0 0 0 0 0 0 0 0 0 0 0 0 0 0 0 0 0 0 0 22
1 0 0 1 1 0 0 1 1 0 0 1 1 1 0 1 0 1 1 0 1 1 1 0 1 1 1 1 0 0 0 0 0 0 0 0 0 0 0 0 0 0 0 0 0 0 0 0 0 0 18
1 1 0 0 1 0 0 1 1 0 0 1 1 1 0 1 0 0 0 0 1 1 1 0 0 1 1 0 0 0 0 0 0 0 0 0 0 0 0 0 0 0 0 0 0 0 0 0 0 0 14
1 1 1 1 1 1 0 0 1 0 1 1 1 1 1 1 0 0 1 0 1 1 1 0 1 0 1 1 1 0 0 0 0 0 0 0 0 0 0 0 0 0 0 0 0 0 0 0 0 0 21
1 0 1 1 1 1 0 0 1 0 1 1 1 0 0 1 0 1 1 0 0 1 1 0 1 0 0 0 1 0 0 0 0 0 0 0 0 0 0 0 0 0 0 0 0 0 0 0 0 0 16
1 0 0 0 1 1 1 1 0 0 0 1 1 1 0 1 0 1 1 0 1 1 0 0 1 1 1 0 0 0 0 0 0 0 0 0 0 0 0 0 0 0 0 0 0 0 0 0 0 0 16
1 0 1 1 0 1 1 0 1 0 1 1 0 1 0 1 1 1 1 0 0 0 0 1 0 1 0 1 1 0 0 0 0 0 0 0 0 0 0 0 0 0 0 0 0 0 0 0 0 0 17
1 1 1 1 0 0 0 0 1 0 0 1 1 1 0 1 0 1 1 0 0 1 1 0 1 1 1 0 0 0 0 0 0 0 0 0 0 0 0 0 0 0 0 0 0 0 0 0 0 0 16
1 0 1 0 1 1 1 1 1 0 0 1 1 1 0 1 0 1 1 0 0 1 1 0 1 1 0 0 0 0 0 0 0 0 0 0 0 0 0 0 0 0 0 0 0 0 0 0 0 0 17
1 1 0 1 1 0 0 0 0 0 0 1 1 1 0 1 0 1 1 0 1 1 1 0 1 0 1 0 1 0 0 0 0 0 0 0 0 0 0 0 0 0 0 0 0 0 0 0 0 0 16
0 1 1 0 0 0 1 1 1 0 0 1 1 1 1 1 0 1 1 0 1 1 1 0 1 0 1 0 0 0 0 0 0 0 0 0 0 0 0 0 0 0 0 0 0 0 0 0 0 0 17
1 0 0 1 0 0 1 1 1 0 0 1 1 1 0 1 1 1 1 0 1 1 1 0 0 0 1 0 1 0 0 0 0 0 0 0 0 0 0 0 0 0 0 0 0 0 0 0 1 0 18
1 0 0 1 1 0 0 0 1 0 1 1 1 0 0 1 0 0 0 0 0 1 1 1 1 0 1 0 0 0 0 0 0 0 0 0 0 0 0 0 0 0 0 0 0 0 0 0 0 0 13
1 0 1 0 1 0 1 1 1 1 1 1 1 0 1 1 0 1 1 0 1 1 1 1 0 1 0 0 0 0 0 0 0 0 0 0 0 0 0 0 0 0 0 0 0 0 0 0 0 0 19
1 0 1 1 0 0 1 0 0 1 0 1 1 0 0 1 0 1 0 0 1 1 1 0 0 1 1 0 0 0 0 0 0 0 0 0 0 0 0 0 0 0 0 0 0 0 0 0 0 0 14
1 0 0 0 1 1 1 1 1 0 0 1 1 1 0 1 0 1 1 0 1 1 1 0 0 1 1 1 1 0 0 0 0 0 0 0 0 0 0 0 0 0 0 0 0 0 0 0 0 0 19
1 1 0 1 1 1 0 0 0 0 0 0 1 0 0 1 0 1 1 0 1 1 1 1 1 1 0 0 0 0 0 0 0 0 0 0 0 0 0 0 0 0 0 0 0 0 0 0 0 0 15
1 1 0 1 1 0 1 1 0 0 0 1 1 1 0 0 0 0 1 0 0 0 1 0 1 0 0 0 1 0 0 0 0 0 0 0 0 0 0 0 0 0 0 0 0 0 0 0 0 0 13
1 1 0 0 1 0 0 0 0 0 1 1 1 1 1 1 0 1 0 0 1 1 1 0 0 1 1 1 0 0 0 0 0 0 0 0 0 0 0 0 0 0 0 0 0 0 0 0 0 0 16
1 0 0 1 1 1 0 0 1 0 0 1 1 0 1 1 0 1 1 0 1 1 0 0 1 0 1 1 1 0 0 0 0 0 0 0 0 0 0 0 0 0 0 0 0 0 0 0 0 0 17
1 1 1 0 0 1 1 1 1 0 0 1 1 1 0 1 0 0 1 0 1 1 1 0 0 0 1 0 0 0 0 0 0 0 0 0 0 0 0 0 0 0 0 0 0 0 0 0 0 0 16
1 1 0 1 0 1 0 0 1 0 1 1 1 0 0 1 0 0 0 0 1 1 1 0 0 1 1 0 0 0 0 0 0 0 0 0 0 0 0 0 0 0 0 0 0 0 0 0 0 0 14
1 1 1 0 1 0 0 1 1 0 1 1 1 1 0 1 0 1 1 0 1 0 1 0 0 1 1 1 1 0 0 0 0 0 0 0 0 0 0 0 0 0 0 0 0 0 0 0 0 0 19
1 0 0 1 1 0 0 0 1 0 1 1 1 1 0 1 0 0 1 0 0 1 1 0 1 1 1 0 1 0 0 0 0 0 0 0 0 0 0 0 0 0 0 0 0 0 0 0 0 0 16
1 0 1 0 1 0 1 1 1 0 0 1 1 1 0 1 0 1 1 0 0 1 1 0 0 0 0 1 1 0 0 0 0 0 0 0 0 0 0 0 0 0 0 0 0 0 0 0 0 0 16
1 1 1 0 1 1 0 0 1 0 0 1 1 1 1 1 0 1 1 0 0 1 1 0 0 1 0 1 0 0 0 0 0 0 0 0 0 0 0 0 0 0 0 0 0 0 0 0 0 0 17
1 1 1 1 0 1 0 1 0 0 1 1 1 1 0 1 0 0 1 0 0 1 1 0 1 0 1 0 1 0 0 0 0 0 0 0 0 0 0 0 0 0 0 0 0 0 0 0 0 0 17
1 0 0 0 1 0 0 1 1 1 0 1 1 1 0 1 0 1 1 0 0 0 1 1 1 1 1 1 1 0 0 0 0 0 0 0 0 0 0 0 0 0 0 0 0 0 0 0 0 0 18
1 1 0 0 1 0 1 0 1 0 0 1 1 1 0 1 0 1 1 0 1 1 1 1 1 1 1 1 1 0 0 0 0 0 0 0 0 0 0 0 0 0 0 0 0 0 0 0 0 0 20
1 1 1 1 1 1 1 1 1 0 1 1 1 1 1 1 0 1 1 0 1 1 1 1 0 1 0 0 1 0 0 0 0 0 0 0 0 0 0 0 0 0 0 0 0 0 0 0 0 0 23
1 1 0 0 1 1 0 1 1 0 0 1 1 1 0 1 0 1 0 0 1 1 1 0 0 1 1 0 0 0 0 0 0 0 0 0 0 0 0 0 0 0 0 0 0 0 0 0 0 0 16
1 0 1 0 1 0 1 1 1 1 0 1 1 1 1 1 0 1 1 0 1 0 1 0 1 1 1 0 1 0 0 0 0 0 0 0 0 0 0 0 0 0 0 0 0 0 0 0 0 0 20
1 0 1 1 1 0 1 1 1 0 0 1 1 0 0 1 1 1 0 0 1 0 1 0 1 1 1 1 0 0 0 0 0 0 0 0 0 0 0 0 0 0 0 0 0 0 0 0 0 0 18
1 0 0 0 1 0 1 1 1 0 0 1 1 1 0 1 0 1 1 0 0 1 1 0 1 0 0 1 0 0 0 0 0 0 0 0 0 0 0 0 0 0 0 0 0 0 0 0 0 0 15
1 1 0 1 1 1 1 0 1 0 0 1 1 1 0 0 0 1 1 0 1 0 1 1 0 0 0 1 0 0 0 0 0 0 0 0 0 0 0 0 0 0 0 0 0 0 0 0 0 0 16
1 1 1 1 1 0 1 0 1 1 0 1 1 1 0 0 0 0 1 0 1 1 1 0 1 1 0 1 0 0 0 0 0 0 0 0 0 0 0 0 0 0 0 0 0 0 0 0 0 0 18
1 0 0 1 1 0 1 1 1 0 0 1 1 1 0 0 1 1 1 0 1 1 1 0 0 1 1 0 1 0 0 0 0 0 0 0 0 0 0 0 0 0 0 0 0 0 0 0 0 0 18
1 1 0 1 1 0 1 1 1 0 0 1 1 0 0 1 0 0 1 0 1 1 1 0 0 1 1 0 0 0 0 0 0 0 0 0 0 0 0 0 0 0 0 0 0 0 0 0 0 0 16
1 0 0 1 1 0 1 1 1 0 0 1 1 1 0 1 0 1 1 0 0 0 1 0 1 0 0 1 0 0 0 0 0 0 0 0 0 0 0 0 0 0 0 0 0 0 0 0 0 0 15
1 0 0 1 0 0 1 1 1 0 0 1 1 0 0 1 0 1 0 0 1 1 1 0 0 0 1 0 0 0 0 0 0 0 0 0 0 0 0 0 0 0 0 0 0 0 0 0 0 0 13
0 0 0 1 1 0 1 1 1 0 0 0 1 1 1 1 0 1 1 0 1 1 1 1 0 1 1 0 0 0 0 0 0 0 0 0 0 0 0 0 0 0 0 0 0 0 0 0 0 0 17
1 0 0 1 1 0 1 1 1 0 0 1 0 1 0 0 1 1 1 0 1 1 1 1 1 1 0 1 0 0 0 0 0 0 0 0 0 0 0 0 0 0 0 0 0 0 0 0 0 0 18
1 1 1 1 1 0 1 1 1 0 0 1 1 1 1 1 0 0 1 0 0 0 1 1 0 1 1 1 0 0 0 0 0 0 0 0 0 0 0 0 0 0 0 0 0 0 0 0 0 0 19
1 0 0 1 0 1 1 1 1 0 0 1 1 1 1 1 0 1 1 0 1 1 1 0 1 0 1 1 1 0 0 0 0 0 0 0 0 0 0 0 0 0 0 0 0 0 0 0 0 0 20
1 1 0 0 1 0 1 1 1 0 0 1 1 1 0 0 0 1 1 0 0 0 1 0 1 1 1 1 0 0 0 0 0 0 0 0 0 0 0 0 0 0 0 0 0 0 0 0 0 0 16
1 1 1 0 1 0 0 0 1 0 0 1 1 1 0 1 0 1 1 1 0 1 1 1 0 0 1 1 1 0 0 0 0 0 0 0 0 0 0 0 0 0 0 0 0 0 0 0 0 0 18
1 1 0 1 1 0 1 0 0 0 0 1 1 1 0 1 0 1 0 0 1 1 1 0 0 1 0 0 0 0 0 0 0 0 0 0 0 0 0 0 0 0 0 0 0 0 0 0 0 0 14
0 0 0 1 1 0 1 1 1 0 0 1 1 1 1 1 0 1 1 1 0 1 1 1 1 0 1 1 1 0 0 0 0 0 0 0 0 0 0 0 0 0 0 0 0 0 0 0 0 0 20
1 0 0 1 0 0 0 1 1 0 0 1 1 1 1 0 0 1 1 0 1 1 1 0 0 0 1 1 0 0 0 0 0 0 0 0 0 0 0 0 0 0 0 0 0 0 0 0 0 0 15
1 0 1 1 0 1 1 1 1 0 0 1 1 1 1 1 0 0 1 0 0 0 1 0 1 1 0 1 0 0 0 0 0 0 0 0 0 0 0 0 0 0 0 0 0 0 0 0 0 0 17
1 0 0 1 1 1 0 0 1 1 1 1 1 0 0 1 0 0 1 0 0 1 1 1 1 1 1 1 0 0 0 0 0 0 0 0 0 0 0 0 0 0 0 0 0 0 0 0 0 0 18
1 0 1 0 1 0 1 1 1 0 0 1 1 0 0 0 0 1 1 0 0 1 1 0 0 1 1 0 0 0 0 0 0 0 0 0 0 0 0 0 0 0 0 0 0 0 0 0 0 0 14
1 0 1 1 1 0 1 0 1 1 1 1 1 0 0 1 0 0 1 0 1 1 1 1 0 1 1 0 0 0 0 0 0 0 0 0 0 0 0 0 0 0 0 0 0 0 0 0 0 0 18
1 0 1 0 0 1 0 1 1 0 1 1 1 1 0 1 0 1 1 1 1 1 1 0 1 0 0 0 0 0 0 0 0 0 0 0 0 0 0 0 0 0 0 0 0 0 0 0 0 0 17
1 1 1 0 1 1 1 1 1 0 1 1 1 1 0 0 0 1 1 0 1 1 1 0 0 0 0 0 1 0 0 0 0 0 0 0 0 0 0 0 0 0 0 0 0 0 0 0 0 0 18
0 0 1 1 1 0 0 0 1 0 0 1 1 1 0 1 1 1 1 0 1 1 1 0 0 0 1 0 1 0 0 0 0 0 0 0 0 0 0 0 0 0 0 0 0 0 0 0 0 0 16
1 0 0 1 0 0 0 0 1 0 1 1 1 0 0 1 0 1 1 0 0 0 1 1 1 0 1 1 1 0 0 0 0 0 0 0 0 0 0 0 0 0 0 0 0 0 0 0 0 0 15
1 0 0 1 1 1 1 1 1 0 1 1 1 1 1 1 0 1 1 0 0 1 1 1 0 0 1 1 0 0 0 0 0 0 0 0 0 0 0 0 0 0 0 0 0 0 0 0 0 0 20
1 0 0 0 0 0 1 1 1 0 0 1 1 1 0 1 0 0 0 0 1 1 1 0 1 1 1 1 0 0 0 0 0 0 0 0 0 0 0 0 0 0 0 0 0 0 0 0 0 0 15
1 1 1 1 1 0 1 1 1 0 1 1 1 1 0 1 0 0 1 0 0 1 1 1 0 0 1 0 0 0 0 0 0 0 0 0 0 0 0 0 0 0 0 0 0 0 0 0 0 0 18
1 0 0 1 0 1 0 1 1 1 0 1 1 0 1 1 0 0 0 0 1 0 1 0 0 0 1 0 0 0 0 0 0 0 0 0 0 0 0 0 0 0 0 0 0 0 0 0 0 0 13
1 0 1 1 1 0 0 0 1 0 1 1 1 1 0 1 0 1 1 0 1 1 1 0 1 0 0 0 0 0 0 0 0 0 0 0 0 0 0 0 0 0 0 0 0 0 0 0 0 0 16
1 1 1 0 0 1 1 0 1 0 1 1 1 1 1 1 0 1 1 0 0 1 1 0 0 1 1 0 0 0 0 0 0 0 0 0 0 0 0 0 0 0 0 0 0 0 0 0 0 0 18
0 0 1 1 1 1 1 0 1 0 1 1 1 1 0 1 0 1 1 0 1 1 1 0 1 1 1 1 0 0 0 0 0 0 0 0 0 0 0 0 0 0 0 0 0 0 0 0 0 0 20
1 1 0 0 0 1 1 0 1 0 1 1 1 1 0 1 0 1 1 0 0 1 1 0 1 0 0 0 0 0 0 0 0 0 0 0 0 0 0 0 0 0 0 0 0 0 0 0 0 0 15
1 1 1 0 0 0 1 1 0 0 1 1 1 1 0 1 0 1 1 0 1 1 1 1 1 1 1 1 0 0 0 0 0 0 0 0 0 0 0 0 0 0 0 0 0 0 0 0 0 0 20
1 0 1 1 1 1 0 1 0 1 1 1 1 1 1 1 0 1 0 0 0 1 1 0 1 1 0 0 0 0 0 0 0 0 0 0 0 0 0 0 0 0 0 0 0 0 0 0 0 0 18
1 1 0 1 0 0 1 1 1 0 0 1 1 1 0 1 0 0 1 0 0 1 0 1 0 1 1 0 1 0 0 0 0 0 0 0 0 0 0 0 0 0 0 0 0 0 0 0 0 0 16
1 1 0 1 0 1 1 0 1 0 1 1 1 1 0 1 0 1 1 0 1 1 1 0 1 1 1 0 0 0 0 0 0 0 0 0 0 0 0 0 0 0 0 0 0 0 0 0 0 0 19
1 1 0 0 1 1 1 1 1 0 0 0 1 1 0 1 0 1 1 0 0 1 1 0 1 1 0 0 0 0 0 0 0 0 0 0 0 0 0 0 0 0 0 0 0 0 0 0 0 0 16
1 1 0 1 1 1 0 0 1 1 1 1 1 1 0 1 0 1 0 0 1 1 1 1 1 0 0 0 1 0 0 0 0 0 0 0 0 0 0 0 0 0 0 0 0 0 0 0 0 0 19
1 0 1 1 1 1 1 0 0 0 0 1 1 1 0 1 0 1 1 0 0 1 1 0 0 1 0 1 0 0 0 0 0 0 0 0 0 0 0 0 0 0 0 0 0 0 0 0 0 0 16
1 1 0 0 1 1 0 1 1 0 1 1 1 1 0 1 0 1 0 0 1 1 1 0 1 1 1 1 0 0 0 0 0 0 0 0 0 0 0 0 0 0 0 0 0 0 0 0 0 0 19
1 1 0 0 0 1 1 0 1 1 0 1 1 0 0 1 0 0 1 0 0 1 1 0 0 1 0 0 0 0 0 0 0 0 0 0 0 0 0 0 0 0 0 0 0 0 0 0 0 0 13
1 1 1 1 0 0 1 1 0 0 1 1 1 0 0 1 0 0 1 0 1 1 1 0 0 0 1 1 1 0 0 0 0 0 0 0 0 0 0 0 0 0 0 0 0 0 0 0 0 0 17
1 0 1 1 0 0 1 0 1 1 1 1 1 1 0 1 0 1 1 0 0 1 1 1 1 1 1 0 0 1 0 0 0 0 0 0 0 0 0 0 0 0 0 0 0 0 0 0 0 0 20
1 1 1 1 1 0 0 0 1 0 1 1 1 0 0 1 0 0 1 0 0 1 1 0 0 0 1 0 0 0 0 0 0 0 0 0 0 0 0 0 0 0 0 0 0 0 0 0 0 0 14
1 0 1 1 0 0 1 1 1 0 0 1 1 1 0 1 0 0 0 0 1 1 1 1 0 0 1 1 0 0 0 0 0 0 0 0 0 0 0 0 0 0 0 0 0 0 0 0 0 0 16
1 0 0 1 0 1 0 0 0 0 0 1 1 1 0 0 0 1 1 0 0 1 1 1 0 0 1 0 0 0 0 0 0 0 0 0 0 0 0 0 0 0 0 0 0 0 0 0 0 0 12
1 0 1 1 1 0 1 1 1 0 1 1 1 0 0 1 0 1 1 0 0 1 1 0 0 1 0 1 0 0 1 0 0 0 0 0 0 0 0 0 0 0 0 0 0 0 0 0 0 0 18
1 1 1 1 1 1 0 0 1 0 0 1 1 0 0 1 0 1 1 0 0 1 1 1 0 0 1 1 0 0 0 0 0 0 0 0 0 0 0 0 0 0 0 0 0 0 0 0 0 0 17
1 1 0 0 1 0 1 0 1 0 0 1 1 1 0 1 0 1 1 0 1 1 1 0 1 0 1 1 0 0 0 0 0 0 0 0 0 0 0 0 0 0 0 0 0 0 0 0 0 0 17
1 0 0 1 1 0 0 0 1 0 0 1 1 1 0 1 0 0 1 0 0 1 1 0 1 0 1 1 0 0 0 0 0 0 0 0 0 0 0 0 0 0 0 0 0 0 0 0 0 0 14
1 0 0 1 1 1 0 1 1 0 1 1 1 0 1 1 0 1 1 0 1 1 1 0 1 0 0 0 0 0 0 0 0 0 0 0 0 0 0 0 0 0 0 0 0 0 0 0 0 0 17
1 0 0 1 0 0 1 0 1 0 1 1 1 0 0 1 0 1 1 0 1 1 1 1 0 0 1 1 1 0 0 0 0 0 0 0 0 0 0 0 0 0 0 0 0 0 0 0 0 0 17
1 1 1 1 0 1 0 0 1 0 0 1 1 1 0 1 0 1 0 0 0 0 1 1 0 1 0 0 0 0 0 0 0 0 0 0 0 0 0 0 0 0 0 0 0 0 0 0 0 0 14
1 0 1 1 1 1 0 1 1 0 0 1 1 1 0 0 0 1 0 0 0 0 1 0 1 0 1 1 0 0 0 0 0 0 0 0 0 0 0 0 0 0 0 0 0 0 0 0 0 0 15
1 1 1 1 1 1 0 1 1 0 0 1 1 1 1 1 0 1 0 0 1 1 1 0 0 1 0 0 0 0 0 0 0 0 0 0 0 0 0 0 0 0 0 0 0 0 0 0 0 0 18
1 0 0 0 0 0 1 0 1 0 1 1 1 1 0 0 0 1 1 0 1 1 1 1 1 0 1 0 0 0 0 0 0 0 0 0 0 0 0 0 0 0 0 0 0 0 0 0 0 0 15
1 0 0 0 1 1 1 1 1 0 1 1 1 1 0 1 0 1 1 0 1 0 1 0 1 0 0 1 0 0 0 0 0 0 0 0 0 0 0 0 0 0 0 0 0 0 0 0 0 0 17
1 1 1 1 1 0 1 1 1 0 0 1 1 1 1 1 0 1 1 0 1 1 0 1 0 0 1 1 0 0 0 0 0 0 0 0 0 0 0 0 0 0 0 0 0 0 0 0 0 0 20
1 1 0 0 1 1 0 0 1 0 0 1 1 1 0 0 0 1 1 0 0 1 1 1 0 0 0 1 0 0 0 0 0 0 0 0 0 0 0 0 0 0 0 0 0 0 0 0 0 0 14
1 0 0 1 1 0 1 1 1 0 0 1 1 0 0 0 0 1 1 0 0 1 1 0 0 1 0 0 0 0 0 0 0 0 0 0 0 0 0 0 0 0 0 0 0 0 0 0 0 0 13
1 0 1 1 1 0 1 1 1 0 0 1 1 0 0 1 0 1 1 0 1 0 1 0 0 0 1 0 0 0 0 0 0 0 0 0 0 0 0 0 0 0 0 0 0 0 0 0 0 0 15
1 1 1 0 1 0 0 1 1 0 0 1 1 1 0 0 0 1 1 0 1 1 1 1 0 0 1 1 0 0 0 0 0 0 0 0 0 0 0 0 0 0 0 0 0 0 0 0 0 0 17
1 1 0 1 1 0 1 1 1 1 0 1 1 1 0 1 0 0 1 0 1 1 1 1 1 0 1 0 0 0 0 0 0 0 0 0 0 0 0 0 0 0 0 0 0 0 0 0 0 0 19
1 0 1 0 0 0 0 1 1 0 1 1 0 1 0 0 0 0 1 0 1 1 1 0 0 1 0 0 0 0 0 0 0 0 0 0 0 0 0 0 0 0 0 0 0 0 0 0 0 0 12
1 0 0 0 1 0 1 0 1 0 0 1 1 0 1 0 1 1 1 0 1 0 1 0 1 0 1 1 0 0 0 0 0 0 0 0 0 0 0 0 0 0 0 0 0 0 0 0 0 0 15
1 1 0 1 1 1 1 1 1 0 0 1 1 1 0 1 0 1 1 0 1 1 1 0 0 0 1 0 0 0 0 0 0 0 0 0 0 0 0 0 0 0 0 0 0 0 0 0 0 0 18
1 1 1 1 0 1 1 0 1 0 1 1 1 1 0 1 0 1 0 0 1 0 1 0 1 0 0 1 1 0 0 0 0 0 0 0 0 0 0 0 0 0 0 0 0 0 0 0 0 0 18
1 1 0 1 1 0 0 1 1 0 1 1 1 0 0 1 0 0 1 0 1 1 1 0 0 1 1 1 1 0 0 0 0 0 0 0 0 0 0 0 0 0 0 0 0 0 0 0 0 0 18
1 1 1 0 1 1 1 0 0 0 1 1 1 0 0 1 0 1 1 0 0 1 1 1 1 0 0 0 1 0 0 0 0 0 0 0 0 0 0 0 0 0 0 0 0 0 0 0 0 0 17
1 1 0 1 1 1 1 1 1 0 0 1 1 0 0 1 0 1 1 0 1 1 1 0 0 0 0 0 0 0 0 0 0 0 0 0 0 0 0 0 0 0 0 0 0 0 0 0 0 0 16
1 1 0 1 1 1 0 1 1 0 0 1 1 1 0 1 0 1 1 0 0 1 1 0 1 0 0 0 0 0 0 0 0 0 0 0 0 0 0 0 0 0 0 0 0 0 0 0 0 0 16
1 1 1 0 1 0 0 1 1 0 0 1 1 0 0 1 0 1 1 0 1 1 1 1 1 1 0 1 1 0 0 0 0 0 0 0 0 0 0 0 0 0 0 0 0 0 0 0 0 0 19
1 0 1 1 0 1 0 1 1 0 0 1 1 1 0 1 0 0 1 0 1 1 1 0 0 0 0 0 0 0 0 0 0 0 1 0 0 0 0 0 0 0 0 0 0 0 0 0 0 0 15
1 1 0 1 1 1 1 1 1 0 0 1 1 0 0 1 0 0 0 0 1 1 1 0 0 1 1 0 0 0 0 0 0 0 0 0 0 0 0 0 0 0 0 0 0 0 0 0 0 0 16
1 1 1 1 1 0 0 1 1 0 0 1 1 1 0 1 0 1 1 0 1 1 1 0 1 0 1 0 0 0 0 0 0 0 0 0 0 0 0 0 0 0 0 0 0 0 0 0 0 0 18
1 1 0 1 1 1 0 0 1 0 0 1 1 0 1 0 0 1 1 0 0 1 1 0 1 1 0 0 0 0 0 0 0 0 0 0 0 0 0 0 0 0 0 0 0 0 0 0 0 0 15
1 0 0 1 1 0 0 0 1 1 0 1 1 1 1 0 0 1 1 0 0 1 0 0 0 1 1 0 1 0 0 0 0 0 0 0 0 0 0 0 0 0 0 0 0 0 0 0 0 0 15
1 0 0 1 1 1 0 1 1 1 1 1 1 1 0 0 0 0 1 0 1 1 1 0 0 1 0 1 0 0 0 0 0 0 0 0 0 0 0 0 0 0 0 0 0 0 0 0 0 0 17
1 0 0 1 1 0 1 1 1 0 0 1 1 1 1 1 0 0 1 0 0 0 1 0 1 1 1 1 0 0 0 0 0 0 0 0 0 0 0 0 0 0 0 0 0 0 0 0 0 0 17
0 1 1 1 1 0 0 1 1 0 0 1 1 1 1 1 0 1 1 0 1 1 1 0 0 1 1 1 0 0 0 0 0 0 0 0 0 0 0 0 0 0 0 0 0 0 0 0 0 0 19
1 0 0 0 1 1 0 1 1 0 1 1 1 1 0 0 0 0 0 0 0 1 1 0 0 0 1 1 0 0 0 0 0 0 0 0 0 0 0 0 0 0 0 0 0 0 0 0 0 0 13
1 0 1 1 0 1 0 1 1 0 1 1 1 0 0 0 0 1 1 0 1 1 1 0 0 0 1 1 0 0 0 0 0 0 0 0 0 0 0 0 0 0 0 0 0 0 0 0 0 0 16
0 0 1 0 1 0 0 1 0 0 0 1 1 0 1 1 0 1 1 0 0 1 1 0 1 0 1 0 0 0 0 0 0 0 0 0 0 0 0 0 0 0 0 0 0 0 0 0 0 0 13
1 0 1 0 1 0 0 1 1 1 1 1 1 1 0 1 0 1 1 0 0 1 1 1 0 1 0 1 0 0 0 0 0 0 0 0 0 0 0 0 0 0 0 0 0 0 0 0 0 0 18
1 0 1 1 1 0 0 1 1 0 0 1 1 1 0 1 0 1 1 0 0 0 1 1 1 1 1 0 0 0 0 0 0 0 0 0 0 0 0 0 0 0 0 0 0 0 0 0 0 0 17
1 1 1 1 1 0 0 1 1 1 0 1 1 1 0 1 0 1 1 0 0 1 1 0 1 0 1 1 0 0 0 0 0 0 0 0 0 0 0 0 0 0 0 0 0 0 0 0 0 0 19
1 0 1 0 1 1 1 0 1 0 0 1 1 1 1 1 0 1 1 0 1 1 1 0 1 1 1 0 0 0 0 0 0 0 0 0 0 0 0 0 0 0 0 0 0 0 0 0 0 0 19
0 0 0 1 0 1 1 1 1 0 0 1 1 0 0 1 0 1 1 0 1 1 1 1 0 0 1 0 0 0 0 0 0 0 0 0 0 0 0 0 0 0 0 0 0 0 0 0 0 0 15
1 1 1 1 1 0 0 1 1 0 1 1 1 0 0 1 0 1 0 0 1 1 1 0 1 0 1 0 0 0 0 0 0 0 0 0 0 0 0 0 0 0 0 0 0 0 0 0 0 0 17
1 1 0 1 1 0 1 0 1 0 0 1 1 0 1 1 0 1 1 0 0 1 1 0 0 0 1 1 1 0 0 0 0 0 0 0 0 0 0 0 0 0 0 0 0 0 0 0 0 0 17
1 0 0 1 1 0 1 1 1 0 0 1 1 1 1 1 0 1 1 0 0 0 1 0 1 0 1 0 0 0 0 0 0 0 0 0 0 0 0 0 0 0 0 0 0 0 0 0 0 0 16
1 1 1 1 1 0 1 1 1 0 1 1 1 1 1 1 0 0 1 0 1 1 1 0 1 1 1 1 1 0 0 0 0 0 0 0 0 0 0 0 0 0 0 0 0 0 0 0 0 0 23
1 0 1 1 0 1 1 0 1 0 1 1 1 0 0 1 0 1 1 0 0 1 1 0 0 0 1 1 1 0 0 0 0 0 0 0 0 0 0 0 0 0 0 0 0 0 0 0 0 0 17
1 1 0 1 1 0 1 1 1 0 1 1 1 1 1 1 0 0 1 0 1 0 1 0 1 0 0 0 0 0 0 0 0 0 0 0 0 0 0 0 0 0 0 0 0 0 0 0 0 0 17
1 0 0 1 0 1 1 0 1 0 0 1 1 0 0 1 0 1 0 0 1 1 0 0 0 1 1 0 0 0 0 0 0 0 0 0 0 0 0 0 0 0 0 0 0 0 0 0 0 0 13
1 0 0 0 1 1 1 1 1 0 0 1 1 0 0 1 0 1 1 0 0 1 1 1 1 1 1 1 0 0 0 0 0 0 0 0 0 0 0 0 0 0 0 0 0 0 0 0 0 0 18
1 0 1 1 0 0 1 1 1 0 0 1 1 1 0 1 0 1 1 0 1 1 1 0 0 1 1 0 0 0 0 0 0 0 0 0 0 0 0 0 0 0 0 0 0 0 0 0 0 0 17
1 1 0 1 1 1 0 1 1 0 0 1 1 0 0 1 0 1 1 0 0 1 1 0 1 0 1 0 1 0 0 0 0 0 0 0 0 0 0 0 0 0 0 0 0 0 0 0 0 0 17
1 0 1 1 1 1 0 1 1 0 0 1 1 1 0 1 0 0 1 0 1 1 1 1 1 0 0 1 0 0 0 0 0 0 0 0 0 0 0 0 0 0 0 0 0 0 0 0 0 0 18
1 1 1 0 1 1 1 0 1 0 1 1 1 0 1 1 0 1 0 0 1 1 1 0 0 0 1 1 0 0 0 0 0 0 0 0 0 0 0 0 0 0 0 0 0 0 0 0 0 0 18
1 1 1 1 1 1 1 0 1 0 0 1 1 1 0 1 0 1 1 0 0 1 1 0 0 0 0 1 0 0 0 0 0 0 0 0 0 0 0 0 0 0 0 0 0 0 0 0 0 0 17
1 1 1 1 1 0 1 1 1 0 1 1 1 1 0 1 0 1 1 0 1 1 1 0 0 0 1 1 0 0 0 0 0 0 0 0 0 0 0 0 0 0 0 0 0 0 0 0 0 0 20
1 1 1 0 1 1 0 1 1 0 0 1 1 1 0 1 0 1 1 0 0 1 1 1 1 1 0 0 0 0 0 0 0 0 0 0 0 0 0 0 0 0 0 0 0 0 0 0 0 0 18
1 1 1 1 1 0 0 1 1 0 0 1 1 0 0 1 0 1 1 0 0 1 1 1 1 0 1 0 0 0 0 0 0 0 0 0 0 0 0 0 0 0 0 0 0 0 0 0 0 0 17
1 0 0 1 0 0 1 1 1 0 1 1 1 1 0 1 1 1 1 0 1 1 1 0 0 0 0 0 0 0 0 0 0 0 0 0 0 0 0 0 0 0 0 0 0 0 0 0 0 0 16
1 1 0 0 1 1 0 0 1 0 0 1 1 1 0 1 0 0 0 0 1 0 0 0 0 1 1 0 0 0 0 0 0 0 0 0 0 0 0 0 0 0 0 0 0 0 0 0 0 0 12
1 1 1 1 1 0 0 1 1 0 1 1 1 0 0 1 0 0 1 0 0 1 1 0 1 1 1 1 0 0 0 0 0 0 0 0 0 0 0 0 0 0 0 0 0 0 0 0 0 0 18
1 1 0 1 0 0 0 0 1 0 1 1 1 1 0 1 0 1 1 0 1 0 1 0 0 0 1 1 0 0 0 0 0 0 0 0 0 0 0 0 0 0 0 0 0 0 0 0 0 0 15
1 0 1 1 0 0 0 1 0 0 0 1 1 1 0 1 0 1 1 0 1 1 1 1 0 0 1 1 1 0 0 0 0 0 0 0 0 0 0 0 0 0 0 0 0 0 0 0 0 0 17
1 0 0 1 1 0 0 1 1 0 0 1 1 1 0 1 0 1 0 0 1 1 1 0 0 0 1 0 1 0 0 0 0 0 0 0 0 0 0 0 0 0 0 0 0 0 0 0 0 0 15
1 1 0 0 1 0 0 1 1 0 1 1 0 1 0 1 0 0 1 0 1 1 1 1 0 1 1 1 0 0 0 0 0 0 0 0 0 0 0 0 0 0 0 0 0 0 0 0 0 0 17
1 0 1 0 1 0 0 0 1 0 1 1 1 1 0 1 0 1 1 0 0 1 1 0 1 0 0 0 0 0 0 0 0 0 0 0 0 0 0 0 0 0 0 0 0 0 0 0 0 0 14
1 0 1 0 0 0 0 0 0 0 0 1 1 1 0 1 0 1 0 0 0 1 1 1 0 1 1 1 0 0 0 0 0 0 0 0 0 0 0 0 0 0 0 0 0 0 0 0 0 0 13
1 1 1 1 1 0 0 1 1 0 0 1 1 1 0 1 0 0 1 0 1 1 1 1 0 1 0 0 0 0 0 0 0 0 0 0 0 0 0 0 0 0 0 0 0 0 0 0 0 0 17
1 1 0 0 1 0 1 0 1 0 0 1 1 1 0 1 0 0 1 0 1 1 1 1 1 1 1 1 1 0 0 0 0 0 0 0 0 0 0 0 0 0 0 0 0 0 0 0 0 0 19
1 0 1 1 1 1 1 1 1 0 0 1 1 1 1 1 0 1 1 0 1 1 1 1 0 0 0 1 0 0 0 0 0 0 0 0 0 0 0 0 0 0 0 0 0 0 0 0 0 0 20
1 1 0 0 1 1 0 0 1 0 1 1 1 0 1 1 0 1 1 0 0 0 1 0 1 1 0 1 1 0 0 0 0 0 0 0 0 0 0 0 0 0 0 0 0 0 0 0 0 0 17
1 1 1 0 1 1 0 0 1 1 1 1 1 1 0 1 0 1 1 0 1 1 1 0 1 0 0 1 0 0 0 0 0 0 0 0 0 0 0 0 0 0 0 0 0 0 0 0 0 0 19
1 1 1 1 1 0 1 1 1 0 0 1 1 1 1 1 0 1 1 0 0 1 1 0 1 0 1 1 1 0 0 0 0 0 0 0 0 0 0 0 0 0 0 0 0 0 0 0 0 0 21
1 0 0 0 1 1 1 1 1 0 0 1 1 1 1 1 0 0 1 0 1 1 1 0 0 0 1 0 1 0 0 0 0 0 0 0 0 0 0 0 0 0 0 0 0 0 0 0 0 0 17
1 1 0 0 0 1 1 0 1 0 0 1 1 1 0 1 0 1 1 0 1 1 1 1 0 0 1 0 0 0 0 0 0 0 0 0 0 0 0 0 0 0 0 0 0 0 0 0 0 0 16
1 0 0 0 1 0 0 0 1 0 0 1 1 0 0 1 0 1 1 0 1 1 1 1 1 1 0 0 0 0 0 0 0 0 0 0 0 0 0 0 0 0 0 0 0 0 0 0 0 0 14
1 1 0 1 0 1 0 1 1 1 0 1 1 1 0 0 0 1 1 0 1 1 1 0 1 1 1 1 0 0 0 0 0 0 0 0 0 0 0 0 0 0 0 0 0 0 0 0 0 0 19
0 1 1 1 1 1 0 0 1 0 1 1 1 1 0 1 0 0 1 0 0 1 1 0 0 0 0 1 1 0 0 0 0 0 0 0 0 0 0 0 0 0 0 0 0 0 0 0 0 0 16
1 0 1 1 1 1 1 1 1 0 0 1 1 0 0 0 0 1 1 0 0 0 0 0 1 0 1 1 1 0 0 0 0 0 0 0 0 0 0 0 0 0 0 0 0 0 0 0 0 0 16
1 0 0 0 1 0 0 0 1 0 0 1 1 1 0 1 0 0 1 0 1 1 1 1 0 0 1 0 0 0 0 0 0 0 0 0 0 0 0 0 0 0 0 0 0 0 0 0 0 0 13
0 0 0 1 0 0 0 0 1 1 0 1 0 1 0 0 0 1 1 0 0 0 1 1 1 0 0 0 0 0 0 0 0 0 0 0 0 0 0 0 0 0 0 0 0 0 0 0 0 0 10
1 0 1 1 1 0 1 1 1 0 0 1 1 1 0 1 0 1 1 0 1 1 1 0 0 1 1 1 0 0 0 0 0 0 0 0 0 0 0 0 0 0 0 0 0 0 0 0 0 0 19
0 0 0 0 1 1 1 0 1 0 1 1 1 1 1 0 0 0 1 0 1 1 1 0 1 0 1 1 1 0 0 0 0 0 0 0 0 0 0 0 0 0 0 0 0 0 0 0 0 0 17
1 0 1 0 1 1 1 0 0 0 0 1 1 1 0 1 0 1 1 0 1 1 1 0 0 1 1 1 0 0 0 0 0 0 0 0 0 0 0 0 0 0 0 0 0 0 0 0 0 0 17
1 0 0 0 0 0 0 1 1 0 0 1 1 1 1 1 0 1 1 0 0 1 1 1 1 1 0 1 1 0 0 0 0 0 0 0 0 0 0 0 0 0 0 0 0 0 0 0 0 0 17
1 1 1 0 0 0 1 0 0 0 1 1 1 1 0 1 0 0 1 0 0 1 1 0 1 1 1 1 0 0 0 0 0 0 0 0 0 0 0 0 0 1 0 0 0 0 0 0 0 0 17
1 0 0 0 0 1 1 1 1 0 0 1 1 1 0 1 0 1 1 0 0 1 0 1 0 1 1 0 0 0 0 0 0 0 0 0 0 0 0 0 0 0 0 0 0 0 0 0 0 0 15
1 0 0 0 1 1 1 0 1 0 0 1 1 0 0 1 0 0 1 0 1 1 1 0 0 0 1 1 0 0 0 0 0 0 0 0 0 0 0 0 0 0 0 0 0 0 0 0 0 0 14
1 1 1 1 1 0 1 0 1 0 0 1 1 1 1 1 0 0 1 0 0 1 1 0 1 0 1 1 0 0 0 0 0 0 0 0 0 0 0 0 0 0 0 0 0 0 0 0 0 0 18
1 0 1 1 0 1 0 1 1 0 0 1 1 1 1 1 0 0 0 0 0 1 1 1 1 1 1 0 1 0 0 0 0 0 0 0 0 0 0 0 0 0 0 0 0 0 0 0 0 0 18
1 0 1 1 1 0 1 0 1 0 0 1 1 1 1 1 0 1 1 1 0 1 1 0 0 1 1 0 0 0 0 0 0 0 0 0 0 0 0 0 0 0 0 0 0 0 0 0 0 0 18
1 1 0 1 1 0 1 1 1 0 1 1 1 0 0 1 0 1 1 0 0 1 1 0 1 0 1 0 0 0 0 0 0 0 0 0 0 0 0 0 0 0 0 0 0 0 0 0 0 0 17
1 0 0 1 1 0 0 0 1 0 0 1 1 1 1 1 0 1 1 0 1 1 1 0 1 1 0 0 0 0 0 0 0 0 0 0 0 0 0 0 0 0 0 0 0 0 0 0 0 0 16
1 1 0 1 1 1 1 1 1 0 1 1 1 0 1 0 0 1 1 0 1 1 0 0 0 0 0 0 0 0 0 0 0 0 0 0 0 0 0 0 0 0 0 0 0 0 0 0 0 0 16
1 0 0 1 0 0 1 0 1 0 0 1 1 0 0 1 0 1 1 0 0 0 1 1 0 0 1 1 1 0 0 0 0 0 0 0 0 0 0 0 0 0 0 0 0 0 0 0 0 0 14
1 1 1 0 1 1 1 1 1 0 0 1 1 0 0 0 0 1 1 0 1 1 1 1 1 1 1 0 0 0 0 0 0 0 0 0 0 0 0 0 0 0 0 0 0 0 0 0 0 0 19
1 0 1 0 1 0 0 0 0 0 0 1 1 1 1 1 0 1 1 0 0 1 1 0 1 0 1 1 0 0 0 0 0 0 0 0 0 0 0 0 0 0 0 0 0 0 0 0 0 0 15
1 1 1 0 1 1 1 1 1 1 0 1 1 1 0 1 0 1 1 0 0 1 1 0 0 0 1 0 0 0 0 0 0 0 0 0 0 0 0 0 0 0 0 0 0 0 0 0 0 0 18
1 1 1 0 1 0 0 1 1 0 0 1 1 1 0 1 1 1 1 0 1 1 0 0 0 0 0 0 0 0 0 0 0 0 0 0 0 0 0 0 0 0 0 0 0 0 0 0 0 0 15
1 0 0 1 0 1 1 1 0 1 1 1 1 1 1 0 0 1 1 0 1 1 0 1 0 1 1 0 1 0 0 0 0 0 0 0 0 0 0 0 0 0 0 0 0 0 0 0 0 0 19
1 0 0 0 1 0 1 1 1 0 0 1 1 1 0 1 0 1 1 0 1 1 1 1 0 0 0 1 0 0 0 0 0 0 0 0 0 0 0 0 0 0 0 0 0 0 0 0 0 0 16
1 1 1 1 0 1 1 0 1 0 1 1 1 1 1 0 0 1 1 0 0 1 1 1 0 0 1 1 0 0 0 0 0 0 0 0 0 0 0 0 0 0 0 0 0 0 0 0 0 0 19
1 0 0 1 1 1 1 0 1 0 1 1 1 1 1 0 0 1 1 0 1 0 1 0 1 0 1 0 0 0 0 0 0 0 0 0 0 0 0 0 0 0 0 0 0 0 0 0 0 0 17
1 0 0 1 1 1 0 1 1 0 1 1 1 1 1 0 0 1 0 0 0 1 1 1 1 1 0 0 0 0 0 0 0 0 0 0 0 0 0 0 0 0 0 0 0 0 0 0 0 0 17
1 1 1 1 0 0 0 1 1 0 0 1 1 1 0 0 0 1 1 0 1 0 1 0 0 0 1 1 0 0 0 0 0 0 0 0 0 0 0 0 0 0 0 0 0 0 0 0 0 0 15
1 0 1 1 1 0 1 0 1 1 1 1 0 0 0 1 0 1 1 0 1 1 1 0 0 1 0 0 0 0 0 0 0 0 0 0 0 0 0 0 0 0 0 0 0 0 0 0 0 0 16
1 0 1 0 1 1 1 0 1 0 1 1 1 1 0 1 0 1 1 0 0 1 1 0 0 0 1 1 1 0 0 0 0 0 0 0 0 0 0 0 0 0 0 0 0 0 0 0 0 0 18
1 0 0 1 1 0 1 0 0 0 0 1 1 1 0 1 0 1 0 0 0 0 1 0 0 1 1 1 1 0 0 0 0 0 0 0 0 0 0 0 0 0 0 0 0 0 0 0 0 0 14
1 0 0 0 1 1 1 1 0 1 1 1 1 1 0 1 0 1 1 0 0 1 1 1 0 0 0 0 0 0 0 0 0 0 0 0 0 0 0 0 0 0 0 0 0 0 0 0 0 0 16
0 1 1 0 1 0 0 1 0 0 0 1 1 0 1 1 0 1 1 0 1 0 1 1 1 0 1 0 0 0 0 0 0 0 0 0 0 0 0 0 0 0 0 0 0 0 0 0 0 0 15
1 1 1 1 0 1 0 1 1 0 1 1 1 0 0 1 0 1 1 0 1 1 1 0 0 0 0 1 1 0 0 0 0 0 0 0 0 0 0 0 0 0 0 0 0 0 0 0 0 0 18
1 1 0 1 1 0 1 0 1 0 1 1 1 1 0 1 0 1 1 0 0 0 1 0 0 0 1 0 0 0 0 0 0 0 0 0 0 0 0 0 0 0 0 0 0 0 0 0 0 0 15
1 1 0 0 1 0 1 1 1 0 0 1 1 0 0 1 0 1 1 0 1 1 1 0 0 0 1 1 0 0 0 0 0 0 0 0 0 0 0 0 0 0 0 0 0 0 0 0 0 0 16
1 1 1 0 0 0 1 1 1 0 1 1 1 1 1 1 0 1 1 0 1 1 1 1 0 0 0 0 0 0 0 1 0 0 0 0 0 0 0 0 0 0 0 0 0 0 0 0 0 0 19
1 0 1 1 0 0 0 0 1 0 0 1 1 1 1 0 0 1 0 0 0 1 1 0 0 1 0 0 1 0 0 0 0 0 0 0 0 0 0 0 0 0 0 0 0 0 0 0 0 0 13
1 0 1 1 0 1 1 1 1 0 1 1 1 1 0 1 0 0 1 0 1 1 0 0 0 1 1 0 0 0 0 0 0 0 0 0 0 0 0 0 0 0 0 0 0 0 0 0 0 0 17
1 0 0 1 1 0 1 1 1 0 1 1 0 1 1 1 0 1 1 0 1 0 1 0 0 1 0 1 1 0 0 0 0 0 0 0 0 0 0 0 0 0 0 0 0 0 0 0 0 0 18
1 0 1 1 1 1 1 1 1 1 0 1 1 0 0 0 0 1 1 0 1 0 1 1 0 0 0 1 0 0 0 0 0 0 0 0 0 0 0 0 0 0 0 0 0 0 0 0 0 0 17
1 0 0 0 1 1 1 0 1 0 0 1 1 1 0 1 0 1 1 0 1 1 1 0 0 0 1 1 0 0 0 0 0 0 0 0 0 0 0 0 0 0 0 0 0 0 0 0 0 0 16
1 0 0 1 1 0 0 1 1 0 1 1 1 1 0 1 0 0 1 0 1 1 1 0 1 1 1 0 1 0 0 0 0 0 0 0 0 0 0 0 0 0 0 0 0 0 0 0 0 0 18
0 0 0 1 1 0 0 1 1 0 1 1 1 0 0 1 0 1 1 0 1 1 1 1 0 0 0 0 0 0 0 0 0 0 0 0 0 0 0 0 0 0 0 0 0 0 0 0 0 0 14
1 0 0 0 1 1 1 1 1 0 0 1 1 0 1 1 0 1 1 0 1 0 0 1 0 0 0 1 0 0 0 0 0 0 0 0 0 0 0 0 0 0 0 0 0 0 0 0 0 0 15
1 0 0 1 0 1 1 0 1 0 0 1 1 0 1 1 0 1 1 0 1 0 1 0 0 0 0 1 1 0 0 0 0 0 0 0 0 0 0 0 0 0 0 0 0 0 0 0 0 0 15
1 1 0 1 1 1 0 1 1 0 1 1 1 1 0 1 0 1 1 1 1 1 1 0 0 0 1 0 0 0 0 0 0 0 0 0 0 0 0 0 0 0 0 0 0 0 0 0 0 0 19
1 1 0 1 1 1 1 1 1 1 0 1 1 1 0 1 0 1 1 0 1 1 1 0 1 1 1 0 0 0 0 0 0 0 0 0 0 0 0 0 0 0 0 1 0 0 0 0 0 0 22
1 1 1 1 1 1 0 1 1 1 0 1 1 1 1 1 0 1 1 0 1 1 1 0 1 0 1 1 0 0 0 0 0 0 0 0 0 0 0 0 0 0 0 0 0 0 0 0 0 0 22
1 0 0 1 1 0 1 1 1 0 1 1 1 1 0 1 0 1 1 0 1 0 1 0 0 1 1 0 1 0 0 0 0 0 0 0 0 0 0 0 0 0 0 0 0 0 0 0 0 0 18
0 0 1 1 1 0 0 1 1 0 0 1 1 1 1 0 0 1 0 0 1 1 1 0 0 0 1 1 0 0 0 0 0 0 0 0 0 0 0 0 0 0 0 0 0 0 0 0 0 0 15
1 1 0 1 1 0 1 1 1 0 1 1 1 0 0 1 0 0 1 0 1 1 1 0 1 0 1 0 0 0 0 0 0 0 0 0 0 0 0 0 0 0 0 0 0 0 0 0 0 0 17
1 0 1 0 1 0 1 1 0 0 0 1 1 1 0 1 0 1 1 0 0 1 0 0 0 0 0 0 0 0 0 0 0 0 0 0 0 0 0 0 0 0 0 0 0 0 0 0 0 0 12
1 0 1 1 1 0 0 1 1 1 1 1 1 1 1 1 0 1 1 0 1 1 1 0 0 1 0 0 1 0 0 0 0 0 0 0 0 0 0 0 0 0 0 0 0 0 0 0 0 0 20
1 0 1 1 0 1 1 0 1 0 0 1 1 0 0 1 0 1 1 0 1 1 1 0 0 0 0 0 0 0 0 0 0 0 0 0 0 0 0 0 0 0 0 0 0 0 0 0 0 0 14
1 1 0 0 0 1 1 1 1 0 0 1 1 1 1 1 0 0 0 0 1 0 1 0 0 0 1 1 0 0 0 0 0 0 0 0 0 0 0 0 0 0 0 0 0 0 0 0 0 0 15
1 1 0 0 1 0 0 1 1 0 0 1 1 1 0 1 0 1 1 0 0 1 1 0 1 0 1 0 1 0 0 0 0 0 0 0 0 0 0 0 0 0 0 0 0 0 0 0 0 0 16
1 1 0 1 1 1 1 1 1 0 1 1 1 1 0 1 0 1 1 0 1 0 1 0 1 0 1 0 0 0 0 0 0 0 0 0 0 0 0 0 0 0 1 0 0 0 0 0 0 0 20
1 1 1 1 1 1 1 0 0 0 0 1 1 0 0 1 0 1 1 0 0 1 1 1 0 0 0 0 0 0 0 0 0 0 0 0 0 0 0 0 0 0 0 0 0 0 0 0 0 0 15
1 1 1 1 0 0 1 0 1 0 1 1 1 0 0 1 0 1 1 0 0 1 1 0 1 0 0 0 0 0 0 0 0 0 0 0 0 0 0 0 0 0 0 0 0 0 0 0 0 0 15
1 0 1 1 1 1 1 1 1 0 0 1 1 1 0 0 0 1 1 0 1 0 1 1 1 0 1 1 1 0 0 0 0 0 0 0 0 0 0 0 0 0 0 0 0 0 0 0 0 0 20
1 0 1 1 1 0 1 1 1 0 0 1 1 1 0 1 0 1 1 0 1 0 1 0 0 0 1 1 0 0 0 0 0 0 0 0 0 0 0 0 0 0 0 0 0 0 0 0 0 0 17
1 0 1 1 1 1 1 0 1 0 1 1 1 0 0 0 0 0 1 0 1 0 1 1 1 0 1 0 1 0 0 0 0 0 0 0 0 0 0 0 0 0 0 0 0 0 0 0 0 0 17
1 0 0 0 1 1 0 0 0 0 1 1 1 0 0 1 0 1 1 0 1 1 1 0 1 1 1 1 0 0 0 0 0 0 0 0 0 0 0 1 0 0 0 0 0 0 0 0 0 0 17
1 0 1 1 1 1 1 0 1 0 1 1 1 1 0 1 0 0 0 0 1 0 1 0 1 0 1 0 0 0 0 0 0 0 0 0 0 0 0 0 0 0 0 0 0 0 0 0 0 0 16
1 1 1 0 1 1 1 0 1 0 0 1 1 1 1 1 0 1 0 0 1 1 1 0 1 0 1 0 1 0 0 0 0 0 0 0 0 0 0 0 0 0 0 0 0 0 0 0 0 0 19
1 1 0 1 1 1 0 1 1 0 0 1 1 0 0 1 0 1 0 0 0 0 1 0 1 1 1 1 1 0 0 0 0 0 0 0 0 0 0 0 0 0 0 0 0 0 0 0 0 0 17
1 0 1 0 1 1 1 1 1 0 1 1 0 1 1 1 0 1 0 0 0 1 1 1 0 1 1 1 1 0 0 0 0 0 0 0 0 0 0 0 0 0 0 0 0 0 0 0 0 0 20
1 0 0 1 1 0 1 1 0 0 1 1 1 0 0 1 0 1 0 0 1 0 1 1 1 0 0 1 0 0 0 0 0 0 0 0 0 0 0 0 0 0 0 0 0 0 0 0 0 0 15
1 0 0 1 1 0 1 1 1 0 0 1 1 1 0 1 0 1 1 0 0 1 1 0 0 1 0 0 0 0 0 0 0 0 0 0 0 0 0 0 0 0 0 0 0 0 0 0 0 0 15
1 0 1 0 1 0 0 1 1 0 1 1 1 1 0 1 0 1 0 0 0 0 1 0 0 1 1 0 1 0 0 0 0 0 0 0 0 0 0 0 0 0 0 0 0 0 0 0 0 0 15
1 1 1 1 1 0 1 0 1 1 0 1 1 1 1 1 1 1 1 0 0 1 1 1 1 1 1 0 0 0 0 0 0 0 0 0 0 0 0 0 0 0 0 0 0 0 0 0 0 0 22
1 0 0 0 1 0 0 0 1 0 1 1 1 1 1 1 0 1 1 0 1 1 0 1 0 1 1 1 1 0 0 0 0 0 0 0 0 0 0 0 0 0 0 0 0 0 0 0 0 0 18
1 0 0 1 1 1 0 0 1 0 1 1 1 1 0 1 0 0 1 0 0 1 1 0 1 1 1 1 0 0 0 0 0 0 0 0 0 0 0 0 0 0 0 0 0 0 0 0 0 0 17
1 1 0 1 1 1 0 1 1 0 1 1 1 1 0 1 0 1 1 0 1 1 1 0 0 0 0 1 0 0 0 0 0 0 0 0 0 0 0 0 0 0 0 0 0 0 0 0 0 0 18
1 1 0 0 0 0 1 0 1 0 0 1 1 1 1 1 0 1 1 0 0 0 1 0 0 0 1 0 1 0 0 0 0 0 0 0 0 0 0 0 0 0 0 0 0 0 0 0 0 0 14
1 1 1 1 1 1 1 0 1 0 1 1 0 1 0 1 0 1 1 0 1 0 1 1 0 1 1 1 0 0 0 0 0 0 0 0 0 0 0 0 0 0 0 0 0 0 0 0 0 0 20
0 0 0 0 0 0 1 0 1 0 0 1 1 1 0 1 1 1 1 0 1 1 1 0 0 0 0 0 1 0 0 0 0 0 0 0 0 0 0 0 0 0 0 0 0 0 0 0 0 0 13
0 0 1 1 1 1 1 0 1 0 1 1 1 1 1 1 0 1 1 0 1 1 1 0 1 1 1 0 1 0 0 0 0 0 0 0 0 0 0 0 0 0 0 0 0 0 0 0 0 0 21
0 1 0 1 1 1 1 1 1 0 1 1 0 1 1 1 0 1 1 0 0 1 1 1 0 0 0 0 1 0 0 0 0 0 0 0 0 0 0 0 0 0 0 0 0 0 0 0 0 0 18
1 0 1 1 1 0 1 0 1 1 0 1 1 1 1 1 0 0 1 0 1 1 1 0 1 0 1 0 0 0 0 0 0 0 0 0 0 0 0 0 0 0 0 0 0 0 0 0 0 0 18
1 1 1 0 1 1 1 0 1 0 0 1 1 0 0 0 0 0 1 0 1 1 1 0 0 0 1 0 1 0 0 0 0 0 0 0 0 0 0 0 0 0 0 0 0 0 0 0 0 0 15
1 1 0 1 1 0 1 0 1 0 0 1 1 0 0 1 0 1 1 0 0 0 1 1 0 1 1 1 0 0 0 0 0 0 0 0 0 0 0 0 0 0 0 0 0 0 0 0 0 0 16
1 0 0 1 0 0 1 1 1 0 1 1 1 1 0 1 0 1 1 0 1 1 1 0 0 0 0 1 1 0 0 0 0 0 0 0 0 0 0 0 0 0 0 0 0 0 0 0 0 0 17
1 1 0 1 1 1 0 1 1 1 0 1 1 1 0 0 0 1 1 0 1 0 1 0 0 1 0 1 0 0 0 1 0 0 0 0 0 0 0 0 0 0 0 0 0 0 0 0 0 0 18
1 0 0 1 1 0 0 1 0 0 0 1 1 1 1 1 0 1 0 0 1 0 1 0 1 1 1 0 1 0 0 0 0 0 0 0 0 0 0 0 0 0 0 0 0 0 0 0 0 0 16
0 1 1 1 0 0 1 0 1 0 0 1 1 1 0 1 0 1 1 0 1 1 1 0 0 0 1 1 1 0 0 0 0 0 0 0 0 0 0 0 0 0 0 0 0 0 0 1 0 0 18
1 0 1 1 0 0 0 1 1 0 0 1 1 0 0 0 0 0 0 0 0 1 1 0 0 1 1 1 0 0 0 0 0 0 0 0 0 0 0 0 0 0 0 0 0 0 0 0 0 0 12
1 1 1 1 1 1 1 0 1 1 0 1 1 1 0 1 0 1 1 0 0 1 1 0 1 0 0 0 0 0 0 0 0 0 0 0 0 0 0 0 0 0 0 0 0 0 0 0 0 0 18
1 0 1 1 1 0 1 0 0 1 1 1 1 1 1 0 0 1 1 0 1 1 1 0 0 1 0 1 0 0 0 0 0 0 0 0 0 0 0 0 0 0 0 0 0 0 0 0 0 0 18
1 1 1 1 1 0 0 1 1 0 1 1 1 1 0 1 0 1 1 0 1 0 1 0 0 0 1 1 0 0 0 0 0 0 0 0 0 0 0 0 0 0 0 0 0 0 0 0 0 0 18
1 1 0 0 1 1 1 1 1 0 1 1 1 1 0 1 0 1 1 0 0 1 1 0 0 0 0 1 0 0 0 0 0 0 0 0 0 0 0 0 0 0 0 0 0 0 0 0 0 0 17
1 0 1 0 1 0 0 1 1 0 1 1 1 1 0 1 0 1 0 0 1 1 0 0 1 0 1 0 1 0 0 0 0 0 0 0 0 0 0 0 0 0 0 0 0 0 0 0 0 0 16
1 0 0 0 1 0 1 0 1 0 1 1 1 0 1 1 0 1 1 0 0 1 1 0 0 1 0 1 0 0 0 0 0 0 0 0 0 0 0 0 0 0 0 0 0 0 0 0 0 0 15
1 1 0 1 0 1 1 0 1 0 0 1 1 1 0 1 0 1 1 0 1 0 1 0 1 0 1 0 1 0 0 0 0 0 0 0 0 0 0 0 0 0 0 0 0 0 0 0 0 0 17
1 0 1 1 1 1 0 0 1 0 1 1 1 0 1 1 0 0 1 0 1 0 1 0 0 0 1 0 1 0 0 0 0 0 0 0 0 0 0 0 0 0 0 0 0 0 0 0 0 0 16
1 0 0 0 0 0 0 1 1 1 1 1 1 0 0 1 0 0 0 0 0 1 1 0 0 0 1 0 1 0 0 0 0 0 0 0 0 0 0 0 0 0 0 0 0 0 0 0 0 0 12
1 0 0 1 1 0 1 0 1 0 0 1 1 1 1 1 0 1 1 0 0 1 1 1 1 0 0 0 1 0 0 0 0 0 0 0 0 0 0 0 0 0 0 0 0 0 0 0 0 0 17
1 1 1 1 0 1 0 1 1 0 0 1 1 1 0 1 0 1 1 0 1 1 1 1 0 0 1 1 1 0 0 0 0 0 0 0 0 0 0 0 0 0 0 0 0 0 0 0 0 0 20
0 0 1 1 0 0 1 0 1 0 0 1 1 1 0 0 1 1 1 0 1 1 1 0 0 0 1 1 0 1 0 0 0 0 0 0 0 0 0 0 0 0 0 0 0 0 0 0 0 0 16
1 1 1 1 1 1 0 1 1 0 0 1 1 1 0 1 0 0 1 0 0 1 1 0 0 1 1 1 0 0 0 0 0 0 0 0 0 0 0 0 0 0 0 0 0 0 0 0 0 0 18
1 1 0 0 1 1 1 1 1 1 0 1 1 0 0 1 0 1 1 0 0 1 1 0 0 0 1 1 0 0 0 0 0 0 0 0 0 0 0 0 0 0 0 0 0 0 0 0 0 0 17
1 1 0 1 1 0 1 1 1 0 1 1 1 0 0 1 0 0 1 0 0 1 1 0 0 1 1 1 0 0 0 0 0 0 0 0 0 0 0 0 0 0 0 0 0 0 0 0 0 0 17
1 0 1 1 1 1 0 0 1 0 1 1 1 1 0 1 0 1 1 0 1 1 1 1 0 1 1 0 0 0 0 0 0 0 0 0 0 0 0 0 0 0 0 0 0 0 0 0 0 0 19
1 1 0 0 1 1 0 0 1 0 0 1 1 0 1 1 1 1 1 0 1 1 1 0 1 1 0 0 0 0 0 0 0 0 0 0 0 0 0 0 0 0 0 0 0 0 0 0 0 0 17
1 1 0 1 1 1 0 1 1 0 0 1 1 1 0 1 0 1 1 0 1 1 1 1 0 1 1 1 0 0 0 0 0 0 0 0 0 0 0 0 0 0 0 0 0 0 0 0 0 0 20
1 0 0 1 1 0 0 0 1 1 1 1 1 1 0 0 0 1 1 0 0 0 1 1 1 1 1 0 0 0 0 0 0 0 0 0 0 0 0 0 0 0 0 0 0 0 0 0 0 0 16
1 1 1 1 0 0 0 1 0 0 0 1 1 0 1 1 0 1 1 0 1 1 1 0 0 1 1 1 0 0 0 0 0 0 0 0 0 0 0 0 0 0 0 0 0 0 0 0 0 0 17
1 1 0 0 1 1 0 1 1 1 1 1 1 1 0 1 0 1 1 0 1 0 1 0 1 1 1 1 0 0 0 0 0 0 0 0 0 0 0 0 0 0 0 0 0 0 0 0 0 0 20
0 1 1 1 1 1 1 1 1 0 0 1 1 0 0 1 0 1 1 0 1 1 1 0 1 0 0 1 1 0 0 0 0 0 0 0 0 0 0 0 0 0 0 0 0 0 0 0 0 0 19
1 0 0 1 0 1 1 0 0 0 0 0 1 0 0 1 0 1 1 0 1 1 1 0 0 0 0 0 0 0 0 0 0 0 0 0 0 0 0 0 0 0 0 0 0 0 0 0 0 0 11
0 0 0 1 1 1 1 0 1 0 0 1 1 1 0 1 0 1 1 0 1 1 0 0 1 0 0 1 0 0 0 0 0 0 0 0 0 0 0 0 0 0 0 0 0 0 0 0 0 0 15
1 1 1 1 0 0 1 0 1 0 0 1 1 1 0 1 0 1 1 0 1 1 1 0 0 0 1 1 1 0 0 0 0 0 0 0 0 0 0 0 0 0 0 0 0 0 0 0 0 0 18
1 0 0 1 1 1 1 1 1 0 1 1 1 1 1 0 0 1 1 0 1 1 1 0 0 1 1 0 0 0 0 0 0 0 0 0 0 0 0 0 0 0 0 0 0 0 0 0 0 0 19
1 0 1 0 0 1 1 1 1 0 1 1 1 1 1 1 0 0 1 0 1 1 1 0 1 1 1 0 1 0 0 0 0 0 0 0 0 0 0 0 0 0 0 0 0 0 0 0 0 0 20
1 0 1 1 1 1 1 1 1 0 1 1 1 1 0 1 1 1 1 0 1 1 1 0 0 0 1 1 1 0 0 0 0 0 0 0 0 0 1 0 0 0 0 0 0 0 0 0 0 0 23
1 1 0 1 0 1 0 1 1 1 0 1 0 0 0 1 0 1 1 0 1 0 0 0 1 0 1 1 0 0 0 0 0 0 0 0 0 0 0 0 0 0 0 0 0 0 0 0 0 0 15
1 0 0 1 0 1 1 0 1 0 1 1 1 1 0 1 0 0 1 0 0 1 1 0 0 0 0 0 0 0 0 0 0 0 0 0 0 0 0 0 0 0 0 0 0 0 0 0 0 0 13
1 1 0 0 1 1 1 1 1 0 0 1 0 1 0 1 0 1 1 0 0 1 1 0 0 0 1 0 1 0 0 0 0 0 0 0 0 0 0 0 0 0 0 0 0 0 0 0 0 0 16
1 0 0 0 1 0 1 1 1 0 0 1 1 1 1 1 0 1 1 0 0 0 0 0 0 1 0 1 0 0 0 0 0 0 0 0 0 0 0 0 0 0 0 0 0 0 0 0 0 0 14
1 1 1 1 0 1 1 0 1 0 0 1 1 0 0 1 0 1 1 0 1 0 1 0 0 1 1 0 0 0 0 0 0 0 0 0 0 0 0 0 0 0 0 0 0 0 0 0 0 0 16
1 0 1 1 1 1 1 1 1 0 0 1 1 1 0 0 1 1 1 0 0 0 1 0 0 1 1 1 1 0 0 0 0 0 0 0 0 0 0 0 0 0 0 0 0 0 0 0 0 0 19
1 0 0 0 1 0 0 0 1 0 0 1 1 0 1 1 0 0 1 0 1 1 1 1 0 1 1 0 0 0 0 0 0 0 0 0 0 0 0 0 0 0 0 0 0 0 0 0 0 0 14
1 0 0 1 0 1 0 1 0 0 0 1 1 0 0 0 0 0 0 0 1 1 1 1 1 0 1 1 1 0 0 0 0 0 0 0 0 0 0 0 0 0 0 0 0 0 0 0 0 0 14
1 0 1 1 1 1 1 1 1 1 0 1 1 1 0 0 1 1 1 0 1 1 0 1 0 0 1 0 1 0 0 0 0 0 0 0 0 0 0 0 1 0 0 0 0 0 0 0 0 0 21
1 1 1 1 1 1 1 0 1 0 1 1 1 1 0 1 0 0 1 0 1 0 1 0 1 1 0 0 0 0 0 0 0 0 0 0 0 0 0 0 0 0 0 0 0 0 0 0 0 0 18
1 0 0 1 0 0 0 0 1 0 0 1 1 1 0 1 0 0 0 0 1 1 1 0 1 0 1 0 1 0 0 0 0 0 0 0 0 0 0 0 0 0 0 0 0 0 0 0 0 0 13
1 0 0 1 1 1 1 0 1 0 0 1 1 1 0 1 1 1 0 0 1 1 1 1 0 0 0 1 0 0 0 0 0 0 0 0 0 0 0 0 0 0 0 0 0 0 0 0 0 0 17
1 0 0 1 1 0 1 1 1 0 0 1 1 0 0 1 0 1 1 0 1 0 1 1 1 0 0 0 0 0 0 0 0 0 0 0 0 0 0 0 0 0 0 0 0 0 0 0 0 0 15
1 1 1 0 0 1 1 1 1 0 0 1 1 1 1 1 0 1 0 0 0 0 1 0 0 0 1 0 0 0 0 0 0 0 0 0 0 0 0 0 0 0 0 0 0 0 0 0 0 0 15
1 1 1 1 1 1 1 1 1 0 0 1 1 1 0 1 0 1 1 0 1 1 1 0 1 0 1 1 0 0 0 0 0 0 0 0 0 0 0 0 0 0 0 0 0 0 0 0 0 0 21
1 0 1 1 1 1 0 0 0 0 1 1 1 1 1 1 0 0 1 0 1 1 1 0 0 0 1 1 1 0 0 0 0 0 0 0 0 0 0 0 0 0 0 0 0 0 0 0 0 0 18
1 0 1 0 1 0 1 1 1 0 1 1 1 0 1 1 1 1 1 0 0 1 1 1 1 0 0 1 0 0 0 0 0 0 0 0 0 0 0 0 0 0 0 0 0 0 0 0 0 0 19
465 238 235 331 359 223 288 280 434 65 205 491 478 360 131 415 28 389 422 6 310 379 469 148 210 223 341 228 157 2 3 2 1 1 1 1 1 1 1 1 1 1 1 1 1 1 1 1 1 1 8333
