0 0 0 0 0 0 0 0 0 0 0 0 0 0 0 0 0 0 0 0 0 0 0 0 0 0 0 0 0 0 0 0 0 0 0 0 0 0 0 0 0 0 0 0 0 0 0 0 1 0 1
0 0 0 0 0 1 0 0 0 0 0 0 0 0 0 0 0 0 0 0 0 0 0 0 0 0 0 0 0 0 0 0 0 0 0 0 0 0 0 0 0 0 0 0 0 0 0 0 0 0 1
0 0 0 0 0 0 0 0 0 0 0 0 0 0 0 0 0 0 0 0 0 0 0 0 0 1 0 0 0 0 0 0 0 0 0 0 0 0 0 0 0 0 0 0 0 0 0 0 0 0 1
0 0 0 0 0 0 0 0 0 0 0 0 0 0 0 0 1 0 0 0 0 0 0 0 0 0 0 0 0 0 0 0 0 0 0 0 0 0 0 0 0 0 0 0 0 0 0 0 0 0 1
1 0 0 0 0 0 0 0 0 0 0 0 0 0 0 0 0 0 0 0 0 0 0 0 0 0 0 0 0 0 0 0 0 0 0 0 0 0 0 0 0 0 0 0 0 0 0 0 0 0 1
0 0 0 0 0 0 0 0 0 0 0 0 0 0 0 0 0 0 0 0 0 0 0 0 0 0 0 0 0 0 0 0 0 0 0 0 0 0 0 0 0 0 0 0 1 0 0 0 0 0 1
0 1 0 0 0 0 0 0 0 0 0 0 0 0 0 0 0 0 0 0 0 0 0 0 0 0 0 0 0 0 0 0 0 0 0 0 0 0 0 0 0 0 0 0 0 0 0 0 0 0 1
0 0 0 0 0 0 0 0 0 0 0 0 0 0 0 0 0 0 0 0 0 0 1 0 0 0 0 0 0 0 0 0 0 0 0 0 0 0 0 0 0 0 0 0 0 0 0 0 0 0 1
0 0 0 0 0 0 0 0 0 0 0 0 0 0 0 0 0 0 0 0 0 0 0 0 0 0 0 0 0 0 0 0 1 0 0 0 0 0 0 0 0 0 0 0 0 0 0 0 0 0 1
0 0 0 0 0 0 0 0 0 0 0 0 0 0 1 0 0 0 0 0 0 0 0 0 0 0 0 0 0 0 0 0 0 0 0 0 0 0 0 0 0 0 0 0 0 0 0 0 0 0 1
0 0 0 0 0 0 0 0 0 0 0 0 0 0 0 0 1 0 0 0 0 0 0 0 0 0 0 0 0 0 0 0 0 0 0 0 0 0 0 0 0 0 0 0 0 0 0 0 0 0 1
0 0 0 0 0 0 0 0 0 0 0 0 0 0 1 0 0 0 0 0 0 0 0 0 0 0 0 0 0 0 0 0 0 0 0 0 0 0 0 0 0 0 0 0 0 0 0 0 0 0 1
0 0 0 0 0 0 0 1 0 0 0 0 0 0 0 0 0 0 0 0 0 0 0 0 0 0 0 0 0 0 0 0 0 0 0 0 0 0 0 0 0 0 0 0 0 0 0 0 0 0 1
0 1 0 0 0 0 0 0 0 0 0 0 0 0 0 0 0 0 0 0 0 0 0 0 0 0 0 0 0 0 0 0 0 0 0 0 0 0 0 0 0 0 0 0 0 0 0 0 0 0 1
0 0 0 0 1 0 0 0 0 0 0 0 0 0 0 0 0 0 0 0 0 0 0 0 0 0 0 0 0 0 0 0 0 0 0 0 0 0 0 0 0 0 0 0 0 0 0 0 0 0 1
0 0 0 0 0 0 0 0 0 0 0 0 0 0 0 0 0 0 0 0 0 0 0 0 0 0 0 0 1 0 0 0 0 0 0 0 0 0 0 0 0 0 0 0 0 0 0 0 0 0 1
0 0 0 0 0 0 0 0 0 0 0 0 0 1 0 0 1 0 0 0 0 0 0 0 0 0 0 0 0 0 1 0 0 0 0 0 0 0 1 0 0 0 0 0 0 0 0 0 0 0 4
1 0 0 0 0 0 1 0 0 0 0 0 0 0 0 0 0 0 0 0 0 0 0 0 0 0 0 0 0 0 1 0 0 0 1 1 0 0 0 0 0 0 0 0 0 0 0 0 1 0 6
0 0 0 0 0 0 1 0 0 0 0 0 0 0 0 0 0 0 0 1 1 0 0 0 0 1 0 0 0 0 0 0 0 0 0 0 0 0 1 0 0 0 0 0 0 1 0 0 1 0 7
1 1 0 0 1 0 0 0 0 0 0 0 0 1 0 0 0 0 0 1 1 0 0 0 0 1 0 0 0 0 1 0 0 0 1 1 0 0 0 0 0 0 0 0 0 1 0 0 1 0 12
1 0 0 0 1 0 0 0 0 0 0 1 0 1 0 0 0 0 0 1 1 0 0 0 0 0 0 0 0 1 1 0 0 0 1 0 0 0 0 0 0 0 1 0 0 0 0 0 0 0 10
1 0 0 0 0 0 0 0 0 1 0 1 0 0 0 0 1 0 0 1 1 0 0 0 0 0 0 0 1 0 1 0 0 0 1 1 0 0 1 0 1 0 0 0 0 0 0 0 1 0 13
1 0 0 0 0 0 0 1 0 0 0 0 0 1 0 0 1 0 0 1 1 0 0 0 0 1 0 1 1 1 0 0 0 0 0 0 0 0 1 0 0 0 0 0 0 0 0 0 0 0 11
0 0 0 0 0 0 0 1 0 0 1 0 0 0 0 0 0 0 0 1 0 0 0 1 0 0 0 1 1 1 1 1 0 0 0 0 1 0 1 0 1 0 1 0 1 0 0 0 0 1 15
1 1 0 0 0 0 0 1 1 1 1 1 0 1 1 1 1 0 0 1 0 0 0 1 1 1 0 1 1 0 0 0 0 0 1 1 0 0 0 0 0 0 0 1 1 0 0 0 0 0 21
1 0 0 0 1 0 0 0 1 0 0 0 1 1 1 1 1 1 0 0 0 1 0 0 0 1 1 0 1 0 1 1 0 0 0 0 1 0 0 0 1 0 1 1 1 1 0 0 1 0 22
1 1 1 0 0 1 1 1 0 1 0 1 0 1 0 0 0 0 0 1 1 1 0 0 0 1 1 1 1 1 0 1 0 0 1 1 0 0 0 1 0 0 1 1 1 1 0 1 0 0 26
1 1 1 0 1 0 1 1 1 1 1 1 0 0 1 0 0 0 0 1 0 1 0 0 0 1 0 1 0 1 1 1 0 0 1 0 0 0 0 0 0 1 0 0 1 1 0 1 0 0 23
0 1 0 1 0 0 1 0 0 0 0 0 1 0 0 0 0 0 1 1 1 1 0 0 0 0 1 1 0 1 0 1 0 0 0 0 1 0 0 1 0 0 0 0 1 1 1 1 0 0 18
0 0 0 1 1 1 1 1 0 0 1 1 0 1 0 1 0 1 0 0 0 1 0 1 1 0 1 0 0 0 1 0 1 0 0 1 0 0 1 0 1 1 1 0 1 1 0 0 0 0 23
0 0 1 0 0 1 0 1 1 1 1 1 1 0 0 0 1 1 1 0 1 1 1 1 0 1 1 0 1 0 1 0 0 0 0 1 0 0 0 0 0 0 0 1 0 0 1 1 0 0 23
0 1 0 0 1 1 0 0 1 0 0 0 1 1 1 1 0 0 0 0 0 0 1 0 0 1 0 0 0 1 0 1 0 0 1 1 0 0 1 0 0 0 0 0 0 1 0 1 1 1 19
1 1 0 0 0 0 0 0 1 0 1 0 1 1 0 0 0 0 0 1 0 1 0 0 1 0 1 0 0 0 0 0 1 0 0 1 1 0 0 0 0 1 1 0 1 0 1 0 1 1 19
0 1 0 0 0 1 0 1 0 1 1 1 1 0 0 1 0 0 1 1 1 1 0 0 0 1 0 0 0 0 1 0 1 0 0 1 0 0 1 1 1 0 0 1 1 0 1 1 1 1 25
0 0 1 0 0 1 1 0 1 1 0 1 1 1 1 1 1 1 0 0 0 1 0 0 1 0 0 0 0 1 1 0 1 0 1 0 0 0 0 1 0 1 1 1 1 1 1 0 0 0 25
0 1 0 0 0 0 1 1 0 1 0 0 1 1 1 0 1 0 1 1 1 0 0 1 1 0 0 0 0 0 0 1 0 0 0 0 1 0 0 1 0 1 1 1 0 0 1 0 1 0 21
1 1 0 1 1 1 1 1 0 0 0 1 0 0 0 1 1 0 0 1 0 0 1 0 0 1 0 0 1 1 0 0 0 0 0 1 1 0 0 0 1 0 1 0 0 1 1 0 0 1 22
0 1 0 1 0 1 1 1 1 0 0 0 0 1 0 0 0 1 0 0 1 1 0 1 1 1 0 1 1 1 1 0 0 0 1 0 1 0 1 0 1 1 0 1 0 1 0 1 1 0 26
1 0 1 0 0 0 1 1 0 0 0 0 0 0 0 1 0 0 1 0 1 0 1 1 0 0 1 0 0 0 1 0 1 0 1 0 1 1 1 0 0 0 0 0 1 1 0 1 1 0 20
1 1 0 1 0 1 0 0 1 0 0 0 1 0 1 1 0 1 1 1 1 0 0 0 0 0 0 1 1 0 1 1 0 0 1 1 0 0 0 0 1 0 1 1 0 0 1 0 1 0 23
1 1 0 1 1 0 1 0 0 1 1 1 0 0 0 0 0 1 1 1 1 0 1 0 1 0 1 0 0 0 0 0 0 0 0 0 0 1 1 0 1 0 0 1 0 1 0 1 0 0 21
0 0 0 1 1 0 1 1 1 1 0 1 0 1 0 0 0 1 1 0 0 0 0 0 0 1 0 0 1 0 0 0 0 0 1 1 0 0 0 0 1 1 0 1 1 0 0 1 0 1 20
1 1 1 1 0 1 0 1 1 1 1 0 1 0 1 1 0 0 0 0 1 0 0 1 0 1 1 0 0 1 1 0 0 1 1 1 1 0 1 1 1 0 0 1 1 1 1 1 1 1 32
1 1 0 0 1 0 1 1 1 0 0 1 0 1 1 1 1 0 1 1 1 0 0 0 1 1 1 1 0 1 0 1 1 1 0 1 0 1 0 0 1 1 0 0 1 0 0 0 0 0 27
0 1 1 0 1 0 0 0 0 0 1 1 0 1 0 0 1 1 0 1 0 0 0 0 1 1 0 1 1 0 0 0 0 0 0 0 0 0 1 0 0 1 0 1 1 0 1 0 1 0 19
0 1 1 0 1 0 0 1 0 1 1 1 0 0 0 0 1 1 1 0 0 0 1 0 0 1 0 0 1 1 1 0 0 0 0 1 1 1 1 0 0 1 0 1 0 0 0 0 0 1 22
0 1 1 1 1 1 1 1 1 1 1 0 1 0 0 0 1 1 0 1 1 1 1 1 1 1 0 0 1 0 1 0 1 1 1 1 1 1 1 1 0 0 0 1 1 1 1 0 0 0 34
0 0 0 0 0 1 0 1 1 1 1 0 0 1 0 1 1 0 0 1 0 1 1 0 0 0 1 0 1 0 1 0 0 1 0 1 0 1 1 1 1 0 0 0 0 1 1 1 1 1 25
1 0 1 1 0 1 1 1 1 0 0 0 1 0 1 1 0 0 0 1 1 1 1 0 0 1 0 1 0 1 0 1 0 1 0 1 1 1 1 0 1 0 0 1 1 0 1 1 0 0 28
0 0 0 0 1 1 0 1 0 1 0 0 1 1 0 0 0 1 0 0 1 1 0 0 1 0 0 0 1 1 0 0 0 1 0 0 1 0 1 1 0 0 0 0 1 0 1 1 0 0 19
0 0 0 0 0 0 0 0 1 0 0 0 0 0 0 1 0 1 0 1 0 1 1 1 1 1 1 0 0 0 1 0 0 0 1 0 1 1 0 1 1 1 0 0 1 0 0 0 1 0 19
1 0 0 0 0 0 0 0 1 0 1 0 0 0 0 0 0 1 0 0 0 1 1 1 0 0 1 0 1 1 0 0 1 1 0 0 0 1 0 0 1 0 0 0 1 1 0 1 0 0 17
1 0 0 1 0 1 1 1 1 1 1 0 1 1 1 0 0 0 1 1 0 1 1 0 1 1 1 1 1 1 0 0 1 1 0 0 1 1 0 0 0 1 0 0 0 1 0 1 1 1 30
0 0 0 0 0 0 1 0 0 1 0 1 0 0 1 0 1 0 1 0 0 0 0 1 0 1 1 1 1 0 0 0 0 0 0 1 1 1 1 0 0 0 0 1 0 0 1 1 1 1 20
0 1 1 0 0 1 1 0 0 1 1 1 0 1 0 0 1 1 0 1 0 1 1 0 1 1 0 0 0 1 0 1 1 0 0 0 0 0 0 1 1 0 0 0 1 0 1 0 0 1 23
1 0 0 1 1 1 1 1 1 0 0 1 0 1 1 0 0 0 0 0 1 1 0 1 1 0 0 0 0 1 1 1 1 1 0 1 0 0 0 0 0 1 0 0 0 1 0 1 1 1 25
1 0 1 0 0 0 0 0 1 1 1 0 1 1 1 1 0 1 1 0 1 1 0 0 0 1 0 0 1 0 0 0 0 1 0 1 1 0 1 0 1 1 0 0 0 0 0 0 1 0 22
1 1 1 1 1 0 0 1 0 0 0 0 0 1 0 1 0 0 1 1 0 0 0 0 0 1 0 0 1 0 1 0 1 0 1 1 0 0 0 1 1 0 0 1 1 1 1 0 1 1 24
0 0 0 1 0 1 0 0 1 0 0 1 1 0 1 1 1 1 1 0 0 0 0 1 0 0 1 0 1 0 1 0 0 0 1 1 1 0 0 1 0 0 0 1 0 0 0 0 1 0 20
1 1 0 0 1 1 1 1 0 0 1 0 1 1 0 1 1 0 0 0 0 1 1 0 0 0 0 0 1 0 0 0 0 1 0 1 1 0 0 1 0 1 0 1 1 0 0 0 0 0 21
0 1 0 1 0 1 1 1 1 0 0 0 0 0 1 1 1 0 1 1 0 1 1 0 0 1 1 0 0 0 0 1 1 0 1 0 1 1 1 1 0 0 1 1 1 1 1 0 0 0 27
1 0 1 0 0 1 1 0 1 0 0 1 1 1 0 1 0 0 0 0 1 1 0 1 0 0 0 1 0 0 0 0 0 0 1 0 0 1 0 1 0 1 0 1 0 0 1 1 1 0 21
1 1 1 1 0 1 0 0 0 1 1 0 0 1 0 1 1 1 0 0 0 1 0 0 0 1 1 0 1 1 0 1 1 0 1 0 1 1 1 1 0 0 0 1 1 0 1 0 0 1 27
1 1 0 0 0 1 0 1 0 1 0 0 1 0 0 1 0 0 1 1 0 1 0 1 0 1 1 0 0 1 1 1 1 0 0 0 0 0 0 0 1 0 1 0 1 0 0 0 1 0 21
1 1 1 1 0 1 1 1 1 1 0 1 1 1 1 1 0 1 1 0 0 1 0 0 0 1 0 1 0 0 1 1 1 1 0 0 0 1 1 0 0 0 0 0 1 0 1 1 1 0 29
0 1 1 0 1 0 0 1 1 0 1 1 0 0 0 1 1 0 0 0 1 1 0 1 1 1 0 0 1 0 1 1 0 0 0 1 0 0 1 0 1 0 1 0 1 0 0 0 0 0 22
0 0 0 1 0 0 0 0 0 1 0 1 0 0 0 1 1 1 1 0 1 1 1 0 1 0 1 0 1 1 1 0 0 1 1 1 1 0 1 1 0 1 0 0 1 0 0 0 1 0 24
1 1 1 0 0 1 1 0 1 1 1 0 1 0 0 0 0 1 0 1 1 0 0 1 0 0 0 0 1 0 1 0 1 1 0 0 0 1 1 0 1 0 0 1 1 1 0 1 1 0 25
0 1 1 1 0 1 0 0 1 1 1 1 0 0 0 0 0 1 1 0 1 0 1 1 0 0 1 0 0 1 0 0 1 1 1 1 1 0 1 1 0 1 0 1 1 1 0 0 1 0 27
0 0 0 1 0 1 0 1 1 0 1 0 0 0 1 1 0 0 1 1 0 0 0 1 0 1 0 0 0 1 0 1 0 1 0 1 1 1 0 1 0 1 0 1 0 1 0 1 0 1 23
0 1 1 1 0 0 1 0 0 1 0 1 0 1 0 0 0 1 0 1 0 1 0 1 0 0 1 1 0 0 1 1 0 1 1 0 0 1 0 0 0 1 0 0 0 1 1 0 0 1 22
0 1 1 0 1 1 0 0 1 0 0 1 1 1 0 1 1 0 0 0 0 1 0 1 1 0 0 1 0 1 0 1 0 0 1 1 1 1 1 0 1 0 1 0 1 0 1 0 0 1 26
1 1 1 0 0 1 1 1 0 0 0 1 1 0 0 0 0 1 0 0 1 0 0 0 1 0 0 1 0 0 0 0 0 1 0 0 0 1 1 1 1 0 1 1 0 0 0 1 0 0 20
1 1 1 1 1 1 0 1 1 0 0 1 0 1 1 0 0 0 0 0 1 1 1 1 0 1 0 1 1 0 0 0 0 0 0 0 0 1 0 1 1 0 0 1 0 0 0 0 0 0 22
1 0 1 1 0 1 0 0 1 0 1 0 1 1 1 0 0 0 0 0 0 1 1 0 0 0 1 1 1 1 0 1 0 0 1 1 1 0 0 0 1 1 0 1 1 0 1 0 1 1 26
0 1 1 1 0 1 1 1 0 0 0 1 0 1 1 1 1 1 1 1 0 0 0 0 1 1 1 0 0 1 1 1 1 1 1 1 0 1 1 1 0 0 1 1 0 0 0 0 1 0 30
1 0 0 0 0 0 1 0 1 0 1 0 0 0 1 0 0 0 1 0 1 0 1 1 1 0 0 1 1 1 0 0 0 0 0 1 0 0 0 1 0 1 0 1 0 0 1 1 0 1 20
1 1 0 0 0 0 1 0 1 1 0 0 1 1 1 1 1 1 0 0 1 1 1 1 1 1 0 0 0 0 1 0 0 0 1 0 0 1 0 1 1 1 1 1 1 1 1 0 1 0 29
0 1 0 1 0 1 0 0 1 0 0 0 1 1 1 1 1 1 1 0 0 1 1 0 1 0 1 0 1 0 0 0 0 0 1 0 0 0 0 0 1 1 1 0 1 1 0 1 1 1 25
1 0 1 0 0 0 0 1 0 1 0 0 0 1 1 0 1 0 0 1 1 0 1 0 1 0 0 1 0 0 0 0 0 1 1 0 0 0 0 1 0 1 0 1 1 0 1 1 0 0 20
1 0 0 1 0 1 0 1 1 1 0 0 1 1 1 0 1 1 0 0 0 1 0 0 1 0 1 1 1 1 0 0 0 1 0 0 0 1 1 1 0 1 0 0 1 1 0 1 0 1 26
1 0 0 0 0 0 1 0 0 1 0 1 1 1 0 1 0 0 0 0 1 1 0 0 1 0 0 1 0 0 0 0 1 1 1 0 0 1 1 0 0 0 0 0 0 1 0 0 0 0 17
0 0 1 1 1 1 0 1 1 1 1 1 1 1 1 0 1 0 1 1 0 0 0 1 0 1 0 1 1 1 1 0 1 1 1 0 0 0 0 1 1 0 0 1 1 1 1 1 0 1 32
0 0 1 0 1 1 0 1 1 0 0 0 0 1 0 0 0 0 1 1 1 0 1 0 0 0 1 0 1 0 0 1 0 1 1 1 0 1 0 1 1 1 0 1 1 0 0 0 1 0 23
0 0 1 1 1 0 1 1 0 0 1 0 0 1 1 1 1 0 0 1 0 0 1 0 1 0 0 1 0 1 1 1 0 0 0 0 0 0 1 0 0 0 1 1 1 0 0 0 1 1 23
1 1 0 0 0 1 0 1 1 1 1 0 1 0 1 0 1 0 1 0 0 0 0 0 0 0 0 0 0 0 0 1 1 0 1 1 0 1 1 1 0 0 0 0 0 0 1 1 0 0 20
0 0 0 1 0 1 0 1 1 1 0 1 1 1 0 1 0 0 0 0 1 0 1 0 1 0 1 1 1 1 1 1 0 0 0 1 0 0 0 1 0 0 0 0 0 1 1 1 0 0 23
0 1 1 1 0 1 1 0 0 1 0 1 1 1 0 1 0 0 1 1 1 1 0 0 1 1 1 1 0 1 1 0 1 0 1 1 1 1 0 0 0 0 0 0 1 1 0 1 1 1 30
0 1 1 0 0 1 0 1 0 1 1 1 1 0 1 1 1 0 0 1 0 0 0 0 0 0 1 1 0 0 1 1 0 1 1 0 1 1 0 0 0 0 1 1 1 0 1 0 0 0 24
0 1 0 0 1 0 0 1 0 1 0 1 1 1 0 1 1 0 1 1 0 0 1 1 0 0 1 0 1 0 1 1 0 1 1 0 0 0 0 0 0 0 0 0 1 1 0 0 1 0 22
0 1 1 1 1 0 1 0 1 1 1 1 0 0 0 1 1 1 0 1 1 1 0 1 0 1 1 1 0 0 0 0 0 0 0 1 1 1 0 0 0 0 1 1 1 0 0 0 0 1 26
1 0 0 0 1 0 1 1 1 1 1 1 0 0 0 1 1 1 0 1 0 1 0 0 0 1 1 0 0 0 1 1 1 0 0 1 0 0 0 0 1 0 1 0 1 0 0 1 0 1 24
0 1 0 1 1 0 1 1 0 0 1 1 0 0 0 0 1 1 1 0 1 0 0 0 0 1 1 1 0 0 1 1 0 1 0 1 1 1 0 0 1 1 1 1 1 1 0 1 1 1 29
0 0 0 1 0 0 1 0 1 1 0 1 0 1 0 1 0 1 0 1 1 1 0 1 0 0 0 0 0 0 1 0 1 0 1 0 0 1 0 1 1 0 0 1 0 0 1 0 1 0 21
0 0 0 0 0 0 1 1 1 0 1 1 0 1 0 0 0 1 0 0 0 0 0 0 1 0 0 0 1 1 1 1 0 0 0 1 0 1 0 0 0 1 1 1 1 0 0 1 0 0 19
0 0 0 1 0 0 1 0 1 0 0 1 1 0 0 0 1 0 0 0 0 1 1 0 1 0 0 1 0 1 1 1 0 0 1 0 0 0 1 0 1 1 0 0 1 0 0 0 0 0 18
0 0 0 1 1 0 0 0 0 0 1 0 1 1 1 0 1 0 0 0 0 0 1 1 1 0 1 0 1 1 0 0 1 0 1 0 0 0 0 0 0 1 1 1 0 0 0 0 0 1 19
0 1 0 0 0 1 0 1 1 0 0 0 0 0 0 1 0 0 0 1 1 1 0 0 1 1 0 0 0 1 1 0 0 0 1 1 0 1 0 1 0 1 0 1 0 0 0 1 1 1 21
1 0 1 1 0 1 0 1 1 0 1 1 1 1 0 0 0 0 0 0 0 1 1 0 0 0 0 1 0 0 0 1 1 1 0 1 0 0 0 0 0 1 0 0 0 0 1 0 1 1 21
1 1 0 0 0 1 0 0 1 0 0 0 1 0 1 1 1 1 0 1 0 0 1 0 0 0 0 1 1 0 0 0 0 0 0 0 1 0 0 1 1 1 1 0 0 0 1 0 1 0 20
1 0 0 0 0 0 0 1 1 1 0 1 1 0 1 0 0 0 0 1 0 1 0 1 0 1 0 1 1 1 1 1 0 1 1 1 1 1 1 1 1 1 0 0 0 1 1 1 0 0 28
0 1 1 1 0 1 1 1 0 0 0 0 0 1 0 1 0 1 0 1 0 0 0 1 0 1 1 1 1 0 0 1 1 0 1 0 1 0 1 1 0 0 1 0 1 1 1 0 1 0 26
1 1 0 1 0 1 0 0 0 0 0 0 1 0 0 0 0 0 1 1 0 1 0 0 1 1 1 1 0 1 0 0 1 1 0 0 1 0 0 1 0 0 0 1 0 1 0 0 0 0 19
1 0 1 0 0 0 1 0 0 1 0 0 0 0 1 0 1 0 0 0 1 0 0 0 0 1 0 0 0 1 0 0 1 1 1 0 1 1 0 0 1 0 1 0 0 0 0 1 0 0 17
0 0 0 1 1 1 1 1 1 0 0 0 0 0 1 0 1 1 0 1 1 0 1 1 0 0 1 1 1 1 1 1 1 0 1 0 0 0 0 1 0 0 0 0 0 1 0 0 1 0 24
1 1 1 0 0 0 0 0 0 0 1 0 0 0 1 0 0 1 0 1 1 0 0 0 0 1 1 0 0 0 0 1 1 0 0 1 1 1 1 1 0 1 0 0 1 0 1 0 0 1 21
0 0 0 0 1 1 0 1 1 1 0 1 0 1 0 1 1 0 0 1 1 0 0 1 1 0 0 0 0 0 1 0 1 0 0 0 0 0 0 1 0 1 0 1 1 1 1 1 1 1 24
0 1 1 0 1 1 0 1 0 1 1 1 0 1 1 0 0 1 1 1 1 1 0 0 1 0 0 0 0 1 1 1 1 0 1 1 0 1 1 1 1 1 1 1 0 1 0 1 1 0 32
0 1 0 1 0 1 0 1 0 1 0 1 1 0 1 0 1 1 1 0 0 0 0 0 1 1 1 1 0 0 0 1 1 0 0 0 1 0 0 0 1 0 1 0 1 0 1 0 1 1 24
1 0 0 1 0 0 1 1 0 0 0 1 0 1 1 1 0 1 1 0 1 0 0 0 1 1 0 0 1 1 0 0 0 1 0 1 0 0 1 1 1 0 0 1 1 1 0 1 0 0 24
0 1 1 0 0 0 0 0 0 0 0 1 0 1 1 0 0 1 0 1 1 0 1 1 1 1 1 0 0 0 0 1 1 0 0 1 0 1 0 0 1 0 1 0 0 0 1 1 0 1 22
1 1 1 0 0 1 0 1 1 1 1 1 0 1 0 0 0 1 0 1 1 0 0 1 1 0 0 0 0 0 1 0 1 1 1 1 0 1 0 0 0 0 0 1 0 1 1 0 1 0 25
0 0 1 1 0 1 1 1 0 0 1 1 1 0 1 1 0 0 1 1 1 0 1 1 1 0 1 1 1 0 0 1 0 0 0 1 0 0 0 0 1 1 0 1 0 1 1 1 1 1 29
1 0 0 0 1 1 1 0 0 1 0 1 0 1 0 0 0 0 1 0 1 1 0 1 1 1 1 1 1 1 0 0 1 0 1 0 0 1 0 1 1 0 0 0 1 0 0 0 1 0 24
1 0 1 0 0 0 1 0 1 1 1 0 1 1 1 1 0 1 1 1 1 0 1 1 1 1 0 1 0 1 1 0 1 0 0 1 1 1 0 0 0 1 0 0 1 0 1 1 1 0 30
1 1 0 0 1 1 1 1 0 1 1 1 0 0 1 1 0 0 1 1 0 0 1 0 1 0 0 0 1 0 0 1 1 0 1 1 0 0 0 1 0 1 0 0 0 1 1 1 0 0 25
0 1 1 1 1 0 0 0 0 1 1 1 1 0 0 1 0 0 1 1 0 1 0 0 1 0 0 0 1 0 0 0 1 0 0 0 1 1 0 1 0 0 0 1 1 0 1 1 1 0 23
1 1 0 0 0 0 1 0 1 0 0 0 0 1 0 0 0 1 0 0 0 0 0 0 1 1 0 0 0 1 0 0 0 1 0 1 1 0 0 0 1 0 0 1 0 0 0 1 1 0 16
0 0 0 0 0 0 0 1 1 0 0 1 1 1 1 0 0 1 1 1 1 1 0 0 0 0 1 1 0 0 1 0 1 1 0 1 0 0 0 1 0 0 1 1 0 1 0 0 0 1 22
0 0 0 1 1 1 1 0 1 0 1 0 0 1 1 0 1 1 0 0 0 0 1 0 0 1 1 1 0 0 1 0 1 1 0 0 0 1 0 0 1 0 1 1 1 1 1 0 0 0 24
0 1 1 0 1 1 0 0 0 0 0 1 0 1 1 1 1 0 1 1 0 0 1 1 1 1 0 1 0 0 0 1 1 1 0 0 0 1 1 1 1 0 0 0 1 1 0 0 1 0 26
1 1 0 0 1 1 1 0 0 1 0 1 0 0 0 0 0 1 0 1 0 0 0 0 1 0 0 1 1 1 0 1 1 1 1 1 1 0 0 0 1 1 0 1 1 0 0 0 0 0 23
0 0 0 0 0 1 0 1 0 1 1 1 1 0 1 0 0 0 1 1 0 1 0 0 1 1 0 0 1 0 1 1 0 0 0 1 1 0 1 0 1 1 0 1 1 1 0 0 0 1 24
1 0 1 0 0 0 1 1 1 0 1 1 1 1 0 1 0 0 1 0 0 0 0 1 1 0 0 0 0 0 0 0 0 1 1 0 1 1 0 1 0 0 0 1 0 1 0 0 1 0 21
1 1 0 1 1 0 0 1 1 0 1 0 1 0 1 1 1 0 1 1 1 0 0 1 1 1 1 1 0 0 0 1 0 0 0 1 0 0 1 1 1 0 0 1 0 0 1 1 1 0 28
1 0 1 0 1 1 1 0 0 1 1 0 0 0 1 1 0 0 1 0 0 0 0 0 1 1 0 1 0 0 1 0 0 0 1 0 0 1 0 1 0 1 0 1 0 0 1 1 0 1 22
0 0 0 1 0 1 0 1 1 1 1 0 0 0 0 1 1 0 1 1 0 0 0 1 0 0 1 0 0 0 1 0 0 1 1 1 1 1 1 0 0 1 1 0 0 0 1 0 1 1 24
0 0 0 1 1 0 0 1 0 0 0 0 1 1 1 0 1 1 0 1 1 1 1 0 0 1 1 0 1 0 0 0 0 0 0 0 0 0 0 0 0 1 0 0 1 1 0 1 0 0 19
0 1 1 0 1 0 0 0 0 0 1 1 1 0 0 1 0 1 1 1 1 0 0 0 0 0 1 0 1 0 0 1 1 1 1 0 0 0 1 0 0 0 0 0 0 0 0 0 1 1 20
1 1 0 1 1 1 0 1 0 0 1 0 1 1 0 0 0 0 0 0 1 1 0 1 0 0 1 0 0 0 0 1 0 1 0 0 0 0 0 1 0 0 1 0 0 1 0 0 0 1 19
1 0 0 0 0 0 1 0 0 1 0 1 1 1 1 1 1 1 0 1 0 1 0 1 1 1 1 1 0 1 0 1 1 0 1 1 1 0 1 0 0 0 1 1 1 1 0 1 1 1 31
1 0 1 1 1 0 1 0 0 1 0 0 1 0 1 1 1 0 0 1 1 1 1 0 0 0 0 0 1 1 1 1 0 1 1 0 1 0 1 0 1 0 1 1 0 0 1 1 1 1 29
1 1 1 1 0 1 1 1 1 0 0 0 0 1 1 1 1 1 1 0 0 1 1 1 1 0 1 1 0 0 0 0 1 0 0 1 0 0 0 1 0 0 0 0 0 0 0 0 0 0 23
1 0 1 0 1 0 0 1 0 1 1 0 1 1 0 0 0 1 0 1 0 0 1 1 0 0 0 0 0 1 0 0 0 0 0 0 0 1 0 1 0 0 1 0 1 0 0 0 0 1 18
0 0 1 1 0 0 0 0 0 0 1 1 1 0 0 0 0 0 0 0 0 0 1 1 0 0 0 0 1 1 0 0 1 0 0 1 0 1 1 1 0 0 0 1 1 0 0 0 1 1 18
1 0 0 1 0 1 0 0 0 0 1 0 0 1 1 1 1 0 0 1 0 1 1 0 0 1 0 1 1 0 0 1 0 0 1 0 0 0 1 0 0 1 0 1 0 1 0 1 1 0 22
1 0 0 0 1 1 0 0 1 1 0 0 1 0 1 0 1 1 0 1 0 0 0 1 1 1 1 0 1 1 1 0 0 0 1 0 1 0 0 1 0 0 0 1 1 1 0 1 0 0 24
0 0 1 1 0 1 1 1 1 1 0 0 0 1 1 0 0 0 1 1 0 1 0 1 0 0 0 0 1 1 1 0 0 1 0 1 0 0 0 1 0 0 0 0 0 1 0 1 1 1 23
1 1 1 0 1 0 1 0 0 1 0 1 1 0 0 1 0 1 0 0 1 0 1 0 0 1 1 0 1 1 0 1 0 0 1 0 1 1 1 0 1 1 0 1 0 1 1 0 1 1 28
1 0 1 1 1 1 1 1 0 1 0 1 0 1 0 1 0 0 1 1 0 0 0 0 1 0 0 0 0 0 1 0 0 0 1 0 1 0 0 0 0 1 1 1 0 0 0 1 0 1 22
0 0 1 1 0 0 0 1 1 0 1 1 0 0 0 1 1 0 1 0 0 1 1 0 1 0 1 0 1 0 0 1 0 0 1 1 0 1 0 0 0 0 1 0 0 0 0 0 0 0 19
1 0 0 0 0 1 0 1 0 0 0 0 0 1 0 0 0 0 0 1 1 1 1 1 0 1 1 0 0 1 1 0 0 1 1 1 1 1 0 1 1 1 0 0 1 0 0 0 0 1 23
1 1 0 0 0 1 0 0 0 1 0 1 0 0 0 1 0 1 0 0 0 0 1 1 0 1 0 1 0 0 1 0 1 0 1 1 0 0 0 1 1 1 1 1 0 1 0 0 1 0 22
1 0 1 0 1 1 0 1 0 0 0 0 1 1 1 1 1 0 0 0 0 1 1 1 1 0 1 1 1 1 0 0 0 0 1 1 1 1 1 1 0 1 1 0 1 0 1 0 0 0 28
1 0 1 1 0 1 0 0 0 0 0 1 1 1 0 1 1 0 0 0 1 1 0 0 0 1 0 0 0 1 0 1 0 1 0 0 0 0 0 0 0 0 0 0 1 1 1 1 0 0 19
0 0 0 0 1 1 0 0 0 1 1 1 1 1 1 1 1 1 1 1 1 1 0 1 1 1 1 0 0 1 0 0 0 0 0 0 0 0 0 0 0 1 1 1 0 1 1 0 0 1 26
1 0 0 1 0 1 1 0 0 0 0 0 1 0 0 0 1 1 0 0 1 0 0 0 0 1 1 1 0 1 0 0 0 1 1 0 1 1 1 1 1 0 0 0 0 1 1 1 0 1 23
1 0 1 0 0 0 1 0 1 0 1 0 1 1 1 1 1 0 1 1 1 0 0 0 0 0 0 0 1 0 0 0 1 1 1 0 0 1 0 1 0 1 1 1 1 1 1 1 1 1 28
1 0 0 0 1 0 0 0 0 0 0 0 0 1 0 1 0 0 0 1 1 1 1 0 0 0 0 1 0 1 1 0 0 0 1 1 0 1 0 0 0 1 0 0 1 0 1 0 1 1 19
0 0 0 1 0 0 0 0 1 1 1 0 0 1 0 1 1 1 0 0 0 1 1 0 1 1 0 0 1 1 0 0 0 1 0 1 1 1 0 1 0 1 1 0 0 1 0 1 0 0 23
1 0 0 0 0 0 1 0 0 0 1 1 1 1 0 1 1 1 0 0 0 0 1 0 1 1 1 0 1 1 0 0 0 0 0 0 0 1 1 1 1 1 1 1 1 1 0 1 1 1 27
0 0 0 1 0 0 1 0 1 1 1 1 1 0 0 0 1 1 0 0 1 1 0 0 0 0 1 0 1 0 0 1 0 1 1 0 0 1 0 1 0 1 0 0 0 0 0 1 0 0 20
1 0 1 0 0 1 1 1 0 1 1 1 1 0 1 0 1 0 0 0 0 1 1 1 1 1 0 0 0 1 1 0 1 1 1 1 1 1 0 0 0 0 1 0 0 1 0 1 0 0 27
0 1 1 1 0 1 0 1 1 0 1 1 1 0 0 0 0 1 1 0 0 0 1 0 0 1 0 0 1 0 0 0 0 0 0 0 0 0 0 0 0 0 1 1 1 1 0 1 0 1 20
1 0 1 1 1 0 1 0 1 1 0 0 1 1 1 0 1 1 1 0 1 0 0 1 0 0 0 0 0 1 0 0 0 0 1 1 1 0 1 1 1 1 1 1 0 1 0 0 0 1 27
0 1 1 0 0 0 0 0 0 0 0 1 1 0 0 1 0 0 0 1 0 0 0 1 0 1 0 0 1 0 0 1 0 0 1 0 0 0 0 0 0 1 0 0 1 1 0 1 1 1 17
0 1 1 1 0 0 0 0 0 1 1 0 0 0 0 0 1 1 1 1 1 0 1 1 0 0 1 1 1 0 0 0 0 1 0 0 1 0 0 1 0 0 0 1 1 1 1 1 1 0 24
1 0 1 0 0 1 0 1 1 1 1 1 0 0 0 0 0 1 0 1 1 1 1 0 1 0 1 1 1 0 1 0 0 1 1 0 0 1 1 0 0 0 0 1 0 1 0 1 1 0 26
1 0 0 1 0 0 0 0 0 0 0 0 0 0 0 0 0 0 1 1 0 1 0 1 0 0 0 0 1 0 1 0 0 0 0 0 1 1 1 1 1 0 0 0 0 0 0 1 1 0 15
1 0 0 1 0 0 1 1 0 0 0 1 0 0 1 1 0 0 1 1 0 1 0 1 1 1 0 1 1 1 0 1 0 1 0 1 1 1 1 1 0 1 0 1 0 0 1 0 1 0 27
1 0 1 0 0 1 0 0 0 1 1 0 1 1 0 0 1 1 1 0 0 0 1 1 0 0 1 1 0 1 1 0 1 1 0 1 0 1 0 1 0 1 0 1 0 1 1 0 1 0 26
1 1 0 0 1 1 0 1 1 0 1 0 1 1 0 1 1 1 1 1 1 1 1 1 0 1 0 1 0 0 0 1 1 0 0 0 1 1 0 0 0 1 1 1 0 0 1 0 0 0 28
1 0 0 0 1 1 0 0 1 1 1 0 0 0 0 1 0 1 1 0 0 0 0 0 1 0 1 1 1 1 1 0 0 1 0 1 1 0 1 1 1 1 0 1 1 1 1 0 1 1 28
0 0 0 0 1 0 0 0 1 1 1 0 0 0 0 0 1 1 0 1 1 0 0 1 1 1 0 0 0 1 1 0 0 0 0 1 1 0 1 1 1 0 1 0 1 1 0 1 0 1 23
1 0 1 0 0 1 1 1 0 0 1 0 0 1 0 0 0 1 1 0 0 0 1 0 1 0 0 0 1 0 0 1 1 0 1 0 0 1 0 0 1 0 0 1 1 1 0 1 0 1 22
1 0 0 0 0 1 0 1 1 0 0 0 1 0 1 0 0 0 0 1 0 0 0 1 1 0 0 0 1 1 0 0 0 1 1 0 1 1 1 0 1 0 1 0 0 0 0 0 0 0 18
1 1 0 1 1 0 1 0 1 1 0 0 0 0 0 0 0 0 0 1 0 0 0 0 1 0 1 0 1 0 0 0 1 1 0 1 0 1 1 0 0 0 1 1 0 0 0 1 1 1 21
0 0 0 1 1 1 1 1 1 0 0 0 0 0 0 1 0 0 0 0 1 0 1 1 0 1 0 0 1 0 1 0 1 1 1 0 0 1 0 0 1 1 1 1 1 1 0 0 0 1 24
1 1 1 0 1 1 1 1 1 0 0 0 1 1 0 0 0 0 0 1 1 0 0 1 0 1 0 0 0 0 0 0 1 1 1 1 1 1 0 1 0 1 1 0 1 0 0 1 0 1 26
0 0 0 0 0 0 0 1 1 1 1 1 0 0 1 0 0 0 1 0 0 1 0 0 0 1 0 1 0 1 1 1 0 1 1 1 0 0 0 0 0 1 1 1 0 1 1 1 1 1 24
0 1 0 0 0 1 0 1 1 1 1 0 0 0 0 1 1 0 0 1 1 1 0 1 1 1 0 0 1 0 1 1 1 1 1 0 0 1 1 1 1 0 1 0 1 1 1 0 1 1 30
0 0 0 0 1 0 1 0 0 0 1 1 0 1 0 0 0 1 0 0 0 0 0 1 0 0 0 0 0 1 0 0 1 0 0 0 0 0 1 0 0 1 1 1 0 1 1 0 0 1 16
1 0 1 1 0 0 1 1 0 1 1 0 0 0 1 0 1 0 0 1 0 1 1 1 1 1 1 1 0 0 1 0 1 0 1 0 1 1 0 0 1 1 0 1 1 1 0 1 0 0 28
0 0 1 1 1 0 1 1 0 0 1 0 0 1 1 1 0 1 0 0 1 1 1 0 1 0 1 0 1 1 1 0 0 1 0 1 0 1 0 1 0 0 0 1 1 1 1 1 0 1 28
0 0 0 0 0 1 0 1 1 0 1 0 1 1 0 0 1 1 0 1 0 0 0 1 1 0 1 1 1 1 0 1 1 0 0 1 0 1 1 1 0 1 1 0 1 0 0 1 0 0 25
0 1 0 1 1 1 1 0 0 1 0 0 1 0 0 1 0 1 1 1 0 1 0 0 0 1 0 0 0 1 0 0 1 0 0 1 0 0 0 0 1 0 0 1 1 0 0 0 0 1 20
1 1 0 1 0 0 0 0 0 0 1 1 1 1 1 1 0 1 0 0 1 1 0 0 0 0 0 0 0 0 0 1 0 1 1 1 0 1 0 0 1 0 0 1 1 1 0 0 0 1 22
0 0 1 0 0 1 0 1 1 0 1 1 1 0 1 1 1 0 0 1 1 0 0 1 1 1 0 1 0 1 1 0 0 0 0 0 0 1 1 1 1 1 1 0 1 0 0 0 1 1 27
1 1 1 0 0 1 0 1 1 1 1 1 1 1 0 0 1 0 0 1 1 1 0 1 0 0 0 0 0 0 1 1 1 0 0 0 0 1 1 1 0 1 1 1 1 0 0 1 1 1 29
1 1 0 1 1 1 0 1 1 0 1 1 1 1 0 0 1 0 0 0 0 0 1 0 1 0 0 1 0 1 0 1 1 0 0 0 0 0 1 0 0 1 1 0 0 0 0 0 1 0 22
1 1 0 1 0 1 1 1 0 0 1 0 1 1 1 1 0 0 0 0 0 0 0 1 1 0 1 1 0 1 0 0 1 0 1 0 1 1 0 0 0 0 1 0 0 0 1 1 0 1 24
1 0 0 1 0 1 0 0 1 1 0 1 0 0 1 0 1 1 0 1 0 1 0 0 0 1 1 1 0 1 1 0 0 1 0 0 0 1 0 0 1 0 1 0 1 0 1 1 1 1 25
0 1 1 1 0 1 0 1 0 0 0 1 1 0 1 0 0 1 0 1 0 1 0 0 0 0 0 1 1 1 0 1 1 1 1 0 0 1 1 0 0 0 1 1 0 0 0 1 0 1 24
0 1 0 1 1 1 0 0 1 1 0 1 1 0 0 0 0 0 1 0 1 0 1 1 0 1 1 0 1 0 0 1 1 0 0 1 1 0 1 0 1 0 1 0 0 0 1 1 0 1 25
0 1 0 0 0 1 0 0 1 0 1 1 0 1 0 1 0 0 1 1 1 0 0 0 0 0 0 1 1 1 1 0 0 1 0 0 0 1 0 1 0 0 1 0 1 0 1 0 0 1 21
1 0 0 1 1 1 1 0 1 1 0 0 0 0 1 0 0 1 1 0 1 1 0 1 0 0 1 0 0 0 0 1 0 1 0 0 1 1 1 1 1 0 1 0 1 1 1 0 0 1 26
0 0 1 0 0 1 1 1 1 0 1 1 1 1 1 0 0 1 0 1 0 1 0 0 0 0 0 0 0 0 0 1 0 1 0 1 1 0 0 1 0 1 1 0 0 1 0 0 1 1 23
0 1 0 1 0 0 1 1 1 1 1 0 0 0 0 1 1 0 1 0 0 0 1 0 0 0 0 0 1 1 0 0 0 1 1 1 1 0 0 1 1 0 1 0 1 1 1 1 0 0 24
1 0 1 0 0 1 0 0 0 0 0 1 1 1 0 1 1 1 0 0 1 1 0 0 0 0 1 0 1 1 0 1 0 0 0 0 1 1 1 1 1 1 0 0 0 0 0 1 0 1 23
1 0 1 1 0 0 0 1 1 0 1 0 0 1 1 1 1 0 1 0 0 0 1 1 0 0 1 0 1 1 1 1 1 1 1 0 1 0 1 1 0 1 0 0 1 1 0 0 1 0 28
0 1 0 0 1 1 0 0 0 0 1 0 0 0 1 1 1 0 1 1 1 1 1 1 1 0 0 1 0 1 0 0 1 0 0 1 1 0 1 0 0 1 1 1 1 1 0 0 1 0 26
1 1 0 0 1 1 1 0 1 0 0 0 1 1 0 1 1 0 0 1 0 1 0 1 0 1 0 0 1 0 1 0 1 0 1 1 1 0 1 1 1 1 1 1 0 1 1 1 1 0 30
1 0 1 1 0 1 1 1 1 1 1 1 0 0 1 0 1 1 0 1 0 1 1 0 0 0 0 0 1 0 0 0 0 1 1 1 1 0 0 0 1 1 0 1 0 1 0 0 1 0 26
1 1 1 0 1 0 1 1 1 0 1 1 0 0 0 0 0 0 1 1 1 0 0 1 0 0 0 0 1 0 1 1 1 0 0 0 0 1 1 0 1 0 1 1 0 0 1 0 0 0 23
0 1 1 0 0 0 0 1 1 1 1 0 0 0 1 0 0 1 1 1 1 1 0 0 1 0 0 1 1 0 1 1 0 1 1 0 1 0 0 1 1 1 0 1 1 1 0 1 1 0 28
0 1 0 0 0 1 1 1 0 0 1 1 0 0 1 0 1 0 1 1 0 0 1 1 1 0 1 0 0 0 0 0 0 0 0 0 1 0 1 0 0 1 0 0 1 1 0 0 0 1 20
1 0 0 0 1 1 1 0 0 1 0 1 1 0 1 0 0 0 1 1 1 0 1 1 1 0 0 0 1 0 1 0 0 0 1 1 0 0 1 1 0 1 1 1 0 1 0 0 1 1 26
1 0 0 1 0 0 1 1 0 0 0 1 0 0 1 1 0 1 1 0 0 0 0 1 1 0 1 0 0 1 1 0 1 0 1 1 1 1 1 1 1 1 0 1 1 1 1 1 1 1 30
1 0 0 0 1 1 1 0 0 0 0 0 1 0 1 1 0 1 1 0 1 1 0 1 1 1 0 0 0 0 1 0 1 1 1 1 0 1 1 1 1 0 1 0 0 0 1 1 0 0 26
1 1 1 0 1 0 1 0 1 0 0 1 1 1 1 0 1 0 0 0 1 0 1 1 0 0 0 1 1 1 0 1 0 0 1 0 1 0 1 0 0 1 0 0 0 0 1 1 1 1 26
1 0 1 1 1 0 1 0 0 1 0 0 0 1 1 1 1 1 1 0 1 0 0 0 0 0 0 1 0 1 0 1 1 1 0 0 1 0 1 1 0 0 1 1 0 0 0 0 1 0 24
1 1 1 0 1 0 1 1 1 1 1 0 1 0 1 0 0 1 0 0 0 0 1 1 1 0 0 1 0 1 1 1 0 0 0 1 1 0 0 0 0 0 0 0 0 0 0 0 0 0 21
0 1 1 0 1 0 1 1 1 1 0 1 1 1 0 0 0 1 1 0 0 1 1 0 0 0 0 1 1 1 0 1 1 0 1 1 1 1 1 1 1 0 0 0 0 0 1 0 0 0 27
0 0 0 0 0 1 1 1 0 0 0 0 0 1 1 0 1 1 1 0 1 0 1 0 0 0 0 1 1 0 0 0 0 1 1 0 0 1 0 0 0 1 1 0 1 0 1 0 0 0 19
1 0 0 1 0 1 0 1 1 1 0 0 0 0 0 0 0 0 1 0 1 0 0 1 1 1 0 0 1 0 1 0 1 0 0 1 1 1 0 1 0 1 0 1 1 1 0 1 1 1 25
0 0 0 0 0 1 0 1 0 1 1 0 0 1 1 0 0 0 1 1 1 1 1 0 0 1 1 0 0 1 1 0 0 0 1 0 0 1 1 1 0 1 1 1 1 0 0 1 1 1 26
0 1 0 1 0 0 1 0 0 1 0 1 1 1 0 0 0 1 1 1 0 0 0 1 1 1 1 0 0 1 1 0 0 0 0 0 1 1 1 0 0 1 0 1 1 1 1 1 1 0 26
1 0 1 0 0 0 1 0 0 1 1 1 1 1 0 1 0 0 0 1 0 0 0 1 0 1 1 0 0 0 0 1 1 1 0 0 1 0 1 1 1 1 0 0 0 0 0 0 1 1 23
0 1 1 1 1 0 1 0 0 0 1 1 0 1 1 0 0 0 0 0 1 1 0 0 1 1 1 1 0 1 0 1 0 0 0 1 0 0 1 1 0 0 0 0 1 1 0 0 1 1 24
1 0 1 0 0 0 0 0 0 0 0 0 1 1 1 0 1 0 0 0 0 1 0 0 1 1 0 1 0 0 1 0 1 0 1 0 0 0 1 1 0 1 1 0 0 1 1 0 1 1 21
1 0 1 1 0 0 1 0 0 0 0 1 0 1 0 1 1 0 1 1 1 1 0 1 1 0 0 1 1 1 0 1 1 0 0 1 1 1 1 1 1 0 1 0 0 0 0 0 1 0 27
1 1 0 0 0 0 1 1 0 1 0 0 0 1 1 1 1 0 1 0 1 0 1 0 0 0 0 1 0 0 0 0 1 0 1 1 1 1 0 1 0 0 1 0 1 1 1 0 1 0 24
1 0 1 1 1 0 0 1 0 0 0 1 0 1 0 0 1 1 1 1 0 0 1 1 0 1 1 1 0 1 0 0 1 0 0 0 0 0 0 1 1 0 1 0 0 1 0 0 1 0 23
1 1 0 0 1 0 0 1 0 0 0 1 0 1 0 0 0 0 1 0 1 0 1 1 1 0 0 1 0 1 0 1 1 1 0 1 0 1 0 0 1 0 1 1 1 1 1 0 0 0 24
0 0 0 1 0 0 1 1 1 1 0 1 0 1 0 1 1 0 0 0 0 1 1 0 1 0 0 0 0 1 1 0 0 1 1 1 0 0 1 1 0 1 0 1 1 0 0 1 0 1 24
0 0 0 0 1 1 0 0 1 1 0 0 0 0 1 1 0 0 1 1 1 1 0 0 1 0 0 0 0 0 1 0 1 0 0 0 0 1 0 1 0 0 0 1 0 0 1 0 1 0 18
1 0 0 1 1 1 0 0 0 1 1 1 0 0 0 1 1 0 1 1 0 0 1 1 1 1 1 1 0 0 0 1 1 1 1 1 1 0 0 0 1 1 0 1 0 1 1 0 1 1 30
1 0 0 0 1 0 0 0 1 1 1 0 0 1 1 0 1 0 0 0 0 0 1 1 1 1 1 0 1 0 0 1 1 1 0 0 1 0 1 0 0 1 1 0 1 0 1 0 0 1 24
1 0 0 0 0 0 1 1 1 1 0 0 1 1 1 1 1 1 0 0 0 0 0 1 1 1 0 0 0 1 1 0 0 1 1 1 1 0 1 0 1 1 0 1 1 0 0 1 0 1 27
1 1 1 0 1 0 0 0 0 0 0 0 0 0 0 0 0 0 0 0 0 0 0 0 0 0 0 0 0 0 0 0 0 0 0 0 0 0 0 0 0 0 0 0 0 0 1 1 1 0 7
0 0 0 0 0 0 0 0 0 0 0 0 0 0 0 0 0 0 0 0 0 0 0 0 0 0 0 0 0 0 0 0 0 1 0 0 0 0 0 0 0 0 0 0 0 0 0 0 0 0 1
0 0 0 0 0 0 0 0 0 0 0 0 0 0 0 0 1 0 0 0 0 0 0 0 0 0 0 0 0 0 0 0 0 0 0 0 0 0 0 0 0 0 0 0 0 0 0 0 0 0 1
0 0 0 1 0 0 0 0 0 0 0 0 0 0 0 0 0 0 0 0 0 0 0 0 0 0 0 0 0 0 0 0 0 0 0 0 0 0 0 0 0 0 0 0 0 0 0 0 0 0 1
0 0 0 0 0 0 0 0 0 0 0 0 0 0 0 0 0 0 0 0 0 0 0 0 0 0 0 0 0 0 0 0 0 1 0 0 0 0 0 0 0 0 0 0 0 0 0 0 0 0 1
0 0 0 0 0 0 0 0 0 0 1 0 0 0 0 0 0 0 0 0 0 0 0 0 0 0 0 0 0 0 0 0 0 0 0 0 0 0 0 0 0 0 0 0 0 0 0 0 0 0 1
0 0 0 0 0 0 0 0 0 0 0 1 0 0 0 0 0 0 0 0 0 0 0 0 0 0 0 0 0 0 0 0 0 0 0 0 0 0 0 0 0 0 0 0 0 0 0 0 0 0 1
0 0 0 0 0 0 0 0 0 0 0 0 0 0 0 1 0 0 0 0 0 0 0 0 0 0 0 0 0 0 0 0 0 0 0 0 0 0 0 0 0 0 0 0 0 0 0 0 0 0 1
0 0 0 0 1 0 0 0 0 0 0 0 0 0 0 0 0 0 0 0 0 0 0 0 0 0 0 0 0 0 0 0 0 0 0 0 0 0 0 0 0 0 0 0 0 0 0 0 0 0 1
1 0 0 0 0 0 0 0 0 0 0 0 0 0 0 0 0 0 0 0 0 0 0 0 0 0 0 0 0 0 0 0 0 0 0 0 0 0 0 0 0 0 0 0 0 0 0 0 0 0 1
0 0 0 0 0 0 0 0 0 0 0 0 0 0 0 0 0 0 0 0 0 0 0 0 0 0 0 0 0 0 0 0 0 0 0 0 0 0 0 0 0 0 1 0 0 0 0 0 0 0 1
1 0 0 0 0 0 0 0 0 0 0 0 0 0 0 0 0 0 0 0 0 0 0 0 0 0 0 0 0 0 0 0 0 0 0 0 0 0 0 0 0 0 0 0 0 0 0 0 0 0 1
0 0 0 0 0 0 0 0 0 0 1 0 0 0 0 0 0 0 0 0 0 0 0 0 0 0 0 0 0 0 0 0 0 0 0 0 0 0 0 0 0 0 0 0 0 0 0 0 0 0 1
0 0 0 0 0 0 0 0 0 0 0 0 0 0 0 0 0 0 0 0 0 0 0 0 0 0 0 0 0 0 0 0 0 0 0 1 0 0 0 0 0 0 0 0 0 0 0 0 0 0 1
0 0 0 0 0 0 0 0 0 0 0 0 0 0 0 0 0 0 0 0 0 0 0 0 0 0 0 0 0 0 0 0 1 0 0 0 0 0 0 0 0 0 0 0 0 0 0 0 0 0 1
0 0 0 0 0 0 0 0 0 0 0 0 0 0 0 0 0 0 0 0 0 1 0 0 0 0 0 0 0 0 0 0 0 0 0 0 0 0 0 0 0 0 0 0 0 0 0 0 0 0 1
0 0 0 0 0 0 0 0 0 0 0 0 0 0 0 0 1 0 0 0 0 0 0 0 0 0 0 0 0 0 0 0 0 0 0 0 0 0 0 0 0 0 0 0 0 0 0 0 0 0 1
0 0 0 0 0 0 0 0 0 0 0 0 0 0 0 0 0 0 0 0 0 0 0 0 0 0 0 0 0 0 0 0 1 0 0 0 0 0 0 0 0 0 0 0 0 0 0 0 0 0 1
0 0 0 0 0 0 0 0 0 0 0 0 0 0 0 0 0 0 0 0 0 0 0 0 0 0 0 0 0 1 0 0 0 0 0 0 0 0 0 0 0 0 0 0 0 0 0 0 0 0 1
0 0 0 0 0 0 0 0 0 0 0 0 0 0 0 0 0 0 0 0 0 0 0 0 0 0 0 0 0 0 0 0 0 0 0 0 0 0 0 0 0 0 0 0 0 0 0 0 0 1 1
0 0 0 0 0 0 1 0 0 0 0 0 0 0 0 0 0 0 0 0 0 0 0 0 0 0 0 0 0 0 0 0 0 0 0 0 0 0 0 0 0 0 0 0 0 0 0 0 0 0 1
0 0 0 0 0 0 0 0 0 0 0 0 0 0 0 0 0 1 0 0 0 0 0 0 0 0 0 0 0 0 0 0 0 0 0 0 0 0 0 0 0 0 0 0 0 0 0 0 0 0 1
0 0 0 0 0 0 0 0 0 0 0 0 0 0 0 0 0 0 0 0 0 0 0 0 0 0 0 0 0 0 0 0 0 0 0 0 0 0 0 0 0 0 0 1 0 0 0 0 0 0 1
0 0 0 0 0 0 0 0 0 0 0 0 0 0 0 0 0 0 0 0 0 0 0 0 0 0 0 0 0 0 0 0 0 0 0 0 0 0 0 0 0 1 0 0 0 0 0 0 0 0 1
0 0 0 0 0 0 0 0 0 0 0 0 0 0 0 0 0 0 0 0 0 0 0 0 0 0 0 0 0 0 0 0 0 1 0 0 0 0 0 0 0 0 0 0 0 0 0 0 0 0 1
0 0 0 0 0 0 0 0 0 0 0 0 0 0 0 0 0 0 1 0 0 0 0 0 0 0 0 0 0 0 0 0 0 0 0 0 0 0 0 0 0 0 0 0 0 0 0 0 0 0 1
0 0 0 0 0 0 0 0 0 0 0 0 0 0 0 0 0 0 0 0 0 0 0 0 0 0 1 0 0 0 0 0 0 0 0 0 0 0 0 0 0 0 0 0 0 0 0 0 0 0 1
0 0 0 0 0 0 0 0 0 0 0 0 0 0 0 0 0 0 0 0 0 0 0 0 1 0 0 0 0 0 0 0 0 0 0 0 0 0 0 0 0 0 0 0 0 0 0 0 0 0 1
0 0 0 0 0 0 0 0 0 0 0 0 0 0 0 1 0 0 0 0 0 0 0 0 0 0 0 0 0 0 0 0 0 0 0 0 0 0 0 0 0 0 0 0 0 0 0 0 0 0 1
0 0 0 0 0 1 0 0 0 0 0 0 0 0 0 0 0 0 0 0 0 0 0 0 0 0 0 0 0 0 0 0 0 0 0 0 0 0 0 0 0 0 0 0 0 0 0 0 0 0 1
0 0 0 0 0 0 1 0 0 0 0 0 0 0 0 0 0 0 0 0 0 0 0 0 0 0 0 0 0 0 0 0 0 0 0 0 0 0 0 0 0 0 0 0 0 0 0 0 0 0 1
0 0 0 0 0 0 0 0 0 0 0 0 0 0 0 0 0 0 0 0 0 0 0 0 0 0 0 0 0 0 0 0 0 0 0 0 0 0 0 0 0 0 0 0 0 0 0 0 0 1 1
0 0 0 0 0 0 0 0 0 0 0 1 0 0 0 0 0 0 0 0 0 0 0 0 0 0 0 0 0 0 0 0 0 0 0 0 0 0 0 0 0 0 0 0 0 0 0 0 0 0 1
0 0 0 0 0 0 0 0 0 0 0 0 0 0 0 0 0 0 0 0 1 0 0 0 0 0 0 0 0 0 0 0 0 0 0 0 0 0 0 0 0 0 0 0 0 0 0 0 0 0 1
0 0 0 0 0 0 0 0 0 0 0 0 1 0 0 0 0 0 0 0 0 0 0 0 0 0 0 0 0 0 0 0 0 0 0 0 0 0 0 0 0 0 0 0 0 0 0 0 0 0 1
0 0 0 0 0 0 0 0 0 0 0 0 0 0 0 0 0 0 0 0 0 0 0 0 0 0 0 0 0 0 0 0 0 0 0 0 0 0 0 0 0 0 0 0 0 0 0 0 1 0 1
0 0 0 0 0 0 0 0 0 0 0 0 0 0 0 0 0 0 0 0 0 0 0 0 0 0 0 0 0 0 0 0 0 0 0 0 0 0 0 0 0 0 0 0 0 0 0 1 0 0 1
0 0 0 0 0 0 0 0 0 0 0 0 0 0 0 0 0 0 0 0 0 0 0 0 0 0 0 0 0 0 0 0 0 1 0 0 0 0 0 0 0 0 0 0 0 0 0 0 0 0 1
0 0 0 0 0 0 0 0 0 0 0 0 0 0 0 0 0 0 0 0 0 0 0 0 0 0 0 0 0 0 0 0 0 0 0 0 1 0 0 0 0 0 0 0 0 0 0 0 0 0 1
0 0 0 0 0 0 0 0 0 0 0 0 0 0 0 0 0 0 0 0 0 0 0 0 0 0 0 0 0 0 0 0 0 0 1 0 0 0 0 0 0 0 0 0 0 0 0 0 0 0 1
0 0 0 0 0 0 0 0 0 0 0 0 0 0 0 0 0 0 0 0 0 0 0 0 0 0 0 0 0 0 0 0 0 0 0 0 0 0 0 0 0 1 0 0 0 0 0 0 0 0 1
0 0 0 0 0 0 0 0 0 0 0 0 0 0 0 0 0 0 0 0 0 0 0 0 0 0 0 0 0 0 0 0 0 0 0 0 0 0 1 0 0 0 0 0 0 0 0 0 0 0 1
0 0 0 0 0 0 0 0 0 0 0 0 0 0 0 0 0 0 0 0 0 0 0 0 0 0 0 0 0 0 0 0 0 0 0 0 0 0 0 0 0 1 0 0 0 0 0 0 0 0 1
0 0 0 0 0 0 0 0 0 0 0 0 0 0 0 0 0 1 0 0 0 0 0 0 0 0 0 0 0 0 0 0 0 0 0 0 0 0 0 0 0 0 0 0 0 0 0 0 0 0 1
0 0 0 0 0 0 0 0 0 0 0 0 0 0 0 0 0 0 0 0 0 0 0 0 0 0 0 1 0 0 0 0 0 0 0 0 0 0 0 0 0 0 0 0 0 0 0 0 0 0 1
0 0 0 1 0 0 0 0 0 0 0 0 0 0 0 0 0 0 0 0 0 0 0 0 0 0 0 0 0 0 0 0 0 0 0 0 0 0 0 0 0 0 0 0 0 0 0 0 0 0 1
0 0 0 0 0 0 0 0 0 0 1 0 0 0 0 0 0 0 0 0 0 0 0 0 0 0 0 0 0 0 0 0 0 0 0 0 0 0 0 0 0 0 0 0 0 0 0 0 0 0 1
0 0 0 0 0 0 0 0 0 0 0 0 0 0 0 0 0 0 1 0 0 0 0 0 0 0 0 0 0 0 0 0 0 0 0 0 0 0 0 0 0 0 0 0 0 0 0 0 0 0 1
0 0 0 0 0 0 0 0 0 0 0 0 0 0 0 0 0 0 0 0 0 0 0 0 0 0 0 0 0 0 0 0 0 0 0 0 0 1 0 0 0 0 0 0 0 0 0 0 0 0 1
0 0 0 0 0 0 0 0 0 0 0 0 0 0 0 0 0 0 0 0 0 0 0 0 0 0 0 0 0 0 0 0 0 1 0 0 0 0 0 0 0 0 0 0 0 0 0 0 0 0 1
0 0 0 0 1 0 0 0 0 0 0 0 0 0 0 0 0 0 0 0 0 0 0 0 0 0 0 0 0 0 0 0 0 0 0 0 0 0 0 0 0 0 0 0 0 0 0 0 0 0 1
0 0 0 0 0 0 0 0 0 0 0 0 0 0 0 0 0 0 0 0 0 0 0 0 0 0 0 0 0 0 0 0 0 0 0 0 0 0 0 0 1 0 0 0 0 0 0 0 0 0 1
0 0 0 0 0 0 0 0 0 0 0 0 0 0 0 0 0 0 1 0 0 0 0 0 0 0 0 0 0 0 0 0 0 0 0 0 0 0 0 0 0 0 0 0 0 0 0 0 0 0 1
0 0 0 0 0 0 0 0 0 0 0 0 0 1 0 0 0 0 0 0 0 0 0 0 0 0 0 0 0 0 0 0 0 0 0 0 0 0 0 0 0 0 0 0 0 0 0 0 0 0 1
0 0 0 0 0 0 0 0 0 0 0 0 0 0 0 0 0 0 0 0 0 0 0 0 0 0 0 0 0 0 0 0 0 0 0 0 0 0 0 0 0 0 0 1 0 0 0 0 0 0 1
0 0 0 0 0 0 0 0 0 0 0 0 0 0 0 0 0 0 0 0 0 0 0 0 0 0 0 0 0 0 0 0 0 0 0 0 0 0 0 0 0 0 0 0 0 0 1 0 0 0 1
0 0 0 0 0 1 0 0 0 0 0 0 0 0 0 0 0 0 0 0 0 0 0 0 0 0 0 0 0 0 0 0 0 0 0 0 0 0 0 0 0 0 0 0 0 0 0 0 0 0 1
0 0 0 0 0 0 0 0 0 0 0 0 0 0 0 0 0 0 0 0 0 0 0 0 0 0 0 0 0 0 0 0 0 0 0 0 0 0 0 0 0 0 0 0 0 0 0 1 0 0 1
0 0 0 0 0 0 0 0 0 0 0 0 0 0 0 0 0 0 0 0 0 0 0 0 0 0 0 0 0 0 0 1 0 0 0 0 0 0 0 0 0 0 0 0 0 0 0 0 0 0 1
0 0 0 0 0 0 0 0 0 0 0 0 0 0 0 0 0 0 0 0 0 0 0 0 0 0 0 0 0 0 0 0 1 0 0 0 0 0 0 0 0 0 0 0 0 0 0 0 0 0 1
0 0 0 0 0 0 0 0 0 0 0 0 0 0 0 0 0 0 0 0 0 0 0 0 0 0 0 0 0 0 0 1 0 0 0 0 0 0 0 0 0 0 0 0 0 0 0 0 0 0 1
0 0 0 0 0 0 0 0 1 0 0 0 0 0 0 0 0 0 0 0 0 0 0 0 0 0 0 0 0 0 0 0 0 0 0 0 0 0 0 0 0 0 0 0 0 0 0 0 0 0 1
0 0 0 0 0 0 0 0 0 0 0 0 0 0 0 0 0 0 1 0 0 0 0 0 0 0 0 0 0 0 0 0 0 0 0 0 0 0 0 0 0 0 0 0 0 0 0 0 0 0 1
0 0 0 0 0 0 0 0 0 0 0 0 0 0 0 0 0 0 0 0 0 0 0 0 0 0 0 0 0 0 0 0 0 0 0 0 0 0 0 1 0 0 0 0 0 0 0 0 0 0 1
0 0 0 1 0 0 0 0 0 0 0 0 0 0 0 0 0 0 0 0 0 0 0 0 0 0 0 0 0 0 0 0 0 0 0 0 0 0 0 0 0 0 0 0 0 0 0 0 0 0 1
0 0 0 0 0 0 0 0 0 0 0 0 1 0 0 0 0 0 0 0 0 0 0 0 0 0 0 0 0 0 0 0 0 0 0 0 0 0 0 0 0 0 0 0 0 0 0 0 0 0 1
0 0 0 0 0 0 0 0 0 0 0 0 0 0 0 0 0 0 0 0 0 0 0 0 0 0 0 0 0 0 0 0 0 0 0 0 1 0 0 0 0 0 0 0 0 0 0 0 0 0 1
0 0 0 0 0 0 0 0 0 0 0 0 0 0 0 0 0 0 1 0 0 0 0 0 0 0 0 0 0 0 0 0 0 0 0 0 0 0 0 0 0 0 0 0 0 0 0 0 0 0 1
0 0 0 0 0 0 0 0 0 0 0 0 0 0 0 0 0 0 0 0 0 0 0 0 0 0 0 1 0 0 0 0 0 0 0 0 0 0 0 0 0 0 0 0 0 0 0 0 0 0 1
0 0 0 0 0 0 0 0 0 0 0 0 0 0 0 0 0 0 1 0 0 0 0 0 0 0 0 0 0 0 0 0 0 0 0 0 0 0 0 0 0 0 0 0 0 0 0 0 0 0 1
0 0 0 0 0 0 0 0 0 0 0 0 0 0 0 0 0 0 0 0 0 0 0 0 0 0 0 0 0 0 0 0 0 0 0 0 1 0 0 0 0 0 0 0 0 0 0 0 0 0 1
0 0 0 0 0 0 0 1 0 0 0 0 0 0 0 0 0 0 0 0 0 0 0 0 0 0 0 0 0 0 0 0 0 0 0 0 0 0 0 0 0 0 0 0 0 0 0 0 0 0 1
0 0 0 0 0 0 0 0 0 0 0 0 0 0 0 0 1 0 0 0 0 0 0 0 0 0 0 0 0 0 0 0 0 0 0 0 0 0 0 0 0 0 0 0 0 0 0 0 0 0 1
0 0 0 0 0 0 0 0 0 0 0 0 0 0 0 0 0 0 0 0 0 0 0 0 0 0 0 0 0 0 0 0 0 0 0 0 0 0 0 0 0 0 0 0 0 0 0 0 1 0 1
0 0 0 0 0 0 0 0 0 0 0 0 0 0 0 0 0 0 0 0 0 0 0 0 0 0 0 0 0 0 0 0 0 0 0 0 0 0 0 1 0 0 0 0 0 0 0 0 0 0 1
0 0 0 0 0 0 0 0 0 1 0 0 0 0 0 0 0 0 0 0 0 0 0 0 0 0 0 0 0 0 0 0 0 0 0 0 0 0 0 0 0 0 0 0 0 0 0 0 0 0 1
0 0 0 0 1 0 0 0 0 0 0 0 0 0 0 0 0 0 0 0 0 0 0 0 0 0 0 0 0 0 0 0 0 0 0 0 0 0 0 0 0 0 0 0 0 0 0 0 0 0 1
0 0 0 0 0 0 0 0 0 0 0 0 0 0 0 0 0 1 0 0 0 0 0 0 0 0 0 0 0 0 0 0 0 0 0 0 0 0 0 0 0 0 0 0 0 0 0 0 0 0 1
0 0 0 0 0 0 0 0 0 0 0 0 1 0 0 0 0 0 0 0 0 0 0 0 0 0 0 0 0 0 0 0 0 0 0 0 0 0 0 0 0 0 0 0 0 0 0 0 0 0 1
0 0 0 0 0 0 0 0 0 0 0 0 0 0 0 0 0 0 0 0 0 1 0 0 0 0 0 0 0 0 0 0 0 0 0 0 0 0 0 0 0 0 0 0 0 0 0 0 0 0 1
0 0 0 0 0 0 0 0 0 0 0 0 0 0 0 0 0 1 0 0 0 0 0 0 0 0 0 0 0 0 0 0 0 0 0 0 0 0 0 0 0 0 0 0 0 0 0 0 0 0 1
0 0 0 0 0 0 0 0 0 0 0 0 0 0 0 0 0 0 0 0 0 0 0 0 0 0 0 0 0 0 0 1 0 0 0 0 0 0 0 0 0 0 0 0 0 0 0 0 0 0 1
0 0 0 0 0 0 0 0 0 0 0 0 0 0 0 0 0 0 0 0 0 0 0 0 0 0 0 0 0 0 0 0 0 0 0 0 0 0 0 0 0 1 0 0 0 0 0 0 0 0 1
0 0 0 0 0 0 0 0 0 0 0 0 0 0 0 0 0 0 0 0 0 0 1 0 0 0 0 0 0 0 0 0 0 0 0 0 0 0 0 0 0 0 0 0 0 0 0 0 0 0 1
0 0 0 0 0 0 0 0 0 0 0 0 1 0 0 0 0 0 0 0 0 0 0 0 0 0 0 0 0 0 0 0 0 0 0 0 0 0 0 0 0 0 0 0 0 0 0 0 0 0 1
0 0 0 0 0 0 0 0 0 0 0 0 0 0 1 0 0 0 0 0 0 0 0 0 0 0 0 0 0 0 0 0 0 0 0 0 0 0 0 0 0 0 0 0 0 0 0 0 0 0 1
0 0 0 0 0 0 0 0 0 0 0 0 0 0 0 0 0 0 0 0 0 0 0 0 0 0 0 0 0 1 0 0 0 0 0 0 0 0 0 0 0 0 0 0 0 0 0 0 0 0 1
0 0 0 1 0 0 0 0 0 0 0 0 0 0 0 0 0 0 0 0 0 0 0 0 0 0 0 0 0 0 0 0 0 0 0 0 0 0 0 0 0 0 0 0 0 0 0 0 0 0 1
0 0 0 0 0 0 0 0 0 0 0 0 0 0 0 0 0 0 0 0 0 0 0 0 0 0 0 0 0 0 0 0 0 0 0 0 0 0 0 0 0 0 1 0 0 0 0 0 0 0 1
0 0 0 0 0 0 0 0 0 0 0 0 0 0 0 0 0 0 0 0 0 0 0 1 0 0 0 0 0 0 0 0 0 0 0 0 0 0 0 0 0 0 0 0 0 0 0 0 0 0 1
0 0 0 0 0 0 0 0 0 0 0 0 0 0 0 0 0 0 0 0 0 0 0 0 0 0 0 0 0 0 0 0 0 0 0 0 0 0 0 0 0 0 0 0 0 0 0 0 0 1 1
0 0 0 0 1 0 0 0 0 0 0 0 0 0 0 0 0 0 0 0 0 0 0 0 0 0 0 0 0 0 0 0 0 0 0 0 0 0 0 0 0 0 0 0 0 0 0 0 0 0 1
0 0 0 0 0 0 0 0 0 0 0 0 0 0 0 0 0 0 0 0 0 0 0 0 0 0 0 0 0 0 0 0 0 0 0 0 0 0 0 0 0 0 1 0 0 0 0 0 0 0 1
0 0 0 0 0 0 0 0 0 0 0 0 0 1 0 0 0 0 0 0 0 0 0 0 0 0 0 0 0 0 0 0 0 0 0 0 0 0 0 0 0 0 0 0 0 0 0 0 0 0 1
0 0 0 0 0 0 0 0 0 0 0 0 0 0 0 0 0 0 0 0 0 0 0 1 0 0 0 0 0 0 0 0 0 0 0 0 0 0 0 0 0 0 0 0 0 0 0 0 0 0 1
0 0 0 0 0 0 0 0 0 0 0 0 0 0 0 0 0 0 0 0 0 0 0 0 0 0 0 0 0 0 0 0 0 0 0 0 0 0 0 0 0 0 0 0 0 0 0 0 0 1 1
0 0 0 0 0 0 0 0 0 0 0 0 0 0 0 0 0 0 0 0 0 0 0 0 0 0 0 0 0 0 1 0 0 0 0 0 0 0 0 0 0 0 0 0 0 0 0 0 0 0 1
0 0 0 0 0 0 0 0 0 0 0 0 0 0 0 0 0 0 0 0 0 0 0 0 0 0 0 0 0 0 0 0 1 0 0 0 0 0 0 0 0 0 0 0 0 0 0 0 0 0 1
0 0 0 0 0 0 0 0 0 0 0 0 0 0 0 0 0 1 0 0 0 0 0 0 0 0 0 0 0 0 0 0 0 0 0 0 0 0 0 0 0 0 0 0 0 0 0 0 0 0 1
0 0 0 0 0 0 0 0 0 0 0 0 0 0 0 1 0 0 0 0 0 0 0 0 0 0 0 0 0 0 0 0 0 0 0 0 0 0 0 0 0 0 0 0 0 0 0 0 0 0 1
0 0 0 0 0 0 0 0 0 0 0 0 0 0 0 0 0 0 0 0 0 0 0 0 0 1 0 0 0 0 0 0 0 0 0 0 0 0 0 0 0 0 0 0 0 0 0 0 0 0 1
0 0 0 0 0 0 0 0 0 0 0 0 0 0 0 0 0 0 0 0 0 0 0 0 0 0 0 0 0 0 0 0 0 1 0 0 0 0 0 0 0 0 0 0 0 0 0 0 0 0 1
0 0 0 0 0 0 0 0 0 0 0 0 0 0 0 0 0 0 0 0 0 0 0 0 0 0 0 0 0 0 0 0 0 0 0 0 0 0 1 0 0 0 0 0 0 0 0 0 0 0 1
0 0 0 0 0 0 0 0 0 0 0 0 0 0 0 0 0 0 0 0 0 0 0 0 0 0 0 0 0 0 0 0 0 0 0 0 0 0 0 0 0 0 0 0 0 0 1 0 0 0 1
0 0 0 0 0 0 0 0 0 0 0 0 0 0 1 0 0 0 0 0 0 0 0 0 0 0 0 0 0 0 0 0 0 0 0 0 0 0 0 0 0 0 0 0 0 0 0 0 0 0 1
0 0 0 0 0 0 0 0 0 0 0 0 0 0 0 0 0 0 0 0 0 0 0 0 0 0 0 0 0 0 0 0 0 0 0 0 0 0 0 0 0 0 0 0 0 1 0 0 0 0 1
0 0 0 0 0 0 0 0 0 0 0 0 0 0 0 0 0 0 0 0 0 0 0 0 0 0 0 0 0 1 0 0 0 0 0 0 0 0 0 0 0 0 0 0 0 0 0 0 0 0 1
0 0 0 0 0 0 0 0 0 0 0 0 0 0 0 0 0 0 0 1 0 0 0 0 0 0 0 0 0 0 0 0 0 0 0 0 0 0 0 0 0 0 0 0 0 0 0 0 0 0 1
0 0 0 0 0 0 0 0 0 0 0 0 0 0 0 0 0 0 0 0 0 0 0 0 0 0 0 0 0 0 0 0 0 0 0 0 0 0 0 0 0 0 1 0 0 0 0 0 0 0 1
0 0 0 0 0 0 0 0 0 0 1 0 0 0 0 0 0 0 0 0 0 0 0 0 0 0 0 0 0 0 0 0 0 0 0 0 0 0 0 0 0 0 0 0 0 0 0 0 0 0 1
0 0 0 0 0 0 0 0 0 0 0 0 1 0 0 0 0 0 0 0 0 0 0 0 0 0 0 0 0 0 0 0 0 0 0 0 0 0 0 0 0 0 0 0 0 0 0 0 0 0 1
0 0 0 0 0 0 0 0 0 0 0 0 1 0 0 0 0 0 0 0 0 0 0 0 0 0 0 0 0 0 0 0 0 0 0 0 0 0 0 0 0 0 0 0 0 0 0 0 0 0 1
0 0 0 0 0 0 0 0 0 0 0 0 0 0 0 0 0 0 0 0 0 0 0 0 0 0 0 0 0 0 0 1 0 0 0 0 0 0 0 0 0 0 0 0 0 0 0 0 0 0 1
0 0 0 0 0 0 0 0 0 0 0 0 0 0 0 0 0 0 0 0 0 0 0 0 1 0 0 0 0 0 0 0 0 0 0 0 0 0 0 0 0 0 0 0 0 0 0 0 0 0 1
0 0 0 0 0 0 0 0 0 0 0 0 0 0 0 0 0 0 0 0 1 0 0 0 0 0 0 0 0 0 0 0 0 0 0 0 0 0 0 0 0 0 0 0 0 0 0 0 0 0 1
0 0 0 0 0 0 0 0 0 0 0 0 0 0 0 0 0 0 0 0 0 1 0 0 0 0 0 0 0 0 0 0 0 0 0 0 0 0 0 0 0 0 0 0 0 0 0 0 0 0 1
0 0 0 0 0 0 0 0 0 0 0 0 0 0 0 0 0 0 0 0 0 0 0 0 0 0 0 0 0 0 0 0 0 0 0 0 0 0 0 0 0 0 0 1 0 0 0 0 0 0 1
0 0 0 0 0 0 0 0 0 0 0 0 0 0 0 0 0 0 0 0 0 0 0 0 0 0 0 0 0 0 0 0 0 1 0 0 0 0 0 0 0 0 0 0 0 0 0 0 0 0 1
0 0 0 0 0 0 0 0 0 1 0 0 0 0 0 0 0 0 0 0 0 0 0 0 0 0 0 0 0 0 0 0 0 0 0 0 0 0 0 0 0 0 0 0 0 0 0 0 0 0 1
0 0 0 0 0 0 0 0 0 0 0 0 0 0 0 0 0 0 0 0 0 0 0 0 1 0 0 0 0 0 0 0 0 0 0 0 0 0 0 0 0 0 0 0 0 0 0 0 0 0 1
0 0 0 0 0 0 0 0 0 0 0 0 0 0 0 0 0 0 0 0 0 1 0 0 0 0 0 0 0 0 0 0 0 0 0 0 0 0 0 0 0 0 0 0 0 0 0 0 0 0 1
0 0 0 0 0 0 0 0 0 0 0 0 0 0 0 0 0 0 0 0 0 0 1 0 0 0 0 0 0 0 0 0 0 0 0 0 0 0 0 0 0 0 0 0 0 0 0 0 0 0 1
0 0 0 0 0 0 0 0 0 0 0 0 0 0 0 1 0 0 0 0 0 0 0 0 0 0 0 0 0 0 0 0 0 0 0 0 0 0 0 0 0 0 0 0 0 0 0 0 0 0 1
0 0 0 0 0 0 0 0 0 0 0 0 0 0 0 1 0 0 0 0 0 0 0 0 0 0 0 0 0 0 0 0 0 0 0 0 0 0 0 0 0 0 0 0 0 0 0 0 0 0 1
0 0 0 0 0 0 0 0 0 0 0 0 0 0 0 0 0 0 0 0 1 0 0 0 0 0 0 0 0 0 0 0 0 0 0 0 0 0 0 0 0 0 0 0 0 0 0 0 0 0 1
0 0 0 0 0 0 0 0 0 0 0 0 0 0 0 0 0 0 0 0 0 0 0 0 0 0 0 0 0 0 0 0 0 0 0 0 0 0 0 0 0 1 0 0 0 0 0 0 0 0 1
0 0 0 0 0 0 0 0 0 0 0 0 0 0 0 0 1 0 0 0 0 0 0 0 0 0 0 0 0 0 0 0 0 0 0 0 0 0 0 0 0 0 0 0 0 0 0 0 0 0 1
0 0 0 0 0 1 0 0 0 0 0 0 0 0 0 0 0 0 0 0 0 0 0 0 0 0 0 0 0 0 0 0 0 0 0 0 0 0 0 0 0 0 0 0 0 0 0 0 0 0 1
0 0 0 0 0 0 0 0 0 0 0 0 0 0 0 0 0 0 0 0 0 0 0 0 0 0 0 0 0 0 0 1 0 0 0 0 0 0 0 0 0 0 0 0 0 0 0 0 0 0 1
0 0 0 0 0 0 0 0 1 0 0 0 0 0 0 0 0 0 0 0 0 0 0 0 0 0 0 0 0 0 0 0 0 0 0 0 0 0 0 0 0 0 0 0 0 0 0 0 0 0 1
0 0 0 0 0 0 0 0 0 0 0 0 0 0 0 0 0 0 0 0 0 0 0 0 0 0 0 0 0 0 1 0 0 0 0 0 0 0 0 0 0 0 0 0 0 0 0 0 0 0 1
0 0 0 0 0 0 0 0 0 0 1 0 0 0 0 0 0 0 0 0 0 0 0 0 0 0 0 0 0 0 0 0 0 0 0 0 0 0 0 0 0 0 0 0 0 0 0 0 0 0 1
0 0 0 0 0 0 0 0 0 0 0 0 0 0 0 0 0 0 0 0 0 0 1 0 0 0 0 0 0 0 0 0 0 0 0 0 0 0 0 0 0 0 0 0 0 0 0 0 0 0 1
0 0 0 0 0 0 0 0 0 0 0 0 0 0 0 0 0 1 0 0 0 0 0 0 0 0 0 0 0 0 0 0 0 0 0 0 0 0 0 0 0 0 0 0 0 0 0 0 0 0 1
0 0 0 0 0 0 0 0 0 0 0 0 0 0 0 0 0 0 0 0 0 0 0 0 0 0 0 0 0 0 0 0 0 0 0 0 1 0 0 0 0 0 0 0 0 0 0 0 0 0 1
0 0 0 0 0 0 0 0 0 0 0 0 0 0 0 0 0 0 0 0 0 0 0 0 0 0 0 1 0 0 0 0 0 0 0 0 0 0 0 0 0 0 0 0 0 0 0 0 0 0 1
0 0 0 0 0 0 0 0 0 0 0 0 0 0 0 0 0 0 0 0 0 0 0 0 0 0 0 0 0 0 0 0 0 0 0 0 0 0 0 0 0 0 0 0 0 0 1 0 0 0 1
0 0 0 0 0 0 0 0 0 0 0 0 0 0 0 0 0 0 0 0 0 0 0 0 0 0 0 0 0 0 0 0 0 0 0 0 0 0 0 0 0 0 1 0 0 0 0 0 0 0 1
0 0 0 0 0 0 0 0 0 0 0 0 0 0 0 0 0 0 0 0 0 0 0 0 0 0 0 0 0 0 0 0 1 0 0 0 0 0 0 0 0 0 0 0 0 0 0 0 0 0 1
0 0 0 0 1 0 0 0 0 0 0 0 0 0 0 0 0 0 0 0 0 0 0 0 0 0 0 0 0 0 0 0 0 0 0 0 0 0 0 0 0 0 0 0 0 0 0 0 0 0 1
1 0 0 0 0 0 0 0 0 0 0 0 0 0 0 0 0 0 0 0 0 0 0 0 0 0 0 0 0 0 0 0 0 0 0 0 0 0 0 0 0 0 0 0 0 0 0 0 0 0 1
0 0 0 0 0 0 0 0 0 0 0 0 0 0 0 0 0 1 0 0 0 0 0 0 0 0 0 0 0 0 0 0 0 0 0 0 0 0 0 0 0 0 0 0 0 0 0 0 0 0 1
0 0 0 0 0 0 0 0 0 0 0 0 0 0 0 0 0 0 0 0 0 0 0 0 0 0 0 0 0 0 0 0 0 0 0 0 0 0 0 0 0 0 0 0 0 1 0 0 0 0 1
0 0 0 0 0 0 0 0 0 0 0 0 0 0 0 0 0 0 0 0 0 0 0 0 0 0 0 0 0 0 0 0 0 1 0 0 0 0 0 0 0 0 0 0 0 0 0 0 0 0 1
0 0 0 0 0 0 0 0 0 0 0 0 0 0 0 0 0 0 0 0 0 0 0 0 0 0 0 0 0 0 0 0 0 1 0 0 0 0 0 0 0 0 0 0 0 0 0 0 0 0 1
0 0 0 0 1 0 0 0 0 0 0 0 0 0 0 0 0 0 0 0 0 0 0 0 0 0 0 0 0 0 0 0 0 0 0 0 0 0 0 0 0 0 0 0 0 0 0 0 0 0 1
0 0 0 0 0 0 0 0 0 0 0 0 0 0 0 0 0 0 0 0 0 0 0 0 0 0 0 0 0 0 0 1 0 0 0 0 0 0 0 0 0 0 0 0 0 0 0 0 0 0 1
0 0 0 0 0 0 0 0 1 0 0 0 0 0 0 0 0 0 0 0 0 0 0 0 0 0 0 0 0 0 0 0 0 0 0 0 0 0 0 0 0 0 0 0 0 0 0 0 0 0 1
0 0 0 0 0 0 0 0 0 0 0 0 0 0 0 0 0 0 0 0 0 0 0 0 0 0 0 0 0 0 0 0 0 1 0 0 0 0 0 0 0 0 0 0 0 0 0 0 0 0 1
0 0 0 0 0 0 0 0 0 0 0 0 0 0 0 0 0 0 1 0 0 0 0 0 0 0 0 0 0 0 0 0 0 0 0 0 0 0 0 0 0 0 0 0 0 0 0 0 0 0 1
0 0 0 0 0 0 0 0 0 0 0 0 0 0 0 0 0 0 0 0 0 1 0 0 0 0 0 0 0 0 0 0 0 0 0 0 0 0 0 0 0 0 0 0 0 0 0 0 0 0 1
0 0 0 0 1 0 0 0 0 0 0 0 0 0 0 0 0 0 0 0 0 0 0 0 0 0 0 0 0 0 0 0 0 0 0 0 0 0 0 0 0 0 0 0 0 0 0 0 0 0 1
0 0 0 0 0 0 0 0 0 0 0 0 0 0 0 0 0 0 0 0 0 0 0 0 0 0 0 0 0 0 0 0 0 0 0 0 0 0 0 0 0 0 0 0 0 1 0 0 0 0 1
0 0 0 0 0 0 0 0 0 0 0 0 0 0 0 0 0 0 0 0 0 0 0 0 0 0 1 0 0 0 0 0 0 0 0 0 0 0 0 0 0 0 0 0 0 0 0 0 0 0 1
0 0 0 0 0 0 0 0 0 0 0 0 0 0 0 0 0 0 0 0 0 0 0 0 1 0 0 0 0 0 0 0 0 0 0 0 0 0 0 0 0 0 0 0 0 0 0 0 0 0 1
0 0 0 0 0 0 0 0 0 0 0 0 0 0 0 0 0 0 0 0 0 0 0 0 0 0 0 0 0 0 0 0 0 0 0 0 0 0 0 0 0 0 0 0 1 0 0 0 0 0 1
0 0 0 0 0 0 1 0 0 0 0 0 0 0 0 0 0 0 0 0 0 0 0 0 0 0 0 0 0 0 0 0 0 0 0 0 0 0 0 0 0 0 0 0 0 0 0 0 0 0 1
0 1 0 0 0 0 0 0 0 0 0 0 0 0 0 0 0 0 0 0 0 0 0 0 0 0 0 0 0 0 0 0 0 0 0 0 0 0 0 0 0 0 0 0 0 0 0 0 0 0 1
0 0 0 0 0 0 0 0 0 0 0 0 0 0 0 0 0 0 0 0 0 0 0 0 0 0 0 0 0 0 0 0 0 1 0 0 0 0 0 0 0 0 0 0 0 0 0 0 0 0 1
0 0 0 0 0 0 0 0 0 0 0 1 0 0 0 0 0 0 0 0 0 0 0 0 0 0 0 0 0 0 0 0 0 0 0 0 0 0 0 0 0 0 0 0 0 0 0 0 0 0 1
0 0 0 0 0 0 0 0 0 0 0 0 0 0 0 0 0 0 0 0 0 0 0 0 0 0 0 0 0 0 0 0 0 0 0 0 0 0 0 0 0 0 0 0 0 0 0 1 0 0 1
0 0 0 0 0 0 0 0 0 0 0 0 0 0 0 0 0 0 0 0 0 0 0 0 0 0 0 0 0 0 0 0 0 0 0 0 0 0 0 0 0 0 0 1 0 0 0 0 0 0 1
0 0 0 0 0 0 0 0 0 0 0 0 0 0 0 0 0 0 0 0 0 0 0 0 0 0 0 0 0 0 0 0 0 1 0 0 0 0 0 0 0 0 0 0 0 0 0 0 0 0 1
0 0 0 0 0 0 0 0 0 0 0 0 0 0 0 0 0 0 0 0 0 0 0 0 1 0 0 0 0 0 0 0 0 0 0 0 0 0 0 0 0 0 0 0 0 0 0 0 0 0 1
0 0 0 0 0 0 0 0 0 0 0 1 0 0 0 0 0 0 0 0 0 0 0 0 0 0 0 0 0 0 0 0 0 0 0 0 0 0 0 0 0 0 0 0 0 0 0 0 0 0 1
0 0 0 0 0 1 0 0 0 0 0 0 0 0 0 0 0 0 0 0 0 0 0 0 0 0 0 0 0 0 0 0 0 0 0 0 0 0 0 0 0 0 0 0 0 0 0 0 0 0 1
0 0 0 0 0 0 0 0 0 0 0 0 0 0 0 0 0 0 0 0 0 0 0 0 0 0 0 0 0 0 0 0 0 0 0 0 0 0 0 0 1 0 0 0 0 0 0 0 0 0 1
0 0 0 0 0 0 0 0 0 0 0 0 0 0 0 0 0 0 0 0 0 0 0 0 1 0 0 0 0 0 0 0 0 0 0 0 0 0 0 0 0 0 0 0 0 0 0 0 0 0 1
0 0 0 0 0 0 0 0 0 0 0 0 0 0 0 0 0 0 0 0 0 0 0 0 0 0 0 0 0 0 0 0 0 0 0 0 0 0 0 0 0 0 0 0 0 0 0 0 1 0 1
0 0 0 0 0 0 0 0 0 0 0 0 0 0 0 0 0 0 0 0 0 0 0 0 0 0 0 0 0 0 0 0 0 0 0 0 0 0 0 0 0 0 0 0 0 1 0 0 0 0 1
0 0 0 0 0 0 0 0 0 0 0 0 0 0 0 1 0 0 0 0 0 0 0 0 0 0 0 0 0 0 0 0 0 0 0 0 0 0 0 0 0 0 0 0 0 0 0 0 0 0 1
0 0 0 0 0 0 0 0 0 0 0 0 0 0 0 0 0 0 0 0 0 0 0 0 0 0 0 0 0 0 0 0 0 0 0 0 0 0 1 0 0 0 0 0 0 0 0 0 0 0 1
0 0 0 0 0 0 0 0 0 0 0 1 0 0 0 0 0 0 0 0 0 0 0 0 0 0 0 0 0 0 0 0 0 0 0 0 0 0 0 0 0 0 0 0 0 0 0 0 0 0 1
0 0 0 0 0 0 0 0 0 0 0 0 0 0 0 0 0 0 0 0 0 0 0 0 0 0 0 0 0 0 0 0 0 0 0 0 0 0 0 0 0 0 0 0 0 0 1 0 0 0 1
0 0 0 0 0 0 0 0 0 0 0 0 0 1 0 0 0 0 0 0 0 0 0 0 0 0 0 0 0 0 0 0 0 0 0 0 0 0 0 0 0 0 0 0 0 0 0 0 0 0 1
0 0 0 0 0 0 0 0 0 0 0 0 0 0 0 0 0 0 0 0 0 0 0 0 0 0 0 0 0 0 0 0 0 0 0 0 1 0 0 0 0 0 0 0 0 0 0 0 0 0 1
0 0 0 0 0 0 0 0 0 0 0 0 0 0 0 0 0 0 0 0 0 0 0 0 1 0 0 0 0 0 0 0 0 0 0 0 0 0 0 0 0 0 0 0 0 0 0 0 0 0 1
0 0 0 0 0 0 0 0 0 0 0 0 0 0 0 0 0 0 0 0 0 0 0 0 0 0 0 0 0 0 0 0 0 0 0 0 0 0 0 0 0 0 0 0 0 0 0 1 0 0 1
0 0 0 0 0 0 0 0 0 0 0 0 0 0 0 0 0 0 0 1 0 0 0 0 0 0 0 0 0 0 0 0 0 0 0 0 0 0 0 0 0 0 0 0 0 0 0 0 0 0 1
0 0 1 0 0 0 0 0 0 0 0 0 0 0 0 0 0 0 0 0 0 0 0 0 0 0 0 0 0 0 0 0 0 0 0 0 0 0 0 0 0 0 0 0 0 0 0 0 0 0 1
0 0 0 0 0 0 0 0 0 0 0 0 0 0 0 0 0 0 0 0 0 0 0 0 0 0 0 0 0 0 0 1 0 0 0 0 0 0 0 0 0 0 0 0 0 0 0 0 0 0 1
0 0 0 0 0 0 0 0 0 0 0 0 0 0 0 0 0 0 0 0 0 0 0 0 0 0 1 0 0 0 0 0 0 0 0 0 0 0 0 0 0 0 0 0 0 0 0 0 0 0 1
0 0 0 0 0 0 0 0 0 0 0 0 0 0 0 0 1 0 0 0 0 0 0 0 0 0 0 0 0 0 0 0 0 0 0 0 0 0 0 0 0 0 0 0 0 0 0 0 0 0 1
0 0 0 0 0 0 1 0 0 0 0 0 0 0 0 0 0 0 0 0 0 0 0 0 0 0 0 0 0 0 0 0 0 0 0 0 0 0 0 0 0 0 0 0 0 0 0 0 0 0 1
0 0 0 0 0 0 0 0 0 0 0 0 0 0 0 0 0 0 0 0 0 0 0 0 0 0 0 0 0 0 0 0 0 0 0 0 0 0 0 1 0 0 0 0 0 0 0 0 0 0 1
0 0 0 0 0 0 0 0 0 0 0 0 1 0 0 0 0 0 0 0 0 0 0 0 0 0 0 0 0 0 0 0 0 0 0 0 0 0 0 0 0 0 0 0 0 0 0 0 0 0 1
0 0 0 0 0 0 0 0 0 0 0 0 0 0 0 0 0 0 0 0 0 0 0 0 0 0 0 0 0 0 0 0 0 0 0 0 0 1 0 0 0 0 0 0 0 0 0 0 0 0 1
0 0 0 0 0 0 0 0 0 0 0 0 0 0 0 0 0 0 0 0 0 1 0 0 0 0 0 0 0 0 0 0 0 0 0 0 0 0 0 0 0 0 0 0 0 0 0 0 0 0 1
0 0 1 0 0 0 0 0 0 0 0 0 0 0 0 0 0 0 0 0 0 0 0 0 0 0 0 0 0 0 0 0 0 0 0 0 0 0 0 0 0 0 0 0 0 0 0 0 0 0 1
0 0 0 0 0 0 0 0 0 0 0 0 0 0 0 0 0 0 0 0 0 0 0 0 0 0 0 0 0 0 0 0 0 0 0 1 0 0 0 0 0 0 0 0 0 0 0 0 0 0 1
0 0 0 0 0 0 0 0 0 0 0 0 0 0 0 0 0 0 0 0 0 0 1 0 0 0 0 0 0 0 0 0 0 0 0 0 0 0 0 0 0 0 0 0 0 0 0 0 0 0 1
0 0 0 0 0 0 0 0 0 0 0 0 0 0 0 0 0 0 0 0 0 0 0 0 0 0 0 0 0 0 0 0 0 0 0 0 0 0 0 0 0 0 0 1 0 0 0 0 0 0 1
0 0 0 0 0 0 0 0 0 0 0 0 1 0 0 0 0 0 0 0 0 0 0 0 0 0 0 0 0 0 0 0 0 0 0 0 0 0 0 0 0 0 0 0 0 0 0 0 0 0 1
0 0 0 0 0 0 0 0 0 0 0 0 0 0 0 0 0 0 0 0 0 0 0 0 0 0 0 0 0 0 0 0 0 0 0 0 0 0 0 0 0 0 1 0 0 0 0 0 0 0 1
0 0 0 0 0 0 0 0 0 0 0 0 0 0 1 0 0 0 0 0 0 0 0 0 0 0 0 0 0 0 0 0 0 0 0 0 0 0 0 0 0 0 0 0 0 0 0 0 0 0 1
0 0 0 0 0 0 0 0 0 0 0 0 0 0 0 0 0 0 0 0 0 0 0 0 0 0 0 0 0 0 0 0 0 0 0 0 0 0 0 0 0 0 1 0 0 0 0 0 0 0 1
0 0 0 0 0 1 0 0 0 0 0 0 0 0 0 0 0 0 0 0 0 0 0 0 0 0 0 0 0 0 0 0 0 0 0 0 0 0 0 0 0 0 0 0 0 0 0 0 0 0 1
0 0 0 0 0 0 0 0 0 0 0 0 0 0 0 0 0 0 0 0 0 0 0 0 0 0 0 0 0 0 0 0 0 0 0 0 0 0 0 0 1 0 0 0 0 0 0 0 0 0 1
0 0 0 0 0 0 0 0 0 0 0 0 0 0 0 0 0 0 0 0 0 0 0 0 0 0 0 0 0 0 0 0 0 0 0 0 0 0 0 0 0 0 0 0 1 0 0 0 0 0 1
0 1 0 0 0 0 0 0 0 0 0 0 0 0 0 0 0 0 0 0 0 0 0 0 0 0 0 0 0 0 0 0 0 0 0 0 0 0 0 0 0 0 0 0 0 0 0 0 0 0 1
0 0 1 0 0 0 0 0 0 0 0 0 0 0 0 0 0 0 0 0 0 0 0 0 0 0 0 0 0 0 0 0 0 0 0 0 0 0 0 0 0 0 0 0 0 0 0 0 0 0 1
0 0 0 0 0 0 0 0 0 0 0 0 0 0 0 0 0 0 0 0 0 0 0 0 0 0 0 0 0 0 0 0 0 0 0 0 0 0 0 0 1 0 0 0 0 0 0 0 0 0 1
0 0 0 0 0 0 0 0 0 0 0 0 0 0 0 0 0 0 0 0 0 0 0 0 0 0 0 0 0 0 0 0 0 0 0 0 0 0 0 0 0 0 0 0 0 0 0 1 0 0 1
0 0 0 0 0 0 0 0 0 0 0 0 0 0 1 0 0 0 0 0 0 0 0 0 0 0 0 0 0 0 0 0 0 0 0 0 0 0 0 0 0 0 0 0 0 0 0 0 0 0 1
0 0 0 0 0 0 0 0 0 0 0 0 0 0 0 0 0 0 0 0 0 0 0 0 0 0 0 0 0 0 0 0 0 0 0 1 0 0 0 0 0 0 0 0 0 0 0 0 0 0 1
0 0 0 0 0 0 0 0 0 0 0 0 1 0 0 0 0 0 0 0 0 0 0 0 0 0 0 0 0 0 0 0 0 0 0 0 0 0 0 0 0 0 0 0 0 0 0 0 0 0 1
0 0 0 0 0 0 0 0 0 0 0 0 0 0 0 0 0 0 0 0 0 0 0 0 0 0 0 0 0 0 0 0 0 0 0 0 0 0 0 1 0 0 0 0 0 0 0 0 0 0 1
0 0 0 0 0 0 0 0 0 0 0 0 0 0 0 0 0 0 0 0 0 0 0 0 0 0 0 0 1 0 0 0 0 0 0 0 0 0 0 0 0 0 0 0 0 0 0 0 0 0 1
0 0 0 0 0 0 0 0 1 0 0 0 0 0 0 0 0 0 0 0 0 0 0 0 0 0 0 0 0 0 0 0 0 0 0 0 0 0 0 0 0 0 0 0 0 0 0 0 0 0 1
0 0 0 0 0 0 0 0 0 0 0 0 0 0 0 0 0 0 0 0 0 0 0 0 0 0 0 0 0 0 0 0 0 0 0 0 0 1 0 0 0 0 0 0 0 0 0 0 0 0 1
0 0 0 0 0 0 0 0 0 0 0 0 0 0 0 1 0 0 0 0 0 0 0 0 0 0 0 0 0 0 0 0 0 0 0 0 0 0 0 0 0 0 0 0 0 0 0 0 0 0 1
0 0 0 0 0 0 0 0 0 0 0 0 0 0 0 0 0 0 0 0 1 0 0 0 0 0 0 0 0 0 0 0 0 0 0 0 0 0 0 0 0 0 0 0 0 0 0 0 0 0 1
0 0 0 0 0 0 0 0 0 0 0 0 0 0 0 0 0 0 0 0 0 0 0 0 0 0 0 0 0 0 0 0 0 0 0 0 0 0 0 0 0 0 0 0 0 0 0 0 0 1 1
0 0 0 0 0 0 0 0 0 0 0 0 0 0 0 0 0 0 0 0 0 0 0 0 0 0 0 0 0 0 0 0 0 0 0 0 0 0 0 1 0 0 0 0 0 0 0 0 0 0 1
0 0 0 0 0 0 0 0 0 0 0 0 0 0 0 0 0 0 0 0 0 0 1 0 0 0 0 0 0 0 0 0 0 0 0 0 0 0 0 0 0 0 0 0 0 0 0 0 0 0 1
0 0 0 0 0 0 0 0 0 0 0 0 0 0 0 0 0 0 0 0 0 0 0 0 0 0 1 0 0 0 0 0 0 0 0 0 0 0 0 0 0 0 0 0 0 0 0 0 0 0 1
0 0 0 0 0 0 0 0 0 0 0 0 0 0 0 0 0 0 0 0 0 0 1 0 0 0 0 0 0 0 0 0 0 0 0 0 0 0 0 0 0 0 0 0 0 0 0 0 0 0 1
0 0 0 0 0 0 1 0 0 0 0 0 0 0 0 0 0 0 0 0 0 0 0 0 0 0 0 0 0 0 0 0 0 0 0 0 0 0 0 0 0 0 0 0 0 0 0 0 0 0 1
0 0 0 0 0 0 0 0 0 0 0 0 0 0 0 0 0 0 0 0 0 0 0 0 0 0 0 0 0 0 0 0 0 0 0 0 0 0 0 0 1 0 0 0 0 0 0 0 0 0 1
0 0 0 0 0 0 0 0 0 0 0 0 0 0 0 0 0 0 0 0 0 0 0 0 0 0 0 0 0 0 0 0 0 0 0 0 0 0 0 0 0 0 0 0 0 1 0 0 0 0 1
0 0 0 0 0 0 0 0 0 0 0 0 0 0 0 0 0 0 0 0 0 0 0 0 0 0 0 0 0 0 0 0 0 0 0 0 1 0 0 0 0 0 0 0 0 0 0 0 0 0 1
0 0 0 0 0 0 0 0 0 0 0 0 0 0 0 0 0 0 0 0 0 0 0 1 0 0 0 0 0 0 0 0 0 0 0 0 0 0 0 0 0 0 0 0 0 0 0 0 0 0 1
0 0 0 0 0 0 0 0 0 0 0 0 1 0 0 0 0 0 0 0 0 0 0 0 0 0 0 0 0 0 0 0 0 0 0 0 0 0 0 0 0 0 0 0 0 0 0 0 0 0 1
0 0 0 0 0 0 0 0 0 0 0 0 0 0 0 0 0 0 0 0 0 0 0 0 0 0 0 0 0 0 0 0 0 0 0 1 0 0 0 0 0 0 0 0 0 0 0 0 0 0 1
0 0 0 0 0 0 0 0 0 0 0 0 0 0 0 0 0 0 0 0 0 0 0 0 0 0 0 0 0 0 0 0 0 0 0 0 0 0 0 0 0 0 0 0 0 0 0 0 0 1 1
0 0 0 0 0 0 0 0 0 0 0 0 0 0 0 0 0 0 1 0 0 0 0 0 0 0 0 0 0 0 0 0 0 0 0 0 0 0 0 0 0 0 0 0 0 0 0 0 0 0 1
0 0 0 0 0 0 0 0 0 0 0 0 0 0 0 0 0 0 0 0 0 0 0 0 0 0 0 0 0 0 0 0 0 0 0 0 0 0 0 0 0 0 0 0 0 0 0 0 0 1 1
0 0 0 0 0 0 0 0 0 0 0 0 0 0 0 1 0 0 0 0 0 0 0 0 0 0 0 0 0 0 0 0 0 0 0 0 0 0 0 0 0 0 0 0 0 0 0 0 0 0 1
0 1 0 0 0 0 0 0 0 0 0 0 0 0 0 0 0 0 0 0 0 0 0 0 0 0 0 0 0 0 0 0 0 0 0 0 0 0 0 0 0 0 0 0 0 0 0 0 0 0 1
0 0 0 0 0 0 0 0 0 0 0 0 0 0 0 0 0 0 0 0 0 0 0 0 0 0 0 0 0 0 0 0 0 0 0 0 0 0 0 0 0 1 0 0 0 0 0 0 0 0 1
0 0 0 0 0 0 0 0 0 0 0 0 0 0 0 0 0 0 0 0 0 0 0 0 0 0 0 0 0 0 0 0 0 0 0 0 0 0 0 0 0 0 1 0 0 0 0 0 0 0 1
0 0 0 0 0 1 0 0 0 0 0 0 0 0 0 0 0 0 0 0 0 0 0 0 0 0 0 0 0 0 0 0 0 0 0 0 0 0 0 0 0 0 0 0 0 0 0 0 0 0 1
0 0 0 0 0 0 0 0 0 0 0 0 0 0 0 0 0 0 0 0 0 0 0 0 0 0 0 0 0 0 0 1 0 0 0 0 0 0 0 0 0 0 0 0 0 0 0 0 0 0 1
0 0 0 0 0 0 1 0 0 0 0 0 0 0 0 0 0 0 0 0 0 0 0 0 0 0 0 0 0 0 0 0 0 0 0 0 0 0 0 0 0 0 0 0 0 0 0 0 0 0 1
0 0 0 0 0 0 0 0 0 0 0 0 0 0 0 0 0 0 0 0 0 0 0 0 0 0 0 0 0 0 0 0 0 0 0 0 0 0 0 1 0 0 0 0 0 0 0 0 0 0 1
0 0 0 0 0 0 0 0 0 0 0 0 0 0 0 0 0 0 0 0 0 0 0 0 0 0 0 0 0 0 0 0 0 0 1 0 0 0 0 0 0 0 0 0 0 0 0 0 0 0 1
0 0 0 0 0 0 0 0 0 0 0 0 0 0 0 0 0 0 0 0 0 0 0 0 1 0 0 0 0 0 0 0 0 0 0 0 0 0 0 0 0 0 0 0 0 0 0 0 0 0 1
0 0 0 0 0 0 0 0 0 0 0 0 0 0 0 0 0 0 0 0 0 0 0 0 0 0 0 0 0 0 0 0 0 0 0 0 0 0 1 0 0 0 0 0 0 0 0 0 0 0 1
0 0 0 0 0 0 0 0 0 0 0 0 0 0 0 0 0 0 0 0 0 0 0 0 0 1 0 0 0 0 0 0 0 0 0 0 0 0 0 0 0 0 0 0 0 0 0 0 0 0 1
0 0 0 0 0 0 0 0 1 0 0 0 0 0 0 0 0 0 0 0 0 0 0 0 0 0 0 0 0 0 0 0 0 0 0 0 0 0 0 0 0 0 0 0 0 0 0 0 0 0 1
0 0 0 0 0 0 0 0 0 0 0 0 0 0 0 0 0 0 0 0 0 0 0 0 0 0 0 0 1 0 0 0 0 0 0 0 0 0 0 0 0 0 0 0 0 0 0 0 0 0 1
0 0 0 0 0 0 0 0 0 0 0 0 0 0 0 0 0 0 0 0 0 0 0 0 0 0 0 0 0 0 0 1 0 0 0 0 0 0 0 0 0 0 0 0 0 0 0 0 0 0 1
0 0 0 0 0 0 0 0 0 0 0 0 0 0 0 0 0 0 0 0 0 0 0 0 0 0 0 0 0 0 0 0 0 0 0 0 0 1 0 0 0 0 0 0 0 0 0 0 0 0 1
0 0 0 0 0 0 0 0 0 0 0 0 0 0 0 0 0 0 0 0 0 0 0 0 0 0 0 1 0 0 0 0 0 0 0 0 0 0 0 0 0 0 0 0 0 0 0 0 0 0 1
0 0 0 0 0 0 0 0 0 0 0 0 0 0 0 0 0 0 0 0 0 0 0 0 0 0 0 0 0 0 0 0 0 0 0 0 0 0 0 0 0 0 0 0 0 0 0 1 0 0 1
0 0 0 0 0 0 0 0 0 0 0 0 0 0 0 0 0 0 0 0 0 0 0 0 0 0 0 0 0 0 1 0 0 0 0 0 0 0 0 0 0 0 0 0 0 0 0 0 0 0 1
0 0 0 0 0 0 0 0 0 0 0 0 0 0 0 0 0 0 0 0 0 0 0 0 0 0 0 1 0 0 0 0 0 0 0 0 0 0 0 0 0 0 0 0 0 0 0 0 0 0 1
0 0 0 0 0 0 0 0 0 0 0 0 0 0 0 0 0 0 0 0 0 0 0 0 0 0 0 0 0 0 0 0 0 0 0 0 0 0 1 0 0 0 0 0 0 0 0 0 0 0 1
0 0 0 0 0 0 0 0 0 0 0 0 0 0 0 0 0 0 0 0 0 0 0 0 0 0 0 0 0 0 0 0 0 0 0 0 0 0 0 0 0 0 0 0 0 0 1 0 0 0 1
0 0 0 0 0 0 0 0 0 0 0 0 0 0 0 0 0 0 0 0 0 0 0 0 0 0 1 0 0 0 0 0 0 0 0 0 0 0 0 0 0 0 0 0 0 0 0 0 0 0 1
0 0 0 0 0 0 0 0 0 0 0 0 0 0 0 0 0 0 0 0 0 0 0 0 0 0 0 0 0 0 0 1 0 0 0 0 0 0 0 0 0 0 0 0 0 0 0 0 0 0 1
0 0 0 0 0 0 0 0 0 0 0 0 0 0 0 0 0 0 0 0 0 0 0 0 0 0 0 0 0 0 0 0 0 0 0 0 0 0 0 0 0 0 0 1 0 0 0 0 0 0 1
0 0 0 0 0 0 0 0 0 0 0 0 0 0 0 0 0 0 0 0 0 0 0 0 0 0 0 0 1 0 0 0 0 0 0 0 0 0 0 0 0 0 0 0 0 0 0 0 0 0 1
0 0 0 0 0 0 0 0 0 0 0 0 0 0 0 0 0 0 0 0 0 0 0 0 0 0 0 0 0 0 0 0 0 0 0 0 0 1 0 0 0 0 0 0 0 0 0 0 0 0 1
0 0 0 0 0 0 0 0 0 0 0 0 0 0 0 0 0 0 0 0 0 0 0 0 0 0 0 0 0 0 0 0 0 1 0 0 0 0 0 0 0 0 0 0 0 0 0 0 0 0 1
0 0 0 0 0 0 0 0 0 0 0 0 0 0 0 0 0 0 0 0 0 0 0 0 0 0 0 0 0 0 0 0 0 1 0 0 0 0 0 0 0 0 0 0 0 0 0 0 0 0 1
0 0 0 0 0 0 0 0 0 0 0 0 1 0 0 0 0 0 0 0 0 0 0 0 0 0 0 0 0 0 0 0 0 0 0 0 0 0 0 0 0 0 0 0 0 0 0 0 0 0 1
0 0 0 0 0 0 0 0 1 0 0 0 0 0 0 0 0 0 0 0 0 0 0 0 0 0 0 0 0 0 0 0 0 0 0 0 0 0 0 0 0 0 0 0 0 0 0 0 0 0 1
0 0 0 0 0 0 0 0 0 0 0 0 0 0 0 0 0 0 0 0 0 0 0 0 0 0 0 0 0 0 0 0 0 0 0 0 0 1 0 0 0 0 0 0 0 0 0 0 0 0 1
0 0 0 0 0 0 0 0 0 0 0 0 0 0 0 0 0 0 0 0 0 1 0 0 0 0 0 0 0 0 0 0 0 0 0 0 0 0 0 0 0 0 0 0 0 0 0 0 0 0 1
0 0 0 0 0 0 0 0 0 1 0 0 0 0 0 0 0 0 0 0 0 0 0 0 0 0 0 0 0 0 0 0 0 0 0 0 0 0 0 0 0 0 0 0 0 0 0 0 0 0 1
0 0 0 0 0 0 0 0 0 0 0 0 0 0 0 0 0 0 0 0 0 0 0 1 0 0 0 0 0 0 0 0 0 0 0 0 0 0 0 0 0 0 0 0 0 0 0 0 0 0 1
0 0 0 0 0 0 0 0 0 0 0 0 1 0 0 0 0 0 0 0 0 0 0 0 0 0 0 0 0 0 0 0 0 0 0 0 0 0 0 0 0 0 0 0 0 0 0 0 0 0 1
0 0 0 0 0 0 0 0 1 0 0 0 0 0 0 0 0 0 0 0 0 0 0 0 0 0 0 0 0 0 0 0 0 0 0 0 0 0 0 0 0 0 0 0 0 0 0 0 0 0 1
0 0 0 0 0 0 0 1 0 0 0 0 0 0 0 0 0 0 0 0 0 0 0 0 0 0 0 0 0 0 0 0 0 0 0 0 0 0 0 0 0 0 0 0 0 0 0 0 0 0 1
0 0 0 0 0 0 0 0 0 0 0 0 0 0 0 0 0 0 0 0 0 0 0 1 0 0 0 0 0 0 0 0 0 0 0 0 0 0 0 0 0 0 0 0 0 0 0 0 0 0 1
0 0 0 0 0 0 0 0 0 0 0 0 0 0 0 0 0 0 0 0 0 0 0 0 0 0 0 0 0 0 0 0 0 0 0 0 0 0 0 0 0 0 0 0 1 0 0 0 0 0 1
0 0 0 0 0 0 0 0 0 0 0 0 0 0 0 0 0 0 0 0 0 0 0 0 0 0 0 0 0 0 0 0 0 0 0 0 0 0 0 0 0 0 0 0 0 1 0 0 0 0 1
0 0 0 0 0 0 0 0 0 0 0 0 0 0 0 0 0 0 0 0 0 0 0 0 0 0 0 0 0 0 0 0 0 0 0 0 0 0 0 0 0 0 1 0 0 0 0 0 0 0 1
0 0 1 0 0 0 0 0 0 0 0 0 0 0 0 0 0 0 0 0 0 0 0 0 0 0 0 0 0 0 0 0 0 0 0 0 0 0 0 0 0 0 0 0 0 0 0 0 0 0 1
0 0 0 0 0 0 0 0 0 0 1 0 0 0 0 0 0 0 0 0 0 0 0 0 0 0 0 0 0 0 0 0 0 0 0 0 0 0 0 0 0 0 0 0 0 0 0 0 0 0 1
0 0 0 0 0 0 0 0 0 0 0 0 0 0 0 0 0 0 0 0 0 0 0 0 0 0 0 0 0 0 0 1 0 0 0 0 0 0 0 0 0 0 0 0 0 0 0 0 0 0 1
0 0 0 0 0 0 0 0 0 0 0 0 0 0 0 0 0 0 0 0 0 0 0 0 0 0 0 0 0 0 0 0 0 0 0 0 0 0 1 0 0 0 0 0 0 0 0 0 0 0 1
0 0 0 0 0 0 0 0 0 0 0 0 0 0 0 0 0 0 0 0 0 0 0 0 1 0 0 0 0 0 0 0 0 0 0 0 0 0 0 0 0 0 0 0 0 0 0 0 0 0 1
1 0 0 0 0 0 0 0 0 0 0 0 0 0 0 0 0 0 0 0 0 0 0 0 0 0 0 0 0 0 0 0 0 0 0 0 0 0 0 0 0 0 0 0 0 0 0 0 0 0 1
0 0 0 0 0 0 0 0 0 0 0 0 0 0 0 0 0 0 0 1 0 0 0 0 0 0 0 0 0 0 0 0 0 0 0 0 0 0 0 0 0 0 0 0 0 0 0 0 0 0 1
0 0 0 0 0 0 0 0 0 0 0 1 0 0 0 0 0 0 0 0 0 0 0 0 0 0 0 0 0 0 0 0 0 0 0 0 0 0 0 0 0 0 0 0 0 0 0 0 0 0 1
0 0 0 0 0 0 0 0 0 0 0 0 0 0 0 0 0 0 0 0 0 0 0 0 0 0 0 0 0 0 0 0 0 1 0 0 0 0 0 0 0 0 0 0 0 0 0 0 0 0 1
0 0 0 0 0 0 0 0 0 1 0 0 0 0 0 0 0 0 0 0 0 0 0 0 0 0 0 0 0 0 0 0 0 0 0 0 0 0 0 0 0 0 0 0 0 0 0 0 0 0 1
0 0 0 0 0 0 0 0 0 0 0 0 0 0 0 0 0 0 0 0 1 0 0 0 0 0 0 0 0 0 0 0 0 0 0 0 0 0 0 0 0 0 0 0 0 0 0 0 0 0 1
0 0 0 0 0 0 0 0 0 0 0 0 0 0 0 0 0 0 0 0 0 0 1 0 0 0 0 0 0 0 0 0 0 0 0 0 0 0 0 0 0 0 0 0 0 0 0 0 0 0 1
117 95 91 92 87 113 102 110 107 101 100 107 105 112 98 104 100 97 96 112 100 101 89 99 103 98 89 89 98 100 94 94 92 97 101 104 95 102 97 106 90 100 93 110 110 105 92 99 107 100 5000
