1 1 1 1 0 1 0 0 1 0 0 0 1 1 1 0 1 0 1 0 0 0 1 0 1 1 1 1 1 0 0 1 1 1 1 0 0 1 1 0 0 1 0 1 1 0 1 0 1 1 29
0 1 1 1 1 1 0 0 0 0 1 0 1 0 0 0 1 0 0 1 1 0 1 1 1 0 1 0 1 1 0 1 0 1 0 1 1 0 0 1 1 1 0 1 0 1 1 1 1 1 29
0 0 0 0 0 1 0 1 1 0 1 0 1 1 0 0 1 0 0 0 1 1 1 0 1 0 1 1 1 0 0 1 1 0 0 1 1 0 0 0 1 1 1 1 0 0 0 1 1 1 25
1 0 0 0 0 1 1 1 0 0 1 1 0 1 1 1 0 0 1 0 0 0 0 0 1 0 1 0 0 1 0 0 0 1 0 0 0 0 1 0 1 1 0 0 1 0 1 1 1 1 22
0 0 0 0 0 1 0 0 0 0 1 0 0 0 1 1 1 1 1 0 0 0 0 0 0 0 0 0 0 0 1 1 1 1 1 0 1 1 0 0 0 0 1 1 1 1 0 0 0 0 18
0 1 0 1 0 1 0 1 1 0 1 1 0 1 0 1 1 1 0 1 1 0 0 0 1 0 0 0 0 0 1 1 1 1 1 1 0 0 1 1 1 0 0 0 0 1 0 0 1 0 25
1 0 0 0 1 1 1 0 1 0 0 0 0 1 0 1 1 1 0 1 1 1 1 0 0 1 0 0 1 1 0 1 1 1 0 1 1 1 0 1 1 0 0 1 0 0 0 0 0 1 26
0 1 0 1 1 0 1 0 1 0 0 1 0 0 0 0 0 1 1 1 0 1 1 1 0 0 1 0 1 1 0 0 1 0 0 0 0 1 1 0 1 1 1 0 1 1 1 0 1 1 26
0 1 0 1 0 0 1 0 1 1 0 1 1 1 0 0 1 1 1 1 0 0 1 1 0 1 0 0 0 1 0 1 0 1 0 0 1 1 1 0 0 0 1 0 1 1 1 1 0 0 26
1 1 0 1 1 0 0 1 1 0 1 0 0 0 0 1 1 1 1 1 0 0 0 0 0 1 1 1 0 1 0 1 0 0 0 1 0 0 0 1 1 0 1 0 0 1 0 1 0 1 24
1 1 1 0 1 1 0 0 0 1 1 1 0 0 0 1 1 1 1 1 0 1 1 0 1 0 0 1 0 0 0 0 0 0 1 0 1 1 1 1 1 1 1 1 1 0 1 0 1 0 29
0 0 1 0 1 0 1 1 1 0 0 0 0 1 1 1 1 0 0 1 1 1 1 0 1 0 1 0 1 1 1 1 0 1 1 1 1 1 0 1 1 1 1 0 1 1 1 0 1 0 32
1 1 0 0 1 0 1 1 0 1 0 1 1 0 1 0 1 0 1 1 1 1 0 0 0 0 0 0 1 0 1 0 0 1 0 0 1 1 0 1 1 1 0 1 0 0 1 1 1 0 26
1 1 1 1 1 0 1 1 1 1 0 1 0 1 1 0 1 1 0 0 1 1 1 0 1 1 1 0 1 0 1 1 1 0 0 0 1 0 0 1 1 0 1 0 0 0 1 1 1 0 31
1 0 1 0 1 1 1 1 0 0 1 1 0 0 0 1 1 1 1 0 0 0 1 1 1 1 1 1 1 0 0 0 0 1 1 0 0 0 1 1 0 0 0 1 1 1 1 0 0 1 28
1 1 1 0 0 0 0 0 1 0 0 1 0 0 1 1 1 0 0 0 0 0 1 0 0 1 1 1 1 1 0 0 0 1 0 1 1 1 0 0 1 1 1 1 0 0 1 1 1 0 25
1 1 1 1 1 1 0 0 0 0 1 0 0 0 1 1 1 0 1 0 0 1 0 0 0 1 1 0 1 1 1 1 1 0 0 0 0 1 0 1 1 0 1 0 0 0 0 0 1 0 24
0 0 0 1 0 0 1 1 0 0 1 1 0 1 0 1 0 1 1 1 0 1 1 1 1 0 1 1 0 0 1 0 1 0 1 0 1 0 0 0 1 1 1 0 1 1 1 1 1 0 28
0 1 0 0 0 1 0 1 0 1 1 0 1 0 0 0 1 0 0 1 0 1 1 0 0 0 1 0 1 0 0 0 0 1 0 1 1 1 1 1 0 0 0 1 0 0 1 1 1 0 22
1 1 1 0 0 1 1 0 1 0 1 0 1 0 0 0 1 1 1 1 0 1 0 1 1 0 0 0 0 0 1 0 1 1 1 1 0 1 1 1 1 0 0 0 0 0 0 1 0 1 26
0 0 0 0 0 0 1 0 1 1 0 0 0 0 1 1 1 0 1 1 1 0 1 0 0 1 1 0 0 0 1 0 1 0 0 1 1 1 0 0 0 1 0 0 1 1 0 0 0 0 20
1 1 0 0 0 0 1 1 0 1 1 1 0 1 0 0 1 1 0 0 0 0 1 0 1 0 0 0 1 1 0 1 0 0 1 0 0 0 1 0 0 0 0 0 1 1 0 1 0 0 20
0 1 1 0 1 1 1 1 1 0 1 1 0 0 0 1 0 0 1 1 0 0 1 1 1 0 0 0 1 0 1 0 1 1 1 0 1 1 1 1 1 0 1 0 1 0 1 0 1 1 30
0 1 1 0 0 0 1 1 0 0 1 0 1 0 1 0 0 1 0 1 1 1 1 0 0 1 1 1 0 1 0 1 0 1 1 0 0 1 0 1 0 0 1 0 1 1 0 1 1 1 27
1 1 1 1 0 1 1 0 0 1 0 0 0 1 0 0 0 0 0 1 1 0 1 1 1 0 0 0 0 1 0 1 1 0 0 0 1 0 0 0 1 0 0 1 1 0 1 1 1 1 24
0 0 0 0 1 1 0 0 0 1 0 0 1 0 1 0 1 0 0 1 0 0 0 1 0 1 0 0 0 1 0 1 0 1 0 0 1 0 0 1 1 1 0 1 0 1 0 1 0 0 19
0 1 0 0 0 0 0 1 0 1 1 1 0 0 0 1 1 1 0 0 0 1 1 1 1 1 1 1 0 1 1 0 0 1 0 0 1 0 1 1 1 0 1 0 0 1 0 1 1 0 26
0 1 1 1 0 1 0 1 0 1 0 0 1 0 1 1 1 0 1 0 1 0 1 0 1 1 1 0 1 0 1 0 1 1 0 0 1 0 1 1 1 1 0 1 1 0 0 1 1 0 29
0 0 1 1 1 0 0 0 0 0 0 1 0 1 1 1 1 1 0 1 0 1 0 1 1 0 1 1 0 1 0 1 0 0 1 0 1 1 0 0 1 0 1 0 0 0 0 1 1 1 25
0 0 0 0 0 0 0 0 0 0 0 0 0 0 0 0 0 0 0 0 0 0 0 0 0 0 0 0 0 0 0 0 0 0 0 0 0 0 0 1 0 0 0 0 0 0 0 0 0 0 1
1 0 0 1 0 0 1 0 1 0 0 0 1 1 1 0 1 0 0 1 0 1 1 1 1 1 0 1 0 0 0 0 1 1 1 1 0 1 0 0 0 0 1 1 1 0 0 0 1 1 25
0 0 1 0 1 1 0 1 1 1 1 0 1 1 0 0 1 0 1 0 1 1 0 1 0 0 0 1 0 0 1 0 1 1 0 1 0 1 1 1 1 0 1 0 0 0 0 1 0 1 26
1 0 1 1 0 0 1 1 1 1 1 1 1 0 0 0 0 1 1 0 0 0 0 1 0 0 1 1 1 0 1 1 0 0 1 1 1 1 1 1 0 1 0 0 1 0 0 0 0 1 27
0 0 0 1 1 0 1 1 0 1 0 1 1 0 0 0 1 0 1 0 0 1 0 0 1 1 1 0 0 1 0 1 0 1 1 0 1 0 1 1 1 0 1 0 1 1 0 1 1 1 27
1 0 0 1 0 1 1 0 0 0 1 1 0 0 1 0 0 1 1 1 1 0 0 1 0 1 0 0 0 0 1 1 0 1 1 0 0 0 1 0 1 0 1 0 1 1 1 1 1 1 26
0 1 0 0 0 1 0 1 1 1 1 0 0 0 1 1 0 1 0 0 1 1 0 0 0 0 0 0 1 0 0 1 1 0 1 0 1 1 0 0 0 1 0 1 0 0 1 0 1 1 22
0 0 0 0 0 1 0 1 1 0 1 1 0 1 0 0 0 1 0 0 1 1 1 0 1 0 0 0 0 1 1 0 0 0 1 1 1 0 0 0 1 0 1 0 0 0 1 1 1 1 22
0 1 1 0 0 0 1 0 0 1 0 0 1 0 1 0 1 0 1 1 0 1 0 1 1 0 1 0 0 1 0 1 0 1 0 0 1 0 0 1 0 0 1 0 1 1 0 0 1 0 22
1 0 0 1 0 0 0 0 1 1 1 0 0 0 1 0 0 1 0 1 0 1 1 1 1 0 0 0 1 0 1 0 1 0 1 0 1 1 1 0 0 1 0 0 1 0 0 0 1 0 22
1 0 0 1 0 0 1 0 0 0 1 0 1 0 1 0 1 0 0 1 1 0 1 1 1 0 1 1 1 1 0 0 1 0 0 0 0 1 1 0 0 0 0 0 0 1 1 0 1 0 22
1 0 1 0 1 0 1 1 1 1 1 1 0 1 0 1 1 0 1 1 0 1 1 0 1 1 1 1 0 1 0 0 1 1 0 1 1 0 1 0 1 1 0 0 1 1 1 1 1 1 34
1 1 1 0 1 1 1 1 1 1 0 1 0 1 1 0 0 1 1 0 1 0 1 0 1 0 0 0 0 0 1 0 0 1 1 0 0 1 0 1 0 0 0 1 0 0 0 1 0 0 24
1 0 1 1 1 0 0 0 0 0 0 0 0 1 0 1 1 1 1 0 0 1 0 1 1 0 1 0 1 0 1 0 1 0 0 0 0 1 0 0 0 1 1 0 0 0 0 1 0 0 20
1 0 0 1 1 1 1 0 1 0 1 0 0 0 0 0 0 1 0 1 1 1 1 1 0 1 0 1 1 1 1 1 0 1 1 1 0 1 1 0 1 1 0 1 0 1 0 0 0 0 28
0 1 1 1 0 0 1 1 0 1 1 1 0 1 0 0 1 0 0 1 1 1 1 0 0 0 0 1 1 1 0 1 1 0 1 0 1 0 0 1 0 1 1 0 0 1 1 1 1 1 29
0 0 0 0 0 1 1 1 0 0 1 1 0 0 0 0 1 1 0 1 1 0 0 0 1 0 1 1 1 0 1 0 0 0 1 0 1 1 0 0 0 0 1 1 1 0 0 1 0 0 21
1 1 0 1 0 1 1 1 0 0 0 0 0 0 1 1 0 0 1 0 1 0 0 1 1 1 0 0 0 1 0 1 1 0 1 0 1 0 0 1 1 1 0 0 0 1 1 0 0 1 24
1 0 0 1 1 1 1 1 0 1 1 0 1 1 1 1 0 1 0 0 1 0 1 1 1 0 1 1 0 0 0 0 1 0 0 0 1 1 1 1 0 0 1 0 1 1 1 0 0 1 29
0 0 0 0 0 0 0 0 0 1 1 1 1 0 1 0 1 0 0 1 0 1 0 1 0 1 0 0 1 1 1 0 0 1 1 0 0 0 0 1 1 0 1 0 1 0 0 0 0 1 20
0 0 1 1 1 1 1 1 1 1 1 1 1 0 0 1 1 0 0 1 1 0 0 1 1 1 1 1 0 1 1 0 0 1 1 1 0 0 1 0 0 1 0 0 0 0 0 0 0 1 28
0 0 0 0 0 0 0 0 0 1 0 1 0 1 1 0 1 0 0 1 1 1 1 1 0 0 1 1 0 0 1 0 0 1 1 0 1 1 0 0 1 0 1 1 0 0 0 1 1 0 22
1 1 1 1 0 0 1 1 1 0 0 1 1 1 1 1 1 1 1 0 0 0 0 0 1 0 0 0 0 0 1 1 1 0 1 1 1 1 0 0 1 0 0 0 0 0 1 1 1 0 27
1 1 1 1 1 0 1 0 0 0 0 0 1 0 0 0 0 1 1 0 1 1 1 1 1 1 0 0 0 1 0 1 1 0 1 1 0 0 1 1 0 0 1 0 0 0 1 1 0 1 26
1 1 0 1 1 1 0 1 1 0 0 1 0 0 1 1 1 0 1 0 1 1 1 1 1 1 0 0 1 1 0 0 1 0 1 0 1 1 1 1 1 1 0 1 0 0 0 0 0 0 29
1 1 0 0 0 1 0 1 0 1 0 0 1 1 1 0 1 0 1 0 1 0 0 0 0 0 1 1 1 1 0 0 0 0 1 1 1 0 1 0 1 1 0 1 0 1 0 0 0 0 23
1 0 1 0 1 1 0 0 0 0 0 1 0 0 1 1 1 1 0 0 1 0 1 0 0 0 1 1 0 0 0 1 1 1 0 1 0 0 0 0 1 0 0 1 1 0 0 0 0 1 21
1 0 0 0 1 0 1 0 1 1 1 1 0 0 0 0 0 0 0 0 1 0 0 0 0 1 1 0 1 0 0 0 0 1 0 0 0 0 0 1 1 0 0 0 1 0 0 0 0 1 16
1 0 1 0 1 0 0 1 0 0 0 0 0 0 0 0 1 0 1 1 1 1 1 1 0 0 1 0 0 0 1 1 0 0 1 0 1 0 0 1 1 0 0 1 1 1 1 0 1 0 23
1 0 1 1 1 0 0 1 0 0 0 0 0 1 0 1 0 0 1 0 0 0 0 1 0 0 1 0 0 1 1 0 1 0 1 1 0 1 1 0 1 0 1 0 1 0 0 1 0 1 22
0 1 0 1 0 1 0 1 0 1 1 0 0 0 0 1 1 1 0 1 1 0 0 1 0 0 0 1 0 1 1 1 1 1 0 1 0 0 1 1 0 0 1 1 0 0 1 1 0 1 26
0 1 1 1 1 0 1 0 1 1 1 0 1 0 0 1 0 1 1 1 1 1 1 0 1 0 0 0 1 1 0 0 1 1 1 0 1 0 0 1 1 1 0 1 0 0 0 1 1 0 29
1 1 1 1 1 1 1 0 1 0 0 1 1 1 1 1 0 0 0 1 1 0 0 1 1 1 0 1 1 0 1 1 1 1 1 0 0 0 0 0 1 1 0 1 0 0 0 1 1 0 30
0 1 1 0 1 1 1 1 1 0 1 0 0 1 0 0 1 0 0 1 0 0 0 0 1 0 0 0 0 1 1 0 0 1 0 1 1 1 0 0 1 1 1 1 0 0 1 1 0 1 25
1 1 0 1 0 0 0 1 0 0 1 0 1 1 1 0 1 1 0 0 0 0 1 1 1 0 0 1 0 0 1 0 0 0 1 0 1 0 1 1 0 1 1 0 1 0 1 1 0 0 24
1 0 0 0 0 1 1 1 0 1 0 1 0 0 1 1 1 0 0 0 1 0 0 0 0 1 0 1 0 1 1 1 1 0 1 1 1 1 0 0 0 0 0 0 0 1 0 0 1 0 22
0 0 1 0 0 0 1 0 1 1 0 1 1 1 0 0 0 1 0 1 0 0 1 1 1 0 1 0 1 1 0 0 1 0 0 0 1 1 0 0 1 1 0 1 1 0 0 1 1 1 25
0 0 0 0 0 1 0 0 0 0 1 1 1 1 1 0 1 1 1 0 0 1 0 1 0 1 0 0 0 1 1 1 1 0 0 1 1 1 1 1 0 1 0 1 1 0 0 0 1 1 26
0 0 1 1 1 1 1 1 1 0 1 1 1 1 1 0 1 1 1 1 0 0 0 0 1 1 1 1 1 1 1 1 1 1 1 1 1 0 0 0 1 1 0 0 1 1 1 0 1 0 35
0 1 0 1 1 1 0 1 1 1 0 0 0 1 1 1 0 1 1 1 1 1 1 1 0 1 1 1 1 1 1 0 1 0 0 0 0 0 0 1 0 1 1 0 0 1 1 0 0 0 29
1 1 0 1 0 0 0 0 0 1 1 0 0 0 1 1 1 1 1 0 0 1 1 1 1 1 0 0 0 0 1 1 0 0 1 1 1 0 1 1 0 0 0 1 1 1 0 1 0 0 26
0 0 0 0 0 0 1 1 1 0 1 1 0 0 0 1 1 0 1 1 0 0 1 0 1 0 1 1 1 1 0 1 1 1 1 0 0 0 0 1 0 0 1 1 1 0 0 1 1 0 25
1 0 1 1 0 0 1 1 0 1 1 0 1 1 0 0 0 0 0 0 0 0 0 0 0 0 0 0 1 0 1 0 0 1 0 0 1 0 1 0 1 0 1 0 0 0 1 1 1 0 19
0 1 0 1 1 0 1 1 1 1 1 1 1 0 0 0 0 1 1 1 1 1 1 0 0 1 0 0 1 0 1 0 0 0 0 1 0 0 0 1 0 1 1 1 0 1 1 0 1 1 28
1 1 1 1 1 1 1 0 1 1 1 0 0 1 1 0 1 0 0 0 1 1 1 0 1 0 1 0 1 1 1 1 1 0 1 0 1 0 0 1 1 0 0 1 0 0 1 0 1 1 31
0 0 1 0 1 1 1 1 0 1 1 1 0 1 0 1 0 1 1 1 0 1 0 0 0 1 1 0 1 1 0 0 1 0 0 0 1 1 0 0 0 0 1 1 1 0 1 0 0 1 26
1 1 1 1 1 1 1 0 1 1 0 1 1 0 0 1 1 1 0 1 1 0 1 0 0 0 1 0 0 1 0 1 1 1 1 0 1 0 1 0 1 1 1 0 0 1 0 1 0 1 31
0 0 0 1 0 1 0 1 0 1 0 0 1 1 1 1 0 0 0 1 0 1 0 1 0 0 0 1 0 1 0 1 1 0 0 1 1 1 1 0 1 0 1 1 0 0 0 0 1 0 23
1 1 1 0 0 0 1 1 0 0 0 1 0 1 1 1 1 0 0 1 0 0 1 1 0 0 1 0 1 1 0 0 1 1 1 1 0 1 0 1 1 0 0 0 1 0 0 1 1 0 26
0 1 0 1 0 1 0 0 1 0 1 1 1 1 0 1 1 1 0 0 1 1 1 0 1 1 0 0 1 1 1 0 1 0 1 1 0 0 1 0 1 1 0 1 0 1 0 1 1 0 29
0 1 0 0 0 1 1 0 1 1 1 0 1 1 1 1 1 0 0 1 0 0 1 1 0 0 0 0 0 0 0 1 1 1 1 0 0 1 0 0 0 0 1 0 1 0 0 1 1 1 24
0 1 1 1 0 0 1 0 1 0 0 1 1 0 1 0 0 0 0 1 0 0 0 0 0 0 1 1 0 1 0 1 1 0 0 1 1 0 0 0 1 1 1 1 0 1 0 1 0 0 22
0 0 0 1 1 1 0 1 1 1 1 1 0 1 0 1 0 0 0 0 0 0 0 0 1 0 1 1 1 1 1 1 0 0 0 0 1 1 0 1 1 0 0 0 0 1 0 1 1 1 25
1 0 1 1 1 0 0 1 1 1 1 0 1 1 0 1 0 0 1 1 0 0 0 0 0 1 1 0 0 0 0 0 0 1 0 1 0 1 0 1 0 0 1 1 1 0 1 0 1 0 24
0 0 0 1 1 0 1 0 1 1 0 1 1 0 1 0 1 1 0 1 1 0 0 1 1 0 0 0 1 1 1 0 1 0 1 1 1 1 0 0 0 1 1 0 0 0 0 0 1 1 26
0 1 0 1 0 1 1 0 0 0 1 0 0 0 1 1 0 0 1 1 1 1 0 1 1 1 0 0 1 1 1 0 1 1 1 0 1 1 1 0 0 1 0 1 0 1 0 0 0 1 27
1 1 0 1 1 1 0 0 0 1 1 1 1 1 0 0 0 0 0 1 0 0 0 1 1 1 1 1 0 1 1 0 0 0 0 1 0 1 0 1 1 0 0 0 1 1 0 0 0 0 24
0 1 0 0 1 0 1 0 1 0 0 0 1 1 1 1 0 1 1 0 1 1 1 1 0 0 1 0 0 0 0 1 1 1 0 1 0 0 0 0 1 0 1 0 1 1 1 0 1 1 26
0 0 0 1 1 1 0 0 1 0 1 0 0 0 0 1 0 0 0 0 0 0 0 1 1 0 1 0 1 0 0 1 1 0 1 1 0 1 1 0 1 1 0 0 1 1 1 0 1 0 22
1 1 0 0 0 0 1 1 0 1 1 0 0 0 1 0 1 1 1 0 0 0 0 0 1 1 0 0 0 0 0 1 1 1 0 0 0 1 1 1 0 0 1 1 0 0 0 1 1 1 23
1 1 0 0 1 0 1 0 1 1 1 1 1 1 0 1 0 0 0 1 0 0 1 1 0 1 1 1 0 0 0 1 1 1 1 1 1 0 0 1 1 0 1 0 1 1 0 1 0 0 29
1 0 0 0 1 1 0 1 0 1 1 1 1 0 1 0 1 0 1 1 1 1 1 0 1 1 0 0 1 0 1 0 0 0 1 0 1 0 1 0 1 0 0 0 0 1 1 0 0 0 25
0 0 1 1 0 0 1 1 0 1 0 1 0 1 0 1 1 0 0 1 0 1 0 1 0 1 1 1 0 1 0 1 1 0 1 0 0 1 1 0 1 0 0 1 1 0 1 1 0 0 26
1 1 0 1 0 1 0 1 0 1 0 0 0 1 1 0 1 0 0 1 1 1 0 1 1 1 1 0 0 0 0 0 0 0 1 1 0 0 0 0 1 0 1 1 0 1 0 0 0 1 23
1 0 0 0 0 0 1 0 1 1 0 0 0 0 0 1 0 0 1 0 1 0 1 0 1 0 1 1 0 0 0 0 0 1 0 0 1 0 1 1 0 1 1 1 0 1 1 1 0 1 22
0 0 1 1 1 1 0 1 0 0 1 0 1 0 0 1 1 1 0 0 0 0 0 1 0 1 1 0 0 1 1 1 1 1 0 1 1 0 0 1 1 1 1 0 0 1 0 1 1 0 27
0 0 1 1 0 0 0 0 0 0 0 1 1 1 0 1 1 1 0 0 0 0 1 0 1 0 0 1 1 1 1 0 1 0 0 0 1 0 1 0 0 1 0 1 0 1 1 1 1 1 24
1 0 0 0 1 0 1 0 0 0 1 0 0 1 1 1 0 0 1 0 0 1 1 1 0 1 1 0 0 0 0 0 1 1 0 1 1 1 0 0 1 0 0 1 1 1 0 1 1 1 25
0 1 0 1 1 1 0 0 0 1 1 0 0 1 1 0 0 1 0 0 1 0 0 0 1 1 1 0 0 0 1 0 0 0 1 0 0 0 1 0 1 1 1 0 0 1 1 1 0 0 22
0 0 0 0 1 1 0 1 0 1 1 1 1 1 1 1 0 1 0 1 1 1 0 1 0 1 1 0 1 0 0 1 1 1 1 1 1 1 0 1 0 0 0 0 0 0 0 0 1 0 27
1 1 1 1 1 1 1 0 1 0 1 0 0 1 1 1 1 0 0 0 0 1 0 0 0 0 1 0 0 0 0 0 0 0 0 1 1 0 1 0 1 1 0 1 1 0 0 0 0 1 23
49 50 43 54 49 52 56 52 47 51 58 49 44 50 50 52 61 47 45 55 47 47 52 50 54 45 56 38 46 52 48 48 57 50 54 44 60 49 44 49 61 44 50 46 46 46 43 54 57 49 2500
