1 1 1 1 1 0 0 1 0 1 1 1 1 0 0 0 0 0 0 0 0 0 0 0 0 0 0 0 0 0 0 0 1 1 0 1 0 0 1 0 0 1 0 1 1 1 1 0 1 0 20
0 0 0 0 0 0 0 0 0 0 0 0 0 0 0 0 0 0 0 0 0 0 0 0 0 0 0 0 0 0 0 0 0 0 0 0 0 1 0 0 0 0 0 0 0 0 0 0 0 0 1
0 0 0 0 1 0 0 0 0 0 0 0 0 0 0 0 0 0 0 0 0 0 0 0 0 0 0 0 0 0 0 0 0 0 0 0 0 0 0 0 0 0 0 0 0 0 0 0 0 0 1
0 1 0 0 0 0 0 0 0 0 0 0 0 0 0 0 0 0 0 0 0 0 0 0 0 0 0 0 0 0 0 0 0 0 0 0 0 0 0 0 0 0 0 0 0 0 0 0 0 0 1
0 0 0 0 0 0 0 0 0 0 0 0 0 0 0 0 0 0 0 0 0 0 0 0 0 0 0 0 0 0 1 0 0 0 0 0 0 0 0 0 0 0 0 0 0 0 0 0 0 0 1
0 0 0 0 0 0 0 0 0 0 0 0 0 0 0 0 0 0 0 0 1 0 0 0 0 0 0 0 0 0 0 0 0 0 0 0 0 0 0 0 0 0 0 0 0 0 0 0 0 0 1
0 0 0 0 0 0 0 0 0 1 0 0 0 0 0 0 0 0 0 0 0 0 0 0 0 0 0 0 0 0 0 0 0 0 0 0 0 0 0 0 0 0 0 0 0 0 0 0 0 0 1
0 0 0 0 0 0 0 0 0 0 0 0 0 0 0 0 1 0 0 0 0 0 0 0 0 0 0 0 0 0 0 0 0 0 0 0 0 0 0 0 0 0 0 0 0 0 0 0 0 0 1
0 0 0 0 0 0 0 0 0 0 0 0 0 0 0 0 0 0 0 0 0 0 0 0 0 0 1 0 0 0 0 0 0 0 0 0 0 0 0 0 0 0 0 0 0 0 0 0 0 0 1
0 0 0 0 0 0 0 0 0 0 0 0 0 0 0 0 0 0 0 0 0 0 0 0 0 0 0 0 0 0 0 0 0 0 0 0 0 0 0 1 0 0 0 0 0 0 0 0 0 0 1
0 0 0 0 0 0 0 0 0 0 0 1 0 0 0 0 0 0 0 0 0 0 0 0 0 0 0 0 0 0 0 0 0 0 0 0 0 0 0 0 1 0 0 0 0 0 0 0 0 0 2
0 0 0 0 0 0 0 0 0 0 0 0 0 0 0 0 0 1 0 0 0 1 0 0 0 0 0 0 0 0 0 0 0 0 0 0 0 0 0 0 0 0 0 0 0 0 0 0 0 0 2
0 0 0 0 0 0 0 0 0 0 0 0 0 0 0 1 0 0 0 0 0 0 0 0 0 0 0 0 0 0 0 0 0 0 0 0 0 0 0 0 0 0 0 0 0 0 0 0 0 0 1
0 0 0 0 0 0 0 0 0 0 0 0 0 1 0 0 0 0 0 0 0 0 0 0 0 0 0 0 0 0 0 0 0 0 0 0 0 0 0 0 0 0 0 0 0 0 0 0 0 0 1
0 0 0 0 0 0 0 0 0 0 0 0 0 0 0 0 0 0 0 0 0 0 0 0 0 0 0 0 0 0 0 0 0 0 0 0 0 0 0 0 0 0 0 0 0 0 1 0 0 0 1
0 0 0 0 0 0 0 0 0 0 0 0 0 0 0 0 0 0 0 0 0 0 0 0 0 0 0 0 0 0 0 0 0 0 0 0 0 0 0 0 0 0 1 0 0 0 0 0 0 0 1
0 0 0 0 0 0 0 0 0 0 1 0 0 0 0 0 0 0 0 0 0 0 0 0 0 0 0 0 0 0 0 0 0 0 0 0 0 0 0 0 0 0 0 0 0 0 0 0 0 0 1
0 0 0 0 0 0 0 0 0 0 0 0 0 0 0 0 0 0 0 0 0 0 0 0 0 0 0 0 0 0 0 0 0 0 0 0 0 0 0 0 0 0 0 0 0 0 1 0 0 0 1
0 0 0 0 0 0 0 0 0 0 0 0 0 0 0 0 0 0 0 0 0 0 0 0 0 0 0 0 0 0 0 0 0 0 0 0 0 0 0 0 0 0 0 0 0 0 0 0 0 1 1
0 0 0 0 0 0 0 0 0 1 0 0 0 0 0 0 0 0 0 0 0 0 0 0 0 0 0 0 0 0 0 0 0 0 0 0 0 0 0 0 0 0 0 0 0 0 0 0 0 0 1
0 0 0 0 0 0 0 0 0 0 0 0 0 0 0 0 0 0 0 0 0 0 0 0 0 0 0 1 0 0 0 0 0 0 0 0 0 0 0 0 0 0 0 0 0 0 0 0 0 0 1
0 0 1 0 0 0 0 0 0 0 0 0 0 0 0 0 0 0 0 0 0 0 0 0 1 0 0 0 0 0 0 0 0 0 0 0 0 0 0 0 0 0 0 0 0 0 0 0 0 0 2
0 0 0 0 0 0 0 0 0 0 0 1 0 0 0 0 0 0 0 0 0 0 0 0 0 0 0 0 0 0 0 0 0 0 0 0 0 0 0 0 0 0 0 0 0 0 0 0 0 0 1
0 0 1 0 0 0 0 0 0 0 0 0 0 0 0 0 0 0 0 0 0 0 0 0 0 0 0 0 0 0 0 0 0 0 0 0 0 0 0 0 0 0 0 0 0 0 0 0 0 0 1
0 0 0 0 0 0 0 0 0 0 0 0 0 0 0 0 0 0 0 0 0 0 0 0 0 0 0 0 0 0 0 0 0 0 0 0 0 0 1 0 0 0 0 0 0 0 0 0 0 0 1
0 0 0 0 0 0 0 0 0 1 0 0 0 0 0 0 0 0 0 0 0 0 0 0 0 0 0 0 0 0 0 0 0 0 0 0 0 0 0 0 0 0 0 0 0 0 0 0 0 0 1
0 0 0 0 0 0 0 0 0 0 0 0 0 0 0 0 0 0 1 0 0 0 0 0 0 0 0 0 0 0 0 0 0 0 0 0 0 0 0 0 0 0 0 0 0 0 0 0 0 0 1
0 0 0 0 0 0 0 0 0 0 0 0 0 0 0 0 0 0 0 0 0 0 0 0 0 0 0 0 0 0 0 0 0 0 0 0 1 0 0 0 0 0 0 0 0 0 0 0 0 0 1
0 0 0 0 0 0 0 1 0 0 0 0 0 0 0 0 0 0 0 0 0 0 0 0 0 0 0 0 0 0 0 0 0 0 0 0 0 0 0 0 0 0 0 0 0 0 0 0 0 0 1
0 0 0 0 0 0 0 0 0 0 0 0 0 0 0 0 0 0 0 0 0 0 0 0 0 0 0 1 0 0 0 0 0 0 0 0 0 0 0 0 0 0 0 0 0 0 0 0 0 0 1
0 0 0 0 0 0 0 0 0 0 0 0 0 0 0 0 0 0 0 0 0 0 0 0 0 0 0 0 0 0 0 1 0 0 0 0 0 0 0 0 0 0 0 0 0 0 0 0 0 0 1
0 1 0 0 0 0 0 0 0 0 0 0 0 0 0 0 0 0 0 0 0 0 0 0 0 0 0 0 0 0 0 0 0 0 0 0 0 0 0 0 0 0 0 0 0 0 0 0 0 0 1
0 0 0 0 0 0 0 0 0 0 0 0 0 0 0 1 0 0 0 0 0 0 0 0 0 0 0 0 0 0 0 0 0 0 0 0 0 0 0 0 0 0 0 0 0 0 0 0 0 0 1
0 0 0 0 0 1 0 0 0 0 0 0 0 0 0 0 0 0 0 0 0 0 0 0 0 0 0 0 0 0 0 0 0 0 0 0 0 0 0 0 0 0 0 0 0 0 0 0 0 0 1
0 0 0 0 0 0 0 0 0 0 0 0 0 0 0 0 0 0 0 1 0 0 0 0 0 0 0 0 0 0 0 0 0 0 0 0 0 0 0 0 0 0 0 0 0 0 0 0 0 0 1
0 0 0 0 0 0 0 0 0 0 0 0 0 0 0 0 0 0 0 0 0 0 0 0 0 0 0 0 0 0 0 0 0 0 0 0 0 0 0 0 0 0 0 0 0 0 0 0 1 0 1
0 0 0 0 0 0 0 0 1 0 0 0 0 0 0 0 0 0 0 0 0 0 0 0 0 0 0 0 0 0 0 0 0 0 0 0 0 0 0 0 0 0 0 0 0 0 0 0 0 0 1
0 0 0 0 0 0 0 0 0 0 0 0 0 0 1 0 0 0 0 0 0 0 0 0 0 0 0 0 1 0 0 0 0 0 0 0 0 0 0 0 0 1 0 0 0 0 0 0 0 0 3
0 0 1 1 0 1 1 0 1 0 1 0 1 1 1 0 0 0 0 1 0 0 1 0 0 1 1 0 1 0 1 1 1 1 0 0 0 0 1 1 1 0 1 0 0 0 0 0 1 0 23
1 0 1 0 1 0 1 0 1 0 0 0 1 1 0 0 0 0 0 0 0 0 1 0 1 0 0 0 1 0 0 0 1 0 1 0 0 1 1 1 1 1 1 1 1 0 0 1 0 1 22
0 1 1 0 0 0 1 1 1 0 1 0 1 1 1 0 1 0 0 1 0 1 0 1 0 0 1 1 1 0 0 0 1 1 1 1 1 1 0 1 1 0 0 1 0 0 0 1 0 0 26
0 0 0 0 1 1 0 1 0 1 0 1 0 0 0 0 1 1 1 1 0 0 0 1 1 1 1 1 1 0 0 1 1 0 0 1 0 1 1 0 1 1 0 0 1 1 0 0 0 1 25
0 0 0 0 0 0 1 1 1 1 1 1 0 1 0 0 0 1 0 1 0 0 1 1 1 0 1 1 0 0 1 0 0 1 1 0 0 0 0 0 1 1 0 1 1 1 0 1 1 0 24
1 0 1 1 0 1 1 0 0 1 1 0 1 0 0 0 0 0 1 0 1 1 0 1 1 1 0 0 1 1 1 0 0 1 0 0 1 0 1 0 0 1 0 0 0 0 0 0 1 0 22
0 1 1 1 0 0 1 0 1 0 0 1 0 0 1 0 1 0 0 0 1 1 1 0 0 0 0 0 0 0 0 1 1 1 1 0 0 1 1 1 1 0 1 0 1 0 1 1 0 1 24
1 1 1 1 0 1 1 0 1 0 1 1 1 1 1 1 1 0 1 0 0 0 0 1 0 1 1 1 1 1 0 0 1 0 1 0 0 1 0 1 1 1 1 0 1 0 1 1 1 1 33
0 1 0 0 1 0 1 0 1 1 1 0 0 0 1 1 1 1 1 1 0 1 0 0 0 0 0 0 1 0 0 1 0 0 1 0 1 0 0 0 0 0 0 1 1 0 1 0 0 1 21
0 0 1 0 1 1 0 1 0 0 0 0 1 1 1 0 0 1 0 1 1 1 0 1 1 0 1 0 0 0 0 1 0 1 1 0 1 1 0 0 1 0 1 1 1 0 1 1 0 1 26
0 1 1 0 1 0 1 0 1 0 1 1 1 0 0 1 1 1 1 0 0 0 0 0 0 1 0 0 1 1 1 1 1 1 1 0 0 0 1 1 0 1 0 1 0 0 1 0 0 1 26
1 0 1 0 0 1 1 1 0 0 0 1 0 1 1 0 1 1 1 1 0 1 1 0 0 1 1 0 1 0 1 0 1 1 0 1 1 0 1 1 1 1 1 0 0 1 1 1 1 1 32
0 1 0 1 1 1 1 1 1 1 1 0 0 0 1 0 0 1 0 1 0 0 0 1 1 0 1 1 1 1 0 0 1 0 1 0 1 1 0 0 1 0 1 0 1 1 1 1 0 0 28
0 0 0 1 0 1 0 0 1 0 1 0 0 1 0 0 1 0 0 1 1 0 0 1 0 1 0 1 0 0 1 1 1 0 1 1 0 1 1 0 1 0 1 1 1 1 1 1 0 1 26
1 0 1 0 1 0 0 1 1 0 0 1 1 1 0 1 0 1 1 1 0 1 0 1 0 0 0 0 0 0 0 1 1 0 0 1 0 1 1 0 0 1 0 0 0 1 0 1 1 0 23
1 0 1 1 0 1 0 1 0 1 1 1 1 0 0 0 1 1 1 0 0 1 1 0 0 1 0 1 0 0 1 1 1 0 1 1 1 1 0 0 1 0 0 1 1 0 0 0 0 1 27
0 0 0 0 0 1 1 1 1 1 1 1 0 1 1 0 0 1 1 0 0 1 0 0 0 0 1 0 1 0 1 1 0 1 0 1 0 0 0 0 0 0 0 1 1 0 0 0 1 0 21
0 1 1 0 1 0 1 1 1 1 1 1 0 1 0 0 1 1 1 0 0 0 0 1 0 1 0 1 0 0 0 1 0 0 1 1 1 1 1 0 0 1 0 1 0 1 0 1 0 1 27
1 1 1 1 1 0 0 1 1 1 0 1 1 1 0 0 0 0 0 0 1 1 1 1 1 1 1 0 1 1 0 0 1 1 0 1 0 0 1 0 0 1 0 1 0 0 0 0 1 1 28
1 1 0 0 0 0 0 1 1 0 1 1 0 1 1 1 0 1 1 0 0 1 0 0 0 0 1 1 1 1 1 1 0 1 0 1 0 1 1 0 0 1 1 1 1 0 0 1 0 0 27
0 1 0 0 1 1 1 1 1 1 1 1 0 0 0 0 1 0 1 0 1 1 0 1 0 0 1 0 0 1 0 1 0 0 0 1 1 0 1 1 1 0 1 1 0 1 0 1 1 0 27
0 0 1 0 0 0 1 1 1 1 1 1 0 0 0 1 0 0 1 0 0 1 1 1 0 0 0 0 1 1 1 1 1 1 1 1 0 0 0 0 0 0 1 1 1 1 0 0 1 1 26
0 0 1 1 1 0 0 0 1 0 0 1 1 1 0 0 1 1 1 0 0 1 0 1 0 0 1 1 0 1 1 0 1 1 1 0 1 0 1 1 1 1 1 1 0 1 1 1 1 0 30
0 0 0 1 1 1 0 0 1 0 1 1 1 1 1 0 1 0 1 0 0 1 1 0 1 0 0 1 1 0 1 0 1 0 0 1 0 0 1 1 1 0 1 0 0 1 1 0 0 1 26
0 1 0 0 1 0 0 1 1 1 0 0 0 0 0 1 1 0 0 0 1 0 0 0 0 1 1 1 0 1 0 0 1 0 0 1 0 1 0 1 1 1 0 1 0 1 1 0 1 0 22
1 0 1 0 1 0 1 0 1 0 1 0 1 0 1 0 0 0 0 1 0 1 0 0 1 1 1 0 1 1 0 1 0 0 0 0 1 1 0 1 1 0 1 1 1 0 1 1 1 1 27
1 0 1 1 1 0 1 1 1 0 1 0 1 1 1 0 1 0 1 0 0 1 0 0 0 1 0 1 0 0 1 1 1 1 0 0 0 0 0 1 0 1 0 1 0 1 0 0 0 1 25
1 0 0 1 1 0 1 0 0 0 1 0 0 1 0 0 0 0 0 1 1 1 0 0 1 1 0 1 0 0 0 1 1 1 0 0 1 1 0 1 0 1 0 1 1 1 0 0 1 1 24
1 0 1 0 0 0 1 0 1 1 0 1 0 1 0 1 1 1 1 0 1 1 0 1 1 1 1 0 0 0 0 1 1 1 0 0 0 1 1 1 0 1 0 1 1 1 0 0 1 1 29
0 0 1 1 0 0 1 0 0 0 0 0 1 0 0 1 1 1 0 1 0 1 1 1 1 0 0 1 0 1 1 1 0 0 1 0 0 0 0 0 0 1 0 1 1 1 0 1 0 0 22
1 1 0 0 1 1 1 1 1 0 1 0 1 1 1 0 0 1 1 0 1 0 1 1 1 1 1 1 0 1 1 0 0 0 0 0 0 1 1 1 1 0 1 1 1 1 0 0 0 0 30
0 1 0 1 1 0 1 0 1 1 0 0 1 1 0 0 0 1 0 1 0 0 1 1 1 0 1 0 0 0 0 0 1 0 0 0 0 1 1 1 0 0 0 0 1 1 0 0 0 1 21
1 1 0 0 1 1 1 0 1 1 0 0 1 1 0 0 0 1 0 0 0 0 1 1 0 1 1 0 0 0 1 1 1 0 0 1 0 1 1 0 0 0 1 0 0 0 0 0 0 1 22
0 0 1 0 0 1 1 0 1 0 0 0 0 0 1 0 1 1 1 1 0 0 0 1 1 0 0 1 0 1 1 1 1 1 1 1 1 1 1 1 0 1 0 0 1 1 1 1 0 0 28
1 0 1 1 0 1 1 1 1 0 1 0 1 0 1 1 1 0 1 0 1 0 1 1 0 0 1 0 1 0 1 1 1 1 0 1 1 1 0 0 0 1 0 0 1 1 1 0 1 0 30
1 0 0 1 0 0 1 0 1 0 1 0 1 1 0 1 0 1 0 0 1 1 0 1 0 0 0 0 1 0 1 0 1 1 0 1 1 0 1 1 1 0 1 0 0 1 0 1 0 1 25
0 0 1 0 1 0 1 0 0 0 1 1 0 0 0 0 0 1 0 1 1 0 1 1 0 1 1 1 1 0 1 0 1 1 0 0 0 1 1 0 0 1 1 0 0 0 0 0 1 1 23
1 1 1 0 0 1 1 0 1 0 0 1 0 1 0 0 1 0 1 0 0 0 1 0 0 0 0 1 1 1 1 0 0 0 1 1 1 0 1 1 1 0 1 1 0 1 0 1 1 0 26
1 0 1 1 0 0 0 1 0 1 0 0 1 0 0 0 1 1 0 0 0 0 0 0 1 1 1 0 1 0 0 1 0 0 0 0 0 1 0 1 1 1 0 1 0 1 0 0 1 1 21
1 0 0 0 1 1 0 1 1 1 0 0 1 1 1 0 1 0 1 0 1 1 0 0 0 1 1 0 1 0 0 1 0 0 0 0 0 0 0 1 1 0 0 0 1 1 1 0 1 1 24
1 1 1 0 1 0 0 0 1 0 1 1 1 0 1 1 0 1 0 0 1 0 0 0 0 1 1 0 1 1 1 1 1 0 1 0 1 1 1 1 0 1 0 1 1 0 1 1 0 0 29
0 1 0 0 1 0 1 1 1 1 1 1 0 0 1 1 0 1 0 0 0 0 0 1 0 0 1 1 0 1 1 0 0 0 1 1 1 0 0 0 1 0 1 1 1 1 1 0 1 0 26
1 1 0 1 0 1 1 1 1 1 1 1 0 1 1 0 1 0 1 0 0 0 1 1 0 0 0 0 0 0 1 0 0 1 0 0 1 0 0 1 1 1 0 1 1 1 1 0 0 1 27
0 0 1 1 1 1 1 0 0 1 0 1 0 0 0 0 0 1 0 1 0 1 1 0 1 0 0 1 0 1 0 1 1 0 0 1 0 1 1 0 0 1 1 1 0 1 0 0 0 0 23
0 1 1 0 0 1 0 1 0 1 0 1 0 1 1 1 1 0 1 0 1 1 1 1 1 0 0 0 0 1 1 1 0 0 1 1 1 0 0 0 1 1 0 1 1 0 1 1 1 1 30
0 0 0 1 1 1 1 0 1 0 1 0 0 1 0 1 1 0 1 1 1 1 0 0 1 1 1 0 1 0 0 0 1 0 0 1 1 0 1 0 0 1 0 0 1 1 1 1 0 0 26
0 0 1 1 0 0 0 0 1 1 0 1 0 1 1 0 0 1 0 0 0 0 1 0 1 0 1 0 0 1 1 1 0 0 1 1 0 1 1 0 0 0 1 0 1 0 0 1 1 1 23
1 1 0 1 1 1 1 0 0 1 0 1 1 0 1 0 0 0 0 1 0 1 0 1 0 0 1 0 0 1 0 0 1 1 0 0 0 1 1 1 1 1 0 1 0 1 1 0 1 0 26
1 1 0 1 1 0 1 1 0 0 0 0 0 0 1 1 0 1 0 1 0 1 0 1 1 1 1 1 1 1 1 0 1 1 0 1 1 0 1 1 1 0 1 1 1 1 1 1 0 1 33
1 0 0 1 1 0 0 1 0 1 0 1 1 0 1 1 0 1 1 0 1 0 1 1 1 1 1 0 0 1 0 0 1 1 0 0 1 1 1 0 0 1 1 1 1 0 0 1 1 1 30
0 0 1 1 0 0 0 1 1 0 0 1 1 1 0 0 1 0 1 0 1 0 1 1 0 1 0 0 0 1 0 0 0 1 0 0 0 1 1 1 0 0 0 1 1 0 0 0 0 0 20
1 0 0 0 1 1 1 1 0 1 0 1 0 1 1 0 1 1 1 1 0 0 0 1 0 1 1 1 0 0 1 1 1 0 1 1 1 0 1 1 0 0 0 0 1 0 1 1 1 1 30
1 1 1 1 0 0 1 0 0 1 1 0 1 1 1 0 0 0 0 0 1 1 1 0 0 0 1 0 0 1 0 1 0 0 1 1 0 1 0 1 1 1 0 1 0 1 1 0 1 1 27
1 0 1 1 0 0 0 0 0 1 1 1 0 0 1 0 0 1 1 1 0 0 1 0 0 0 0 1 0 1 0 0 0 1 0 1 1 0 1 1 1 0 1 0 0 0 0 1 0 0 21
0 1 0 1 0 0 1 1 1 0 0 0 1 0 0 1 0 1 1 1 1 0 1 1 0 0 1 0 1 0 1 1 1 1 1 1 0 1 1 0 1 1 0 0 0 0 0 1 0 1 27
0 0 1 0 1 1 0 1 0 0 1 1 0 0 0 1 0 1 0 1 1 1 1 0 1 1 0 0 1 1 0 0 1 1 0 1 1 1 1 1 1 0 1 1 0 1 1 1 0 1 30
0 1 1 1 0 0 1 0 0 1 0 1 1 1 1 0 1 1 0 1 0 1 0 1 0 1 1 1 1 1 0 0 0 0 1 1 1 1 1 0 1 1 1 0 1 0 0 0 0 1 29
1 1 1 0 0 1 0 1 0 0 1 0 0 1 0 0 0 1 0 0 0 0 0 1 0 0 0 0 1 0 0 1 1 1 1 1 1 1 0 1 1 1 1 0 0 1 0 1 1 0 24
1 0 0 1 1 0 0 0 0 1 0 0 1 1 1 0 0 0 1 0 0 0 1 0 1 1 0 0 1 0 0 1 1 0 0 1 0 1 1 1 0 1 0 0 0 1 0 0 1 0 21
1 1 0 1 1 0 0 0 1 0 0 0 1 1 0 0 0 1 0 0 1 0 1 0 1 1 0 1 1 0 1 1 1 1 1 0 0 0 1 0 1 1 0 0 1 0 1 0 0 0 24
1 0 1 1 0 1 0 0 1 0 0 1 1 0 1 0 0 1 0 0 0 0 1 1 0 0 1 1 1 1 1 0 0 1 1 1 1 1 1 0 1 0 1 0 1 1 0 1 0 1 28
0 1 1 0 1 1 1 0 1 0 0 1 0 1 1 1 0 1 1 1 1 0 1 1 0 1 1 1 1 1 1 0 1 0 1 1 1 0 1 0 1 1 0 0 1 0 0 0 0 1 31
32 30 39 33 35 29 39 32 42 33 33 37 33 37 33 22 29 38 33 27 25 31 30 36 26 31 37 30 34 30 33 35 40 32 29 36 31 37 42 34 37 37 30 36 37 36 29 31 31 37 1666
