1 0 0 0 0 0 1 1 1 1 5
0 1 0 0 0 1 1 1 1 1 6
0 0 0 0 0 0 1 1 1 1 4
0 0 1 0 1 0 1 1 1 1 6
0 0 0 0 0 0 1 1 1 1 4
0 0 1 0 0 0 1 1 1 1 5
0 0 1 0 0 0 1 1 1 1 5
1 1 0 0 0 0 1 1 1 1 6
0 0 0 0 0 0 1 1 1 1 4
1 0 0 0 1 0 1 1 1 1 6
0 0 0 0 1 0 1 1 1 1 5
0 0 0 0 1 0 1 1 1 1 5
0 1 1 0 0 1 1 1 1 1 7
0 0 0 0 0 0 1 1 1 1 4
0 0 0 0 1 0 1 1 1 1 5
0 1 0 0 0 0 1 1 1 1 5
0 0 0 0 0 0 1 1 1 1 4
0 0 0 0 0 0 1 1 1 1 4
0 0 1 0 0 0 1 1 1 1 5
0 0 0 0 0 0 1 1 1 1 4
0 0 0 0 0 0 1 1 1 1 4
1 0 0 0 0 0 1 1 1 1 5
0 1 0 0 0 0 1 1 1 0 4
0 0 0 0 0 0 1 1 1 1 4
1 1 0 0 0 1 1 1 1 1 7
0 0 0 0 0 1 1 1 1 1 5
1 0 0 0 0 0 1 1 1 1 5
0 1 0 0 0 0 1 1 1 1 5
0 1 0 0 0 0 1 1 1 1 5
0 0 0 0 0 0 1 1 1 1 4
0 1 0 0 0 0 1 1 1 1 5
0 0 0 0 0 0 1 1 1 1 4
1 0 0 0 0 0 1 1 1 1 5
0 1 1 1 0 1 1 1 1 1 8
0 0 0 0 0 0 1 1 1 1 4
1 1 0 0 0 0 1 1 1 1 6
0 0 1 0 0 0 1 1 1 1 5
0 0 1 0 0 0 1 1 1 1 5
0 0 0 0 0 0 1 1 1 1 4
0 0 0 0 0 0 1 1 1 1 4
0 0 0 0 0 1 1 1 0 1 4
1 0 1 0 0 0 1 1 1 1 6
0 0 1 0 0 1 1 1 1 1 6
0 1 0 0 0 0 1 1 1 1 5
1 1 0 0 0 0 1 1 1 1 6
0 0 0 0 1 0 1 1 1 1 5
0 0 0 0 0 1 1 1 1 1 5
1 1 0 0 1 0 1 1 1 1 7
0 0 0 0 0 0 1 1 1 1 4
1 0 0 0 0 0 1 1 1 1 5
12 14 10 1 7 8 50 50 49 49 250
