0 0 0 0 0 0 0 0 0 0 0 0 0 0 0 0 0 1 0 0 0 0 0 0 0 0 1 0 0 0 0 0 0 0 0 0 0 0 0 0 0 0 1 0 0 0 0 0 0 0 0 0 0 0 0 0 0 0 0 0 0 0 0 0 0 0 0 0 0 0 0 0 0 0 0 0 0 0 0 0 0 0 0 0 0 0 0 0 0 0 0 0 0 0 0 0 0 1 0 0 4
0 0 0 0 0 0 0 0 0 1 0 0 0 0 0 0 0 0 0 0 0 0 0 0 0 0 0 0 0 0 0 0 0 0 0 0 0 0 0 0 0 0 0 0 0 0 0 0 0 0 0 0 0 0 0 0 0 0 0 0 0 0 0 0 0 0 0 0 0 0 0 0 0 0 0 0 0 0 0 0 0 0 0 0 0 0 0 0 0 0 0 0 0 0 0 0 0 0 0 0 1
0 0 0 0 0 0 0 0 0 0 0 0 0 0 0 0 0 0 0 0 0 0 0 0 0 1 0 0 0 0 0 0 0 0 0 0 0 0 0 0 0 0 0 0 0 0 0 0 0 0 0 0 0 0 0 0 0 0 0 0 0 0 0 0 0 0 0 0 0 0 0 0 0 0 0 0 0 0 0 0 0 0 0 0 0 0 0 0 0 0 0 0 0 0 0 0 0 0 0 0 1
0 0 0 0 0 0 0 0 0 1 0 0 0 0 0 0 0 0 0 0 0 0 0 0 0 0 0 0 0 0 0 0 0 0 0 0 0 0 0 0 0 0 0 0 0 0 0 0 0 0 0 0 0 0 0 0 0 0 0 0 0 0 0 0 0 0 0 0 0 0 0 0 0 0 0 0 0 0 0 0 0 0 0 0 0 0 0 0 0 0 0 0 0 0 0 0 0 0 0 0 1
0 0 0 0 0 0 0 0 0 0 0 0 0 0 0 0 0 0 0 0 0 0 0 0 0 0 0 0 0 0 0 0 0 0 0 0 0 0 0 0 0 0 0 0 0 0 0 0 0 0 0 0 0 0 0 0 0 0 0 0 0 0 0 0 0 0 0 0 0 0 0 0 0 0 0 0 0 0 0 0 0 0 0 0 0 0 0 0 0 0 0 0 0 0 1 0 0 0 0 0 1
0 0 0 0 0 0 0 0 0 0 0 0 0 0 0 0 0 0 0 0 0 0 0 0 0 0 0 0 0 0 0 0 0 0 0 0 0 0 0 0 0 0 0 0 0 0 0 0 0 0 0 0 0 0 0 0 0 0 1 0 0 0 0 0 0 0 0 0 0 0 0 0 0 0 0 0 0 0 0 0 0 0 0 0 0 0 0 0 0 0 0 0 0 0 0 0 0 0 0 0 1
1 0 0 0 0 0 0 0 0 0 0 0 0 0 0 0 0 0 0 0 0 0 0 0 0 0 0 0 0 0 0 0 0 0 0 0 0 0 1 0 0 0 0 0 0 0 0 0 0 0 0 0 0 0 0 0 0 0 0 0 0 0 0 0 0 0 0 0 0 0 0 0 0 0 0 0 0 0 0 0 0 0 0 0 0 0 0 0 0 0 0 0 0 0 0 0 0 0 0 0 2
0 0 0 0 0 0 0 0 0 0 0 0 0 0 0 0 0 0 0 0 0 0 0 0 0 0 0 0 0 0 0 0 0 0 0 0 0 0 0 0 0 0 0 0 0 0 0 0 0 0 0 0 0 0 0 0 0 0 0 0 0 0 0 0 0 0 0 0 0 0 0 0 0 0 0 0 0 0 0 1 0 0 0 0 0 0 0 0 0 0 0 0 0 0 0 0 0 0 0 0 1
0 0 0 0 0 0 0 0 0 0 0 0 0 0 0 0 0 0 0 0 0 0 1 0 0 0 0 0 0 0 0 0 0 0 0 0 0 0 0 0 0 0 0 0 0 0 0 0 0 0 0 0 0 0 0 0 0 0 0 0 0 0 0 0 0 0 0 0 0 0 0 0 0 0 0 0 0 0 0 0 0 0 0 0 0 0 0 0 0 0 0 0 0 0 0 0 0 0 0 0 1
0 0 0 0 0 0 0 0 0 0 0 0 0 0 0 0 0 0 0 0 0 0 0 0 0 0 0 0 0 0 0 0 0 0 0 0 0 0 0 0 0 0 0 0 0 0 0 0 1 0 0 0 0 0 0 0 0 0 0 0 0 0 0 0 0 0 0 0 0 0 0 0 0 0 0 0 0 0 0 0 0 0 0 0 0 0 0 0 0 0 0 0 0 0 0 0 0 0 0 0 1
0 0 0 0 0 0 0 0 0 0 0 0 0 0 0 0 0 0 0 0 0 0 0 0 0 0 0 0 0 0 0 0 0 0 0 0 0 0 0 0 0 0 0 0 0 0 0 0 0 0 0 0 0 0 0 0 0 0 0 1 0 0 0 0 0 0 0 0 0 0 0 0 0 0 0 0 0 0 0 0 0 0 0 0 0 0 0 0 0 0 0 0 0 0 0 0 0 0 0 0 1
0 0 0 0 0 0 0 0 0 0 0 0 0 0 0 0 0 0 0 0 0 0 0 0 0 0 0 0 0 0 0 0 0 0 0 0 0 0 0 0 0 0 0 0 0 0 0 0 0 0 0 0 0 0 0 0 0 0 0 0 0 0 0 0 0 0 0 0 0 0 0 0 0 0 0 0 0 0 0 0 0 0 1 0 0 0 0 0 0 0 0 0 0 0 0 0 0 0 0 0 1
0 0 0 0 0 0 0 0 0 0 0 0 0 0 0 0 0 0 0 0 0 0 0 0 0 0 0 0 0 0 0 0 0 0 0 0 0 0 0 0 0 0 0 0 0 0 0 0 0 0 0 0 0 0 0 0 0 0 0 0 0 0 0 0 0 0 0 0 0 0 0 0 0 0 0 0 0 0 0 0 0 1 0 0 0 0 0 0 0 0 0 0 0 0 0 0 0 0 0 0 1
0 0 0 0 0 0 0 0 0 0 0 0 0 0 0 0 0 0 0 0 0 0 0 0 0 0 0 0 0 0 0 0 0 0 0 0 0 0 0 0 0 0 0 0 0 0 0 0 0 0 0 0 0 0 0 0 0 0 0 0 0 0 0 0 0 0 0 0 0 0 0 0 0 0 0 0 0 0 0 0 0 0 0 0 0 0 0 0 0 0 0 0 1 0 0 0 0 0 0 0 1
0 0 0 0 0 0 0 0 0 0 0 0 0 0 0 0 0 0 0 0 0 0 0 0 0 0 0 0 0 0 0 0 0 0 0 0 0 0 0 0 0 0 0 0 0 0 0 0 0 0 0 0 0 0 0 0 0 0 0 0 0 0 0 0 0 0 0 0 0 0 0 0 0 0 0 0 0 0 0 0 0 0 0 0 0 0 0 0 0 0 0 0 0 0 0 0 0 0 0 1 1
0 0 0 0 0 0 0 0 0 0 0 0 0 0 0 0 0 0 0 0 0 0 0 0 0 0 0 0 0 0 0 0 0 0 0 0 0 0 0 0 0 0 0 0 0 0 0 0 0 0 0 0 0 0 0 0 0 0 0 0 0 0 0 0 0 0 1 0 0 0 0 0 0 0 0 0 0 0 0 0 0 0 0 0 0 0 0 0 0 0 0 0 0 0 0 0 0 0 0 0 1
0 0 0 0 0 0 0 0 0 0 0 0 0 0 0 0 0 0 0 0 0 0 0 0 0 0 0 0 0 0 0 0 0 0 0 0 0 0 0 0 0 0 0 0 0 0 0 0 0 0 0 0 0 0 0 0 0 0 0 0 0 0 0 0 0 0 0 0 0 0 0 0 0 0 0 0 0 0 0 0 0 0 0 0 0 0 0 0 0 0 0 0 0 0 1 0 0 0 0 0 1
0 1 0 0 1 0 1 0 1 0 0 1 0 0 0 0 1 1 0 1 0 0 1 0 0 0 0 1 0 1 1 1 0 1 1 1 1 0 1 0 0 0 1 0 1 1 0 0 0 1 1 0 0 1 0 1 0 1 0 1 0 0 0 0 1 0 0 1 1 1 0 1 0 1 0 0 1 1 1 1 0 0 0 0 1 1 0 0 1 1 0 1 0 1 0 0 1 1 0 0 45
0 0 0 1 0 1 1 0 1 0 0 0 0 0 0 1 0 0 1 1 1 0 1 1 1 1 0 1 1 0 0 0 0 1 0 1 1 1 1 1 0 1 0 1 0 1 0 0 0 0 0 1 0 1 1 1 1 1 0 1 1 1 0 0 1 0 0 1 0 1 1 0 0 0 0 0 1 1 0 0 1 1 1 0 0 0 0 1 0 1 1 1 0 1 0 0 1 1 1 1 50
0 0 1 1 1 0 0 1 1 0 1 1 0 1 0 1 0 1 1 1 1 0 1 0 1 1 0 1 0 1 0 0 1 1 1 1 0 1 0 1 1 0 1 1 0 0 1 1 0 0 0 0 0 0 0 1 1 0 1 1 0 0 1 1 0 0 0 1 1 1 0 1 0 1 0 0 0 1 0 0 0 1 0 0 1 1 1 0 1 1 1 1 0 0 1 1 1 0 1 0 53
1 0 0 0 0 1 1 1 0 1 1 1 0 1 1 0 0 0 0 1 0 0 1 0 0 0 1 1 1 0 0 0 0 0 1 0 0 1 1 1 1 0 1 0 0 1 0 0 0 0 0 1 0 0 1 1 1 0 0 1 1 0 1 1 1 1 1 0 1 0 1 0 0 0 0 0 0 1 1 1 1 1 0 0 1 1 0 0 0 0 0 1 0 1 0 1 0 0 0 1 45
1 0 1 0 0 1 0 0 1 0 0 1 1 1 1 0 1 0 1 0 1 0 0 1 1 0 1 1 1 1 1 0 1 0 1 1 0 1 1 1 1 1 1 0 1 0 0 0 0 1 1 0 0 1 1 0 0 0 0 1 1 1 0 0 0 1 1 1 1 0 0 0 1 0 0 0 1 0 0 0 0 0 0 1 1 0 0 0 0 1 0 0 1 1 0 1 0 1 0 1 49
1 1 0 1 0 1 1 0 0 0 1 1 0 0 1 1 0 0 1 1 1 0 1 1 1 0 1 0 1 1 1 1 0 0 0 1 0 1 0 0 0 0 1 1 1 0 0 1 0 0 0 0 1 1 1 1 0 0 0 1 1 1 0 0 1 0 0 0 0 1 0 1 1 1 1 0 1 1 0 1 0 1 0 0 1 0 0 1 1 1 1 1 1 0 1 0 1 1 1 1 55
0 1 1 1 1 1 1 1 0 1 0 0 1 1 0 1 1 1 1 0 1 0 1 0 0 0 1 0 0 1 1 1 1 0 1 0 0 1 0 1 0 0 0 1 1 0 1 1 0 1 0 0 0 1 0 1 0 0 0 1 0 0 1 1 0 0 1 1 0 0 1 0 1 1 1 0 0 0 0 1 0 0 0 1 0 1 0 1 1 0 0 0 1 0 1 0 0 1 1 0 49
1 1 1 0 1 0 1 0 0 1 1 0 0 1 0 0 0 1 1 1 0 0 1 0 1 1 1 1 0 0 0 1 1 1 1 1 0 1 1 1 0 0 0 0 1 1 1 1 0 0 0 0 0 1 1 0 0 0 1 1 0 1 0 1 0 0 0 1 1 1 1 0 0 0 1 1 1 0 1 0 0 1 0 0 1 1 0 1 1 0 0 0 1 0 1 1 0 1 0 0 51
0 1 0 0 0 0 0 0 1 1 1 0 1 1 1 0 1 1 1 0 0 1 1 0 1 0 0 1 1 0 1 1 1 1 1 0 1 0 0 0 0 0 1 0 1 0 1 0 1 1 1 1 0 0 0 0 0 0 1 0 0 0 0 0 1 0 0 1 1 1 1 0 1 1 1 1 0 1 0 0 1 1 0 0 1 1 0 1 1 0 1 0 1 1 0 0 1 0 1 1 51
0 1 1 1 0 1 0 0 1 1 1 0 1 0 1 0 1 0 1 0 0 1 0 1 0 1 0 1 0 1 1 0 1 0 1 1 1 0 0 0 0 0 0 1 0 0 0 1 1 1 1 1 0 0 1 1 1 0 1 1 0 0 0 0 1 0 1 1 0 1 1 0 0 0 1 0 0 0 1 1 0 0 1 1 1 0 1 0 0 0 1 1 0 1 0 0 0 0 0 1 48
1 0 1 0 0 1 1 1 1 0 0 1 1 1 0 0 0 1 0 1 1 0 0 0 1 1 1 0 0 1 0 1 1 0 0 0 0 1 0 0 0 0 0 0 0 1 1 0 0 1 1 0 0 0 0 1 1 1 0 0 1 1 0 1 1 0 0 0 0 1 0 1 1 1 0 0 1 0 0 1 1 1 0 0 0 1 1 0 0 1 0 1 0 0 1 1 1 1 1 0 47
0 1 1 0 1 0 1 0 1 0 1 1 1 1 1 0 0 0 1 0 0 1 0 0 0 0 0 0 1 1 0 0 0 0 1 1 1 0 1 0 0 0 1 1 0 1 0 1 0 1 1 0 0 0 1 1 1 1 0 1 0 1 0 0 1 0 1 0 1 1 0 1 1 1 1 0 1 0 1 1 1 1 0 1 1 0 0 1 1 0 1 1 1 1 1 0 1 1 1 1 56
1 1 0 0 0 0 0 0 0 1 1 0 0 1 1 1 0 0 0 0 0 1 1 1 0 0 1 0 0 1 1 1 1 1 1 0 1 0 0 0 1 0 1 1 1 1 0 0 0 1 1 0 1 1 1 0 0 1 1 0 0 0 1 1 0 0 1 1 1 0 0 1 1 1 0 1 1 1 1 0 0 0 0 0 1 1 0 1 0 0 0 1 0 0 0 1 0 0 1 0 48
0 1 1 0 1 0 0 0 1 1 1 0 1 1 0 0 1 1 0 0 0 0 0 1 1 0 0 0 0 0 0 1 1 0 1 1 1 0 0 0 0 0 1 1 0 1 0 1 0 0 0 1 1 1 1 0 1 0 0 1 1 1 1 1 1 0 0 0 1 0 0 1 1 1 0 0 1 0 0 0 1 0 1 0 0 1 0 0 1 1 0 0 0 1 1 1 0 1 0 0 46
0 1 1 1 0 0 0 1 1 0 1 0 0 0 1 1 0 1 1 0 1 1 0 1 1 0 0 0 0 0 0 0 0 0 1 0 1 0 0 0 1 1 1 0 0 1 1 0 0 0 0 0 0 0 0 1 0 1 0 0 1 1 1 1 1 0 0 1 1 0 1 1 0 1 0 0 1 1 1 1 1 0 1 1 1 1 0 0 0 1 1 1 1 1 1 0 1 0 0 1 50
1 0 1 0 0 1 1 0 1 0 1 0 1 0 1 0 1 1 1 1 0 1 0 0 1 0 1 1 1 1 0 1 1 1 1 0 0 0 1 0 1 0 0 1 0 0 1 1 1 0 1 0 0 1 1 0 1 1 1 0 1 0 0 1 1 0 1 1 1 0 1 0 1 0 0 1 0 1 0 1 1 0 1 0 1 0 1 1 0 1 0 1 1 1 0 1 0 0 0 1 56
0 1 1 0 0 0 0 0 1 0 1 0 1 0 1 0 0 0 0 1 1 1 1 1 1 0 1 0 0 0 0 1 1 0 0 1 0 0 1 0 0 1 1 1 1 1 1 1 0 1 0 0 1 1 1 1 1 1 1 0 1 0 1 0 1 1 1 0 0 0 0 0 1 1 0 1 1 0 1 1 1 0 1 0 0 0 1 1 0 0 0 1 1 1 0 1 1 1 1 0 54
1 0 0 0 0 1 1 1 0 1 0 0 0 0 1 1 0 0 0 0 0 0 1 1 1 0 0 1 1 0 0 1 0 1 1 0 0 1 0 1 0 1 1 1 1 1 1 0 1 0 1 0 0 0 1 0 0 1 1 1 0 1 0 1 0 1 0 1 1 1 1 1 0 0 1 1 0 0 0 1 1 0 1 1 1 1 1 1 0 0 0 1 0 1 1 0 0 0 1 1 52
0 0 1 0 1 1 1 1 0 0 0 0 0 0 1 1 0 0 1 0 0 0 0 1 0 0 0 0 0 1 0 0 0 1 1 1 0 1 0 1 0 1 0 0 1 0 0 0 0 0 1 1 0 1 1 1 0 1 1 0 1 1 1 0 0 1 0 0 0 1 0 0 0 1 0 1 0 0 0 1 1 1 0 0 0 1 1 0 0 1 0 1 0 0 1 0 1 1 1 0 42
0 1 1 0 0 0 1 0 1 1 0 0 0 0 0 1 0 0 1 1 1 1 1 1 0 0 0 1 0 0 0 1 1 0 0 1 0 1 0 1 0 1 0 0 1 1 1 1 0 1 1 0 1 0 0 0 0 1 1 1 0 1 0 1 0 0 0 1 0 1 0 1 0 0 0 0 1 0 0 0 1 1 0 0 1 1 1 1 0 0 0 1 1 1 0 0 1 0 0 1 46
1 0 1 1 0 0 0 1 0 0 0 0 0 1 1 0 1 1 1 0 0 0 0 1 1 0 0 0 1 0 1 1 0 0 1 1 1 0 0 0 1 0 0 1 0 0 0 1 0 1 1 0 1 1 0 0 1 0 0 1 1 0 0 1 1 0 0 0 1 0 1 1 1 1 0 0 0 1 1 1 0 1 0 1 1 1 0 1 0 0 1 1 0 1 1 0 0 1 1 0 48
0 1 0 1 0 1 1 0 0 1 1 0 0 0 0 0 0 0 1 1 0 0 1 1 1 1 1 1 1 1 0 0 1 1 1 1 0 1 0 1 0 0 1 0 1 0 1 1 1 1 0 1 1 1 1 1 0 1 1 0 1 1 1 0 1 1 1 0 0 1 1 1 0 1 0 1 0 0 1 1 1 1 1 1 0 0 1 0 1 0 1 1 1 0 1 0 1 0 0 0 59
1 1 1 1 0 0 1 1 0 0 0 1 1 1 1 0 0 1 0 0 0 1 1 0 1 1 1 0 1 0 0 0 0 0 0 1 0 0 0 1 0 0 0 0 0 1 1 1 0 1 0 0 0 1 1 0 0 0 1 0 1 1 1 1 1 1 0 0 0 0 1 0 0 0 1 1 0 1 0 0 0 1 0 1 0 0 1 1 1 0 1 1 1 0 1 1 0 1 0 1 48
1 0 0 1 1 0 0 0 0 1 1 1 0 0 1 0 0 0 1 0 0 0 1 0 0 1 0 1 1 1 0 0 1 1 0 1 0 0 0 0 0 1 0 0 0 0 0 1 1 1 1 1 0 1 0 1 1 1 0 0 0 0 0 0 1 1 1 0 0 1 1 0 0 1 0 0 0 0 0 1 0 0 0 0 0 0 0 0 0 1 0 1 0 1 0 1 0 1 1 1 40
0 0 1 0 1 1 0 0 0 0 0 0 0 0 0 1 0 0 0 1 1 0 1 1 0 0 0 1 0 1 1 1 1 0 0 0 1 0 1 1 1 0 0 0 1 1 1 1 1 0 1 0 1 1 1 1 1 1 1 0 1 0 1 1 0 1 0 0 1 0 0 1 1 1 1 1 1 0 0 1 0 0 1 1 1 0 0 0 1 0 1 1 1 0 1 1 0 0 1 0 52
1 0 0 1 1 1 0 0 1 1 1 0 1 0 1 1 1 0 1 0 0 1 1 1 0 1 1 0 1 0 1 1 1 0 0 1 1 0 1 1 0 0 0 1 0 0 0 0 0 0 0 0 0 0 0 1 0 0 1 0 1 0 1 0 0 1 0 0 1 1 0 1 0 0 0 1 0 1 1 0 1 1 0 0 1 1 1 1 1 1 0 0 1 1 0 0 0 1 1 0 49
1 0 1 1 0 1 0 0 1 0 1 1 0 0 0 0 1 0 1 1 1 1 1 1 0 1 0 0 0 0 1 1 0 0 1 0 1 1 1 1 1 0 0 0 0 0 1 1 1 0 0 1 0 1 1 0 0 1 1 0 1 1 0 1 1 0 1 1 0 1 0 0 0 1 0 0 0 1 0 1 1 1 0 0 0 0 0 0 1 0 0 0 0 0 0 1 1 0 0 1 47
0 1 0 1 0 1 0 1 1 1 0 1 0 0 1 1 1 1 0 0 0 1 0 0 0 0 1 1 0 1 1 1 0 0 1 0 0 1 0 1 1 0 1 1 1 1 1 1 1 1 0 0 1 0 1 1 0 0 1 0 1 1 1 1 0 0 1 1 0 0 1 1 1 1 0 0 0 1 0 0 1 0 0 1 1 0 0 0 0 0 1 1 1 1 0 1 0 1 1 1 55
1 1 1 0 1 0 1 1 1 0 0 0 0 0 0 0 0 0 0 0 1 0 1 0 0 0 1 1 1 0 0 1 0 1 1 1 1 1 0 0 1 0 0 0 0 0 0 1 0 1 0 0 1 1 1 1 1 0 0 1 1 1 0 0 1 1 0 0 0 1 0 0 1 1 0 1 1 0 1 0 0 0 0 0 0 0 1 1 0 1 0 0 0 1 1 0 0 0 0 1 43
1 1 1 1 0 1 0 1 0 1 1 1 1 1 1 1 0 0 1 0 0 0 1 0 1 1 1 1 1 1 0 1 1 0 0 1 1 0 1 1 0 0 0 0 1 1 1 1 1 0 1 1 0 0 0 0 1 0 0 1 1 1 1 1 1 1 0 0 1 0 1 0 0 0 0 1 0 0 1 0 1 0 0 1 0 1 1 0 1 0 1 0 0 1 1 0 0 0 0 0 54
0 0 0 1 1 0 0 1 0 0 1 0 0 0 0 1 1 1 0 1 1 1 0 1 0 0 0 1 0 1 1 1 1 1 1 1 0 1 1 1 1 1 0 1 0 0 0 0 0 1 0 1 1 0 0 1 0 0 1 0 0 1 0 0 1 0 1 0 1 0 0 0 1 1 0 0 1 0 0 1 1 1 1 0 1 0 0 1 0 0 1 1 1 0 1 1 0 1 1 0 50
0 0 0 0 0 0 1 0 0 0 0 0 0 1 1 0 1 0 1 0 0 0 1 1 1 0 1 1 1 0 1 1 1 0 1 0 1 0 0 0 0 0 0 1 1 1 0 1 0 0 1 1 1 1 0 1 1 0 1 0 0 1 1 0 1 1 1 1 0 0 1 0 0 0 0 0 1 0 0 1 1 0 1 1 1 1 1 1 1 1 1 0 0 0 0 1 1 0 1 0 49
1 1 0 0 0 0 1 1 0 1 0 0 1 0 0 1 0 1 1 1 1 0 1 1 1 0 0 0 1 1 0 1 1 0 0 1 1 0 0 1 0 0 1 1 1 1 1 0 0 1 0 1 0 1 0 1 0 0 1 1 1 1 0 0 1 0 1 0 1 0 0 0 1 1 0 1 1 0 1 1 0 0 0 0 0 1 0 0 0 0 0 1 0 1 1 0 0 1 1 0 49
1 1 1 0 0 1 0 1 1 1 0 1 0 0 1 1 1 1 1 0 0 1 1 0 0 0 0 1 0 0 1 1 0 0 0 0 1 1 0 0 1 1 0 1 0 0 1 1 0 1 0 1 0 0 1 0 1 1 0 1 1 0 1 0 0 0 0 0 0 0 1 1 1 0 0 1 0 1 1 0 0 0 1 1 1 0 1 1 1 1 1 0 0 1 1 0 0 0 1 1 51
0 1 1 0 0 0 1 0 1 1 0 1 1 0 0 0 0 0 1 0 1 1 0 1 0 1 0 1 1 0 0 0 0 0 1 0 0 1 1 0 1 1 1 0 1 1 0 1 0 1 0 1 1 1 1 1 1 1 1 1 1 0 1 0 1 1 1 0 0 1 0 0 0 1 1 0 1 1 0 0 1 1 1 0 0 0 1 0 1 1 0 1 1 1 0 0 1 1 0 0 54
1 1 0 1 1 1 1 1 0 1 0 1 0 1 0 1 0 1 0 0 0 1 1 1 0 0 1 1 1 0 0 1 0 0 1 0 1 1 0 0 0 1 0 0 0 1 0 0 0 1 0 0 0 0 0 0 0 1 1 1 1 0 0 1 0 1 0 1 1 0 1 0 1 0 0 1 0 1 1 1 1 1 0 1 1 1 1 0 0 1 1 0 0 1 1 1 0 0 0 0 50
1 1 0 1 0 1 1 1 1 1 1 1 1 1 0 0 1 1 0 1 0 0 0 1 0 1 1 0 1 0 0 0 1 0 1 0 1 0 1 0 0 0 0 1 1 1 0 0 0 0 1 0 1 1 0 1 1 1 1 0 1 0 0 0 1 0 0 0 1 1 0 0 0 1 0 1 1 1 1 1 0 1 0 1 1 1 0 0 0 1 1 1 1 0 0 1 1 0 0 0 53
0 0 0 0 0 0 1 0 1 0 0 1 0 0 0 1 1 1 1 1 0 1 0 0 1 1 0 0 0 0 0 1 1 1 1 1 0 1 0 0 0 0 0 1 1 1 0 1 0 1 0 1 1 0 0 0 1 1 1 1 1 1 1 0 0 0 1 1 0 1 0 0 0 1 0 0 1 0 1 1 0 1 0 0 1 0 0 1 1 1 0 1 1 0 1 0 1 1 1 1 50
1 1 1 0 0 0 1 0 0 0 0 1 0 0 0 1 0 0 1 0 0 0 1 0 0 1 0 0 0 1 1 1 0 0 0 0 1 1 1 1 0 0 0 0 0 1 1 1 0 0 1 0 1 1 0 1 1 0 0 0 1 0 0 1 0 1 0 0 1 0 1 0 1 0 1 1 1 1 1 1 1 1 0 1 1 1 1 1 1 1 1 1 0 1 0 1 0 0 1 0 50
1 1 1 0 1 1 1 1 1 1 0 0 1 0 0 0 1 0 1 1 0 0 0 1 1 1 0 0 1 0 1 0 1 0 1 1 0 1 0 0 0 1 0 0 1 1 1 0 1 0 1 1 1 1 0 0 0 0 1 1 0 1 0 1 0 0 1 0 0 0 0 0 1 0 0 0 0 0 0 0 0 1 0 1 0 1 0 0 0 0 1 1 0 1 1 0 0 1 0 1 46
0 0 0 0 1 0 1 1 1 1 1 1 0 1 0 1 0 1 0 1 0 0 0 0 0 1 1 0 0 0 0 0 0 1 0 1 0 0 1 0 1 0 1 0 1 0 1 1 0 0 1 0 1 1 1 1 0 0 1 1 1 0 0 0 0 1 1 0 0 0 0 1 0 1 1 1 1 0 1 0 1 1 1 1 1 1 0 1 0 1 1 1 0 1 0 1 0 0 0 0 49
0 0 1 0 0 0 1 1 0 1 1 1 1 1 0 1 1 0 0 1 1 1 0 1 0 0 0 1 0 0 0 1 1 0 0 0 0 0 0 1 1 1 0 0 0 1 1 0 1 1 1 1 1 1 1 1 0 0 1 0 0 0 0 0 0 0 1 0 1 1 1 0 1 0 1 1 0 0 1 1 1 0 1 0 0 1 0 1 1 1 0 0 0 1 1 1 0 1 1 1 52
0 0 0 0 1 1 0 0 1 1 1 0 0 1 0 0 1 1 0 1 1 0 1 1 1 0 1 1 1 0 0 0 0 1 0 0 1 1 0 0 1 1 1 1 1 1 1 1 0 1 1 1 0 0 1 1 0 1 0 0 0 1 1 1 0 1 1 0 1 0 1 1 1 0 1 1 0 1 0 1 0 0 1 1 1 0 0 0 1 0 0 1 1 1 0 1 0 1 0 1 56
0 0 1 1 0 1 0 1 1 0 1 1 0 1 0 1 0 0 0 0 1 1 1 0 0 0 0 0 0 0 1 1 0 0 0 0 1 1 1 1 1 0 0 1 1 0 0 1 1 0 0 0 1 0 1 0 0 1 0 1 1 1 1 1 1 1 1 0 0 1 1 1 1 1 1 1 1 0 0 0 1 0 1 0 0 1 1 1 0 1 1 1 0 1 1 0 1 1 0 0 54
0 0 1 0 0 0 1 1 0 1 1 1 0 0 1 1 1 1 1 0 1 0 1 0 0 0 0 0 0 0 0 0 0 1 0 0 0 0 1 0 1 1 1 1 1 0 0 0 0 0 0 0 0 1 0 1 0 0 1 1 0 0 1 1 1 1 0 0 0 0 1 0 0 1 0 0 0 1 1 1 1 0 1 0 0 0 1 1 1 0 0 1 1 0 0 0 1 1 1 0 43
1 1 1 0 0 1 1 1 0 1 1 0 0 1 1 0 0 0 0 0 0 0 1 1 0 0 1 0 1 1 1 1 0 1 1 1 1 0 1 1 1 1 0 1 1 0 0 1 1 0 1 0 0 0 1 1 1 1 1 1 1 0 1 1 1 1 1 1 0 1 1 1 1 0 0 0 1 0 1 1 0 0 0 0 0 1 1 0 0 0 0 1 1 1 0 0 1 0 0 1 57
1 1 0 1 1 1 0 0 0 0 1 0 0 1 0 0 1 0 1 1 1 0 1 1 1 1 1 1 1 0 1 1 0 1 0 0 1 1 1 0 0 0 0 0 0 0 0 0 1 0 0 1 0 1 1 0 0 1 0 1 1 0 0 0 1 0 1 0 0 0 1 0 0 1 1 1 0 0 1 0 1 0 1 0 0 0 1 1 1 1 1 1 1 1 0 0 1 1 0 1 51
0 0 1 1 1 1 0 0 1 1 0 0 0 1 1 1 0 0 1 1 1 1 0 0 1 1 1 1 0 0 0 1 0 1 0 0 0 0 0 0 0 1 0 0 1 1 0 1 1 1 1 1 1 0 0 0 0 0 1 1 0 0 0 1 1 0 0 1 0 1 0 1 0 0 1 1 1 1 1 0 0 1 1 0 0 0 0 0 1 1 1 1 1 0 1 1 0 1 0 0 50
1 1 1 1 1 1 1 0 1 1 1 0 1 1 1 1 0 0 0 1 1 1 0 0 0 0 1 1 1 0 1 1 0 0 0 1 0 1 1 0 0 0 0 0 0 1 0 0 0 1 1 1 0 0 0 0 0 0 0 1 1 0 1 0 0 0 1 1 1 1 1 0 0 1 0 1 1 1 0 1 0 0 0 0 0 0 0 1 1 1 1 0 0 0 1 1 0 1 1 1 51
1 0 1 1 0 0 0 1 0 1 1 1 1 1 0 1 0 0 0 1 1 0 0 0 1 0 1 1 0 1 0 1 1 1 0 0 0 0 1 0 0 0 1 1 0 0 0 0 1 0 0 0 1 1 1 1 0 1 0 1 0 0 0 0 1 1 0 1 1 0 0 0 0 0 0 1 1 0 1 1 0 1 0 0 0 0 0 0 1 1 0 1 1 0 0 0 1 1 1 0 45
1 1 0 0 0 0 1 0 0 0 1 1 0 1 1 1 1 0 1 1 1 0 0 0 0 1 0 1 0 0 0 1 0 1 1 1 0 1 0 0 1 0 0 0 0 0 1 0 0 0 0 1 1 0 0 0 1 0 1 0 0 0 0 1 0 0 0 0 0 1 1 1 0 1 1 1 1 1 0 1 1 1 1 0 0 1 0 0 1 0 0 1 0 1 1 0 0 0 0 1 44
0 1 1 1 1 1 0 1 0 1 0 0 0 0 0 1 0 1 0 1 0 1 0 0 0 0 1 1 1 1 1 1 0 0 0 0 0 1 1 1 0 0 1 1 0 0 0 0 1 0 1 1 0 0 1 0 0 1 1 0 0 0 1 1 0 1 0 1 0 1 1 1 1 0 1 0 0 0 0 0 1 0 1 1 0 1 1 0 0 0 1 1 0 0 1 1 0 0 0 1 47
0 0 0 0 1 1 0 1 1 0 1 0 1 1 1 1 0 1 1 0 0 0 1 1 1 0 0 0 1 1 1 1 0 1 1 1 1 0 0 0 1 1 1 0 1 1 1 1 1 1 1 1 0 0 1 0 1 0 1 1 1 1 0 1 1 0 0 1 1 1 1 0 1 1 1 1 1 0 1 1 1 0 0 0 1 1 1 1 0 1 1 1 0 0 1 1 0 1 1 0 64
0 0 1 1 1 0 1 1 1 0 1 1 0 1 0 0 1 0 1 1 0 1 0 1 1 1 1 0 0 1 1 0 1 1 0 1 1 1 1 1 0 0 0 0 0 0 1 1 1 1 0 0 0 1 0 0 1 1 1 1 1 1 0 1 1 1 1 1 0 1 1 0 0 1 0 1 0 0 0 1 1 0 1 0 0 0 1 0 1 0 0 0 0 0 0 1 1 0 0 0 53
0 1 0 1 1 0 0 1 0 1 0 0 1 0 0 1 1 1 0 0 1 1 0 1 0 0 0 0 0 1 1 0 0 0 0 0 1 1 0 1 1 1 0 1 0 0 1 1 1 0 0 1 1 1 0 0 1 0 1 0 0 1 0 1 1 0 1 0 0 0 1 1 0 1 0 1 1 1 1 0 0 0 0 0 1 0 1 1 1 0 1 0 0 1 1 0 1 1 1 1 50
0 0 0 0 0 1 1 0 1 0 1 0 1 1 1 1 0 0 0 0 0 1 1 0 1 0 1 0 0 0 0 0 1 1 1 1 0 0 1 0 0 0 1 0 1 0 0 0 0 0 1 0 1 1 1 0 0 1 1 1 0 0 1 1 1 1 1 0 0 1 1 1 1 0 0 0 0 0 1 0 1 0 1 0 0 1 0 0 1 1 0 0 1 1 1 1 0 0 1 0 46
1 1 0 0 1 0 0 1 1 0 0 0 0 1 1 0 0 0 1 1 0 1 1 1 1 0 0 0 1 0 0 0 0 0 1 1 0 1 0 1 0 0 0 0 0 0 1 1 0 1 1 0 0 0 0 1 0 1 1 0 1 1 0 1 1 1 1 1 1 0 1 0 0 1 1 0 1 0 1 1 1 0 1 0 1 1 1 1 1 0 1 1 1 0 1 1 0 0 1 1 53
1 1 1 1 1 1 0 0 1 1 0 0 0 1 0 0 1 0 1 1 0 1 0 1 1 1 0 0 1 0 1 0 0 0 1 1 1 0 0 1 0 1 0 0 1 1 0 0 0 0 0 0 0 0 0 0 1 0 1 1 0 1 0 1 0 1 1 0 1 1 0 1 1 0 0 1 1 1 0 0 1 1 0 0 1 0 0 0 0 0 1 1 1 0 1 1 0 1 0 0 48
0 1 1 0 1 1 1 0 1 0 1 0 0 0 1 1 0 1 0 1 0 0 1 0 1 1 1 0 0 0 0 1 1 0 1 0 1 0 1 0 1 0 1 0 1 0 1 0 0 0 0 0 0 1 1 1 0 0 0 0 0 1 0 1 0 0 1 0 1 0 0 1 1 1 1 0 0 0 0 0 0 0 1 1 1 0 1 0 1 0 0 0 1 0 1 1 1 1 0 1 46
1 0 0 0 0 1 0 0 0 1 1 0 0 1 1 0 1 0 0 0 0 0 1 0 0 1 0 1 1 0 0 1 1 0 1 0 0 0 0 0 0 1 1 1 1 0 1 1 0 0 1 0 0 0 1 0 0 1 1 0 0 0 1 0 1 0 1 0 0 0 0 1 1 0 1 1 1 0 1 0 0 1 1 1 1 0 0 0 0 1 0 0 1 1 0 0 0 0 0 0 40
0 0 1 1 0 0 0 0 0 1 1 0 0 0 1 1 1 0 0 0 0 0 0 1 1 1 1 0 1 0 1 1 1 1 0 1 1 0 0 1 1 0 1 1 1 1 1 0 0 1 1 1 1 1 0 1 1 1 0 0 1 0 1 0 0 0 0 0 1 1 1 0 0 0 0 1 1 1 0 0 1 0 0 1 0 0 0 0 0 0 1 1 0 0 0 1 1 1 1 1 50
0 1 0 1 1 0 0 0 0 0 1 1 0 0 1 0 0 1 0 0 1 1 0 1 0 0 1 0 0 1 1 0 0 0 1 1 1 0 0 0 1 0 0 1 1 1 0 0 1 1 0 0 1 1 0 0 0 1 1 0 0 1 0 0 1 0 1 1 0 0 0 1 1 1 0 0 1 0 0 1 0 1 0 1 0 0 1 0 0 0 0 1 1 1 0 1 0 0 0 0 42
0 1 0 0 0 0 1 0 0 0 1 1 1 0 1 1 1 1 1 1 1 0 1 0 0 1 1 1 1 0 1 0 0 0 1 1 1 1 0 1 0 0 1 0 0 0 1 1 1 1 0 1 0 0 1 1 0 1 0 0 1 1 1 1 1 1 0 0 0 0 0 1 1 1 1 0 0 0 0 0 0 0 0 0 1 1 1 0 1 1 0 1 1 1 1 0 1 1 1 0 54
0 1 1 0 0 1 0 1 1 0 0 1 0 1 1 0 0 0 1 1 0 0 1 1 1 1 1 1 0 1 0 0 0 1 1 1 1 0 1 1 0 0 0 0 1 1 1 1 0 1 1 1 1 1 1 0 1 1 1 1 0 0 1 0 1 0 1 0 0 1 0 0 1 1 0 0 1 1 0 0 0 0 1 1 1 1 1 1 1 0 0 1 1 0 1 1 1 0 1 0 58
1 0 1 1 0 0 0 1 1 1 0 0 1 1 0 0 1 0 1 0 1 0 0 0 0 0 0 0 0 0 0 1 1 0 0 0 1 0 1 1 1 1 0 1 0 1 1 0 1 0 0 0 0 1 0 0 0 1 0 0 1 0 0 1 0 1 1 1 0 0 0 1 0 1 1 1 1 1 0 1 1 1 1 0 1 1 0 0 1 1 0 0 0 0 1 1 0 0 1 1 47
1 0 1 1 1 0 0 1 1 1 1 0 0 0 1 0 1 1 1 0 0 1 1 1 1 1 1 1 0 0 0 0 0 0 1 1 1 0 1 1 1 0 0 0 1 1 0 1 1 1 1 1 0 1 0 1 1 0 1 0 0 0 0 1 1 0 0 1 1 1 0 1 1 0 1 1 1 0 1 1 1 0 1 0 1 1 0 0 0 0 0 0 0 0 1 1 1 0 0 0 55
0 1 0 0 0 0 1 0 1 1 0 1 0 0 1 0 1 1 1 0 0 1 0 0 1 0 1 1 0 0 0 1 1 1 0 1 1 1 1 0 1 1 0 0 0 0 0 0 0 0 1 1 0 1 1 1 0 0 0 0 1 0 1 1 1 1 0 0 0 1 0 1 0 0 1 0 1 1 0 1 1 0 0 1 0 1 0 0 0 0 1 0 0 0 0 0 0 0 1 0 43
1 0 1 0 1 1 0 1 0 1 1 0 0 1 1 0 0 0 1 1 1 0 0 0 0 0 0 1 1 0 1 1 1 1 1 1 0 1 1 0 0 1 0 0 1 1 0 1 0 0 1 1 0 0 0 0 1 1 1 0 0 0 1 0 0 1 1 0 1 0 1 0 0 0 0 1 0 1 1 1 0 0 1 0 1 0 0 0 1 1 0 1 0 1 1 1 1 1 1 0 51
0 0 0 0 0 1 1 0 0 0 1 0 0 0 0 0 1 1 1 0 1 0 0 1 1 1 0 0 1 0 1 1 1 0 1 1 0 1 1 1 0 0 0 0 1 1 0 0 1 0 0 0 1 0 0 1 1 0 0 1 0 1 1 1 0 1 1 0 0 0 1 0 0 0 1 1 0 1 0 0 1 0 1 0 1 0 0 0 1 0 0 0 0 0 1 1 0 0 1 1 43
0 0 0 1 1 0 1 0 0 1 0 1 1 1 0 1 1 0 0 1 1 0 1 1 0 0 0 1 0 0 1 0 0 1 0 0 1 1 1 0 1 0 1 1 1 0 1 0 0 1 1 1 1 1 0 0 0 0 1 0 1 1 1 0 1 1 0 0 1 0 1 1 1 1 0 1 0 1 1 1 0 0 1 1 0 1 1 0 0 1 1 0 1 0 0 1 0 0 0 0 52
0 0 0 1 1 1 0 0 1 0 0 1 1 1 0 0 0 1 1 0 0 1 0 1 1 0 1 0 1 1 1 1 0 1 1 0 1 1 1 0 0 1 0 0 0 0 1 1 0 1 1 0 1 0 0 1 0 1 0 0 1 1 1 1 0 1 0 0 0 0 1 1 0 1 1 0 0 1 0 0 0 1 1 1 0 0 0 0 1 1 0 1 0 1 1 0 1 0 1 0 50
0 1 0 0 1 1 0 0 1 1 1 1 0 0 0 1 0 1 0 0 1 1 0 1 0 0 0 1 0 0 1 1 1 0 1 0 0 1 1 0 0 1 1 1 0 0 1 0 0 1 1 0 0 0 0 0 1 0 1 1 1 0 0 0 0 1 0 1 1 1 1 0 1 1 0 1 0 1 0 0 0 1 0 0 1 1 1 1 0 1 1 0 0 1 0 0 0 0 1 1 48
1 1 1 1 1 0 0 1 1 1 0 1 0 0 1 1 1 1 1 0 1 0 0 1 0 0 1 1 0 1 0 1 1 1 0 1 0 0 0 1 0 1 0 1 0 0 0 1 1 1 0 1 0 0 0 1 0 0 0 0 0 1 1 0 0 1 1 1 0 1 0 0 0 1 0 0 0 1 0 0 0 0 1 0 0 0 1 0 1 1 0 0 1 1 0 0 1 0 0 0 46
0 0 1 1 1 1 0 1 0 0 1 1 1 1 0 1 0 1 1 0 1 1 1 0 1 0 0 1 1 0 0 0 0 1 0 1 0 0 0 0 1 1 0 0 1 1 0 0 0 0 0 1 1 1 1 1 1 0 1 1 0 0 0 1 0 0 0 0 1 0 0 0 0 0 1 0 1 1 0 0 1 0 1 1 0 1 0 0 0 0 1 0 0 1 0 1 0 0 1 1 46
0 0 1 0 1 1 1 1 0 0 0 1 0 0 0 1 0 1 0 0 0 0 1 1 0 1 1 0 1 0 1 1 0 0 1 1 0 1 1 0 1 1 0 1 1 1 1 1 0 0 0 1 1 0 0 0 0 1 0 1 0 0 0 1 1 1 1 0 1 1 1 0 1 0 0 0 1 0 1 1 1 1 1 0 0 0 1 0 1 1 1 1 0 1 0 1 1 1 0 1 54
0 1 0 0 1 0 1 0 0 0 0 1 1 0 0 1 1 1 0 0 1 1 1 1 1 0 0 0 0 0 0 0 0 0 1 0 1 0 1 0 0 1 0 1 0 1 1 0 0 1 1 1 1 1 1 1 0 1 1 1 0 0 0 0 1 1 1 1 0 0 0 1 0 0 0 1 0 1 1 0 0 0 1 1 0 1 1 0 1 1 1 1 1 0 1 0 1 1 1 1 52
0 1 0 0 0 1 0 0 0 0 1 1 1 1 0 0 0 1 1 1 1 0 0 0 1 0 0 0 1 0 0 0 0 1 1 1 1 0 0 0 0 0 1 0 1 1 1 1 1 1 0 0 1 0 0 0 0 0 0 1 1 1 1 1 0 1 0 1 1 0 0 0 0 1 0 1 1 0 1 1 0 0 1 1 1 1 1 0 0 0 0 0 0 1 1 1 0 1 1 1 48
1 1 0 0 1 0 0 0 0 1 1 0 0 1 1 0 0 1 1 1 0 1 0 0 0 0 0 0 0 0 1 0 1 1 0 0 0 1 1 1 1 1 1 1 0 0 1 0 1 1 1 0 1 0 1 1 0 0 0 0 1 1 0 1 0 1 1 0 1 1 0 1 0 0 0 0 0 1 1 0 1 0 0 0 1 0 0 0 1 0 0 1 0 1 1 1 0 1 1 1 48
1 0 0 0 1 1 1 1 0 0 1 0 0 0 0 0 0 0 1 0 0 1 0 0 0 0 0 1 0 1 0 1 0 1 1 0 1 1 0 0 1 0 0 0 1 1 0 0 1 0 0 1 0 1 0 1 0 1 0 1 0 0 1 1 0 1 1 0 0 0 0 0 0 1 1 1 0 0 1 1 1 0 1 0 1 0 0 1 0 0 0 0 1 0 1 0 0 0 0 0 39
0 0 0 0 1 0 0 0 1 1 1 0 0 0 0 0 0 1 1 0 0 0 0 1 0 0 1 0 1 1 0 1 1 1 1 1 1 1 1 1 0 0 0 1 1 0 0 1 1 1 0 1 0 1 1 1 1 1 1 1 0 0 0 0 1 1 1 0 0 1 0 1 0 1 0 1 1 1 0 1 0 1 0 1 1 0 1 1 0 1 1 1 0 0 1 0 0 1 0 0 52
0 1 1 0 1 0 0 1 1 1 1 1 0 0 0 1 1 0 1 1 0 1 0 1 1 1 0 1 1 1 1 0 0 0 1 0 1 1 0 1 1 1 0 1 0 0 1 1 0 0 0 1 1 1 0 1 0 1 0 1 0 0 0 0 0 1 0 1 1 1 0 1 1 1 0 1 0 1 1 0 1 1 0 0 0 0 1 0 1 0 1 1 1 1 0 0 0 1 1 0 55
1 1 0 1 0 1 1 1 1 0 1 0 0 0 1 1 0 1 1 0 1 1 1 1 0 0 0 1 0 0 1 0 0 1 0 1 1 0 0 1 1 1 0 0 1 0 1 1 1 0 1 1 1 0 1 0 0 1 1 1 0 0 0 1 0 1 1 0 0 0 0 1 0 0 1 1 0 0 1 1 0 0 1 1 0 0 0 1 1 1 0 1 1 0 0 1 0 1 1 0 53
0 1 1 0 1 0 0 1 0 0 0 1 1 0 0 0 0 0 1 1 0 0 0 1 1 1 0 1 1 1 1 0 0 0 1 1 0 0 1 1 1 0 0 1 1 1 1 0 0 0 0 0 0 0 0 1 1 1 1 1 1 0 1 0 1 0 0 0 1 1 0 0 0 1 0 0 1 1 1 0 1 0 0 0 0 0 1 1 1 1 0 1 1 1 1 1 0 1 0 1 50
1 1 0 1 0 0 1 0 0 1 0 0 1 1 1 1 0 1 0 0 1 0 1 1 1 1 1 1 1 0 0 1 1 0 1 1 0 0 0 1 0 0 1 1 1 1 0 1 0 0 0 0 1 1 0 0 0 0 1 0 0 1 0 0 0 0 0 0 1 0 1 0 0 1 1 0 0 0 1 1 0 1 1 0 0 1 0 0 0 0 0 0 0 1 0 1 0 0 1 1 45
1 0 0 1 1 0 0 1 1 1 1 1 0 0 0 1 1 1 1 0 1 0 0 1 0 1 1 1 0 1 0 1 1 0 0 0 0 0 0 0 1 1 0 0 1 0 1 0 1 0 0 1 1 0 1 1 0 1 1 0 0 1 1 0 1 0 1 0 0 0 1 0 0 0 1 1 0 1 1 1 0 0 1 0 1 0 0 0 1 0 0 0 0 0 1 0 0 0 1 1 47
1 0 0 1 1 1 1 0 0 1 1 0 0 1 0 1 1 0 1 1 1 0 1 0 1 1 0 1 1 1 0 1 0 1 0 0 1 1 1 1 1 0 1 1 0 0 1 1 1 1 1 0 1 0 0 0 0 0 1 0 0 1 1 0 1 1 0 0 1 0 1 1 1 0 1 1 0 0 0 1 1 0 1 0 0 0 1 1 0 1 1 1 0 0 0 0 0 1 1 1 56
1 0 1 1 1 0 0 0 0 0 0 1 1 1 0 0 1 0 1 0 0 1 1 1 0 0 0 1 1 1 1 1 1 0 0 1 0 1 1 1 1 0 0 0 1 0 1 0 0 1 0 1 1 1 1 0 1 1 0 0 1 0 0 1 1 1 0 0 1 1 0 0 1 0 0 1 1 1 0 1 1 0 1 0 0 1 1 0 0 1 1 1 0 1 1 1 1 1 1 1 57
0 1 1 0 0 0 1 1 0 1 1 0 0 1 0 1 1 1 0 0 1 0 1 0 1 1 0 0 0 0 1 0 1 0 1 1 1 1 0 0 1 1 0 1 1 1 1 0 1 1 1 1 0 0 0 0 0 1 1 0 1 1 0 0 0 0 0 0 0 0 0 1 1 0 1 0 1 0 0 0 1 0 1 1 0 1 0 1 0 0 1 0 1 0 1 1 0 1 0 1 49
1 1 1 1 0 1 0 0 0 1 1 1 1 1 0 1 0 0 0 1 1 1 1 1 0 0 0 0 0 0 0 0 1 0 1 1 0 1 1 1 1 1 0 0 0 1 1 0 1 0 1 0 0 1 1 1 0 0 0 0 1 1 1 0 1 1 1 0 0 1 1 1 0 1 1 1 0 0 1 0 1 0 0 1 0 0 1 1 0 1 0 1 0 0 0 1 1 0 1 0 53
1 1 0 1 1 1 1 0 0 1 1 1 0 1 1 0 0 1 0 0 0 0 0 0 1 0 0 1 1 1 1 0 0 0 0 0 0 0 0 1 1 0 0 1 0 0 0 1 1 0 0 0 1 1 1 1 1 0 1 1 0 1 1 0 0 0 0 0 0 0 1 1 0 1 1 0 1 0 1 0 1 0 1 1 1 1 0 0 0 1 0 1 1 0 1 1 0 1 1 0 49
1 1 0 0 0 0 1 0 1 0 1 0 0 0 0 0 1 1 0 0 0 1 1 1 1 0 1 0 0 1 0 0 1 0 1 1 0 0 1 1 1 1 1 1 0 1 1 0 0 1 0 0 1 0 1 1 1 0 0 0 1 1 0 1 0 0 0 1 1 1 0 0 0 0 0 1 1 0 0 0 1 0 1 0 1 0 1 0 1 0 0 1 1 0 1 1 0 0 1 0 47
1 1 0 1 0 1 1 1 1 1 1 1 1 1 0 0 0 1 1 1 0 0 0 0 0 0 1 1 1 1 0 1 0 1 0 1 0 1 1 0 1 0 0 0 0 0 1 0 1 0 1 0 0 1 0 1 0 0 0 1 1 1 1 0 0 0 1 0 0 0 0 1 1 1 0 0 0 0 1 0 0 1 0 0 0 0 1 0 0 1 0 0 0 1 1 1 1 0 1 1 48
0 1 1 0 0 0 1 1 0 1 0 0 0 1 0 0 0 0 1 0 1 1 0 1 0 1 0 0 0 0 0 1 0 1 1 0 1 0 0 1 0 0 1 0 1 1 0 1 1 0 0 0 1 0 1 1 1 0 1 0 0 1 0 1 1 0 1 0 0 1 1 0 0 1 0 0 0 1 0 1 1 0 0 1 1 1 1 1 0 1 0 0 1 1 0 0 1 1 0 0 46
0 0 0 1 1 1 1 1 1 1 1 0 0 0 1 1 1 1 1 0 1 1 1 1 0 1 0 0 1 0 0 0 1 0 0 1 0 1 1 1 1 0 0 1 0 0 1 0 1 0 0 0 0 1 1 0 0 0 1 1 0 1 0 1 0 0 1 0 1 1 1 1 0 1 0 0 0 1 0 1 1 0 1 1 0 1 0 1 1 1 0 0 0 1 0 0 0 0 0 0 50
1 0 0 1 1 0 0 1 1 0 0 1 1 1 1 0 0 0 1 1 0 0 1 0 0 1 1 0 1 1 0 0 0 1 1 0 1 1 0 0 0 1 0 0 0 0 1 0 1 0 0 1 1 1 1 1 0 1 1 0 1 0 1 1 1 1 0 0 1 1 1 1 0 1 0 0 0 0 1 0 1 1 1 1 1 1 0 1 1 1 0 1 1 1 0 1 1 0 1 1 57
1 1 0 1 0 0 1 1 0 1 0 1 0 0 0 0 1 0 0 0 0 0 1 1 0 1 1 0 1 0 0 0 0 1 0 0 1 1 0 1 0 1 0 0 0 0 0 0 0 0 0 1 0 1 1 0 0 0 1 1 1 1 0 0 1 0 0 0 1 0 0 0 0 0 0 0 1 1 0 0 1 0 1 1 0 0 0 0 0 1 0 1 0 1 0 0 1 0 1 1 38
1 0 1 1 1 1 1 1 1 1 1 1 1 1 0 0 1 1 1 1 0 1 1 1 0 1 1 1 0 1 1 1 1 0 1 1 0 1 0 0 0 0 0 1 1 0 0 0 0 1 1 1 1 1 0 1 0 0 0 1 0 1 1 0 1 1 1 1 0 1 1 0 1 0 1 0 1 1 1 1 0 1 0 1 1 1 0 0 0 0 1 0 1 1 0 1 1 0 1 0 63
1 1 1 1 1 0 0 1 1 0 1 0 0 1 1 1 1 1 1 0 0 0 0 1 0 0 1 1 0 0 1 1 0 0 1 1 1 0 1 1 0 1 0 0 1 1 1 0 0 0 0 0 0 1 0 1 1 0 0 1 1 0 0 0 0 0 0 0 1 0 0 1 0 0 1 1 0 1 0 0 1 1 1 0 1 0 1 1 1 0 1 0 0 1 0 1 0 0 0 0 48
0 0 0 1 0 1 1 0 1 0 1 1 0 0 0 1 1 1 0 1 1 1 1 0 1 1 1 0 0 1 0 0 0 0 0 0 1 0 0 1 1 1 0 0 0 1 0 1 0 0 1 1 1 1 0 0 1 0 0 0 1 0 1 0 1 0 1 0 1 0 1 0 1 0 1 0 0 0 1 1 1 1 1 1 0 0 0 0 1 0 1 0 0 0 1 0 0 1 1 0 47
0 0 1 1 1 0 0 1 1 0 1 1 1 1 0 1 1 0 0 0 1 0 0 0 1 1 1 1 0 0 0 1 1 0 0 0 0 1 0 0 1 0 0 0 1 1 1 0 0 0 1 0 1 0 0 1 1 0 1 0 1 1 1 0 1 0 1 1 1 0 1 1 0 1 0 1 1 0 0 1 0 1 1 0 1 0 1 0 0 0 0 1 1 0 0 0 0 1 1 1 50
0 1 0 1 1 0 0 1 1 0 0 1 1 0 1 1 1 1 1 0 1 0 1 0 1 0 1 0 0 1 0 0 0 0 0 0 1 0 0 0 1 1 1 1 0 0 0 0 0 0 1 0 1 0 1 1 0 0 0 1 1 0 1 1 0 1 1 0 0 0 0 1 0 1 0 0 0 1 0 1 0 0 0 0 0 0 0 0 1 0 1 0 1 0 0 1 0 1 1 0 42
1 0 1 0 0 0 0 1 1 0 0 0 1 1 0 1 0 0 1 0 1 1 1 0 0 1 0 0 1 1 1 1 1 0 1 1 1 0 0 1 0 1 0 1 1 1 1 0 1 1 0 1 0 1 1 1 0 1 0 1 1 1 1 1 0 0 0 0 1 0 1 0 0 0 1 0 0 1 0 1 1 1 0 0 1 1 1 1 0 0 1 1 1 0 0 0 0 1 1 0 54
1 0 0 0 1 1 1 0 1 0 0 0 1 1 1 0 0 1 1 1 0 0 0 1 1 0 1 1 1 0 1 1 1 1 0 1 1 0 1 1 0 0 0 1 1 1 0 1 1 0 1 1 1 0 1 1 0 1 1 0 0 1 1 1 1 1 1 1 0 1 1 0 1 0 0 0 0 0 0 0 0 0 1 1 0 1 1 0 1 0 0 0 1 0 1 0 0 1 0 0 54
1 1 0 1 0 1 1 1 0 1 1 1 1 1 0 1 0 1 0 1 1 0 0 0 1 0 1 0 0 1 0 0 1 1 0 1 1 0 1 1 0 1 1 0 1 1 0 1 1 0 0 1 1 1 1 1 0 0 1 1 1 0 1 0 1 1 0 0 0 0 0 0 1 1 0 0 1 1 0 0 1 0 1 1 1 0 0 1 1 1 1 0 1 0 1 1 1 1 1 1 60
0 1 0 1 0 1 1 0 1 0 0 0 0 0 1 1 0 0 1 0 1 0 1 0 0 1 0 0 0 0 0 1 1 1 0 1 1 0 0 0 0 0 0 1 0 1 0 1 0 1 1 0 0 0 0 0 1 0 0 0 1 0 0 0 0 1 0 1 0 0 1 0 0 0 0 0 0 1 0 1 0 0 0 0 1 0 1 1 0 0 1 0 1 0 1 1 1 0 1 1 38
1 1 1 0 1 1 0 0 1 0 0 0 1 0 1 1 0 1 1 0 0 1 1 1 0 0 0 1 1 1 0 0 0 1 0 1 1 0 1 1 1 0 0 1 1 0 1 0 1 0 0 1 0 0 1 1 0 1 1 0 0 0 1 0 1 1 0 0 1 0 0 1 0 0 1 0 1 0 1 1 0 0 1 1 1 1 0 0 1 1 1 0 0 1 1 1 0 0 0 0 51
0 1 1 1 1 0 0 0 0 0 0 0 1 1 1 1 0 1 1 0 0 1 1 0 1 1 0 0 1 0 1 0 1 1 0 1 1 1 0 0 0 1 1 0 1 1 1 1 0 0 0 0 1 0 1 1 0 1 0 0 0 1 1 1 1 1 0 1 1 0 1 0 1 0 0 0 1 0 1 0 0 1 0 0 0 0 1 0 0 1 1 0 1 0 0 1 0 1 0 0 49
0 0 0 1 1 1 1 1 1 0 1 0 1 0 1 1 1 0 1 0 1 1 0 0 0 0 1 0 1 1 1 0 1 0 0 1 1 0 0 0 0 1 1 1 1 0 0 1 1 0 0 1 0 0 1 1 0 1 0 0 1 1 0 1 1 0 1 1 1 1 0 0 1 0 1 0 1 1 0 1 1 1 0 1 0 0 1 1 0 0 1 1 0 1 0 1 0 1 1 0 55
0 1 0 1 0 1 0 1 0 1 1 1 0 0 0 1 0 1 0 0 1 0 1 0 0 1 1 0 0 0 0 0 0 0 1 1 1 1 1 0 0 0 1 0 1 1 0 1 1 1 1 1 0 0 0 0 0 0 0 0 0 0 0 1 1 0 1 0 1 0 0 1 0 0 0 1 1 1 0 0 1 1 1 0 1 1 1 1 1 1 1 0 1 0 0 1 1 1 1 0 49
1 1 0 0 0 1 0 0 1 0 1 1 0 1 0 1 1 0 1 1 0 0 0 0 1 0 1 0 0 1 0 1 1 1 1 0 0 1 1 1 1 0 1 1 1 0 1 0 1 0 1 0 1 0 1 1 0 1 1 1 0 0 1 0 1 0 0 1 1 1 0 1 1 1 0 0 0 0 1 0 0 1 1 0 1 1 1 0 1 0 0 1 0 1 0 0 0 1 1 0 53
1 1 0 0 0 0 1 0 0 1 0 1 0 0 0 0 1 1 0 0 0 0 0 1 0 0 0 1 1 0 0 0 0 1 1 1 1 1 1 0 0 0 1 0 0 0 1 1 1 1 1 1 0 0 0 1 1 0 0 0 0 1 0 1 1 1 0 0 1 0 0 1 1 1 1 0 1 0 1 1 0 0 0 0 0 1 0 1 1 0 0 0 0 1 1 0 0 1 0 1 44
1 1 0 1 1 1 0 1 1 1 0 1 0 1 1 0 0 1 1 1 0 1 0 1 0 1 1 0 1 1 1 0 1 0 1 0 0 1 1 1 1 1 0 1 0 1 0 0 1 0 0 1 1 1 1 0 0 0 0 1 0 1 1 0 1 0 1 1 1 1 1 0 0 0 1 0 1 1 0 0 1 1 1 0 1 0 1 0 0 0 0 0 0 0 0 1 1 1 0 0 55
0 0 1 1 1 0 0 1 1 1 1 0 0 0 1 0 1 1 1 0 0 0 1 1 1 0 1 1 1 1 0 0 1 1 1 0 1 1 1 0 0 1 1 1 0 1 1 0 0 0 1 1 1 0 1 1 1 0 0 1 1 1 1 1 1 0 0 0 1 1 1 1 0 0 0 1 0 1 0 1 0 1 0 1 1 1 1 1 1 0 1 0 0 1 1 1 0 1 1 0 61
0 0 1 0 1 1 1 1 1 0 1 1 1 0 1 0 1 0 0 1 1 1 0 1 1 0 0 1 1 0 0 0 1 0 1 0 0 1 0 1 0 0 0 1 0 1 0 0 0 0 0 0 1 1 0 1 1 1 1 1 0 1 1 0 0 0 1 0 0 1 1 1 1 1 0 1 1 0 1 1 0 0 1 0 1 0 1 0 1 1 0 1 1 1 0 1 1 0 1 1 55
0 1 0 1 0 0 1 0 0 1 0 1 1 1 1 1 1 1 1 0 0 0 1 0 0 0 1 0 1 0 1 0 1 1 1 1 0 1 1 0 0 1 0 1 1 1 1 1 0 0 0 1 1 0 1 0 0 0 1 0 0 1 1 1 0 0 1 0 1 1 1 0 1 1 1 1 0 1 1 1 0 0 0 0 0 1 1 1 1 0 0 1 1 0 1 0 1 0 0 0 54
1 0 1 0 0 1 1 1 0 0 1 0 0 0 1 1 0 0 1 1 0 1 0 0 1 1 1 1 0 1 1 1 1 1 0 1 0 1 0 0 1 1 1 0 1 0 1 0 0 1 1 0 0 0 1 0 1 1 1 1 0 1 0 0 1 1 0 0 0 0 1 0 1 0 1 1 0 1 0 1 1 1 1 1 1 1 0 1 0 0 1 1 1 1 1 1 1 1 0 0 58
1 1 1 1 1 1 0 1 1 0 1 1 1 0 0 0 0 1 0 1 0 0 0 1 1 1 1 0 0 0 1 1 0 1 1 1 1 1 0 0 0 0 1 1 0 0 1 0 1 0 1 0 1 1 1 0 0 1 1 1 0 1 1 1 0 1 0 0 1 1 1 1 0 1 0 1 0 0 1 0 0 1 0 1 0 1 0 1 1 0 1 0 0 1 1 1 1 1 1 1 59
0 1 1 0 0 1 1 0 0 0 0 0 0 0 1 1 0 1 0 1 1 0 1 0 0 0 0 1 0 0 0 0 1 0 1 0 1 1 1 1 0 0 1 0 0 0 0 1 1 0 0 0 0 1 1 0 1 1 0 1 1 1 1 1 0 1 1 0 1 1 1 1 0 1 0 0 0 0 1 0 0 0 1 0 0 0 1 1 1 1 0 0 1 0 1 1 1 1 1 0 48
1 0 1 1 1 0 0 0 0 0 0 1 0 1 0 1 0 0 0 0 1 1 0 0 1 1 0 1 1 1 1 0 1 0 1 0 0 0 0 1 1 0 1 0 0 0 1 0 0 0 1 0 1 0 0 1 0 1 1 1 1 0 0 0 0 0 0 0 1 0 1 0 0 0 1 0 0 1 1 1 1 0 1 1 0 1 1 1 0 0 0 1 1 0 1 0 1 0 1 0 45
0 0 0 1 1 0 1 0 1 0 0 0 0 1 0 1 0 0 0 1 1 1 0 1 0 1 1 0 1 1 0 0 0 0 0 1 1 0 0 1 0 0 1 0 1 0 1 1 0 1 1 0 1 1 1 0 0 0 1 0 0 0 0 0 1 0 1 0 1 1 0 1 0 1 0 0 1 1 1 1 1 0 1 0 0 0 0 0 1 0 0 1 0 0 0 1 1 1 0 0 44
0 0 1 1 0 0 0 1 0 0 0 0 0 0 1 0 0 0 0 0 1 0 1 0 0 0 1 1 1 1 1 0 0 0 0 1 0 1 0 1 1 1 1 0 1 1 0 1 1 1 0 1 1 0 0 1 0 1 0 1 0 0 1 0 0 0 1 0 0 0 1 0 0 0 0 0 1 1 0 1 0 0 1 1 0 1 0 0 0 0 0 1 1 0 0 1 1 1 0 0 41
1 0 1 1 1 1 0 1 1 1 1 0 0 1 1 1 0 0 0 1 1 1 0 0 1 1 1 1 0 1 0 0 0 1 1 1 0 1 0 1 0 0 0 0 1 1 0 1 1 0 1 0 1 1 0 0 0 1 0 1 0 1 1 1 0 0 0 1 0 1 1 0 1 0 1 1 1 1 0 1 1 1 0 1 1 1 0 1 0 1 1 1 1 1 1 1 0 0 1 0 60
0 0 1 1 0 1 0 1 0 1 0 1 0 0 0 1 1 1 1 0 0 0 0 0 1 1 1 0 1 1 1 0 0 0 1 1 1 1 0 1 0 0 0 0 0 0 0 0 1 0 1 0 0 0 1 0 1 1 0 0 0 1 1 1 1 0 0 1 0 1 0 0 1 0 1 1 1 1 0 1 0 0 1 0 0 0 0 0 1 0 0 0 1 0 1 0 0 1 1 0 44
0 0 0 0 1 1 0 1 1 1 1 1 0 1 1 1 1 1 0 0 1 1 1 0 0 0 0 1 0 1 0 1 0 0 1 1 1 1 1 0 0 0 1 0 1 1 0 1 0 0 1 1 1 0 0 1 0 0 1 0 0 0 0 0 1 1 1 1 1 1 0 1 0 1 0 0 0 1 0 1 1 0 1 1 0 1 0 1 0 1 0 0 1 1 1 1 1 0 1 1 55
0 1 0 0 1 0 1 1 0 0 0 0 1 0 1 0 0 1 1 1 0 1 1 0 0 0 0 1 1 0 0 1 0 0 0 0 0 0 0 1 1 0 1 0 1 1 1 0 1 1 1 1 0 1 0 0 1 1 0 0 0 1 0 0 1 0 1 1 1 0 1 1 1 1 1 1 1 1 1 0 0 0 0 0 0 1 1 1 1 0 0 1 1 0 1 1 1 1 1 0 52
1 0 1 1 1 1 1 1 0 1 0 1 1 0 0 1 0 1 1 1 1 1 1 1 1 1 1 1 1 1 1 0 1 0 0 1 0 0 1 0 0 0 1 0 1 1 0 1 1 1 0 0 1 0 0 0 1 0 1 0 1 0 0 1 1 0 1 0 1 0 1 1 0 1 1 0 0 0 0 1 0 1 0 1 1 0 1 0 0 0 0 0 0 0 1 1 0 1 0 1 55
0 0 0 0 1 1 0 1 0 1 1 1 1 1 1 1 0 1 1 0 1 0 0 0 1 0 0 0 1 0 0 1 1 0 0 1 0 1 0 1 0 0 0 0 0 1 0 1 0 1 0 0 1 0 1 0 0 1 0 1 1 1 1 1 1 0 1 1 1 1 0 1 1 0 0 1 0 1 1 0 0 1 0 0 1 0 1 1 1 1 0 0 1 0 1 0 0 1 0 0 50
0 0 1 0 0 1 1 1 1 1 1 0 1 0 1 1 1 1 0 1 0 1 1 0 0 1 1 0 1 0 1 1 1 0 0 1 0 1 1 0 1 1 0 1 0 0 0 1 1 1 1 0 0 1 1 1 0 0 0 1 0 1 0 1 0 1 1 0 0 0 1 0 1 1 1 1 1 0 0 0 1 1 0 1 1 0 1 0 0 1 1 1 0 1 0 1 1 0 1 0 57
1 1 0 0 1 0 0 0 1 0 0 1 1 0 0 1 0 1 1 1 1 1 1 1 0 1 0 1 0 1 1 0 1 0 0 1 1 1 1 0 0 1 1 1 1 1 1 0 1 0 0 0 0 0 1 0 1 1 1 1 0 1 1 1 0 0 0 0 0 1 0 0 0 0 1 1 1 0 1 1 0 0 1 0 0 1 1 0 0 0 0 0 0 1 0 0 0 0 0 0 48
0 0 1 1 1 0 0 0 1 1 0 1 1 1 0 0 0 1 1 1 1 0 1 1 0 0 1 0 1 1 1 1 1 1 1 0 1 1 0 0 1 1 0 0 1 1 1 0 1 1 1 0 1 0 0 0 0 0 0 1 1 1 1 0 0 1 0 1 1 0 1 0 0 0 0 0 0 0 0 1 1 0 1 0 0 0 0 0 0 0 1 1 1 1 1 1 1 1 0 0 52
0 1 0 0 0 1 0 1 0 1 1 1 0 0 0 0 0 1 1 0 0 0 0 1 0 0 1 0 1 1 0 1 1 0 0 1 0 1 0 1 1 1 1 0 0 1 0 1 0 0 0 0 1 0 0 1 1 0 1 1 1 1 1 1 1 0 1 1 0 1 0 1 1 0 0 0 0 1 0 1 0 0 0 1 0 0 0 1 1 1 0 0 1 0 0 0 1 1 1 0 47
0 1 0 0 0 0 0 1 0 0 0 1 1 1 0 1 0 0 0 0 1 1 1 0 1 0 0 0 0 0 0 0 0 0 0 0 0 0 0 0 0 0 0 0 0 0 0 0 0 0 0 0 0 0 0 0 0 0 0 0 0 0 0 0 0 0 0 0 0 0 0 0 0 0 1 1 0 1 0 0 1 1 1 1 0 0 0 1 1 1 0 0 1 1 1 1 1 1 0 1 27
0 0 1 0 0 0 0 0 0 0 0 0 0 0 0 0 0 0 0 0 0 0 0 0 0 0 0 0 0 0 0 0 0 0 0 0 0 0 0 0 0 0 0 0 0 0 0 0 0 0 0 0 0 0 0 0 0 0 0 0 0 0 0 0 0 0 0 0 0 0 0 0 0 0 0 0 0 0 0 0 0 0 0 0 0 0 0 0 0 0 0 0 0 0 0 0 0 0 0 0 1
0 0 0 0 0 0 0 0 0 0 0 0 0 0 0 0 0 0 0 0 0 0 0 0 0 0 0 0 0 1 0 0 0 0 0 0 0 0 0 0 0 0 0 0 0 0 0 0 0 0 0 0 0 0 0 0 0 0 0 0 0 0 0 0 0 0 0 0 0 0 0 0 0 0 0 0 0 0 0 0 0 0 0 0 0 0 0 0 0 0 0 0 0 0 0 0 0 0 0 0 1
0 0 1 0 0 0 0 0 0 0 0 0 0 0 0 0 0 0 0 0 0 0 0 0 0 0 0 0 0 0 0 0 0 0 0 0 0 0 0 0 0 0 0 0 0 0 0 0 0 0 0 0 0 0 0 0 0 0 0 0 0 0 0 0 0 0 0 0 0 0 0 0 0 0 0 0 0 0 0 0 0 0 0 0 0 0 0 0 0 0 0 0 0 0 0 0 0 0 0 0 1
0 0 0 0 0 0 0 0 0 0 0 0 0 0 0 0 0 0 0 0 1 0 0 0 0 0 0 0 0 0 0 0 0 0 0 0 0 0 0 0 0 0 0 0 0 0 0 0 0 0 0 0 0 0 0 0 0 0 0 0 0 0 0 0 0 0 0 0 0 0 0 0 0 0 0 0 0 0 0 0 0 0 0 0 0 0 0 0 0 0 0 0 0 0 0 0 0 0 0 0 1
0 0 0 1 0 0 0 0 0 0 0 0 0 0 0 0 0 0 0 0 0 0 0 0 0 0 0 0 0 0 0 0 0 0 0 0 0 0 0 0 0 0 0 0 0 0 0 0 0 0 0 0 0 0 0 0 0 0 0 0 0 0 0 0 0 0 0 0 0 0 0 0 0 0 0 0 0 0 0 0 0 0 0 0 0 0 0 0 0 0 0 0 0 0 0 0 0 0 0 0 1
0 0 0 0 0 0 0 0 0 0 0 0 0 0 0 0 0 0 0 0 0 0 0 0 0 0 0 0 0 0 0 0 1 0 0 0 0 0 0 0 0 0 0 0 0 0 0 0 0 0 0 0 0 0 0 0 0 0 0 0 0 0 0 0 0 0 0 0 0 0 0 0 0 0 0 0 0 0 0 0 0 0 0 0 0 0 0 0 0 0 0 0 0 0 0 0 0 0 0 0 1
0 0 0 0 0 0 0 0 0 0 0 0 0 0 0 0 0 0 0 0 0 0 0 0 0 0 0 0 0 0 0 0 0 0 0 0 0 0 0 0 0 0 0 0 0 0 0 0 0 0 0 0 0 0 0 0 0 0 0 0 0 0 0 0 0 0 0 0 0 0 0 0 0 1 0 0 0 0 0 0 0 0 0 0 0 0 0 0 0 0 0 0 0 0 0 0 0 0 0 0 1
0 0 0 0 0 0 0 0 0 0 0 0 0 0 0 0 0 0 0 0 0 0 0 0 0 0 0 0 0 0 0 0 0 0 0 0 0 0 0 0 0 1 0 0 0 0 0 0 0 0 0 0 0 0 0 0 0 0 0 0 0 0 0 0 0 0 0 0 0 0 0 0 0 0 0 0 0 0 0 0 0 0 0 0 0 0 0 0 0 0 0 0 0 0 0 0 0 0 0 0 1
0 0 0 0 0 0 0 0 0 0 0 0 1 0 0 0 0 0 0 0 0 0 0 0 0 0 0 0 0 0 0 0 0 0 0 0 0 0 0 0 0 0 0 0 0 0 0 0 0 0 0 0 0 0 0 0 0 0 0 0 0 0 0 0 0 0 0 0 0 0 0 0 0 0 0 0 0 0 0 0 0 0 0 0 0 0 0 0 0 0 0 0 0 0 0 0 0 0 0 0 1
0 0 0 0 0 0 0 0 0 0 0 0 0 0 0 0 0 0 0 0 0 0 0 0 0 0 0 0 0 0 0 0 0 0 0 0 0 0 0 0 0 0 0 0 0 0 0 0 0 0 0 0 0 0 0 0 0 0 0 0 0 0 0 0 0 0 0 0 0 0 0 0 0 0 1 0 0 0 0 0 0 0 0 0 0 0 0 0 0 0 0 0 0 0 0 0 0 0 0 0 1
0 0 0 0 0 0 0 0 0 0 0 0 0 0 0 0 0 0 0 0 0 0 0 0 0 0 0 0 0 0 0 0 0 0 0 0 0 0 0 0 0 0 0 0 0 0 0 0 0 0 0 0 0 0 0 0 0 0 0 0 0 0 0 0 0 0 0 0 0 0 0 0 0 0 0 0 0 0 0 0 0 0 0 0 0 1 0 0 0 0 0 0 0 0 0 0 0 0 0 0 1
0 0 0 0 0 0 0 0 0 0 0 0 0 0 0 0 0 0 0 0 0 0 0 0 0 0 0 0 0 0 0 0 0 0 0 0 0 0 0 0 0 0 0 0 0 0 0 0 0 0 0 0 0 0 0 1 0 0 0 0 0 0 0 0 0 0 0 0 0 0 0 0 0 0 0 0 0 0 0 0 0 0 0 0 0 0 0 0 0 0 1 0 0 0 0 0 0 0 0 0 2
0 0 0 0 0 0 0 0 0 0 0 0 0 0 0 0 0 0 0 0 0 0 0 0 0 0 0 0 0 0 0 0 0 0 0 0 0 0 0 0 0 0 0 0 0 0 0 0 0 0 0 0 0 0 0 0 0 0 0 0 0 0 0 0 0 1 0 0 0 0 0 0 0 0 0 0 0 0 0 0 0 0 0 0 0 0 0 0 0 0 0 0 0 0 0 0 0 0 0 0 1
0 0 0 0 0 0 0 0 0 1 0 0 0 0 0 0 0 0 0 0 0 0 0 0 0 0 0 0 0 0 0 0 0 0 0 0 0 0 0 0 0 0 0 0 0 0 0 0 0 0 0 0 0 0 0 0 0 0 0 0 0 0 0 0 0 0 0 0 0 0 0 0 0 0 0 0 0 0 0 0 0 0 0 0 0 0 0 0 0 0 0 0 0 0 0 0 0 0 0 0 1
0 0 0 0 0 0 0 0 0 0 0 0 0 0 0 0 0 0 0 0 0 0 0 0 0 0 0 0 0 0 0 0 0 0 0 0 0 0 0 0 1 0 0 0 0 0 0 0 0 0 0 0 0 0 0 0 0 0 0 0 0 0 0 0 0 0 0 0 0 0 0 0 0 0 0 0 0 0 0 0 0 0 0 0 0 0 0 0 0 0 0 0 0 0 0 0 0 0 0 0 1
0 0 0 0 0 0 0 0 0 0 0 0 0 0 0 0 0 0 0 0 1 0 0 0 0 0 0 0 0 0 0 0 0 0 0 0 0 0 0 0 0 0 0 0 0 0 0 0 0 0 0 0 0 0 0 0 0 0 0 0 0 0 0 0 0 0 0 0 0 0 0 0 0 0 0 0 0 0 0 0 0 0 0 0 0 0 0 0 0 0 0 0 0 0 0 0 0 0 0 0 1
0 0 0 0 0 0 0 0 0 0 0 0 0 0 0 0 0 0 0 0 0 0 0 0 0 0 0 0 0 0 0 0 0 0 0 0 0 0 0 0 0 0 0 0 0 0 0 0 0 0 0 0 0 0 0 0 0 0 0 0 0 0 0 0 0 0 0 0 0 0 0 0 0 1 0 0 0 0 0 0 0 0 0 0 0 0 0 0 0 0 0 0 0 0 0 0 0 0 0 0 1
0 0 0 0 0 0 0 1 0 0 0 0 0 0 0 0 0 0 0 0 0 0 0 0 0 0 0 0 0 0 0 0 0 0 0 0 0 0 0 0 0 0 0 0 0 0 0 0 0 0 0 0 0 0 0 0 0 0 0 0 0 0 0 0 0 0 0 0 0 0 0 0 0 0 0 0 0 0 0 0 0 0 0 0 0 0 0 0 0 0 0 0 0 0 0 0 0 0 0 0 1
0 0 0 0 0 0 0 0 0 0 0 0 0 0 0 0 0 0 0 0 0 0 0 0 0 0 0 0 0 0 0 0 0 0 0 0 0 0 0 0 0 0 0 0 0 0 0 0 0 0 0 0 0 0 0 0 0 0 0 0 0 0 0 0 0 0 0 0 0 0 0 0 0 0 0 1 0 0 0 0 0 0 0 0 0 0 0 0 0 0 0 0 0 0 0 0 0 0 0 0 1
0 0 0 0 0 0 0 0 0 0 0 0 0 0 0 0 0 0 0 0 0 0 0 0 0 0 0 0 0 0 0 0 0 0 0 0 0 0 0 0 0 0 0 0 0 0 0 0 0 0 0 0 0 0 0 0 0 0 0 0 0 0 0 0 0 0 0 0 0 0 0 0 0 0 0 0 0 0 0 0 0 0 0 0 0 1 0 0 0 0 0 0 0 0 0 0 0 0 0 0 1
0 0 0 0 0 0 0 0 0 0 0 0 0 0 0 0 0 0 0 0 0 0 0 0 0 0 0 0 0 0 0 0 0 0 0 0 0 0 0 0 0 0 0 0 0 0 0 0 0 0 0 0 0 0 0 0 0 0 0 1 0 0 0 0 0 0 0 0 0 0 0 0 0 0 0 0 0 0 0 0 0 0 0 0 0 0 0 0 0 0 0 0 0 0 0 0 0 0 0 0 1
0 0 0 0 0 0 0 0 0 0 0 0 0 0 0 0 0 0 0 0 0 0 0 0 0 0 0 0 0 0 0 0 0 0 0 0 0 0 0 0 0 0 0 0 0 0 0 0 0 0 0 0 0 0 0 0 0 0 0 0 0 0 0 0 0 0 0 0 0 0 0 0 0 0 0 0 0 0 0 0 0 0 1 0 0 0 0 0 0 0 0 0 0 0 0 0 0 0 0 0 1
0 0 0 0 0 0 0 0 0 0 0 0 0 0 0 0 0 0 0 0 0 0 0 0 0 0 0 1 0 0 0 0 0 0 0 0 0 0 0 0 0 0 0 0 0 0 0 0 0 0 0 0 0 0 0 0 0 0 0 0 0 0 0 0 0 0 0 0 0 0 0 0 0 0 0 0 0 0 0 0 0 0 0 0 0 0 0 0 0 0 0 0 0 0 0 0 0 0 0 0 1
0 0 0 0 0 0 0 0 0 0 0 0 0 0 0 0 0 0 0 0 0 0 0 0 0 0 0 0 0 0 0 0 0 0 0 0 0 0 0 0 0 0 0 0 0 0 0 0 0 0 0 0 0 0 0 0 0 0 0 0 0 0 0 0 0 0 0 0 0 0 0 0 0 0 0 0 0 0 0 0 0 1 0 0 0 0 0 0 0 0 0 0 0 0 0 0 0 0 0 0 1
0 0 0 0 0 0 0 0 0 0 0 0 0 0 0 0 0 0 0 0 0 0 0 0 0 0 0 0 0 0 0 0 0 0 0 0 0 0 0 0 0 0 0 0 0 0 0 0 0 0 0 0 0 0 0 0 0 0 0 0 0 0 0 0 0 0 0 0 0 0 0 0 0 0 1 0 0 0 0 0 0 0 0 0 0 0 0 0 0 0 0 0 0 0 0 0 0 0 0 0 1
0 0 0 0 0 0 0 0 0 0 0 0 0 0 0 0 0 0 0 0 0 1 0 0 0 0 0 0 0 0 0 0 0 0 0 0 0 0 0 0 0 0 0 0 0 0 0 0 0 0 0 0 0 0 0 0 0 0 0 0 0 0 0 0 0 0 0 0 0 0 0 0 0 0 0 0 0 0 0 0 0 0 0 0 0 0 0 0 0 0 0 0 0 0 0 0 0 0 0 0 1
0 0 0 0 0 0 0 0 0 0 0 0 0 0 0 0 0 0 0 0 0 0 0 0 0 1 0 0 0 0 0 0 0 0 0 0 0 0 0 0 0 0 0 0 0 0 0 0 0 0 0 0 0 0 0 0 0 0 0 0 0 0 0 0 0 0 0 0 0 0 0 0 0 0 0 0 0 0 0 0 0 0 0 0 0 0 0 0 0 0 0 0 0 0 0 0 0 0 0 0 1
0 0 0 0 0 0 0 0 0 0 0 0 0 0 0 0 0 0 0 0 0 0 0 0 0 0 0 0 0 0 0 0 0 0 0 0 0 0 0 0 0 0 0 0 0 0 0 0 1 0 0 0 0 0 0 0 0 0 0 0 0 0 0 0 0 0 0 0 0 0 0 0 0 0 0 0 0 0 0 0 0 0 0 0 0 0 0 0 0 0 0 0 0 0 0 0 0 0 0 0 1
0 0 0 0 0 0 0 0 0 0 0 0 0 0 0 0 0 0 0 0 0 0 0 0 0 0 0 0 0 0 0 0 0 0 0 0 0 0 0 0 0 0 0 0 0 0 0 0 0 0 0 0 0 0 0 0 0 0 0 0 0 0 0 0 0 0 0 0 0 0 0 0 0 0 0 0 0 0 0 0 0 0 0 0 0 0 0 0 0 0 0 0 0 1 0 0 0 0 0 0 1
0 0 0 0 0 0 0 0 0 0 0 0 0 0 1 0 0 0 0 0 0 0 0 0 0 0 0 0 0 0 0 0 0 0 0 0 0 0 0 0 0 1 0 0 0 0 0 0 0 0 0 0 0 0 0 0 0 0 0 0 0 0 0 0 0 0 0 0 0 0 0 0 0 0 0 0 0 0 0 0 0 0 0 0 0 0 0 0 0 0 0 0 0 0 0 0 0 0 0 0 2
0 0 0 0 0 0 0 0 0 0 0 0 0 0 0 0 0 0 0 0 0 0 0 0 0 0 0 0 0 0 0 0 0 0 0 0 0 0 0 0 0 0 0 0 0 0 0 0 0 0 0 0 0 0 1 0 0 0 0 0 0 0 0 0 0 0 0 0 0 0 0 0 0 0 0 0 0 0 0 0 0 0 0 0 0 0 0 0 0 0 0 0 0 0 0 0 0 0 0 0 1
0 0 0 0 0 0 0 0 0 0 0 0 0 0 0 0 0 0 0 0 0 0 0 0 0 0 0 0 0 0 0 0 0 0 0 0 0 0 0 0 0 0 0 0 0 0 1 0 0 0 0 0 0 0 0 0 0 0 0 0 0 0 0 0 0 0 0 0 0 0 0 1 0 0 0 0 0 0 0 0 0 0 0 0 0 0 0 0 0 0 0 0 0 0 0 0 0 0 0 0 2
0 0 0 0 0 0 0 0 0 0 0 0 0 0 0 0 0 0 0 0 0 0 0 0 0 0 0 0 0 0 0 0 0 0 0 0 0 0 0 0 0 0 0 0 0 0 0 0 0 0 0 0 0 0 0 0 0 0 0 0 0 0 0 0 0 0 0 0 0 0 1 0 0 0 0 0 0 0 0 0 0 0 0 0 0 0 0 0 0 0 0 0 0 0 0 0 0 0 0 0 1
0 0 0 0 0 0 0 0 0 0 0 0 0 0 0 0 0 0 0 0 0 0 0 0 0 0 0 0 0 0 0 0 0 0 0 1 0 0 0 0 0 0 0 0 0 0 0 0 0 0 0 0 0 0 0 0 0 0 0 0 0 0 0 0 0 0 0 0 0 0 0 0 0 0 0 0 0 0 0 0 0 0 0 0 0 0 0 0 0 0 0 0 0 0 0 0 0 0 0 0 1
0 0 0 0 1 0 0 0 0 0 0 0 0 0 0 0 0 0 0 0 0 0 0 0 0 0 0 0 0 0 0 0 0 0 0 0 0 0 0 0 0 0 0 0 0 0 0 0 0 0 0 0 0 0 0 0 0 0 0 0 0 0 0 0 0 0 0 0 0 0 0 0 0 0 0 0 0 0 0 0 0 0 0 0 0 0 0 0 0 0 0 0 0 0 0 0 0 0 0 0 1
0 0 0 0 0 0 0 0 0 0 0 0 0 1 0 0 0 0 0 0 0 0 0 0 0 0 0 0 0 0 0 0 0 0 0 0 0 0 0 0 0 0 0 0 0 0 0 0 0 0 0 0 0 0 0 0 0 0 0 0 0 0 0 0 0 0 0 0 0 0 0 0 0 0 0 0 0 0 0 0 0 0 0 0 0 0 0 0 0 0 0 0 0 0 0 0 0 0 0 0 1
0 0 0 0 0 0 0 0 0 0 0 0 0 0 0 0 0 0 0 0 0 0 0 0 0 0 0 0 0 0 0 0 0 0 0 0 0 0 0 0 0 0 0 0 0 0 0 0 0 0 0 0 0 0 0 0 0 0 0 0 0 0 0 1 0 0 0 0 0 0 0 0 0 0 0 0 0 0 0 0 0 0 0 0 0 0 0 0 0 0 0 0 0 0 0 0 0 0 0 0 1
0 0 0 0 0 0 0 0 0 0 0 0 0 0 0 0 0 0 0 0 0 0 0 0 0 0 0 0 0 0 0 0 0 0 0 0 0 0 0 0 0 0 0 0 0 0 0 0 1 0 0 0 0 0 0 0 0 0 0 0 0 0 0 0 0 0 0 0 0 0 0 0 0 0 0 0 0 0 0 0 0 0 0 0 0 0 0 0 0 0 0 0 0 0 0 0 0 0 0 0 1
0 0 0 0 0 0 0 0 0 0 0 0 0 0 0 0 0 0 0 0 0 0 0 0 0 0 0 0 0 0 0 0 0 0 0 0 0 0 0 0 0 0 0 0 0 0 0 0 0 0 0 0 0 0 0 0 0 0 0 0 0 0 0 0 0 0 0 0 0 0 0 0 0 0 0 0 0 0 0 0 0 0 0 0 0 0 0 0 0 0 0 1 0 0 0 0 0 0 0 0 1
0 0 0 0 0 0 0 0 0 0 0 0 0 0 0 0 0 0 0 0 0 0 0 0 0 0 0 0 0 0 0 0 0 0 0 0 0 0 0 0 0 0 0 0 0 0 0 0 0 0 0 0 0 0 0 0 0 0 0 0 0 0 0 0 0 0 0 0 0 0 0 0 0 0 0 0 0 0 0 0 0 0 0 0 0 0 0 0 0 0 0 0 0 0 0 0 0 0 0 1 1
0 0 0 0 0 0 0 0 0 0 0 0 0 0 0 0 0 0 0 0 0 0 0 0 0 0 0 0 0 0 0 0 0 0 0 0 0 0 0 0 0 0 0 0 0 0 0 0 0 0 0 0 0 0 0 0 0 0 0 0 0 0 0 0 0 0 0 0 0 0 0 0 0 0 0 0 0 0 0 0 0 0 1 0 0 0 0 0 0 0 0 0 0 0 0 0 0 0 0 0 1
0 0 0 0 0 0 0 0 0 0 0 0 0 0 0 0 0 0 0 0 0 0 0 0 0 0 0 0 0 0 0 0 0 0 0 0 0 0 0 0 0 0 0 0 0 0 0 0 0 0 0 0 0 0 0 0 0 0 0 0 0 0 0 0 0 0 0 0 0 0 0 0 0 0 0 0 0 0 0 0 0 0 0 0 0 0 0 0 0 0 0 0 0 0 0 1 0 0 0 0 1
0 0 0 0 0 0 0 0 0 0 0 0 0 0 0 0 0 0 0 0 0 0 0 0 0 0 0 0 0 0 0 0 0 0 0 0 0 0 0 1 0 0 0 0 0 0 0 0 0 0 0 0 0 0 0 0 0 0 0 0 0 0 0 0 0 0 0 0 0 0 0 0 0 0 0 0 0 0 0 0 0 0 0 0 0 0 0 0 0 0 0 0 0 0 0 0 0 0 0 0 1
0 0 0 0 0 0 0 0 0 0 0 0 0 0 0 0 0 0 0 0 0 0 0 0 0 0 0 0 0 0 0 0 0 0 0 0 0 0 0 0 0 0 0 0 0 0 0 0 0 0 0 0 0 0 0 0 0 0 0 0 1 0 0 0 0 0 0 0 0 0 0 0 0 0 0 0 0 0 0 0 0 0 0 0 0 0 0 0 0 0 0 0 0 0 0 0 0 0 0 0 1
0 0 0 0 0 0 0 0 0 0 0 0 0 0 0 1 0 0 0 0 0 0 0 0 0 0 0 0 0 0 0 0 0 0 0 0 0 0 0 0 0 0 0 0 0 0 0 0 0 0 0 0 0 0 0 0 0 0 0 0 0 0 0 0 0 0 0 0 0 0 0 0 0 0 0 0 0 0 0 0 0 0 0 0 0 0 0 0 0 0 0 0 0 0 0 0 0 0 0 0 1
0 0 0 0 0 0 0 0 0 0 0 0 0 0 0 0 0 0 0 0 0 0 0 0 0 0 0 0 0 0 0 0 0 0 0 0 1 0 0 0 0 0 0 0 0 0 0 0 0 0 0 0 0 0 0 0 0 0 0 0 0 0 0 0 0 0 0 0 0 0 0 0 0 0 0 0 0 0 0 0 0 0 0 0 0 0 0 0 0 0 0 0 0 0 0 0 0 0 0 0 1
0 0 0 0 0 0 0 0 0 0 0 0 0 0 0 0 1 0 0 0 0 0 0 0 0 0 0 0 0 0 0 0 0 0 0 0 0 0 0 0 0 0 0 0 0 0 0 0 0 0 0 0 0 0 0 0 0 0 0 0 0 0 0 0 0 0 0 0 0 0 0 0 0 0 0 0 0 0 0 0 0 0 0 0 0 0 0 0 0 0 0 0 0 0 0 0 0 0 0 0 1
0 0 0 0 0 0 0 0 0 0 0 0 0 0 0 0 0 0 0 0 0 0 0 0 0 0 0 0 0 0 0 0 0 0 0 0 0 0 0 0 0 0 0 0 0 0 0 0 0 0 0 0 0 0 0 0 0 0 0 0 0 0 0 0 0 0 0 0 0 0 0 0 0 0 0 0 0 0 0 0 0 0 0 0 0 0 0 0 0 0 0 0 1 0 0 0 0 0 0 0 1
0 0 0 0 0 0 0 0 0 0 0 0 0 0 0 0 0 0 0 0 0 0 0 0 0 0 0 0 0 0 0 0 0 0 0 0 0 0 0 0 0 0 0 0 0 0 0 0 0 0 0 0 0 0 0 0 0 1 0 0 0 0 0 0 0 0 0 0 0 0 0 0 0 0 0 0 0 0 0 0 0 0 0 0 0 0 0 0 0 0 0 0 0 0 0 0 0 0 0 0 1
0 0 0 0 0 0 0 0 0 0 0 0 0 0 0 0 0 0 0 0 0 0 0 0 0 0 0 0 0 0 0 0 0 0 0 0 0 0 0 0 0 0 0 0 0 0 0 0 0 0 0 0 0 0 0 0 0 1 0 0 0 0 0 0 0 0 0 0 0 0 0 0 0 0 0 0 0 0 0 0 0 0 0 0 0 0 0 0 0 0 0 0 0 0 0 0 0 0 0 0 1
0 0 0 0 0 0 0 0 0 0 0 0 0 0 0 0 0 0 0 0 0 0 0 0 0 0 0 0 0 0 0 0 0 0 0 0 0 0 0 0 0 0 0 0 0 0 0 0 0 0 0 0 0 0 0 0 0 0 0 0 0 0 0 0 0 0 0 0 0 0 0 0 0 1 0 0 0 0 0 0 0 0 0 0 0 0 0 0 0 0 0 0 0 0 0 0 0 0 0 0 1
62 70 68 67 69 68 64 71 69 71 73 67 55 67 64 74 58 72 79 60 66 62 72 69 63 59 69 68 69 62 59 70 68 56 73 79 70 73 63 67 60 58 55 61 72 70 70 67 63 59 65 61 68 66 70 73 53 67 74 72 67 71 67 70 74 63 69 50 69 65 70 65 59 72 58 66 66 69 63 75 70 58 74 58 66 67 66 60 69 63 60 76 70 71 75 78 59 75 76 58 6666
