0 0 0 0 0 0 0 0 0 0 0 0 0 0 0 0 0 0 0 0 0 0 0 0 0 0 0 0 0 0 0 0 0 0 0 0 0 0 0 0 0 0 0 0 0 0 0 0 0 0 0 0 0 1 0 0 0 0 0 0 0 0 0 0 0 0 0 0 0 0 0 0 0 0 0 0 0 0 0 0 0 0 0 0 0 0 0 0 0 0 0 0 0 0 0 0 0 0 0 0 1
0 0 0 0 0 0 0 0 0 0 0 0 0 0 0 0 0 0 0 0 0 0 0 0 0 0 0 0 0 0 0 0 0 0 0 0 0 0 0 0 0 0 0 0 0 0 0 0 1 0 0 0 0 0 0 0 0 0 0 0 0 0 0 0 0 0 0 0 0 0 0 0 0 0 0 0 0 0 0 0 0 0 0 0 0 0 0 0 0 0 0 0 0 0 0 0 0 0 0 0 1
0 0 0 0 0 0 0 0 0 0 0 0 0 0 0 1 0 0 0 0 0 0 0 0 0 0 0 0 0 0 0 0 0 0 0 0 0 0 0 0 0 0 0 0 0 0 0 0 0 0 0 0 0 0 0 0 0 0 0 0 0 0 0 0 0 0 0 0 0 0 0 0 0 0 0 0 0 0 0 0 0 0 0 0 0 0 0 0 0 0 0 0 0 0 0 0 0 0 0 0 1
0 0 0 0 0 0 0 0 0 0 0 0 0 0 0 1 0 0 0 0 0 0 0 0 0 0 0 0 0 0 0 0 0 0 0 0 0 0 0 0 0 0 0 0 0 0 0 0 0 0 0 0 0 0 0 0 0 0 0 0 0 0 0 0 0 0 0 0 0 0 0 0 0 0 0 0 0 0 0 0 0 0 0 0 0 0 0 0 0 0 0 0 0 0 0 0 0 0 0 0 1
0 0 0 0 0 0 0 0 0 0 0 0 0 0 0 0 0 0 0 0 0 0 0 0 0 0 0 0 0 0 0 0 0 0 0 0 0 0 1 0 0 0 0 0 0 0 0 0 0 0 0 0 0 0 0 0 0 0 0 0 0 0 0 0 0 0 0 0 0 0 0 0 0 0 0 0 0 0 0 0 0 0 0 0 0 0 0 0 0 0 0 0 0 0 0 0 0 0 0 0 1
0 0 0 0 0 0 0 0 0 0 0 0 0 0 0 0 0 0 0 0 0 0 0 0 0 0 0 0 0 0 0 0 1 0 0 0 0 0 0 0 0 0 0 0 0 0 0 0 0 0 0 0 0 0 0 0 0 0 0 0 0 0 0 0 0 0 0 0 0 0 0 0 0 0 0 0 0 0 0 0 0 0 0 0 0 0 0 0 0 0 0 0 0 0 0 0 0 0 0 0 1
0 0 0 0 0 0 0 0 0 0 0 0 0 0 0 0 0 0 0 0 0 0 0 0 0 0 0 0 0 0 0 0 0 0 0 0 0 0 0 0 0 0 0 0 0 0 0 0 0 0 0 0 0 0 0 0 0 0 0 0 0 0 0 0 0 0 0 0 0 0 0 0 0 0 0 0 0 0 0 0 0 0 0 0 1 0 0 0 0 0 0 0 0 0 0 0 0 0 0 0 1
0 0 0 0 0 0 0 0 0 0 0 0 0 0 0 0 0 0 0 0 0 0 0 0 0 0 0 0 0 0 0 0 0 0 0 0 0 0 0 0 0 0 0 0 0 0 0 0 0 0 0 0 0 0 0 0 0 0 0 0 0 0 0 0 0 0 0 0 0 0 0 0 0 0 0 0 0 0 0 0 0 0 0 0 0 0 0 0 0 0 0 0 0 1 0 0 0 0 0 0 1
0 0 0 0 0 0 0 0 0 0 0 0 0 0 0 0 0 0 0 0 0 0 0 0 0 0 0 0 0 0 0 0 0 0 0 0 0 0 0 0 0 0 0 0 0 0 0 0 0 0 0 0 0 0 0 0 0 0 0 0 0 0 0 0 0 0 0 0 0 0 0 0 0 0 0 0 0 0 0 0 0 0 0 0 1 0 0 0 0 0 0 0 0 0 0 0 0 0 0 0 1
0 0 0 0 0 0 0 0 0 0 0 0 0 0 0 0 0 0 0 0 0 0 0 0 0 0 0 0 0 0 0 0 0 0 0 0 0 0 0 0 0 0 0 0 1 0 0 0 0 0 0 0 0 0 0 0 0 0 0 0 0 0 0 0 0 0 0 0 0 0 0 0 0 0 0 0 0 0 0 0 0 0 0 0 0 0 0 0 0 0 0 0 0 0 0 0 0 0 0 0 1
0 0 0 0 0 0 0 0 0 0 0 0 0 0 0 0 0 0 0 0 0 0 0 0 0 0 0 0 0 0 0 0 0 0 0 0 0 0 0 0 0 0 0 0 0 0 0 0 0 0 0 0 0 0 0 0 0 0 0 1 0 0 0 0 0 0 0 0 0 0 0 0 0 0 0 0 0 0 0 0 0 0 0 0 0 0 0 0 0 0 0 0 0 0 0 0 0 0 0 0 1
0 0 0 0 0 0 0 0 0 0 0 0 0 0 0 0 0 0 0 0 0 0 0 0 0 0 1 0 0 0 0 0 0 0 0 0 0 0 0 0 0 0 0 0 0 0 0 0 0 0 0 0 0 0 0 0 0 0 0 0 0 0 0 0 0 0 0 0 0 0 0 0 0 0 0 0 0 0 0 0 0 0 0 0 0 0 0 0 0 0 0 0 0 0 0 0 0 0 0 0 1
0 0 0 0 0 0 0 0 0 0 0 0 0 0 0 0 0 0 0 0 0 0 0 0 0 0 0 0 0 0 0 0 0 0 0 0 0 0 0 0 1 0 0 0 0 0 0 0 0 0 0 0 0 0 0 0 0 0 0 0 0 0 0 0 0 0 0 0 0 0 0 0 0 0 0 0 0 0 0 0 0 0 0 0 0 0 0 0 0 0 0 0 0 0 0 0 0 0 0 0 1
0 0 0 0 0 0 0 0 0 0 0 0 0 0 0 0 0 0 0 0 0 0 0 0 0 0 0 0 0 0 0 0 0 0 0 0 0 0 0 0 0 0 0 0 0 0 0 0 0 0 0 0 0 0 0 0 0 0 0 0 0 0 0 0 0 0 0 0 0 0 0 0 0 0 0 0 0 0 0 0 0 0 0 1 0 0 0 0 0 0 0 0 0 0 0 0 0 0 0 0 1
0 0 0 0 0 0 0 0 0 0 0 0 0 0 0 0 0 0 0 0 0 0 0 0 0 0 0 0 0 0 0 0 0 0 0 0 0 0 0 0 0 1 0 0 0 0 0 0 0 0 0 0 0 0 0 0 0 0 0 0 0 0 0 0 0 0 0 0 0 0 0 0 0 0 0 0 0 0 0 0 0 0 0 0 0 0 0 0 0 0 0 0 0 0 0 0 0 0 0 0 1
0 0 0 0 0 0 0 0 0 0 0 0 0 0 0 0 0 0 0 0 0 0 0 0 0 0 0 0 0 0 0 0 0 0 0 0 1 0 0 0 0 0 0 0 0 0 0 0 0 0 0 0 0 0 0 0 0 0 0 0 0 0 0 0 0 0 0 0 0 0 0 0 0 0 0 0 0 0 0 0 0 0 0 0 0 0 0 0 0 0 0 0 0 0 0 0 0 0 0 0 1
0 0 0 0 0 0 0 0 0 0 0 0 0 0 0 0 0 0 0 0 0 0 0 0 0 0 0 0 0 0 0 0 0 0 0 0 0 0 0 0 0 0 0 0 0 1 0 0 0 0 0 0 0 0 0 0 0 0 0 0 0 0 0 0 0 0 0 0 0 0 0 0 0 0 0 0 0 0 0 0 0 0 0 0 0 0 0 0 0 0 0 0 0 0 0 0 0 0 0 0 1
0 0 0 0 0 0 0 0 0 0 0 0 0 0 0 0 0 0 0 0 0 0 1 0 0 0 0 0 0 0 0 0 0 0 0 0 0 0 0 0 0 0 0 0 0 0 0 0 0 0 0 0 0 0 0 0 0 0 0 0 0 0 0 0 0 0 0 0 0 0 0 0 0 0 0 0 0 0 0 0 0 0 0 0 0 0 0 0 0 0 0 0 0 0 0 0 0 0 0 0 1
0 0 0 0 0 0 0 0 0 0 0 0 0 0 0 0 0 0 0 0 0 0 0 0 0 0 0 0 0 0 0 0 0 0 0 0 0 0 0 0 0 0 0 0 0 0 0 0 0 1 0 0 0 0 0 0 0 0 0 0 0 0 0 0 0 0 0 0 0 0 0 0 0 0 0 0 0 0 0 0 0 0 0 0 0 0 0 0 0 0 0 0 0 0 0 0 0 0 0 0 1
0 0 0 0 0 0 0 0 0 0 0 0 0 0 0 0 0 0 0 0 0 0 0 0 0 0 0 0 0 0 0 0 0 0 0 0 0 0 0 0 0 0 0 0 0 0 0 0 0 0 0 0 0 0 0 0 1 0 0 0 0 0 0 0 0 0 0 0 0 0 0 0 0 0 0 0 0 0 0 0 0 0 0 0 0 0 0 0 0 0 0 0 0 0 0 0 0 0 0 0 1
0 0 0 0 0 0 0 0 0 0 0 1 0 0 0 0 0 0 0 0 0 0 0 0 0 0 0 0 0 0 0 0 0 0 0 0 0 0 0 0 0 0 0 0 0 0 0 0 0 0 0 0 0 0 0 0 0 0 0 0 0 0 0 0 0 0 0 0 0 0 0 0 0 0 0 0 0 0 0 0 0 0 0 0 0 0 0 0 0 0 0 0 0 0 0 0 0 0 0 0 1
0 0 0 0 0 0 0 0 0 0 0 0 0 0 0 0 0 0 0 0 1 0 0 0 0 0 0 0 0 0 0 0 0 0 0 0 0 0 0 0 0 0 0 0 0 0 0 0 0 0 0 0 0 0 0 0 0 0 0 0 0 0 0 0 0 0 0 0 0 0 0 0 0 0 0 0 0 0 0 0 0 0 0 0 0 0 0 0 0 0 0 0 0 0 0 0 0 0 0 0 1
0 0 0 0 0 0 0 0 0 0 0 0 0 0 0 0 0 0 0 0 0 0 0 0 0 0 0 0 0 0 0 0 0 0 0 0 0 0 0 0 0 0 0 0 0 1 0 0 0 0 0 0 0 0 0 0 0 0 0 0 0 0 0 0 0 0 0 0 0 0 0 0 0 0 0 0 0 0 0 0 0 0 0 0 0 0 0 0 0 0 0 0 0 0 0 0 0 0 0 0 1
0 0 0 0 0 0 0 0 0 0 0 0 0 0 0 0 0 0 0 0 0 0 0 0 0 0 0 0 0 0 0 0 0 0 0 0 0 0 0 0 0 0 0 0 0 1 0 0 0 0 0 0 0 0 0 0 0 0 0 0 0 0 0 0 0 0 0 0 0 0 0 0 0 0 0 0 0 0 0 0 0 0 0 0 0 0 0 0 0 0 0 0 0 0 0 0 0 0 0 0 1
0 0 0 0 0 0 0 0 0 0 1 0 0 0 0 0 0 0 0 0 0 0 0 0 0 0 0 0 0 0 0 0 0 0 0 0 0 0 0 0 0 0 0 0 0 0 0 0 0 0 0 0 0 0 0 0 0 0 0 0 0 0 0 0 0 0 0 0 0 0 0 0 0 0 0 0 0 0 0 0 0 0 0 0 0 0 0 0 0 0 0 0 0 0 0 0 0 0 0 0 1
0 0 0 0 0 0 0 0 0 0 0 0 0 0 0 0 0 0 0 0 0 0 0 0 0 0 0 0 0 0 0 0 0 1 0 0 0 0 0 0 0 0 0 0 0 0 0 0 0 0 0 0 0 0 0 0 0 0 0 0 0 0 0 0 0 0 0 0 0 0 0 0 0 0 0 0 0 0 0 0 0 0 0 0 0 0 0 0 0 0 0 0 0 0 0 0 0 0 0 0 1
0 0 0 0 0 1 0 0 1 0 0 0 0 0 0 0 0 0 0 0 0 0 0 0 0 0 0 0 0 0 0 0 0 0 0 0 0 0 0 0 0 0 0 0 0 0 0 0 0 0 0 0 0 0 0 0 0 0 0 0 0 0 0 0 0 0 0 0 0 0 0 0 0 0 0 0 0 0 0 0 0 0 0 0 0 0 0 0 0 0 0 0 0 0 0 0 0 0 0 0 2
0 0 0 0 0 0 0 0 0 0 0 0 0 0 0 0 0 0 0 0 0 0 0 0 0 0 0 0 0 0 0 0 0 0 0 0 0 0 0 0 0 0 0 0 0 0 0 0 0 0 0 0 0 0 0 0 0 0 0 0 0 0 0 0 0 0 0 0 0 0 0 0 0 0 0 0 0 0 0 0 0 0 0 0 0 0 0 0 0 0 0 0 0 0 0 0 0 0 0 1 1
0 0 0 0 0 0 0 0 0 0 0 0 0 0 0 0 0 0 0 0 0 0 0 0 0 0 0 0 0 0 0 0 0 0 0 0 1 0 0 0 0 0 0 0 0 0 0 0 0 0 0 0 0 0 0 0 0 0 0 0 0 0 0 0 0 0 0 0 0 0 0 0 0 0 0 0 0 0 0 0 0 0 0 0 0 0 0 0 0 0 0 0 0 0 0 0 0 0 0 0 1
0 0 0 0 0 0 0 0 0 0 0 0 0 0 0 0 0 0 1 0 0 0 0 0 0 0 0 0 0 0 0 0 0 0 0 1 0 0 0 0 0 0 0 0 0 0 0 0 0 0 0 0 0 0 0 0 0 0 0 0 0 0 0 0 0 0 0 0 0 0 0 0 0 0 0 0 0 0 0 0 0 0 0 0 0 0 0 0 0 0 0 0 0 0 0 0 0 0 0 0 2
0 0 0 0 0 0 0 0 0 0 0 0 0 0 0 0 0 0 0 0 0 0 0 0 0 0 0 0 0 0 0 0 0 0 0 0 0 0 0 0 0 0 0 0 0 0 0 0 0 0 0 0 0 0 0 0 0 0 0 0 0 0 0 0 0 0 0 0 0 0 0 0 0 0 0 0 0 0 0 0 0 0 0 0 0 0 0 0 0 0 1 0 0 0 0 0 0 0 0 0 1
0 0 0 0 0 0 0 0 0 0 0 0 0 0 0 0 0 0 0 0 0 0 0 0 0 0 0 0 0 0 0 0 0 0 0 0 0 0 0 0 0 0 0 0 0 0 0 0 0 0 0 0 0 0 0 0 0 0 0 0 0 0 1 0 0 0 0 0 0 0 0 0 0 0 0 0 0 0 0 0 0 0 0 0 0 0 0 0 0 0 0 0 0 0 0 0 0 0 0 0 1
0 0 0 0 0 0 0 0 0 0 0 0 0 0 0 0 0 0 0 0 0 0 0 0 0 0 0 0 0 0 0 0 0 0 0 0 0 0 0 1 0 0 0 0 0 0 0 0 0 0 0 0 0 0 0 0 0 0 0 0 0 0 0 0 0 0 0 0 0 0 0 0 0 0 0 0 0 0 0 0 0 0 0 0 0 0 0 0 0 0 0 0 0 0 0 0 0 0 0 0 1
0 0 0 0 0 0 0 0 0 0 0 0 0 0 0 0 0 0 0 0 0 0 0 0 0 0 0 0 0 0 0 0 0 0 0 0 0 0 0 0 0 0 0 0 0 0 0 0 0 1 0 0 0 0 0 0 0 0 0 0 0 0 0 0 0 0 0 0 0 0 0 0 0 0 0 0 0 0 0 0 0 0 0 0 0 0 0 0 0 0 0 0 0 0 0 0 0 0 0 0 1
0 1 0 0 0 0 0 1 0 1 1 1 0 0 0 0 1 0 0 1 0 0 0 1 0 0 1 0 1 1 1 1 0 0 1 1 1 1 1 1 1 0 0 1 1 0 0 0 0 1 1 1 0 1 0 0 0 1 1 0 1 0 1 0 0 0 0 1 0 0 1 0 0 1 0 0 1 0 0 1 0 1 0 0 0 0 0 1 0 1 0 0 0 1 1 1 1 1 1 0 44
0 0 1 0 0 0 1 1 0 1 0 0 0 0 0 1 0 0 0 1 0 0 1 1 1 1 1 0 1 1 1 1 0 0 1 0 0 0 0 0 1 0 0 0 1 0 1 0 0 1 0 1 0 0 1 0 0 1 1 0 1 1 0 0 0 1 1 0 0 0 1 0 0 1 1 0 0 1 0 1 0 0 0 1 0 1 1 0 1 0 0 1 0 1 1 1 0 0 1 0 42
0 1 0 0 0 1 1 0 1 0 1 0 1 0 0 1 0 1 1 0 0 0 1 1 1 0 0 0 0 1 0 1 0 0 0 1 1 1 1 0 0 1 1 1 0 0 1 0 0 1 1 1 0 1 1 0 0 1 1 0 0 0 1 1 0 0 1 1 0 1 0 1 1 0 0 1 0 0 1 1 0 0 1 1 1 1 0 0 1 1 0 0 0 0 0 1 0 0 0 0 46
1 1 0 1 0 1 1 0 1 1 1 0 0 1 1 1 1 0 1 0 0 1 1 1 0 0 1 1 1 0 1 1 0 0 1 1 1 1 0 0 1 1 0 0 0 0 1 0 0 0 0 1 1 0 1 1 1 0 0 1 0 1 1 0 1 0 0 0 0 0 0 0 1 0 0 1 0 0 0 1 1 0 1 1 0 1 0 0 1 0 0 0 0 0 0 1 0 0 1 1 48
1 0 0 0 0 0 0 0 0 0 0 1 1 1 0 1 0 0 1 0 0 1 1 0 0 0 0 1 0 1 1 0 1 1 1 0 0 0 0 1 1 1 0 1 0 0 0 0 0 1 1 1 1 1 1 1 0 1 0 0 0 0 1 1 0 1 0 0 1 0 0 1 0 1 1 0 1 0 0 0 1 0 0 1 0 1 0 0 0 0 0 1 1 1 1 0 0 0 0 1 42
0 1 1 0 1 1 1 0 1 0 0 1 0 0 0 1 1 1 0 1 0 0 1 1 0 1 1 0 1 1 0 0 1 0 1 0 1 0 0 0 0 0 0 1 0 0 1 0 0 1 1 0 0 0 1 0 1 0 0 0 1 1 1 1 1 1 0 1 0 1 0 0 1 0 1 0 1 0 0 1 0 1 1 1 1 1 0 0 1 1 0 0 0 0 1 1 0 0 1 1 49
0 1 1 0 0 0 1 0 1 0 1 0 0 0 1 0 1 0 1 0 0 0 0 1 0 1 0 0 0 1 1 0 1 1 0 1 0 0 0 1 0 0 1 1 1 0 1 0 1 0 1 0 0 1 1 0 1 0 1 1 1 1 0 1 1 1 1 1 0 1 1 0 0 0 1 1 0 1 0 0 1 0 1 1 0 1 1 0 0 1 1 1 1 1 1 1 0 1 0 1 53
1 1 1 0 0 1 1 1 1 1 1 0 1 0 1 0 0 1 1 0 1 1 1 0 1 1 1 1 0 1 1 0 0 1 1 0 0 1 0 1 1 1 1 1 0 0 1 1 1 1 0 0 0 0 0 1 0 0 0 1 1 1 0 0 1 1 1 0 1 0 1 0 1 1 1 1 1 0 0 0 1 1 0 1 1 0 1 1 1 1 0 1 1 1 1 1 1 1 1 0 64
1 1 1 0 0 0 1 1 1 1 1 0 0 0 1 1 1 1 0 0 0 1 1 1 0 1 0 1 0 0 0 0 1 1 0 0 1 0 0 1 0 1 1 0 1 0 0 1 0 1 1 0 0 1 1 0 1 0 0 1 1 1 0 1 0 1 1 1 0 1 0 0 1 0 0 1 1 0 0 1 0 1 0 0 0 0 1 1 0 1 0 1 0 1 0 0 1 0 0 1 50
0 0 1 1 0 1 0 0 1 0 1 1 1 0 0 1 1 1 1 0 0 0 1 1 0 1 0 0 0 0 0 0 1 1 1 1 0 0 1 1 1 0 0 1 0 1 0 0 0 0 0 0 1 0 0 0 1 1 0 0 0 0 0 0 0 0 0 1 0 0 1 0 1 1 0 0 0 0 0 0 0 1 1 1 0 1 0 0 1 0 1 1 1 1 1 1 1 0 0 0 42
0 1 0 1 1 1 1 0 0 1 1 0 0 0 0 1 0 0 1 1 0 1 0 0 0 0 0 1 1 0 1 1 0 0 1 1 1 0 1 1 1 1 1 1 0 1 1 0 1 1 0 0 0 0 1 0 1 1 0 0 1 0 0 1 0 1 1 1 1 0 0 0 0 1 0 1 0 0 1 0 0 1 0 0 0 0 0 0 0 1 1 0 0 1 0 0 0 0 0 1 45
0 1 0 0 1 1 0 0 0 0 1 1 1 1 1 1 1 1 1 0 1 0 1 1 1 0 0 0 1 0 0 1 1 1 1 1 1 1 1 1 1 1 1 0 1 0 0 0 0 0 1 1 1 1 1 0 1 1 1 1 1 0 1 1 0 0 1 0 1 0 1 1 0 0 1 0 1 0 0 0 0 1 0 1 1 0 0 1 0 0 0 1 0 0 0 1 0 0 1 1 56
1 0 0 1 0 0 0 0 0 0 1 0 1 0 0 0 1 0 1 1 1 1 0 0 1 1 1 0 1 0 1 0 0 0 0 0 1 0 0 1 0 0 0 0 1 1 1 0 0 1 0 1 1 0 0 0 1 0 1 1 0 1 0 1 0 0 1 1 0 1 1 0 1 1 1 0 0 0 0 0 1 0 1 0 0 0 1 0 0 1 1 0 0 1 0 1 1 0 0 0 42
1 0 1 1 1 1 1 0 1 1 1 1 0 1 0 1 0 1 0 0 1 1 1 1 1 1 1 0 1 1 0 0 1 1 0 1 1 1 1 1 1 0 1 1 1 1 0 0 0 0 0 0 1 1 0 0 0 0 0 1 1 1 1 0 0 0 1 0 0 1 0 1 1 1 1 0 0 0 0 0 0 1 1 1 1 0 1 0 1 1 0 0 1 0 0 1 1 0 1 0 57
0 0 1 1 1 0 0 1 1 1 0 0 1 1 0 1 1 1 0 1 1 1 0 1 0 0 1 0 0 1 1 0 1 1 0 0 0 0 1 1 1 0 1 0 1 0 1 0 1 0 0 0 1 1 1 1 0 0 0 1 1 1 1 1 1 0 1 1 0 1 1 0 1 0 1 1 0 0 0 1 0 1 1 0 0 1 0 1 1 0 1 1 0 1 1 0 1 1 0 0 56
1 0 0 0 0 0 1 0 1 0 0 0 1 0 0 0 0 1 0 0 0 1 0 1 1 0 0 0 1 0 1 1 1 1 1 1 0 0 1 1 0 0 0 0 1 0 1 1 1 1 1 1 0 0 1 0 1 1 0 0 1 1 0 1 1 1 0 0 1 0 1 1 1 1 0 1 1 0 1 1 1 1 0 0 0 1 1 1 1 0 1 0 0 1 0 0 0 0 1 1 51
1 0 1 0 0 0 1 1 1 0 1 0 1 0 0 1 1 1 1 0 1 0 0 1 1 0 0 1 0 1 1 0 1 0 0 1 0 1 0 1 0 1 1 1 0 0 0 0 0 0 0 1 0 1 1 1 1 1 0 1 1 0 0 1 1 0 0 0 0 1 0 0 1 0 1 0 0 1 0 1 0 0 1 1 0 1 1 1 0 0 1 1 1 0 0 0 0 0 0 1 48
1 1 1 1 0 0 1 1 0 0 1 0 0 0 1 0 0 1 1 0 0 0 1 0 0 0 0 0 1 0 0 1 1 0 0 1 1 1 1 1 0 0 1 1 0 0 0 0 0 1 0 0 1 1 0 0 0 0 1 1 1 0 1 0 0 0 0 0 1 0 0 0 1 1 0 0 1 0 1 1 0 0 1 1 1 1 1 0 1 1 0 1 1 0 1 1 0 0 1 1 47
0 0 0 1 0 1 1 1 1 0 0 0 1 0 1 1 1 1 1 1 1 1 1 1 1 1 0 1 1 1 1 1 0 1 0 0 0 1 1 1 1 1 0 0 1 1 1 1 1 1 1 1 0 1 1 0 0 0 1 0 0 0 1 1 1 0 0 0 1 1 0 1 1 1 0 0 0 1 0 1 1 0 1 0 0 0 1 0 0 1 1 1 1 0 1 1 1 0 0 1 61
0 0 0 0 1 1 0 0 1 1 0 0 0 1 0 1 1 0 1 0 1 0 1 1 1 0 1 1 1 0 0 0 0 1 1 0 0 1 1 0 1 1 1 0 1 1 0 1 1 1 0 1 1 1 1 0 0 0 1 1 0 0 0 0 0 1 0 0 1 0 0 0 0 0 0 0 1 0 1 1 1 0 1 0 1 1 0 1 1 1 1 1 1 1 0 1 0 0 0 1 51
0 0 1 0 0 1 1 0 0 1 1 0 0 1 0 0 0 0 0 0 0 1 1 0 1 0 0 0 0 1 0 1 0 1 0 0 0 1 1 1 1 0 1 1 0 0 1 1 0 1 1 0 0 1 1 1 1 0 1 0 1 1 0 0 1 1 1 0 1 1 1 1 1 0 1 0 1 0 1 0 1 0 1 1 0 1 0 0 0 1 0 1 0 1 0 0 1 1 0 0 49
1 0 1 0 1 0 1 1 1 1 1 1 0 0 0 0 1 0 0 1 0 0 0 0 0 0 1 1 1 1 1 1 1 0 1 0 1 1 1 1 0 1 1 0 1 1 1 0 0 0 1 1 0 1 1 1 1 0 0 0 1 1 0 1 1 0 0 1 1 0 1 1 0 1 0 0 0 0 1 1 1 1 0 1 0 1 0 1 1 0 0 0 1 0 1 0 0 1 1 1 56
1 1 1 0 1 0 1 0 1 0 0 1 0 0 1 0 1 0 1 1 0 0 0 0 0 1 1 0 1 1 1 0 1 1 0 0 1 1 1 1 1 1 1 1 1 0 0 0 1 0 0 0 0 1 1 0 0 1 0 0 1 1 0 1 1 1 0 1 1 0 1 1 0 0 0 1 1 1 0 0 0 1 1 0 1 1 1 0 0 0 1 1 1 0 0 1 0 0 0 0 52
1 0 1 0 1 0 1 1 1 1 0 0 1 0 0 0 0 0 0 1 1 0 1 1 0 0 0 1 1 0 1 1 0 0 0 1 0 1 0 1 1 1 1 0 0 0 0 1 1 1 1 0 0 0 0 0 1 0 1 0 1 1 0 1 0 1 1 1 1 0 1 0 1 1 0 0 0 1 1 0 0 0 1 1 0 1 1 0 1 0 1 0 0 1 1 0 0 0 0 0 48
1 1 0 1 1 0 0 1 0 1 1 1 0 1 0 0 1 1 0 1 0 0 1 1 1 1 0 1 1 0 0 0 0 0 0 1 0 1 1 1 1 0 1 1 0 0 1 1 1 0 0 0 0 1 0 0 0 1 0 1 1 0 0 0 1 0 1 0 0 1 0 0 0 1 1 1 1 0 1 1 0 1 1 1 0 1 1 0 1 1 0 1 0 1 0 0 0 1 0 0 51
0 1 0 0 0 0 0 1 1 0 0 0 1 1 0 1 0 1 0 1 1 0 1 1 1 0 1 0 1 0 1 1 1 0 0 1 1 1 0 0 0 0 1 1 0 0 0 1 1 0 1 1 1 0 1 0 0 0 0 1 0 0 1 1 0 1 0 0 1 1 1 1 1 0 1 0 1 1 0 1 1 1 0 1 0 1 0 1 0 1 0 0 0 1 1 0 0 0 0 0 49
0 1 1 1 0 0 0 1 1 0 1 0 0 0 0 0 1 0 0 1 0 0 1 1 1 0 1 0 0 1 0 1 1 1 1 1 1 0 1 1 0 1 0 0 0 1 1 1 1 0 1 1 0 0 0 1 0 0 0 1 0 1 0 0 1 1 1 1 0 0 1 0 1 1 0 0 0 0 0 1 0 0 0 0 0 1 0 0 1 1 1 0 0 0 1 1 0 0 1 0 46
1 0 1 1 1 0 1 1 1 1 0 0 0 0 1 0 0 0 0 1 1 0 0 0 0 1 1 1 0 1 1 0 1 1 1 0 1 0 1 1 1 1 0 1 1 1 0 1 1 0 1 1 0 1 1 0 0 1 1 0 1 0 1 0 0 1 1 0 0 1 0 0 1 1 1 1 1 0 1 1 0 1 0 0 0 1 1 1 0 1 0 1 1 0 0 0 1 0 0 0 55
1 0 0 1 1 0 1 0 1 1 0 1 0 1 1 0 1 1 0 1 0 0 1 0 0 1 0 0 1 0 1 0 1 1 1 1 1 0 1 0 1 0 1 0 0 0 1 0 1 1 1 1 1 1 0 0 1 0 1 1 1 0 1 0 1 1 0 1 0 1 0 0 1 0 1 0 0 1 0 1 0 1 1 0 0 1 0 0 0 1 1 1 1 1 0 1 0 1 1 1 56
1 0 1 1 1 0 0 1 1 0 1 0 0 1 1 1 0 1 1 0 1 0 0 1 0 1 1 1 0 1 0 1 0 0 0 0 0 1 1 0 0 0 1 0 0 1 1 1 0 0 0 0 0 0 0 0 0 0 0 1 0 0 1 1 1 0 1 0 1 0 0 1 1 0 1 0 1 0 0 0 1 0 0 0 1 0 0 0 1 0 0 0 1 0 1 1 0 0 0 1 42
0 1 0 0 1 1 0 0 0 1 1 0 0 0 1 0 1 1 1 0 0 0 1 0 1 1 1 1 1 0 1 1 0 1 1 1 1 1 0 1 0 1 0 1 0 0 1 0 1 0 0 1 0 1 0 1 0 0 1 1 1 0 0 1 0 0 0 0 0 1 1 1 1 1 1 1 1 0 1 1 0 0 0 0 0 0 0 0 1 1 1 0 0 1 1 0 1 1 1 0 52
0 0 0 0 0 1 1 0 1 0 0 0 0 0 1 1 1 0 0 1 0 0 1 1 0 1 0 0 0 0 1 0 0 0 1 1 0 1 0 0 0 1 0 0 0 1 1 0 0 1 0 1 0 0 0 1 0 1 0 1 1 0 1 1 1 1 0 1 1 1 0 1 0 0 1 0 0 0 1 1 1 0 1 0 1 1 1 1 0 1 0 1 0 1 1 0 0 1 0 1 46
0 0 0 0 0 1 1 1 0 1 1 0 0 0 1 0 0 1 1 0 0 0 1 0 1 1 0 1 1 1 0 1 1 0 0 0 0 0 0 0 1 0 0 0 1 0 1 1 0 1 0 1 1 0 1 0 0 1 0 0 1 0 0 0 0 0 1 0 1 1 1 1 0 0 1 1 0 0 1 1 0 0 1 0 0 1 0 1 0 1 0 1 0 0 1 1 0 0 1 0 43
0 1 0 0 0 1 0 0 0 1 0 0 0 1 1 1 0 0 1 1 0 0 1 1 1 0 0 0 1 1 0 1 0 0 0 1 0 0 1 0 1 1 1 1 0 1 1 1 1 0 1 0 1 0 0 0 0 1 0 1 1 0 0 1 1 1 0 0 1 0 1 0 0 1 1 0 0 1 1 1 0 0 0 1 0 1 1 1 0 1 0 0 0 0 1 1 1 0 0 1 48
1 0 0 0 1 0 0 0 0 1 0 1 1 1 0 1 0 1 0 1 0 1 0 1 1 0 0 0 1 1 1 0 0 1 0 1 0 1 1 0 0 0 1 0 0 0 0 1 0 1 1 1 0 1 1 1 0 1 0 1 0 1 1 0 1 0 1 0 1 0 0 0 0 1 0 1 0 1 0 1 0 1 0 1 0 0 0 1 1 0 1 0 1 1 0 1 1 1 0 1 49
0 1 0 1 0 1 1 1 1 1 0 0 1 1 0 0 1 0 1 1 0 1 0 1 0 0 0 1 1 1 0 1 1 0 1 1 0 1 0 1 0 0 0 0 0 0 1 1 1 0 0 1 1 0 1 0 0 0 0 0 0 1 0 0 0 0 0 0 0 1 1 1 0 1 1 0 1 1 1 1 1 0 1 0 0 1 0 0 1 0 0 0 1 0 1 1 0 0 0 1 47
1 0 0 0 1 0 0 1 1 0 0 0 1 0 1 0 0 1 0 1 1 1 1 0 0 1 1 0 1 1 1 0 0 0 0 0 0 0 1 1 0 0 1 0 1 1 0 0 1 1 0 0 1 1 1 1 1 1 0 0 1 0 0 1 1 0 1 1 0 1 0 1 1 0 0 0 0 1 1 0 1 0 0 0 0 0 1 1 1 0 1 0 0 1 1 1 1 1 1 1 51
0 0 1 1 1 0 0 1 1 0 0 0 1 0 0 0 1 0 1 0 1 1 1 1 0 0 1 1 0 1 1 0 1 0 1 0 0 1 0 0 0 0 1 1 1 0 1 0 0 1 0 1 1 1 1 1 0 0 1 0 1 1 0 0 1 0 0 1 0 1 1 1 0 0 1 0 1 1 0 0 0 0 1 1 1 0 1 1 0 1 1 0 1 0 0 0 0 1 1 1 51
1 1 0 1 1 1 0 0 0 0 0 1 0 0 0 1 1 1 0 0 1 0 0 1 1 0 1 1 1 0 0 0 1 1 1 1 1 1 0 0 0 0 1 0 0 1 1 0 0 0 0 1 0 0 1 1 0 1 0 1 1 1 0 1 0 1 1 1 1 0 0 0 0 1 1 0 0 1 1 0 1 1 1 1 1 1 1 1 1 0 1 1 0 1 0 1 0 0 0 0 53
0 1 1 0 0 1 1 1 0 1 1 1 0 1 1 0 0 1 1 1 0 0 0 0 0 0 0 0 1 1 1 0 0 1 1 0 0 0 0 0 1 1 0 1 1 0 1 0 1 1 0 0 1 1 0 0 0 1 0 1 1 1 1 1 0 0 1 0 0 1 1 0 0 1 1 1 0 1 1 0 1 0 0 0 1 0 0 0 0 1 1 1 1 1 0 0 1 0 0 1 50
1 1 0 1 1 1 0 1 1 0 0 0 1 1 1 1 1 0 1 1 0 0 1 1 1 0 0 0 1 0 0 1 0 0 0 1 0 0 0 1 0 1 1 1 0 1 0 1 0 0 1 1 1 1 1 1 0 0 1 1 1 0 1 0 0 0 0 1 1 0 0 0 0 1 1 0 1 0 0 1 0 1 1 0 0 0 1 1 0 0 0 0 0 1 1 0 1 1 1 0 51
0 0 1 1 1 1 1 1 0 0 0 1 1 1 1 0 0 0 0 0 0 1 0 0 0 1 0 0 0 0 1 1 1 0 1 0 0 1 0 1 0 0 0 1 0 1 1 1 0 0 1 0 0 0 0 0 1 1 0 1 0 0 0 1 1 1 0 1 1 0 1 1 0 0 1 1 0 0 0 1 0 1 1 1 1 1 0 1 0 0 0 1 0 1 1 1 1 1 0 0 48
0 0 1 0 0 0 1 1 1 1 1 0 1 0 1 1 0 1 1 0 1 0 0 0 0 0 1 0 0 1 1 0 0 1 1 0 1 0 1 0 1 0 1 0 1 1 1 0 1 0 0 0 0 1 1 1 1 1 1 1 1 0 0 1 1 0 0 0 0 1 1 1 1 1 1 1 0 1 1 1 1 0 1 1 1 0 1 1 0 0 0 1 1 0 0 0 1 1 1 1 57
1 1 1 1 0 1 1 0 1 0 0 0 0 1 0 0 0 1 0 0 0 0 1 0 1 0 0 1 1 1 0 0 0 1 0 0 0 0 1 1 1 1 1 1 1 1 1 0 0 0 0 0 1 0 0 1 1 1 1 1 0 1 1 0 1 1 0 1 0 0 1 1 0 0 1 0 0 1 1 0 0 0 0 1 1 1 1 0 1 1 0 0 1 1 1 1 1 1 0 1 53
0 1 1 1 0 1 0 1 1 1 1 1 1 0 0 1 1 0 0 1 0 0 0 1 0 0 1 0 0 0 0 0 0 1 0 0 0 0 1 0 0 1 1 0 1 0 1 0 0 1 0 1 0 1 1 0 1 1 1 1 1 1 0 1 1 1 1 0 1 1 0 1 0 0 0 1 0 0 1 1 1 1 1 1 1 0 0 0 1 0 0 0 1 0 0 1 1 1 0 1 52
1 0 1 0 1 1 0 0 0 1 0 0 0 1 0 1 0 0 0 1 0 1 0 1 1 1 0 1 1 1 1 0 1 0 1 1 0 0 0 1 0 1 0 1 0 1 0 0 1 1 1 1 1 0 1 0 0 1 0 0 0 0 0 1 0 0 0 1 0 0 0 0 0 0 0 0 0 1 1 1 0 1 0 1 1 0 0 0 0 0 0 0 1 0 0 1 1 0 0 1 42
0 1 1 1 0 0 0 1 0 1 0 0 0 1 0 1 0 1 1 0 1 1 0 0 1 0 1 1 1 1 0 1 0 1 0 1 1 1 1 0 0 1 1 1 1 1 1 1 0 0 1 0 1 0 1 0 0 0 0 0 1 0 1 0 1 0 1 1 0 0 0 1 1 1 1 1 0 0 0 0 0 1 1 1 0 1 0 1 0 0 1 1 1 1 1 0 0 0 0 1 53
0 0 0 1 0 0 1 1 0 1 0 0 1 0 1 1 0 0 1 0 0 1 1 0 1 0 1 1 0 0 1 1 1 0 0 0 0 0 1 0 1 1 1 0 1 0 1 1 1 1 0 1 0 1 0 1 1 0 1 1 0 1 0 0 0 0 1 1 0 1 0 0 0 1 0 1 1 0 0 0 1 0 0 1 0 0 1 0 1 1 0 1 0 1 1 0 1 0 0 1 48
0 1 1 1 0 1 1 1 0 0 1 1 0 0 1 0 1 0 0 1 0 1 1 1 1 0 0 0 0 0 0 1 1 1 1 1 1 1 1 0 1 0 0 1 1 0 0 1 1 0 0 1 1 0 1 0 0 1 0 1 1 1 0 1 1 1 1 0 1 0 1 0 1 1 1 1 1 0 0 1 1 1 0 0 0 1 1 0 0 0 0 1 0 1 1 1 1 1 0 1 58
1 1 0 0 1 0 1 0 1 0 0 1 1 1 0 1 0 1 1 0 1 0 1 0 1 0 0 0 0 1 1 0 0 1 1 1 1 1 0 1 0 1 1 1 0 0 1 0 1 0 0 1 1 0 1 0 0 1 1 1 0 0 0 0 1 0 0 1 1 0 1 1 0 1 0 1 0 0 0 1 1 0 1 0 1 0 0 1 0 0 0 0 0 0 0 1 1 1 0 0 48
0 0 1 1 1 1 1 0 0 1 0 1 0 1 0 0 0 0 0 1 0 0 1 1 1 1 0 0 0 1 1 0 0 1 1 0 1 1 0 0 0 0 1 1 0 0 1 1 1 1 1 1 1 0 0 1 1 0 1 0 1 0 1 0 0 0 1 1 0 0 1 1 1 1 0 0 1 1 1 0 1 1 0 1 0 1 1 1 0 0 0 0 1 0 1 1 1 1 0 1 54
1 1 0 1 1 1 0 1 0 1 1 1 0 0 0 0 1 1 0 1 0 0 0 0 0 1 1 0 1 1 1 1 1 1 1 0 0 1 1 1 0 0 1 0 0 1 0 1 1 1 0 1 0 1 0 1 0 0 1 0 0 0 0 0 1 0 1 0 1 0 1 0 1 1 1 1 1 1 0 1 0 0 0 0 0 1 0 1 1 1 1 1 1 1 0 1 0 1 1 0 55
0 1 1 1 1 1 0 0 1 1 1 1 0 0 0 0 1 1 1 1 1 1 1 1 1 1 1 0 0 0 1 1 0 1 1 1 1 1 0 0 0 1 1 0 0 0 1 0 1 1 0 1 0 1 1 1 0 1 0 1 1 0 1 0 0 1 0 0 1 0 1 1 0 0 0 1 1 0 0 0 1 1 0 1 1 0 0 1 0 1 0 0 0 1 0 1 1 1 1 0 57
1 1 1 0 1 1 1 1 1 1 1 0 0 1 1 1 0 0 1 0 1 1 1 0 0 0 0 1 0 1 0 0 0 0 1 0 0 1 1 1 1 1 1 0 1 0 0 0 0 1 0 1 1 0 0 0 0 0 0 1 1 0 1 1 1 1 0 1 0 1 1 0 1 0 0 0 1 1 0 1 1 1 1 0 0 1 1 1 1 0 1 1 0 0 0 0 0 0 0 1 53
1 1 1 1 0 1 0 1 1 0 0 1 1 0 0 0 1 0 0 0 0 1 0 0 0 0 1 1 0 1 0 1 0 0 1 0 1 0 1 0 1 1 1 0 0 1 0 1 1 0 1 1 1 1 1 0 1 1 1 0 1 0 1 0 0 1 1 0 0 1 1 1 1 1 1 0 0 1 1 0 1 0 0 1 1 1 1 1 1 1 0 0 0 0 0 0 1 1 0 0 54
0 1 0 1 1 0 1 0 0 0 0 1 1 1 0 1 1 1 1 1 1 1 0 1 0 0 0 1 1 1 1 1 0 0 1 0 1 0 0 0 1 1 0 0 0 0 0 1 0 0 0 0 1 1 1 0 0 1 1 0 0 1 0 1 0 0 0 0 0 1 1 1 1 1 1 0 0 1 0 0 1 1 1 1 1 0 0 0 0 1 1 0 0 1 1 1 0 0 0 0 49
1 0 1 0 0 1 0 1 0 0 0 0 0 0 1 1 0 0 0 1 1 0 0 1 0 0 1 0 1 1 1 0 1 1 0 0 1 1 1 0 1 1 0 1 1 1 0 1 1 1 1 0 0 0 0 1 1 1 1 0 1 1 0 1 1 1 0 0 0 0 0 0 1 0 1 0 0 1 0 0 0 0 0 1 0 1 1 1 1 1 1 0 1 1 1 0 0 0 0 1 50
1 1 0 1 0 0 0 1 0 0 0 1 1 1 1 0 1 0 0 0 0 0 0 1 1 0 0 1 1 0 1 1 1 1 1 1 0 1 0 1 1 0 1 1 1 0 1 0 1 0 1 0 1 1 1 0 0 1 0 0 1 1 1 1 1 1 0 0 1 1 1 0 0 1 0 1 0 0 0 1 1 1 0 0 0 0 0 0 0 1 1 1 1 0 0 0 1 1 1 1 54
0 0 0 1 0 1 1 1 1 1 1 0 0 0 1 1 1 0 0 1 0 1 0 1 1 0 1 0 1 1 0 0 0 1 0 1 0 1 1 0 0 1 1 1 1 0 0 1 0 0 0 1 1 0 1 0 0 0 0 1 1 0 0 1 0 0 0 0 1 1 1 1 1 1 1 0 1 1 1 0 0 1 0 0 0 1 0 0 1 0 1 0 1 0 1 1 0 1 1 1 52
1 1 0 0 1 0 0 0 1 0 1 1 1 0 1 1 1 1 1 0 0 1 0 1 1 1 1 1 0 0 0 1 0 1 1 1 0 1 1 1 0 0 0 0 1 1 0 1 1 1 1 0 0 1 1 1 1 1 0 0 1 1 0 1 1 0 1 0 0 0 0 0 0 0 1 1 0 0 1 0 0 1 0 0 1 0 0 1 1 1 0 0 1 0 0 0 0 1 0 0 51
0 1 1 1 0 1 0 0 1 0 0 1 1 1 1 1 0 0 0 0 1 1 0 1 0 1 1 0 0 0 1 1 0 0 0 0 1 1 0 0 0 0 1 1 0 1 1 1 0 1 1 1 1 1 0 1 1 0 0 0 0 0 0 1 1 0 0 0 1 0 0 0 0 1 1 1 1 1 0 1 1 0 0 1 0 1 0 1 1 1 1 1 1 0 1 1 1 1 1 1 55
0 1 1 0 1 0 0 1 0 1 1 0 0 0 0 0 0 0 0 0 0 0 1 0 1 1 1 0 1 1 0 1 0 0 0 0 1 0 0 0 0 1 0 1 0 1 0 0 0 0 1 0 0 1 0 0 1 0 0 1 1 0 0 1 0 1 0 0 0 0 1 0 0 1 0 0 0 0 1 1 0 0 1 1 0 0 1 0 0 1 0 0 1 0 0 0 0 0 1 1 35
1 0 0 1 0 1 0 0 1 1 0 0 0 1 1 1 0 0 0 0 0 0 1 1 1 0 1 1 1 1 0 1 0 1 0 0 0 1 1 0 1 0 0 0 1 1 1 0 0 0 0 0 0 0 1 1 0 0 1 1 1 1 0 0 1 0 0 1 1 1 0 1 0 1 1 1 0 1 1 0 0 0 1 1 1 1 1 0 1 0 0 1 0 1 0 1 1 0 1 1 51
1 0 0 0 1 1 1 1 0 0 1 1 1 1 0 1 0 1 0 1 0 0 0 0 1 1 0 1 0 0 0 1 0 1 1 0 1 0 0 0 0 0 0 1 0 0 1 0 0 1 0 0 1 0 1 1 1 0 0 1 1 0 0 1 0 0 0 0 0 0 1 1 1 0 0 0 1 1 0 0 1 1 1 1 1 1 0 1 1 0 1 1 0 1 0 1 0 1 0 0 47
0 1 0 1 0 1 1 0 1 0 0 0 1 1 0 1 1 0 0 1 1 0 0 1 0 0 1 1 1 1 1 1 1 0 0 0 1 1 0 0 1 1 0 0 0 1 0 1 0 1 0 0 1 0 1 0 0 0 0 0 0 0 1 1 1 0 0 0 1 0 1 0 1 1 0 0 0 1 1 0 1 0 0 1 0 0 0 0 1 0 1 1 0 0 1 1 1 0 1 1 47
0 0 0 1 0 0 1 1 0 1 1 1 1 0 1 0 1 1 0 1 0 0 1 1 0 0 0 0 1 1 1 0 1 1 0 0 1 0 1 1 0 0 0 1 1 0 1 1 0 0 1 1 1 1 0 0 0 1 0 1 1 1 1 1 1 0 0 0 1 0 1 0 1 0 1 1 1 0 1 0 1 1 0 0 0 0 0 1 1 1 0 1 0 0 1 0 0 0 1 0 51
0 1 1 1 1 1 1 0 1 0 0 1 0 1 1 1 1 1 1 0 0 0 1 0 1 0 1 0 0 0 0 1 1 1 0 1 1 0 0 0 1 1 0 1 0 1 0 0 0 1 0 1 0 0 0 1 1 0 1 1 0 0 0 0 1 1 0 0 0 0 0 1 0 0 0 0 1 0 0 0 1 1 0 0 1 0 0 0 0 0 1 1 0 1 1 1 1 0 1 0 46
1 0 0 0 0 1 1 0 0 0 1 1 0 1 1 0 0 0 0 1 0 1 0 0 0 0 0 1 0 1 1 1 1 0 0 1 1 0 1 1 1 0 0 0 1 1 1 0 0 0 0 0 0 0 1 0 0 0 0 1 0 0 1 1 1 0 0 1 1 1 0 0 0 0 1 0 1 1 0 1 1 0 0 0 1 1 1 0 1 0 1 1 1 0 1 1 1 1 1 0 47
0 0 0 0 0 0 0 1 1 0 1 1 1 0 0 1 0 0 0 0 1 0 0 0 0 0 0 1 1 0 1 1 0 1 1 1 1 0 1 1 1 0 0 0 0 0 0 0 1 0 0 1 1 0 0 0 0 0 0 0 0 1 1 1 0 0 0 0 1 1 1 0 1 1 1 0 1 0 0 1 1 0 0 1 0 0 1 0 1 1 1 0 0 0 0 0 0 0 1 1 40
1 0 0 0 0 1 0 0 0 1 0 1 1 1 0 0 0 0 1 0 1 1 1 1 1 0 1 0 0 0 1 1 1 1 0 0 1 0 0 0 0 1 0 0 0 1 1 1 0 1 1 0 0 1 0 0 0 0 0 1 0 1 0 0 1 0 0 1 1 0 0 1 1 0 0 1 0 1 1 0 0 1 0 1 0 0 0 0 1 0 1 0 0 1 1 0 0 1 0 1 43
0 0 0 1 0 1 0 1 1 0 1 0 1 1 0 0 0 0 0 1 0 0 1 1 0 1 1 0 0 0 0 1 0 0 0 1 1 0 1 0 1 0 0 1 0 0 0 0 1 0 1 1 0 1 0 0 0 0 1 1 0 1 1 1 1 1 1 1 0 1 0 0 1 0 0 1 0 1 1 0 1 1 1 1 0 0 1 0 1 0 0 0 0 0 1 0 0 1 0 0 44
0 1 1 1 1 0 1 1 1 1 0 1 0 1 1 1 1 0 0 1 0 1 0 1 0 1 0 1 1 1 1 0 0 1 1 0 0 1 0 0 0 0 1 1 0 0 0 0 0 0 1 0 0 0 0 1 0 0 1 1 1 0 1 0 0 0 1 0 1 0 0 1 1 0 1 0 0 0 1 1 1 0 0 0 1 1 0 1 1 1 0 1 1 0 0 0 1 0 1 1 50
0 0 0 1 1 1 1 1 0 0 0 0 1 1 1 0 1 0 0 0 1 0 1 1 0 1 1 0 1 0 0 1 1 0 1 1 0 1 1 1 1 0 1 0 0 1 1 0 0 0 1 0 1 0 0 1 0 1 0 0 1 1 1 0 1 0 0 0 0 1 0 0 1 1 0 1 1 0 1 1 1 0 0 1 0 1 1 1 1 1 0 1 0 1 0 1 1 0 1 0 53
0 1 0 0 1 1 1 1 0 1 1 0 1 1 0 0 0 1 1 0 1 1 1 0 1 1 0 1 1 0 1 0 0 0 0 1 0 0 1 0 0 0 0 1 1 1 0 1 0 0 0 0 0 1 0 0 0 1 1 0 0 1 1 1 1 1 1 1 0 0 1 0 1 0 0 0 1 1 1 0 0 0 0 0 0 1 0 0 0 1 0 0 1 1 0 1 0 1 1 1 48
0 1 1 0 0 0 1 1 0 1 1 1 1 1 0 1 1 1 1 1 0 1 0 0 1 1 0 0 1 0 1 0 1 1 0 0 0 0 0 0 1 0 0 1 0 1 0 1 1 0 0 1 0 1 1 1 0 1 1 1 1 0 0 1 1 1 1 0 0 1 0 1 1 0 0 0 1 0 0 0 1 1 0 0 0 0 1 0 1 1 0 0 1 1 1 1 0 0 0 0 51
0 0 0 0 1 0 0 0 0 0 0 0 0 1 0 0 0 1 0 0 1 0 1 0 0 1 1 1 0 0 0 0 1 1 0 1 1 1 1 0 1 1 0 0 0 1 1 0 1 1 1 0 0 1 0 0 1 0 0 0 0 1 0 0 0 0 0 1 0 0 1 1 0 0 1 0 0 1 0 1 1 0 0 0 1 0 0 1 1 0 1 0 1 0 0 0 1 0 0 1 38
1 1 1 1 1 0 1 1 0 0 0 1 1 0 0 0 0 0 1 1 0 1 1 1 0 0 0 1 1 1 0 1 0 0 1 1 0 0 1 0 1 1 0 0 1 1 0 0 1 1 0 0 1 0 1 0 0 1 1 1 0 0 1 0 0 0 0 1 1 0 1 0 0 1 1 1 0 0 1 0 1 0 1 0 0 0 0 0 1 1 0 0 1 0 1 0 0 1 0 0 47
1 0 1 0 0 1 0 0 0 1 0 1 1 1 1 1 1 1 1 1 0 1 1 1 0 1 1 1 1 1 0 1 0 0 0 0 1 0 0 0 0 1 1 1 0 1 0 0 1 0 0 0 1 1 0 1 0 1 0 0 1 1 0 1 0 1 1 0 1 1 0 1 0 1 1 1 0 0 1 0 0 0 1 0 0 0 0 1 1 1 1 0 0 1 1 1 0 0 0 1 53
1 1 0 0 1 1 0 1 0 1 0 0 0 1 1 0 1 0 0 0 1 1 0 0 0 1 1 0 1 1 1 0 0 0 0 0 0 1 0 1 1 1 0 0 0 1 1 1 1 0 0 1 0 0 0 0 0 0 1 0 0 0 0 0 1 0 1 0 0 1 1 0 1 1 0 0 0 0 0 0 0 0 0 1 0 0 1 1 1 1 1 0 0 0 1 0 1 0 1 0 41
1 1 1 1 0 1 1 0 1 0 0 0 1 1 1 1 1 0 0 1 1 0 0 1 0 0 0 0 0 1 1 1 0 1 1 1 0 1 0 0 1 1 1 0 0 0 0 1 0 0 1 0 0 0 0 0 1 0 1 1 1 0 0 0 1 1 1 0 1 1 0 1 1 1 0 0 1 1 0 0 1 0 1 0 1 1 1 1 1 0 1 0 0 1 1 1 1 1 0 1 55
0 1 0 0 1 1 0 0 1 0 1 1 1 1 0 0 1 0 0 1 0 1 0 1 1 1 1 0 1 0 1 0 1 0 1 1 1 1 0 1 1 0 1 1 0 1 1 0 0 1 0 1 1 0 1 0 0 1 0 1 1 1 1 1 1 1 1 1 0 1 1 1 1 0 1 0 0 1 1 0 1 0 0 1 0 0 0 1 0 0 0 1 1 0 1 1 0 1 0 0 57
0 0 1 1 1 0 0 1 1 0 0 1 0 0 1 0 0 0 1 1 0 1 0 1 1 0 0 0 1 0 0 0 0 0 1 1 1 0 1 0 1 0 0 0 0 1 0 0 1 1 0 1 1 0 0 0 0 1 1 0 0 0 1 1 0 0 0 0 0 0 1 1 0 0 0 1 0 0 1 0 0 0 0 1 0 1 0 1 0 0 0 1 1 0 1 1 0 0 0 1 39
0 1 1 1 0 0 1 1 0 0 0 1 1 0 0 0 0 1 1 1 1 1 0 0 0 1 0 1 1 1 1 0 0 1 1 1 1 0 0 0 0 0 0 1 0 1 0 1 1 0 1 0 1 1 0 1 0 0 1 1 1 1 1 0 0 0 0 1 0 1 1 1 0 0 0 1 1 1 0 0 1 1 1 0 1 0 0 0 1 0 1 0 0 1 0 1 0 1 1 1 52
0 0 1 1 0 0 1 0 0 1 1 1 1 1 0 0 1 1 0 0 1 0 0 1 0 0 0 0 1 0 0 1 1 1 1 0 0 0 0 1 1 0 0 0 0 1 1 0 0 0 1 1 1 0 0 1 1 1 1 0 0 0 0 0 0 1 0 1 1 0 0 0 0 0 0 0 1 1 1 0 0 0 1 0 0 1 1 0 0 0 1 1 1 0 0 0 0 1 0 0 41
0 1 0 0 1 1 0 1 0 0 1 0 1 1 0 0 0 1 0 1 0 1 0 1 0 1 0 0 0 0 1 1 0 0 1 1 1 1 0 0 0 0 1 0 0 1 0 1 1 1 0 1 0 1 0 0 0 0 1 1 0 1 0 0 1 0 0 0 0 1 0 1 0 1 0 1 0 1 0 1 1 1 1 0 0 1 0 0 0 1 0 1 1 0 0 1 1 0 1 0 45
0 1 0 0 1 1 1 1 1 1 1 1 0 1 1 0 0 0 1 0 1 1 0 0 0 1 1 1 1 1 1 1 1 0 1 0 1 0 0 0 0 1 1 1 0 0 0 1 0 1 1 1 0 0 1 0 0 1 0 0 1 1 0 1 1 0 0 0 0 0 1 1 0 1 0 0 0 1 1 0 0 0 1 1 0 1 0 1 1 0 1 0 0 1 0 0 1 0 1 0 51
1 1 1 1 0 1 1 0 0 1 1 1 0 1 0 0 0 1 1 0 0 1 0 1 1 0 0 1 1 1 0 1 1 0 1 0 0 1 1 0 1 1 1 1 0 1 0 0 0 1 1 1 0 0 1 1 1 1 0 1 0 0 0 1 1 0 0 0 0 1 1 1 0 0 1 0 0 0 0 0 0 0 0 0 1 1 0 1 0 1 1 0 1 1 0 1 1 1 0 0 52
0 1 1 1 1 1 0 0 0 0 0 1 1 0 0 0 1 1 1 0 1 1 0 1 0 1 1 1 0 0 1 1 0 0 1 0 0 1 0 1 0 0 0 1 0 0 1 1 1 1 1 0 1 0 0 0 0 1 0 0 1 1 0 1 1 0 1 0 1 1 0 1 0 0 0 1 0 1 0 0 1 1 1 0 0 0 0 0 0 1 0 1 0 0 1 1 0 1 0 0 47
0 1 1 1 0 1 0 1 0 1 1 1 0 1 0 0 1 1 0 1 0 0 1 0 0 1 0 1 0 1 0 0 1 1 1 0 0 1 0 1 0 0 0 1 1 0 0 1 0 0 0 0 1 0 1 0 0 1 1 0 0 1 0 1 0 1 1 0 1 0 1 1 0 0 0 1 1 1 1 1 0 1 1 0 0 1 1 0 1 0 0 0 1 0 1 1 1 0 1 0 50
0 1 1 1 1 0 1 1 0 0 1 1 1 1 0 1 1 0 0 1 0 1 0 1 1 1 1 1 1 1 0 0 0 1 1 1 0 0 0 1 0 1 0 0 0 1 0 0 1 1 0 0 1 1 1 0 0 1 0 1 1 1 0 1 1 1 0 1 1 1 0 1 1 0 1 0 1 1 1 1 0 0 0 0 0 0 0 1 1 0 1 0 0 1 1 1 0 0 1 1 57
0 0 1 1 0 0 0 0 1 1 0 1 0 1 0 0 1 1 0 0 0 1 0 1 0 0 0 0 1 1 0 0 1 0 0 0 1 0 1 1 0 0 0 1 1 1 0 1 1 0 1 0 0 0 1 1 1 0 0 1 0 1 0 1 0 1 1 1 0 1 1 1 1 0 0 0 0 1 0 1 0 0 0 1 1 0 1 0 0 0 0 0 1 1 1 0 1 1 0 1 46
1 1 0 1 0 1 1 1 1 1 0 1 0 0 1 1 1 1 1 0 1 1 0 0 0 1 1 1 1 1 1 1 1 1 0 0 1 1 0 1 1 0 1 0 0 0 0 0 0 0 0 0 1 1 1 0 1 0 0 0 0 0 1 1 0 0 0 1 1 1 1 0 0 1 1 1 0 1 1 0 0 0 0 0 1 0 1 1 1 1 1 0 0 1 1 0 1 1 0 0 55
0 0 1 1 1 1 1 1 1 0 0 1 1 1 0 1 1 1 0 0 1 1 0 0 0 1 0 0 1 1 1 1 1 1 0 1 0 0 1 0 0 1 1 0 0 0 1 0 0 1 1 0 1 0 0 0 0 1 0 1 0 0 1 1 0 0 1 0 0 0 1 1 1 1 0 1 0 0 1 1 1 0 1 0 1 0 1 1 0 1 0 1 1 1 0 0 0 0 0 1 52
0 1 1 1 0 1 0 1 1 1 1 0 1 1 0 1 1 1 1 1 1 0 0 0 0 0 0 1 0 0 0 0 0 0 1 1 1 0 0 0 0 1 1 0 0 1 0 1 0 1 1 0 1 1 0 1 1 0 0 0 1 1 1 1 1 0 0 1 0 0 1 0 0 0 0 0 1 0 1 0 0 1 1 0 0 1 1 0 1 0 0 1 1 0 0 1 1 0 1 1 50
0 1 0 1 1 1 1 1 0 0 0 1 0 1 0 0 1 1 0 1 0 0 1 0 1 0 1 1 0 1 1 1 0 1 0 0 1 1 1 1 1 0 0 0 0 1 0 0 1 0 0 1 1 0 0 0 0 1 1 1 0 1 1 1 0 1 1 0 1 0 1 0 0 0 0 0 0 1 0 0 1 0 0 1 1 0 0 1 0 1 1 0 0 1 1 1 1 0 0 0 49
0 1 0 0 0 1 1 0 0 1 1 1 0 0 1 0 1 1 1 0 0 1 1 1 0 1 0 0 0 1 0 0 1 1 1 0 0 0 0 0 1 1 0 0 0 0 0 1 0 1 1 1 0 0 1 1 1 1 0 0 1 1 1 0 0 0 0 0 1 0 1 0 1 0 0 1 0 1 0 1 1 0 1 0 0 0 0 0 1 1 1 1 1 1 0 1 0 0 0 1 47
0 1 1 0 1 0 0 1 1 1 0 1 0 1 1 1 1 0 0 1 1 1 0 0 0 0 1 1 1 0 0 1 0 0 0 1 0 1 1 0 0 0 0 1 0 1 0 1 1 1 1 0 1 0 1 1 1 1 0 1 0 0 1 0 0 1 0 1 0 1 0 1 0 0 1 0 0 0 0 0 0 1 0 1 1 1 1 0 1 0 0 0 1 0 0 0 0 1 1 1 49
0 1 0 1 0 1 0 0 0 0 1 0 1 0 0 1 0 1 0 0 1 1 0 1 0 0 1 1 0 0 0 1 1 1 0 0 1 1 0 1 1 1 1 1 0 1 0 0 0 1 1 1 0 0 0 0 0 0 1 0 0 1 0 1 1 1 1 0 0 1 1 0 0 1 0 0 0 0 1 0 0 1 1 0 1 0 0 0 1 1 1 0 1 1 0 0 0 0 1 1 46
1 1 0 0 0 1 1 0 0 1 1 0 0 0 0 1 0 1 0 0 1 0 0 1 0 1 0 0 0 0 0 0 0 0 1 0 1 0 0 0 0 1 0 0 1 1 0 0 1 1 0 0 0 1 1 1 1 0 0 1 0 0 1 0 1 1 0 0 1 1 1 1 0 1 0 1 1 1 0 1 1 1 0 0 0 0 0 1 1 0 1 1 0 1 0 0 0 0 0 0 42
1 1 0 1 1 1 1 1 1 1 1 0 1 1 0 0 0 0 1 0 1 0 1 1 0 0 1 1 0 0 1 1 1 0 0 0 0 1 0 0 0 1 0 1 0 1 0 0 0 1 0 1 0 0 1 1 0 0 0 1 0 0 1 0 0 1 1 0 0 1 0 0 1 1 1 1 0 0 1 0 1 1 1 1 1 1 0 0 0 0 1 0 0 0 0 1 0 0 0 0 47
1 1 1 0 1 0 1 1 0 0 0 0 1 1 0 1 1 0 1 1 0 0 1 1 1 1 1 1 0 1 1 0 0 1 0 0 1 0 1 0 0 0 1 0 1 1 0 1 0 1 1 0 0 0 1 0 1 0 1 0 1 1 0 0 1 0 0 1 1 0 1 0 1 0 0 0 1 1 0 1 0 1 0 0 0 1 0 1 1 0 0 0 1 0 1 0 1 0 1 0 50
0 1 1 1 0 0 0 1 0 0 0 0 1 1 1 1 1 1 1 1 1 1 0 0 1 1 0 1 1 0 1 1 0 1 0 0 0 1 0 1 0 1 1 0 0 1 1 0 0 0 1 1 1 0 0 1 1 0 1 0 1 0 1 1 1 1 1 0 1 1 1 0 0 1 0 0 1 0 1 0 1 0 1 1 0 1 1 1 0 1 0 1 1 0 0 0 1 1 1 0 57
1 1 0 0 0 0 0 1 1 1 0 0 0 0 0 0 1 1 1 0 0 1 0 0 1 0 0 0 0 0 1 1 1 1 1 0 0 1 0 0 0 0 1 0 1 0 0 0 1 1 1 1 1 0 1 0 1 0 0 0 1 1 0 0 1 1 0 0 0 1 0 0 1 1 0 1 1 1 1 0 1 0 0 0 1 1 1 0 0 0 0 1 0 1 0 1 0 1 0 1 45
1 0 1 0 0 0 1 1 0 1 0 0 1 1 0 1 1 0 1 1 1 0 1 1 0 0 1 0 0 0 0 0 1 1 1 1 0 1 1 0 0 1 1 0 0 1 0 1 1 1 0 1 0 0 0 1 1 0 0 1 1 0 0 1 0 1 1 1 0 0 0 0 1 0 1 0 0 1 1 0 1 0 0 1 1 1 0 0 1 0 1 0 0 1 1 1 0 1 0 1 51
0 1 0 0 1 0 1 0 0 0 0 1 1 0 0 1 1 1 0 0 1 1 0 1 1 0 1 1 0 0 0 0 1 0 0 0 0 0 1 0 1 1 1 1 1 0 1 1 1 1 1 0 0 1 1 1 1 1 1 0 0 1 1 0 0 0 1 0 1 0 0 0 1 0 0 1 0 1 1 1 0 1 0 0 0 0 1 0 1 1 0 0 0 1 1 0 0 0 1 0 48
1 1 1 1 1 1 1 1 1 1 1 1 1 0 0 0 1 1 0 1 0 0 0 1 1 0 0 0 1 0 1 0 1 1 0 0 1 1 1 1 1 1 0 1 0 1 0 0 1 0 0 1 1 1 1 1 1 0 0 1 0 1 1 1 0 0 0 0 0 0 1 1 1 0 1 1 1 0 1 0 0 0 1 1 1 0 0 1 0 0 0 1 1 0 0 1 0 1 1 1 58
1 0 0 1 1 0 1 1 0 0 1 0 0 1 1 0 0 1 0 0 0 0 1 1 0 1 0 0 0 0 0 0 0 1 1 1 0 1 1 0 1 0 1 1 1 0 1 1 1 1 0 1 1 1 0 0 0 1 1 0 0 1 0 0 0 0 1 0 1 0 0 1 1 0 0 0 0 0 1 1 1 1 0 1 1 0 0 1 0 0 0 1 1 1 1 1 0 0 1 0 48
0 0 1 0 1 1 0 0 1 1 1 1 1 1 0 1 0 1 0 0 1 0 1 1 0 0 0 1 0 1 0 0 0 0 0 1 1 1 1 1 0 0 1 1 0 1 1 1 1 0 1 1 0 1 0 1 0 1 1 0 1 0 0 0 1 1 1 1 1 0 1 1 1 0 0 0 1 0 0 0 0 1 0 1 0 1 1 0 1 0 1 0 0 0 0 0 0 1 1 1 52
1 1 1 0 0 0 0 0 0 1 0 1 1 0 0 1 1 0 0 1 1 1 1 1 0 1 0 1 1 0 0 1 0 0 1 1 0 0 1 0 0 0 0 1 1 0 0 0 0 1 0 1 1 1 1 1 1 1 0 0 1 0 1 0 1 1 0 1 0 1 0 0 0 1 0 1 1 1 1 0 0 1 1 0 1 0 0 0 0 0 0 0 1 0 1 1 0 1 0 0 48
0 1 0 0 1 1 1 1 0 0 1 0 1 1 1 1 0 0 0 0 1 0 1 1 1 1 0 0 0 0 0 0 1 0 0 1 0 1 0 1 1 0 1 1 0 1 1 1 0 0 1 1 0 0 0 0 1 0 0 1 0 1 1 0 0 1 0 0 1 0 1 0 1 1 0 0 1 0 0 1 1 1 0 1 0 1 1 0 1 0 0 0 0 1 1 1 0 1 1 1 50
1 1 1 0 1 1 0 1 1 0 0 0 1 1 1 0 1 1 1 0 0 0 0 1 1 0 0 1 0 0 1 1 0 0 0 1 0 1 0 0 0 1 0 1 0 1 0 1 1 0 1 1 1 0 1 1 0 1 0 0 0 0 1 1 0 0 1 1 0 1 0 0 0 0 1 0 1 0 0 1 0 1 0 0 0 0 1 1 0 0 0 0 0 1 0 1 1 1 0 1 47
1 1 1 1 1 1 0 1 0 0 1 0 0 0 0 0 0 0 1 0 0 0 1 1 1 0 0 1 0 0 0 0 1 0 0 0 0 0 0 0 0 0 0 1 0 0 0 1 0 0 0 0 1 0 1 0 0 1 0 1 1 1 1 1 0 0 0 1 0 1 1 0 1 1 0 0 1 0 0 1 1 1 0 0 0 1 1 1 1 0 1 0 0 0 0 1 1 1 0 0 41
1 1 1 0 0 1 0 0 0 1 0 0 0 1 0 1 0 1 0 0 1 0 1 0 1 1 1 0 1 0 0 0 1 1 0 0 0 0 1 0 0 1 1 1 0 1 1 1 1 0 1 0 0 0 1 1 0 0 0 0 0 0 1 0 0 0 0 0 1 0 0 0 0 0 0 1 0 0 1 1 1 0 1 0 0 0 0 0 1 0 1 1 0 0 0 1 1 1 0 0 40
1 0 1 0 1 0 0 0 1 0 0 0 1 1 1 1 1 1 0 1 0 1 0 1 0 1 0 0 0 0 1 0 1 1 1 1 0 1 0 0 1 1 1 0 1 1 0 1 1 1 1 1 0 0 0 1 1 0 0 0 0 1 0 0 1 1 1 0 0 0 0 0 1 0 1 0 1 1 0 1 1 1 0 0 1 1 0 1 1 1 0 1 0 1 1 0 1 0 1 0 53
0 0 1 0 0 1 1 1 1 1 0 0 0 1 1 0 1 1 0 0 0 0 1 0 0 1 1 1 0 1 1 1 1 0 0 1 0 1 1 1 0 0 1 0 1 0 0 0 0 0 0 1 1 0 1 0 0 1 1 0 0 1 0 1 0 1 1 1 1 1 0 1 1 1 0 0 1 1 1 0 1 0 1 1 0 1 0 0 0 1 1 0 1 1 0 0 0 1 0 0 51
0 0 1 1 1 1 1 1 1 1 0 0 1 0 1 0 1 0 0 1 0 0 0 1 0 1 0 0 0 1 0 0 0 0 1 0 0 1 1 1 1 0 0 0 1 1 1 1 1 1 0 1 1 1 1 0 1 1 0 1 1 1 0 0 0 1 0 0 1 0 1 0 1 0 1 0 1 1 0 0 0 1 0 1 1 1 0 0 0 0 1 1 0 0 1 1 0 0 1 1 52
0 1 1 0 0 0 1 1 0 0 0 0 1 0 0 1 1 1 1 0 0 1 0 1 1 1 1 1 0 0 0 0 1 0 0 1 1 0 1 0 0 0 1 1 1 0 1 0 1 0 0 0 1 1 1 1 0 1 0 0 1 0 0 0 0 1 0 0 1 0 1 1 1 0 1 0 0 1 1 1 0 0 1 0 1 0 1 0 0 1 1 1 1 1 0 1 0 1 1 0 50
1 1 1 1 0 0 1 0 0 0 1 1 1 0 1 1 1 0 0 1 1 0 0 1 0 0 1 0 1 1 1 1 1 0 1 1 0 1 0 0 1 0 1 0 1 0 0 1 1 0 0 1 0 1 0 1 0 0 0 1 0 1 1 0 1 0 1 0 0 1 1 1 1 1 0 0 1 1 1 1 0 1 0 1 0 0 1 1 0 0 1 1 1 1 1 1 0 0 0 1 56
1 1 1 1 1 0 0 1 0 0 1 1 1 0 0 1 1 1 1 0 1 0 0 0 0 1 1 0 0 0 1 0 0 0 1 1 1 0 1 0 0 0 1 0 1 0 0 0 0 0 1 1 1 1 0 0 0 0 1 0 0 1 0 0 0 0 1 0 1 0 1 1 0 1 0 0 1 1 1 1 0 0 0 0 0 0 0 0 0 0 0 1 1 0 1 0 0 0 1 1 43
0 1 0 1 0 0 1 0 0 0 1 1 1 0 0 1 1 1 0 1 1 0 1 1 0 1 0 1 0 1 0 0 1 1 0 1 0 0 0 0 1 1 1 1 0 1 0 0 0 1 1 0 0 0 0 1 0 1 1 0 0 1 0 1 1 0 1 0 1 0 1 1 1 1 1 0 1 0 1 1 0 0 0 0 0 0 1 0 1 1 0 1 1 0 1 0 0 1 1 0 50
1 1 1 1 1 0 0 0 1 0 1 1 0 0 0 0 0 1 0 1 0 1 0 0 0 0 0 1 1 1 0 0 1 0 1 0 0 1 1 0 0 1 0 1 0 1 1 0 1 0 1 0 1 1 0 0 1 0 0 0 1 1 1 0 0 1 0 0 1 0 1 0 1 1 1 1 0 1 0 0 1 1 0 0 1 1 0 1 1 0 1 0 0 1 1 0 1 1 0 0 49
1 1 1 1 1 0 1 1 1 0 1 1 1 1 0 1 1 1 0 0 0 1 1 1 1 0 1 0 0 0 1 1 0 0 1 1 1 0 1 1 1 1 0 1 1 1 0 1 1 0 1 1 1 1 1 1 1 1 0 1 1 1 0 1 1 1 1 1 1 1 1 1 0 1 0 1 1 0 0 1 1 1 1 0 0 1 1 0 0 1 1 1 0 0 1 1 1 0 0 0 69
1 1 1 1 0 1 1 1 0 1 0 0 0 0 0 1 1 1 0 1 0 1 0 0 0 1 1 0 1 1 1 0 1 0 1 1 1 0 1 0 1 0 1 0 1 0 0 0 0 1 0 0 1 0 1 1 1 0 0 1 0 0 0 1 0 1 0 0 1 0 1 1 0 1 0 0 0 0 1 1 1 0 0 0 1 1 1 1 1 1 1 1 1 1 0 1 0 1 1 0 54
1 0 0 1 1 1 1 1 1 0 1 1 1 0 1 1 1 1 1 0 1 1 1 1 0 1 0 0 1 0 1 0 1 0 0 0 1 0 1 0 0 1 0 1 1 0 0 0 0 0 0 1 0 0 1 1 1 0 1 1 0 1 1 0 0 0 0 1 1 1 0 0 0 1 0 1 0 1 1 1 0 1 0 1 1 1 1 0 0 0 0 0 1 0 0 0 1 1 0 0 52
0 1 0 1 0 1 1 0 1 0 0 0 1 0 1 1 1 1 0 0 1 0 1 0 0 0 0 1 1 0 1 1 1 0 0 0 0 1 0 0 1 1 1 1 0 0 0 0 1 1 0 1 1 1 1 1 0 0 0 0 1 0 1 0 0 1 0 1 0 0 1 0 0 1 0 1 1 1 0 0 0 1 0 1 1 0 0 0 1 1 0 0 0 1 0 1 0 1 1 0 47
1 1 0 0 0 0 1 1 1 1 1 1 1 1 0 1 1 0 1 1 1 1 0 1 0 0 0 0 0 0 1 0 0 1 1 0 1 1 1 0 0 1 0 0 1 0 1 1 0 1 0 1 1 0 0 0 0 1 0 0 1 0 1 0 0 0 1 0 1 0 0 1 1 1 1 1 0 0 1 0 1 1 0 0 0 1 0 1 1 0 1 0 0 0 0 1 1 0 1 0 50
0 1 1 0 1 1 1 1 1 0 0 1 0 1 1 0 0 1 0 0 1 0 0 0 1 0 0 1 0 1 1 0 1 1 1 0 1 0 1 0 0 0 1 1 1 1 0 1 1 0 1 1 0 0 1 0 1 1 1 1 1 1 0 0 1 0 1 1 1 1 0 1 1 0 0 0 0 1 1 1 0 1 0 0 0 0 1 0 0 0 1 1 1 1 1 1 0 0 1 1 56
1 1 0 1 0 0 0 1 0 0 1 0 0 1 0 1 0 1 0 0 1 1 0 1 0 1 0 0 0 0 0 1 1 1 1 0 0 0 1 0 0 0 1 1 0 1 1 1 0 0 1 1 0 1 1 1 0 0 1 0 0 1 0 0 1 0 0 1 0 0 0 1 0 1 1 1 1 1 0 1 1 1 0 0 1 1 1 0 0 1 1 0 1 0 1 1 1 1 0 1 51
1 1 0 0 0 1 0 0 0 0 1 1 1 1 0 1 0 1 1 1 1 1 1 1 0 0 1 1 1 0 0 1 0 0 1 1 0 0 1 1 0 1 1 0 1 0 0 1 1 0 0 1 1 0 0 0 0 0 0 1 1 1 0 1 0 1 0 1 0 1 0 1 1 1 1 1 0 0 1 1 0 0 0 0 1 1 0 0 0 1 1 0 1 1 1 1 0 0 1 0 53
1 1 0 0 0 0 0 1 1 0 0 0 1 1 1 1 0 1 0 1 1 1 0 0 0 1 1 0 0 1 0 0 1 0 1 0 0 1 1 1 1 0 1 0 1 0 0 1 1 0 1 0 0 0 0 1 0 1 1 0 0 1 0 1 0 0 0 1 0 1 0 0 1 0 1 1 1 0 1 0 0 1 0 1 0 0 1 1 1 1 0 1 1 0 0 0 1 0 1 0 48
1 1 1 1 0 0 0 1 0 0 1 1 0 0 0 1 0 0 1 0 0 0 0 1 0 0 1 0 1 0 1 1 0 1 0 1 0 0 1 0 0 1 1 0 1 0 0 1 0 1 1 0 1 1 0 0 1 1 0 0 1 0 0 0 0 1 0 1 0 1 1 0 0 1 0 1 0 0 1 1 0 0 0 0 1 1 1 0 1 1 1 0 0 1 1 1 0 1 1 1 48
1 0 1 0 0 0 1 1 0 1 1 1 0 1 1 0 0 0 1 0 0 0 0 0 1 1 1 1 0 1 1 0 1 0 1 1 1 1 0 0 1 0 0 0 1 1 0 0 0 0 0 0 0 0 0 0 0 1 1 0 1 0 0 1 0 0 1 1 1 1 0 1 1 0 1 1 0 1 1 0 0 1 0 0 1 0 0 0 1 0 0 0 1 1 1 0 0 1 0 1 46
0 0 1 1 1 0 0 1 0 1 1 0 1 0 1 0 1 0 0 1 1 0 1 0 0 1 1 1 1 0 1 1 1 0 0 1 0 1 0 0 0 1 1 1 0 0 0 0 1 1 0 1 1 1 0 0 0 0 0 0 0 0 0 0 0 0 0 0 0 0 0 0 0 0 0 0 0 0 0 0 0 0 0 0 0 0 0 1 0 1 1 1 1 0 0 0 0 1 0 1 36
0 0 0 0 0 0 0 0 0 1 0 0 0 0 0 0 0 0 0 0 0 0 0 0 0 0 0 0 0 0 0 0 0 0 0 0 0 0 0 0 0 0 0 0 0 0 0 0 0 0 0 0 0 0 0 0 0 0 0 0 0 0 0 0 0 0 0 0 0 0 0 0 0 0 0 0 0 0 0 0 0 0 0 0 0 0 0 0 0 0 0 0 0 0 0 0 0 0 0 0 1
0 0 0 0 0 0 0 0 0 0 0 0 0 0 0 0 0 0 0 0 0 0 0 0 0 0 0 0 0 0 0 0 0 0 0 0 0 0 0 0 0 0 0 0 0 0 0 0 0 0 0 0 0 0 0 0 0 0 0 0 0 0 0 0 0 0 0 0 0 0 0 0 0 0 0 0 0 0 0 0 1 0 0 0 0 0 0 0 0 0 0 0 0 0 0 0 0 0 0 0 1
0 0 0 0 0 0 0 0 0 0 0 0 0 0 0 0 0 0 0 0 0 0 0 0 0 0 0 0 0 0 0 0 0 0 0 0 0 0 0 0 0 0 0 0 0 0 0 0 0 0 0 0 0 0 0 0 0 0 0 1 0 0 0 0 0 0 0 0 0 0 0 0 0 0 0 0 0 0 0 0 0 0 0 0 0 0 0 0 0 0 0 0 0 0 0 0 0 0 0 0 1
0 0 0 0 0 0 0 0 0 0 0 0 0 0 0 0 0 0 0 0 0 0 0 0 0 0 0 0 0 0 0 0 0 0 0 0 0 0 0 0 0 0 0 0 0 0 0 0 0 0 0 0 1 0 0 0 0 0 0 0 0 0 0 0 0 0 0 0 0 0 0 0 0 0 0 0 0 0 0 0 0 0 0 0 0 0 0 0 0 0 0 0 0 0 0 0 0 0 0 0 1
0 0 0 0 0 0 0 0 0 0 0 0 0 0 0 0 0 0 0 0 0 0 0 0 0 0 0 0 0 0 0 0 0 0 0 0 0 0 0 0 0 0 0 0 0 0 0 0 0 0 0 0 0 0 0 0 0 0 0 0 0 0 0 0 0 0 0 0 0 0 0 0 0 0 0 0 0 0 0 0 0 0 0 0 0 0 0 0 0 0 1 0 0 0 0 0 0 0 0 0 1
0 0 0 0 0 0 0 0 0 0 0 0 0 0 0 0 0 0 0 0 0 0 0 0 0 0 0 0 0 0 0 1 0 0 0 0 0 0 0 0 0 0 0 0 0 0 0 0 0 0 0 0 0 0 0 0 0 0 0 0 0 0 0 0 0 0 0 0 0 0 0 0 0 0 0 0 0 0 0 0 0 0 0 0 0 0 0 0 0 0 0 0 0 0 0 0 0 0 0 0 1
0 0 0 0 0 0 0 0 0 0 0 0 0 0 0 0 0 0 0 0 0 0 0 0 0 0 0 0 0 0 0 0 0 0 0 0 0 0 0 0 0 0 0 0 0 0 0 1 0 0 0 0 0 0 0 0 0 0 0 0 0 0 0 0 0 0 0 0 0 0 0 0 0 0 0 0 0 0 0 0 0 0 0 0 0 0 0 0 0 0 0 0 0 0 0 0 0 0 0 0 1
0 0 0 0 0 0 0 0 0 0 0 0 0 0 0 0 0 0 0 0 0 0 0 0 0 0 0 0 0 0 0 0 0 0 0 0 0 0 0 0 0 0 0 0 0 0 0 0 0 0 0 0 0 0 0 0 0 0 0 0 0 0 0 0 0 0 1 0 0 0 0 0 0 0 0 0 0 0 0 0 0 0 0 0 0 0 0 0 0 0 0 0 0 0 0 0 0 0 0 0 1
0 0 0 0 0 0 0 0 0 0 0 0 0 0 0 0 0 0 0 0 0 0 0 0 0 0 0 0 0 0 0 0 0 0 0 0 0 0 0 0 0 0 0 0 0 0 0 0 0 0 0 0 0 0 0 0 0 0 0 0 0 0 0 0 0 0 0 0 0 0 0 0 0 0 0 0 0 0 0 0 0 0 0 0 0 0 0 0 0 0 1 0 0 0 0 0 0 0 0 0 1
0 0 0 0 0 0 0 0 0 0 0 0 0 0 0 0 0 0 0 0 0 0 0 0 0 0 0 0 0 0 0 0 0 0 0 0 0 0 0 0 0 0 0 0 0 0 0 0 0 0 0 0 0 0 0 0 0 0 0 0 0 0 0 0 0 0 0 0 0 0 0 0 0 0 0 0 0 0 0 0 0 0 0 0 0 0 0 0 0 0 0 0 0 0 0 0 1 0 0 0 1
0 0 0 0 0 0 0 0 0 0 0 0 0 0 0 0 0 0 0 0 0 0 0 0 0 0 0 0 0 0 0 0 0 0 0 0 0 0 0 0 0 0 0 0 0 0 0 0 0 0 0 0 0 0 0 0 0 0 0 0 0 0 0 0 0 0 0 0 0 0 0 0 0 0 0 0 0 0 0 0 0 0 0 0 0 0 0 0 0 0 0 0 0 0 0 0 0 1 0 0 1
0 0 0 0 1 0 0 0 0 0 0 0 0 0 0 0 0 0 0 0 0 0 0 0 0 0 0 0 0 0 0 0 0 0 0 0 0 0 0 0 0 0 0 0 0 0 0 0 0 0 0 0 0 0 0 0 0 0 0 0 0 0 0 0 0 0 0 0 0 0 0 0 0 0 0 0 0 0 0 0 0 0 0 0 0 0 0 0 0 0 0 0 0 0 0 0 0 0 0 0 1
0 0 0 0 0 0 0 0 0 0 0 0 0 0 0 0 0 0 0 0 0 0 0 0 0 0 0 0 0 0 0 0 1 0 0 0 0 0 0 0 0 0 0 0 0 0 0 0 0 0 0 0 0 0 0 0 0 0 0 0 0 0 0 0 0 0 0 0 0 0 0 0 0 0 0 0 0 0 0 0 0 0 0 0 0 0 0 0 0 0 0 0 0 0 0 0 0 0 0 0 1
0 0 0 1 0 0 0 0 0 0 0 0 0 0 0 0 0 0 0 0 0 0 0 0 0 0 0 0 0 0 0 0 0 0 0 0 0 0 0 0 0 0 0 0 0 0 0 0 0 0 0 0 0 0 0 0 0 0 0 0 0 0 0 0 0 0 0 0 0 0 0 0 0 0 0 0 0 0 0 0 0 0 0 0 0 0 0 0 0 0 0 0 0 0 0 0 0 0 0 0 1
0 0 0 0 0 0 0 0 0 0 0 0 0 0 0 0 0 0 0 0 0 0 0 0 0 0 0 0 0 0 0 0 0 0 0 0 0 0 0 0 0 0 0 0 0 0 0 0 0 0 0 0 1 0 0 0 0 0 0 0 0 0 0 0 0 0 0 0 0 0 0 0 0 0 0 0 0 0 0 0 0 0 0 0 0 0 0 0 0 0 0 0 0 0 0 0 0 0 0 0 1
0 0 0 0 0 0 0 0 0 0 0 0 0 0 0 0 0 0 0 0 0 0 0 0 0 0 0 0 0 0 0 0 0 0 0 0 0 0 0 0 0 0 0 0 0 0 0 0 0 0 0 0 0 0 0 0 1 0 0 0 0 0 0 0 0 0 0 0 0 0 0 0 0 0 0 0 0 0 0 0 0 0 0 0 0 0 0 0 0 0 0 0 0 0 0 0 0 0 0 0 1
0 1 0 0 0 0 0 0 0 0 0 0 0 0 0 0 0 0 0 0 0 0 0 0 0 0 0 0 0 0 0 0 0 0 0 0 0 0 0 0 0 0 0 0 0 0 0 0 0 0 0 0 0 0 0 0 0 0 0 0 0 0 0 0 0 0 0 0 0 0 0 0 0 0 0 0 0 0 0 0 0 0 0 0 0 0 0 0 0 0 0 0 0 0 0 0 0 0 0 0 1
0 0 0 0 0 0 0 0 0 0 0 0 0 0 0 0 0 0 0 0 0 0 1 0 0 0 0 0 0 0 0 0 0 0 0 0 0 0 0 0 0 0 0 0 0 0 0 0 0 0 0 0 0 0 0 0 0 0 0 0 0 0 0 0 0 0 0 0 1 0 0 0 0 0 0 0 0 0 0 0 0 0 0 0 0 0 0 0 0 0 0 0 0 0 0 0 0 0 0 0 2
0 0 0 0 0 0 0 0 0 0 0 0 0 0 0 0 0 0 0 0 0 0 0 0 0 0 0 0 0 0 0 0 0 0 0 0 0 0 0 0 0 0 0 0 0 0 0 0 0 0 0 0 0 0 0 0 0 0 0 0 0 1 0 0 0 0 0 0 0 0 0 0 0 0 0 0 0 0 0 0 0 0 0 0 0 0 0 0 0 0 0 0 0 0 0 0 0 0 0 0 1
0 0 0 0 0 0 0 0 0 0 0 0 0 0 0 0 0 0 0 0 0 0 0 0 0 0 0 0 0 0 0 0 0 0 0 0 0 0 0 0 0 0 0 0 0 0 0 0 0 0 0 0 0 0 0 0 0 0 0 0 1 0 0 0 0 0 0 1 0 0 0 0 0 0 0 0 0 0 0 0 0 0 0 0 0 0 0 0 0 0 0 0 0 0 0 0 0 0 0 0 2
0 0 0 0 0 0 0 0 0 0 0 0 0 0 0 0 0 0 0 0 0 0 0 0 0 1 0 0 0 0 0 0 0 0 0 0 0 0 0 0 0 0 0 0 0 0 0 0 0 0 0 0 0 0 0 0 0 0 0 0 0 0 0 1 0 0 0 0 0 0 0 0 0 0 0 0 0 0 0 0 0 0 0 0 0 0 0 0 0 0 0 0 0 0 0 0 0 0 0 0 2
0 0 0 0 0 0 0 0 0 0 0 0 0 0 0 0 0 0 0 0 0 0 0 0 0 0 0 0 0 0 0 0 0 0 0 0 0 0 0 0 0 0 0 0 0 0 0 0 0 0 0 0 0 0 0 0 0 0 0 0 0 0 0 0 0 0 0 0 0 0 0 1 0 0 0 0 0 0 0 0 0 0 0 0 0 0 0 0 0 0 0 0 0 0 0 0 0 0 0 0 1
0 0 0 0 0 0 0 0 0 0 0 0 0 0 0 0 0 0 0 0 0 0 0 0 0 0 0 0 0 0 0 0 0 0 0 0 0 0 0 0 0 0 0 0 0 0 0 0 0 0 0 0 1 0 0 0 0 0 0 0 0 0 0 0 0 0 0 0 0 0 0 0 0 0 0 0 0 0 0 0 0 0 0 0 0 0 0 0 0 0 0 0 0 0 0 0 0 0 0 0 1
0 0 0 0 1 0 0 0 0 0 0 0 0 0 0 0 0 0 0 0 0 0 0 0 0 0 0 0 0 0 0 0 0 0 0 0 0 1 0 0 0 0 0 0 0 0 0 0 0 0 0 0 0 0 0 0 0 0 0 0 0 0 0 0 0 0 0 0 0 0 0 0 0 0 0 0 0 0 0 0 0 0 0 0 0 0 0 0 0 0 0 0 0 0 0 0 0 0 0 0 2
0 0 0 0 0 0 0 0 0 0 0 0 0 0 0 0 0 0 0 0 0 0 0 0 0 0 0 0 0 0 0 0 0 0 0 0 0 0 0 0 0 0 0 0 0 0 0 0 0 0 0 0 0 0 0 0 0 0 0 0 0 0 0 0 0 0 0 0 0 0 0 0 0 1 0 0 0 0 0 0 0 0 0 0 0 0 0 0 0 0 0 0 0 0 0 0 0 0 0 0 1
0 0 0 0 0 0 0 0 0 0 0 0 0 0 0 0 0 0 0 0 0 0 0 0 0 0 0 0 0 0 0 0 0 0 0 0 0 0 0 0 0 0 0 0 0 0 0 0 0 0 0 0 0 0 1 0 0 0 0 0 0 0 0 0 0 0 0 0 0 0 0 0 0 0 0 0 1 0 0 0 0 0 0 0 0 0 0 0 0 0 0 0 0 0 0 0 0 0 0 0 2
0 0 0 0 0 0 0 0 0 0 0 0 0 0 0 0 0 0 0 0 0 0 0 0 0 0 0 0 0 0 0 0 0 0 0 0 0 0 0 0 0 0 0 0 0 0 0 0 0 0 0 0 0 0 0 0 0 0 0 0 0 0 0 0 0 0 0 0 0 0 0 0 0 0 0 0 0 0 0 0 0 0 1 0 0 0 0 0 0 0 0 0 0 0 0 0 0 0 0 0 1
0 0 0 0 0 0 0 0 0 0 0 0 0 0 1 0 0 0 0 0 0 0 0 0 0 0 0 0 0 0 0 0 0 0 0 0 0 0 0 0 0 0 0 0 0 0 0 0 0 0 0 0 0 0 0 0 0 0 0 0 0 0 0 0 0 0 0 0 0 0 0 0 0 0 0 0 0 0 0 0 0 0 0 0 0 0 0 0 0 0 0 0 0 0 0 0 0 0 0 0 1
0 0 0 0 0 0 0 0 0 0 0 0 0 0 0 0 0 0 0 0 0 0 0 0 0 0 0 0 0 0 0 0 0 0 0 0 0 0 0 0 0 0 0 0 0 0 0 0 0 0 0 0 0 0 0 0 0 0 0 0 0 0 1 0 0 0 0 0 0 0 0 0 0 0 0 0 0 0 0 0 0 0 0 0 0 0 0 0 0 0 0 0 0 0 0 0 0 0 0 0 1
0 0 0 0 0 0 0 0 0 0 0 0 0 0 0 0 0 0 0 0 0 0 0 0 0 0 0 0 0 0 0 0 0 0 0 0 0 0 0 0 0 0 0 0 0 0 0 0 0 0 0 0 0 1 0 0 0 0 0 0 0 0 0 0 0 0 0 0 0 0 0 0 0 0 0 0 0 0 0 0 0 0 0 0 0 0 0 0 0 0 0 0 0 0 0 0 0 0 0 0 1
0 0 0 0 0 0 0 0 0 0 0 0 0 0 0 0 0 0 0 0 0 0 0 0 0 0 0 0 0 0 0 0 0 0 0 0 0 0 0 0 1 0 0 0 0 0 0 0 0 0 0 0 0 0 0 0 0 0 0 0 0 0 0 0 0 0 0 0 0 0 0 0 0 0 0 0 0 0 0 0 0 0 0 0 0 0 0 0 0 0 0 0 0 0 0 0 0 0 0 0 1
0 0 0 0 0 0 0 0 0 0 0 0 0 0 0 0 0 0 0 0 0 0 0 0 0 0 0 0 0 0 0 0 0 0 0 0 0 0 0 0 0 0 0 0 0 0 0 0 0 0 0 0 0 0 0 0 0 0 0 0 0 0 0 0 1 0 0 0 0 0 0 0 0 0 0 0 0 0 0 0 0 0 0 0 0 0 0 0 0 0 0 0 0 0 0 0 0 0 0 0 1
0 0 0 1 0 0 0 0 0 0 0 0 0 0 0 0 0 0 0 0 0 0 0 0 0 0 0 0 0 0 0 0 0 0 0 0 0 0 0 0 0 0 0 0 0 0 0 0 0 0 0 0 0 0 0 0 0 0 0 0 0 0 0 0 0 0 0 0 0 0 0 0 0 0 0 0 0 0 0 0 0 0 0 0 0 0 0 0 0 0 0 0 0 0 0 0 0 0 0 0 1
63 83 72 72 65 72 73 79 67 64 67 66 71 71 57 73 74 73 59 65 61 63 65 81 56 65 65 65 70 67 73 68 70 66 70 67 63 72 72 58 65 67 74 69 58 71 59 65 67 68 64 74 71 65 73 58 56 66 55 69 75 70 60 71 66 61 60 59 67 64 73 66 71 70 64 59 62 65 69 67 66 66 56 63 57 71 61 61 73 66 68 63 67 71 69 78 59 65 61 69 6666
