0 1 1 0 0 1 1 0 0 0 4
0 1 0 1 0 0 0 0 0 0 2
0 1 1 1 1 0 0 0 0 0 4
0 0 0 0 1 1 0 0 0 0 2
0 1 1 1 0 0 0 0 1 0 4
0 1 1 0 0 1 1 0 0 0 4
0 1 1 1 0 1 1 0 0 0 5
0 1 1 1 0 0 1 0 0 0 4
0 1 1 1 0 1 1 0 1 0 6
1 1 0 0 0 0 0 0 0 1 3
0 1 0 1 1 0 0 0 0 0 3
0 1 0 0 0 0 1 0 0 0 2
0 1 0 1 0 0 0 0 0 0 2
0 1 1 0 0 0 0 0 0 0 2
0 1 1 0 1 0 0 0 0 0 3
0 1 0 1 0 1 0 0 0 0 3
0 1 0 0 0 0 1 0 0 0 2
1 1 1 0 0 0 0 0 0 0 3
0 1 1 0 0 1 0 0 0 0 3
0 1 0 0 0 0 0 0 0 0 1
1 1 1 0 0 0 0 0 0 0 3
1 1 0 0 0 1 0 0 1 0 4
0 1 0 1 0 0 1 0 0 0 3
0 1 0 0 0 0 1 0 0 0 2
0 1 1 0 0 1 0 0 0 0 3
0 1 0 0 0 0 0 1 1 0 3
1 1 1 1 1 0 0 0 0 0 5
0 1 0 1 0 0 1 0 0 0 3
0 0 0 1 0 0 0 0 1 0 2
0 1 0 1 0 0 0 0 0 0 2
0 1 1 0 0 0 1 0 0 0 3
0 1 1 1 1 0 0 0 0 0 4
0 1 0 0 0 0 0 0 0 0 1
1 1 1 0 0 1 0 0 0 0 4
0 1 1 0 0 1 0 0 0 0 3
1 1 1 1 1 0 1 0 1 0 7
0 1 1 1 0 1 0 1 0 0 5
1 1 1 1 1 0 1 0 0 0 6
0 1 0 1 1 0 0 0 0 0 3
1 1 1 1 1 0 0 0 0 0 5
1 1 0 0 0 0 0 0 0 0 2
1 1 0 0 1 1 1 0 0 0 5
1 0 1 1 0 0 1 0 1 0 5
0 1 1 0 0 1 0 0 0 0 3
0 0 0 1 0 0 1 0 0 0 2
0 1 1 0 0 0 0 0 0 0 2
0 1 1 0 0 0 0 0 1 0 3
0 1 0 1 1 0 0 0 0 0 3
0 1 0 1 0 0 1 0 0 0 3
0 1 1 0 1 1 0 1 0 0 5
12 46 27 24 13 15 17 3 8 1 166
