1 1 0 0 0 1 1 1 0 1 1 1 0 0 1 1 0 0 1 1 0 0 1 1 1 0 0 1 0 0 1 0 0 0 0 0 0 0 0 0 0 0 0 0 0 0 0 0 0 0 17
1 0 0 0 0 0 0 1 0 1 1 0 1 0 1 1 0 0 1 0 0 0 0 1 1 1 1 1 0 0 1 1 0 0 0 0 0 0 0 0 0 0 0 0 0 0 0 0 0 0 15
1 0 0 0 0 0 0 1 1 1 1 1 0 0 0 1 1 0 1 1 1 0 0 1 1 1 1 0 0 0 1 0 0 0 0 0 0 0 0 0 0 0 0 0 0 0 0 0 0 0 16
1 0 0 0 0 1 0 1 0 1 1 1 0 0 1 1 0 0 0 1 0 0 1 1 1 0 1 1 0 0 1 0 0 0 0 0 0 0 0 0 0 0 0 0 0 0 0 0 0 0 15
1 0 0 0 0 1 1 1 0 1 1 0 1 0 1 0 0 0 0 1 0 0 0 1 1 1 0 1 0 0 1 0 1 0 0 0 0 0 0 0 0 0 0 0 0 0 0 0 0 0 15
0 0 0 0 0 0 0 1 1 0 0 1 0 1 0 1 0 0 0 1 0 0 0 1 1 0 0 1 0 0 1 0 0 0 0 0 0 0 0 0 0 0 0 0 0 0 0 0 0 0 10
1 1 0 1 0 0 1 1 1 1 0 0 0 0 0 1 1 1 1 1 0 0 0 1 1 1 1 1 0 1 1 0 0 0 0 0 0 0 0 0 0 0 0 0 0 0 0 0 0 0 19
1 1 0 0 1 1 1 1 1 1 1 0 1 0 0 1 0 0 0 0 0 0 0 1 1 0 0 1 0 1 1 0 0 0 0 0 0 0 0 0 0 0 0 0 0 0 0 0 0 0 16
1 1 0 0 1 0 0 1 1 0 1 0 1 1 1 1 0 0 0 1 0 0 0 1 1 1 0 1 1 1 1 0 0 0 0 0 0 0 0 0 0 0 0 0 0 0 0 0 0 0 18
0 1 0 1 0 0 0 1 1 1 1 0 1 0 1 1 0 1 1 1 0 1 1 0 1 0 1 1 1 1 1 0 0 0 0 0 0 0 0 0 0 0 0 0 0 0 0 0 0 0 20
1 1 0 0 0 0 0 1 1 0 1 0 1 1 1 1 0 0 1 1 1 0 0 1 1 0 1 1 0 0 1 0 0 0 0 0 0 0 0 0 0 0 0 0 0 0 0 0 0 1 18
1 1 0 1 1 1 0 1 1 1 1 1 0 1 0 1 0 0 0 1 1 0 1 1 1 1 1 1 0 0 1 0 0 0 0 0 0 0 0 0 0 0 0 0 0 0 0 0 0 0 21
1 1 1 1 1 0 0 1 1 1 1 0 1 0 1 1 0 1 1 1 0 0 1 0 1 0 1 0 0 0 1 0 0 0 0 0 0 0 0 0 0 0 0 0 0 0 0 0 0 0 19
1 0 0 0 1 0 0 1 1 1 1 0 1 1 1 1 0 0 0 1 0 0 1 1 1 0 0 1 0 0 1 0 0 0 0 0 0 0 0 0 0 0 0 0 0 0 0 0 0 0 16
1 0 0 0 0 0 0 1 1 1 1 1 1 1 1 1 0 0 0 1 0 0 0 1 1 0 0 1 0 0 1 0 1 0 0 0 0 0 0 0 0 0 0 0 0 0 0 0 0 0 16
1 1 0 0 0 1 0 1 1 1 0 1 1 0 1 1 0 0 0 1 0 0 1 1 1 0 0 0 0 0 1 0 0 0 0 0 0 0 0 0 0 0 0 0 0 0 0 0 0 0 15
1 0 0 1 0 0 0 0 1 1 1 1 0 0 1 1 0 0 0 1 0 0 0 1 1 0 0 1 0 0 1 0 1 0 0 0 0 0 0 0 0 0 0 0 0 0 0 0 0 0 14
1 0 0 0 1 0 1 1 1 1 1 1 0 0 0 1 0 0 0 1 0 0 0 1 1 1 1 1 0 0 1 0 0 0 0 0 0 0 0 0 0 0 0 0 0 0 0 0 0 0 16
1 1 0 0 1 0 0 1 1 1 0 0 0 1 0 1 0 1 0 1 0 0 0 1 1 1 0 1 0 1 1 0 0 0 0 0 0 0 0 0 0 0 0 0 0 0 0 0 0 0 16
1 1 0 1 0 0 0 1 1 1 1 1 1 0 1 1 0 1 1 0 0 0 0 1 1 1 0 0 0 0 1 1 1 0 0 0 0 0 0 0 0 0 0 0 0 0 0 0 0 0 19
1 0 0 0 0 0 1 1 1 0 1 1 0 1 1 1 0 0 1 1 0 0 1 1 1 1 1 1 1 0 1 0 0 0 0 0 0 0 0 0 0 0 0 0 0 0 0 0 0 0 19
1 1 0 1 0 0 0 1 1 1 1 1 1 1 1 1 0 0 0 1 0 0 1 1 1 0 0 1 0 0 1 0 0 0 0 0 0 0 0 0 0 0 0 0 0 0 0 0 0 0 18
1 1 0 1 0 0 0 1 1 1 1 0 1 0 0 1 1 1 0 0 0 0 0 1 1 1 0 1 0 0 1 0 0 0 0 0 0 0 0 0 0 0 0 0 0 0 0 0 0 0 16
1 1 0 0 1 1 0 1 1 1 1 1 0 1 0 1 0 1 1 1 1 0 1 1 1 0 0 1 0 1 1 0 0 0 0 0 0 0 0 0 0 0 0 0 0 0 0 0 0 0 21
1 0 0 0 0 1 0 1 1 1 0 0 0 1 0 1 0 0 0 1 0 0 0 1 1 1 1 1 0 1 1 0 0 0 0 0 0 0 0 0 0 0 0 0 0 0 0 0 0 0 15
1 1 0 0 1 0 0 1 1 1 1 0 1 0 1 1 0 1 0 1 0 0 1 1 1 1 1 1 0 0 1 0 0 0 0 0 0 0 0 0 0 0 0 0 0 0 0 0 0 0 19
1 0 0 0 0 0 1 1 1 1 1 1 1 1 0 1 0 0 0 1 0 0 0 1 1 1 0 1 0 0 1 0 0 0 0 0 0 0 0 0 0 0 0 0 0 0 0 0 0 0 16
1 1 0 0 0 0 0 1 1 1 1 0 0 1 1 1 0 0 0 1 1 0 0 1 1 0 1 1 0 1 1 1 0 0 0 0 0 0 0 0 0 0 0 0 0 0 0 0 0 0 18
1 1 0 0 0 0 0 1 1 1 1 0 1 1 1 1 1 1 0 0 0 0 0 1 1 0 1 1 0 1 1 0 0 0 0 0 0 0 0 0 0 0 0 0 0 0 0 0 0 0 18
1 0 0 0 0 0 1 1 1 1 0 1 1 1 1 1 0 0 1 1 1 1 0 1 1 0 0 1 0 0 1 1 1 0 0 0 0 0 0 0 0 0 0 0 0 0 0 0 0 0 20
1 0 0 0 0 0 0 1 0 0 1 1 0 1 0 1 0 0 1 1 1 0 0 1 1 1 0 1 0 0 1 0 0 0 0 0 0 0 0 0 0 0 0 0 0 0 0 0 0 0 14
1 0 0 0 0 0 0 1 1 1 0 1 1 0 1 1 0 0 0 1 0 0 0 1 1 0 0 0 0 1 1 0 0 0 0 0 0 0 0 0 0 0 0 0 0 0 0 0 0 0 13
1 0 0 1 0 0 0 1 0 1 1 0 1 0 1 1 0 0 0 1 1 0 0 1 1 1 0 1 0 1 1 0 0 0 0 0 0 0 0 0 0 0 0 0 0 0 0 0 0 0 16
1 1 0 1 0 1 0 1 0 1 1 0 0 1 1 1 1 0 1 0 0 0 0 1 1 0 0 1 0 0 1 0 0 0 0 0 0 0 0 0 0 0 0 0 0 0 0 0 0 0 16
1 1 0 0 0 1 0 1 1 1 1 1 0 0 0 1 0 0 1 1 1 0 0 1 1 0 1 1 0 0 1 0 1 0 0 0 0 0 0 0 0 0 0 0 0 0 0 0 0 0 18
1 1 0 0 0 0 1 1 0 0 0 1 1 1 1 0 1 0 1 0 0 0 0 1 1 1 0 0 0 1 1 0 0 0 0 0 0 0 0 0 0 0 0 0 0 0 0 0 0 0 15
1 0 1 0 0 0 0 1 1 1 1 0 0 1 1 1 0 0 1 1 0 0 0 1 1 0 1 0 0 0 1 0 0 0 0 0 0 0 0 0 0 0 0 0 0 0 0 0 0 0 15
1 0 0 1 0 0 0 1 1 1 1 1 0 1 1 1 0 1 0 1 0 0 0 0 1 1 1 0 0 0 1 0 0 0 0 0 0 0 0 0 0 0 0 0 1 0 0 0 0 0 17
1 0 0 0 0 1 0 1 0 1 1 1 1 1 1 1 0 0 1 1 1 0 0 1 1 1 0 1 1 1 1 0 0 0 0 0 0 0 0 0 0 0 0 0 0 0 0 0 0 0 20
1 1 0 1 0 0 0 1 0 1 1 0 1 1 1 0 0 0 0 1 0 0 1 1 1 0 1 0 0 1 1 0 0 0 0 0 0 0 0 0 0 0 0 0 0 0 0 0 0 0 16
1 0 0 0 0 0 1 1 1 1 1 0 0 1 1 1 0 0 0 1 1 1 1 1 1 0 1 1 0 1 1 0 0 0 0 0 0 0 0 0 0 0 0 0 0 0 0 0 0 0 19
1 1 0 1 1 0 0 1 0 1 1 0 1 0 1 1 1 0 0 0 1 0 0 1 0 0 0 1 0 0 1 0 0 0 0 0 0 0 0 0 0 0 0 0 0 0 0 0 0 0 15
1 0 0 1 0 0 0 1 1 1 1 1 0 0 1 1 0 0 1 0 1 0 1 1 1 0 1 0 0 0 1 0 0 0 0 0 0 0 0 0 0 0 0 0 0 0 0 0 0 0 16
1 0 0 0 0 1 0 1 1 1 1 1 0 0 1 1 0 1 1 1 0 0 0 1 1 1 0 1 0 0 1 0 0 0 0 0 0 0 0 0 0 0 0 0 0 0 1 0 0 0 18
0 0 0 0 0 1 0 1 1 1 1 1 0 1 0 0 1 0 1 1 0 0 0 1 1 0 1 1 0 1 1 0 0 0 0 0 0 0 0 0 0 0 0 0 0 0 0 0 0 0 16
1 1 0 1 0 0 0 1 1 1 1 1 0 0 1 1 1 0 1 1 1 0 0 0 1 0 0 1 0 0 1 0 1 0 0 0 0 0 0 0 0 0 0 0 0 0 0 0 0 0 18
1 0 0 0 0 1 1 1 1 1 1 0 1 0 1 1 0 0 0 1 0 0 0 1 1 1 0 0 0 0 1 0 0 0 0 0 0 0 0 0 0 0 0 0 0 0 0 0 0 0 15
1 1 0 1 0 1 1 1 0 1 0 1 1 0 1 1 1 0 0 1 1 0 1 0 1 1 1 1 0 0 1 0 0 0 0 0 0 0 0 0 0 0 0 0 0 0 0 0 0 0 20
1 1 0 1 0 0 0 1 1 0 0 1 1 1 0 1 0 0 1 1 0 0 1 1 1 0 0 1 0 0 1 1 0 0 0 0 0 0 0 0 0 0 0 0 0 0 0 0 0 0 17
0 0 0 1 0 0 1 1 1 1 0 1 1 0 1 0 0 1 0 1 0 0 0 1 1 0 0 0 0 1 1 0 0 0 0 0 0 0 0 0 0 0 0 0 0 0 0 0 0 0 14
1 1 0 1 0 1 0 1 1 1 1 1 1 1 0 0 0 0 1 1 0 0 0 0 1 0 1 0 0 1 1 0 0 0 0 0 0 0 0 0 0 0 0 0 0 0 0 0 0 0 17
1 1 0 0 0 0 0 1 0 1 1 1 1 0 1 1 0 1 0 0 0 0 0 1 1 1 0 1 0 0 1 0 0 0 0 0 0 0 0 0 0 0 0 0 0 0 0 0 0 0 15
1 0 0 0 0 0 0 1 1 1 1 0 0 0 0 0 0 0 0 1 0 0 1 1 1 1 1 1 0 0 1 0 0 0 0 0 0 0 0 0 0 0 0 0 0 0 0 0 0 0 13
1 1 0 0 0 0 1 1 1 1 1 0 1 0 0 1 0 0 0 0 0 0 1 1 0 0 0 1 0 0 1 0 0 0 0 0 0 0 0 0 0 0 0 0 0 0 0 0 0 0 13
1 1 0 0 0 1 0 1 1 0 1 1 0 1 1 1 0 0 1 1 0 0 1 1 1 1 1 1 0 0 1 0 0 0 0 0 0 0 0 0 0 0 0 0 0 0 0 0 0 0 19
1 1 0 0 1 1 0 1 1 1 1 0 1 1 1 0 0 1 0 1 0 0 1 1 1 0 1 1 0 1 1 0 0 0 0 0 0 0 0 0 0 0 0 0 0 0 0 0 0 0 20
1 0 0 0 0 1 0 1 0 1 1 1 0 0 1 0 0 0 0 1 0 0 0 1 1 1 1 1 0 0 1 0 0 0 0 0 0 0 0 0 0 0 0 0 0 0 0 0 0 0 14
1 1 0 0 0 0 0 1 1 1 1 0 1 0 1 0 0 0 0 1 0 0 0 1 1 0 0 1 0 0 1 0 0 0 0 0 0 0 0 0 0 0 0 0 0 0 0 0 0 0 13
1 1 0 1 0 0 0 1 0 1 0 0 0 1 1 1 0 0 0 1 0 0 0 1 1 0 1 1 0 1 1 0 0 0 0 0 0 0 0 0 0 0 0 0 0 0 0 0 0 0 15
1 1 0 1 0 0 1 1 1 1 0 0 0 0 0 1 0 1 1 0 0 0 0 1 1 0 1 1 0 1 1 1 1 0 0 0 0 0 0 0 0 0 0 0 0 0 0 0 0 0 18
0 1 0 1 0 0 0 1 1 1 1 1 0 1 1 1 0 0 1 0 0 0 1 1 1 1 0 1 0 0 1 0 0 0 0 0 0 0 0 0 0 0 0 0 0 0 0 0 0 0 17
1 1 1 1 0 1 0 1 1 0 1 0 0 0 0 1 0 1 1 1 1 0 1 1 1 1 1 1 0 0 1 0 0 0 0 0 0 0 0 0 0 0 0 0 0 0 0 0 0 0 20
1 0 0 1 0 0 0 1 1 1 1 1 0 0 0 1 0 0 0 1 0 0 0 1 1 0 0 0 0 1 1 0 0 0 0 0 0 0 0 0 0 0 0 0 0 0 0 0 0 0 13
1 0 0 0 0 0 0 1 0 1 1 1 1 1 1 1 1 1 1 1 0 0 0 1 1 0 0 1 0 0 1 0 0 0 0 0 0 0 0 0 0 0 0 0 0 0 0 0 0 0 17
1 1 0 0 0 0 0 1 0 1 1 1 1 0 1 1 1 1 1 0 0 0 1 1 1 1 1 1 0 1 1 0 0 0 0 0 0 0 0 0 0 0 0 0 0 0 0 0 0 0 20
1 0 0 1 0 0 1 1 0 0 1 1 1 0 1 1 0 0 1 1 1 0 0 1 1 0 0 1 1 1 1 0 0 0 0 0 0 0 0 0 0 0 0 0 0 0 0 0 0 0 18
1 0 0 1 0 1 0 1 0 1 1 0 0 1 1 1 0 0 0 1 0 0 0 1 1 0 1 1 0 1 1 0 0 0 0 0 0 0 0 0 0 0 0 0 0 0 0 0 0 0 16
1 0 0 1 0 0 0 1 1 1 0 1 1 0 0 1 0 0 0 1 1 0 0 1 1 0 1 0 0 0 1 1 0 0 0 0 0 0 0 0 0 0 0 0 0 0 0 0 0 0 15
0 0 0 1 0 0 0 1 1 1 0 0 1 0 0 1 0 0 1 1 0 0 0 1 1 0 0 1 0 1 1 0 0 0 0 0 0 0 0 0 0 0 0 0 0 0 0 0 0 0 13
1 1 0 0 0 0 1 1 1 1 1 1 1 0 1 1 0 0 0 1 0 0 1 1 1 0 1 1 0 1 1 0 0 0 0 0 0 0 0 0 0 0 0 0 0 0 0 0 0 0 19
1 0 0 1 0 0 0 1 1 1 1 1 0 1 0 1 0 0 1 0 0 0 0 1 1 1 1 1 0 0 1 0 0 0 0 0 0 0 0 0 0 0 0 0 0 0 0 0 0 0 16
1 0 0 0 0 0 1 1 1 1 1 1 1 1 1 1 0 0 1 0 0 0 0 1 1 1 0 1 0 1 1 0 0 0 0 0 0 0 0 0 0 0 0 0 0 0 0 0 0 0 18
1 0 0 1 1 0 0 1 1 1 1 0 0 1 1 1 0 0 0 1 0 0 1 1 1 0 1 0 0 0 1 0 0 0 0 0 0 0 0 0 0 0 0 0 0 0 0 0 0 0 16
1 1 0 0 0 0 0 1 0 1 1 1 1 0 0 0 0 1 1 1 0 0 0 1 1 1 1 1 0 0 1 0 0 0 0 0 0 0 0 0 0 0 0 0 0 0 0 0 0 0 16
1 0 0 0 0 1 0 1 0 1 1 1 0 1 1 1 0 0 0 1 0 0 0 1 1 0 1 1 0 0 1 0 0 0 0 0 0 0 0 0 0 0 0 0 0 0 0 0 1 0 16
1 0 0 0 0 0 1 1 1 1 0 1 0 0 1 1 0 1 0 0 0 0 1 1 1 0 1 1 0 1 1 0 0 0 0 0 0 0 0 0 0 0 0 0 0 0 0 0 0 0 16
1 0 0 1 0 0 0 1 1 1 1 0 1 1 1 1 0 0 0 1 0 0 0 1 1 1 1 1 0 1 1 0 0 0 0 0 0 0 0 0 0 0 0 0 0 0 0 0 0 0 18
1 1 0 0 0 0 0 1 1 1 0 1 0 0 1 1 0 0 1 1 0 0 0 1 1 1 0 1 0 1 1 0 1 0 0 0 0 0 0 0 0 0 0 0 0 0 0 0 0 0 17
1 1 0 1 1 0 1 1 0 1 0 1 0 0 1 1 0 1 1 1 0 0 0 1 1 0 1 0 0 0 1 0 0 0 0 0 0 0 0 0 0 0 0 0 0 0 0 0 0 0 17
1 1 0 0 1 1 0 1 0 0 1 0 0 1 1 1 1 0 0 0 0 0 0 1 1 0 1 1 0 1 1 1 0 0 0 0 0 0 0 0 0 0 0 0 0 0 0 0 0 0 17
1 0 0 0 0 0 0 1 1 1 1 1 1 0 0 1 0 1 1 1 1 0 0 1 1 1 0 0 0 0 1 0 0 0 0 0 0 0 0 0 0 0 0 0 0 0 0 0 0 0 16
1 1 0 0 0 0 0 1 1 1 0 0 0 1 1 1 0 0 0 1 0 0 0 1 1 1 0 1 0 0 1 0 1 0 0 0 0 0 0 0 0 0 0 0 0 0 0 0 0 0 15
1 1 0 0 0 0 0 1 1 1 1 0 0 1 1 1 0 0 0 1 0 0 0 1 1 1 1 1 0 1 1 0 0 0 0 0 0 0 0 0 0 0 0 0 0 1 0 0 0 0 18
1 0 0 0 0 0 1 1 1 1 1 0 0 0 1 0 0 0 1 1 0 0 0 1 1 0 1 1 0 0 1 0 0 0 0 0 0 0 1 0 0 0 0 0 0 0 0 0 0 0 15
1 1 0 1 0 1 0 1 1 0 0 0 0 0 1 1 0 1 1 1 0 0 1 1 1 0 0 1 0 0 1 0 0 0 0 0 0 0 0 0 0 0 0 0 0 0 0 0 0 0 16
1 1 0 0 0 0 0 1 0 1 1 0 0 1 1 1 0 1 0 1 0 0 0 1 1 1 0 1 0 0 1 0 0 0 0 0 0 0 0 0 0 0 0 0 0 0 0 0 0 0 15
1 0 0 1 0 0 1 1 1 1 0 1 0 1 1 1 0 0 0 0 1 0 0 1 1 1 1 0 0 0 1 0 0 0 0 0 0 0 0 0 0 0 0 0 0 0 0 0 0 0 16
1 0 0 1 0 0 0 1 0 0 1 1 0 0 1 1 0 1 0 1 0 0 0 1 1 0 1 1 0 1 1 0 0 0 0 0 0 0 0 0 0 0 0 0 0 0 0 0 0 0 15
1 1 0 1 0 1 0 1 1 1 1 1 0 0 1 1 1 0 0 1 0 0 0 1 1 1 0 0 0 1 1 0 0 0 0 0 0 0 0 0 0 0 0 0 0 0 0 0 0 0 18
1 0 0 1 0 0 1 1 1 1 0 0 1 1 1 1 0 0 1 0 0 0 0 1 1 0 1 1 0 0 1 0 0 0 0 0 0 0 0 0 0 0 0 0 0 0 0 0 0 0 16
1 0 0 0 0 0 0 0 1 1 1 0 1 0 0 1 0 0 0 1 0 0 0 1 1 1 0 1 0 1 1 1 0 0 0 0 0 0 0 0 0 0 0 0 0 0 0 0 0 0 14
1 0 0 0 0 0 1 1 1 1 1 0 0 0 1 1 0 1 0 1 0 0 0 1 1 0 1 0 0 0 1 0 0 0 0 0 0 0 0 0 0 0 0 0 0 0 0 0 0 0 14
1 0 0 0 1 1 1 1 0 1 1 0 0 1 0 1 1 0 1 0 0 0 0 1 1 1 0 1 0 1 1 0 0 0 0 0 0 0 0 0 0 0 0 0 0 0 0 0 0 0 17
1 0 0 0 0 0 1 1 1 1 1 1 1 0 1 1 0 0 0 1 1 0 1 1 1 0 1 1 1 1 1 0 1 0 0 0 0 0 0 0 0 0 0 0 0 0 0 0 0 0 21
1 0 0 0 0 0 0 1 1 1 1 0 1 0 1 1 0 0 0 1 1 0 0 1 1 1 1 1 1 1 1 0 0 0 0 0 0 0 0 0 0 0 0 0 0 0 0 0 0 0 18
1 1 0 0 0 0 1 1 0 1 1 1 1 0 1 1 0 0 0 1 0 0 0 1 1 1 1 1 0 1 1 1 0 0 0 0 0 0 0 0 0 0 0 0 0 0 0 0 0 0 19
1 1 0 0 0 0 0 1 1 0 1 0 0 0 1 1 0 1 1 0 0 0 0 1 1 0 0 0 0 0 1 0 0 0 0 0 0 0 0 0 0 0 0 0 0 0 0 0 0 0 12
1 1 0 1 1 0 0 1 1 1 1 1 0 1 1 1 0 0 1 0 1 0 0 1 1 0 1 1 0 0 1 0 0 0 0 0 0 0 0 0 0 0 0 0 0 0 0 0 0 0 19
1 1 0 1 1 0 0 1 0 1 1 0 1 0 0 1 0 0 1 0 1 0 0 1 1 1 0 0 0 1 1 0 0 0 0 0 0 0 0 0 0 0 0 0 0 0 0 0 0 0 16
1 0 0 1 0 0 1 1 1 1 0 0 0 1 1 1 0 1 0 1 0 0 1 1 1 0 0 1 0 0 1 0 0 0 0 0 0 0 0 0 0 0 0 0 0 0 0 0 0 0 16
1 0 0 1 0 0 0 1 1 1 1 1 0 0 1 1 0 0 1 0 0 0 1 1 1 0 1 1 1 0 1 0 0 0 0 0 0 0 0 0 0 0 0 0 0 0 0 0 0 0 17
1 1 0 1 0 1 0 1 1 1 1 0 0 0 1 0 0 0 0 1 1 0 0 1 1 0 0 1 0 1 1 1 1 0 0 0 0 0 0 0 0 0 0 0 0 0 0 0 0 0 18
1 0 0 0 0 0 1 1 1 1 0 0 1 0 0 1 0 0 1 0 0 0 0 1 1 0 0 1 0 1 1 0 0 0 0 0 0 0 0 0 0 0 0 0 0 0 0 0 0 0 13
1 1 0 1 1 1 1 1 0 0 0 1 0 0 0 1 1 0 1 1 0 0 0 1 1 0 1 1 0 1 1 0 0 0 0 0 0 0 0 0 0 0 0 0 0 0 0 0 0 0 18
1 0 0 0 0 0 0 1 1 0 1 0 1 1 0 1 0 0 1 0 0 0 0 1 1 0 1 0 0 0 1 0 0 0 0 0 0 0 0 0 0 0 0 0 0 0 0 0 0 0 12
1 0 0 0 1 0 1 1 1 1 0 1 1 0 0 1 0 1 1 1 0 0 0 1 1 0 1 1 0 1 1 1 0 0 0 0 0 0 0 0 0 0 0 0 0 0 0 0 0 0 19
1 1 0 1 0 0 0 1 1 0 1 1 0 0 0 1 1 0 1 1 1 0 0 1 1 0 0 0 0 1 1 0 0 0 0 0 0 0 0 0 0 0 0 0 0 0 0 0 0 0 16
0 0 0 0 0 0 1 1 1 1 1 0 1 1 1 1 0 0 0 1 0 0 1 1 1 0 1 1 0 1 1 0 0 0 0 0 0 0 0 0 0 0 0 0 0 0 0 0 0 0 17
1 1 0 0 0 0 0 1 1 1 1 0 1 1 1 1 0 0 1 1 0 0 1 1 1 0 1 1 0 1 1 0 0 0 0 0 0 0 0 0 0 0 0 0 0 0 0 0 0 0 19
1 0 0 0 0 0 0 0 1 1 1 0 1 1 1 1 0 0 0 1 0 0 0 1 1 1 0 1 0 1 1 0 0 0 0 0 0 0 0 0 0 0 0 0 0 0 0 0 0 0 15
1 1 0 0 0 0 0 1 1 1 1 0 1 0 0 1 1 0 1 1 0 0 1 1 1 1 1 0 0 0 1 0 0 0 0 0 0 0 0 0 0 0 0 0 0 0 0 0 0 0 17
1 0 0 1 1 0 1 1 0 1 0 1 1 1 0 1 0 0 0 1 1 0 1 1 1 0 1 0 0 0 1 0 1 0 0 0 0 0 0 0 0 0 0 0 0 0 0 0 0 0 18
1 1 0 0 1 1 0 1 1 1 1 0 1 0 0 1 0 0 1 0 1 0 0 0 1 1 1 0 0 1 1 0 0 0 0 0 0 0 0 0 0 0 0 0 0 0 0 0 0 0 17
1 1 0 1 0 0 0 1 0 1 0 1 1 1 1 1 0 1 0 1 0 0 1 1 1 0 1 1 0 1 1 0 0 0 0 0 0 0 0 0 1 0 0 0 0 0 0 0 0 0 20
1 0 0 0 0 0 0 1 0 1 1 0 0 1 1 1 0 0 1 1 0 0 0 1 1 0 0 1 0 1 1 0 0 0 0 0 0 0 0 0 0 0 0 0 0 0 0 0 0 0 14
1 1 0 0 0 0 0 1 1 1 0 1 0 1 1 1 0 0 0 0 0 0 0 1 1 0 0 1 0 0 1 0 0 0 0 0 0 0 0 0 0 0 0 0 0 0 0 0 0 0 13
1 1 0 1 0 1 0 1 1 0 0 0 0 0 1 1 1 1 0 1 0 0 0 1 1 1 1 1 0 0 1 0 0 0 0 0 0 0 0 0 0 0 0 0 0 0 0 0 0 0 17
0 1 0 1 0 0 0 1 0 1 1 0 1 1 1 1 0 0 1 1 0 0 0 0 1 1 1 1 0 1 1 0 0 0 0 0 0 0 0 0 0 0 0 0 0 0 0 0 0 0 17
1 1 0 0 1 0 1 1 0 1 1 0 0 0 1 1 0 0 0 1 1 0 0 1 1 0 0 1 0 1 1 0 0 0 0 0 0 0 0 0 0 0 0 0 0 0 0 0 0 0 16
1 0 0 0 0 0 0 1 1 1 1 1 1 1 1 1 0 0 0 0 0 0 1 1 1 1 1 1 0 1 1 0 0 0 0 0 0 0 0 0 0 0 0 0 0 0 0 0 0 0 18
1 0 0 0 0 0 0 1 0 1 1 1 1 1 0 0 0 1 1 1 1 0 1 1 1 1 1 1 1 1 1 0 1 0 0 0 0 0 0 0 0 0 0 0 0 0 0 0 0 0 21
1 1 0 0 0 1 0 1 0 1 1 0 1 1 1 1 0 0 1 0 0 0 0 1 1 0 0 1 1 1 1 0 0 0 0 0 0 0 0 0 0 0 0 0 0 0 0 0 0 0 17
1 0 0 0 0 0 0 1 1 1 1 0 1 1 0 0 0 0 0 0 0 0 0 0 1 0 0 1 0 0 1 0 0 0 0 0 0 0 0 0 0 0 0 0 0 0 0 0 0 0 10
1 0 1 0 0 0 0 1 1 1 1 1 0 0 0 1 0 0 0 1 0 0 1 1 1 1 0 1 0 0 1 0 0 0 0 0 0 0 0 0 0 0 0 0 0 0 0 0 0 0 15
1 1 0 1 1 0 0 1 0 0 1 1 0 1 0 0 0 0 1 1 0 0 0 1 1 0 0 1 0 1 1 0 0 0 0 0 0 0 0 0 0 0 0 0 0 0 0 0 0 0 15
1 0 0 1 0 0 0 1 0 1 1 0 1 0 1 1 0 0 0 1 1 0 0 1 1 0 1 0 0 0 1 0 0 0 0 0 0 0 0 0 0 0 0 0 0 0 0 0 0 0 14
0 0 0 1 0 1 0 1 0 1 1 1 0 1 1 1 0 1 0 1 0 0 0 0 1 0 1 1 0 1 1 0 0 0 0 0 0 0 0 0 0 0 0 0 0 0 0 0 0 0 16
1 0 0 1 0 1 0 1 1 1 1 0 0 0 1 1 0 1 0 1 0 0 0 1 1 1 1 1 0 0 1 0 0 0 0 0 0 0 0 0 0 0 0 0 0 0 0 0 0 0 17
1 0 0 1 0 0 0 0 1 1 0 0 1 0 1 1 0 1 0 1 1 0 0 1 1 0 1 0 0 1 1 0 0 0 0 0 0 0 0 0 0 0 0 0 0 0 0 0 0 0 15
1 1 0 0 0 1 1 1 0 1 1 1 1 0 0 1 0 0 0 1 0 0 0 1 1 1 1 1 0 1 1 0 0 0 0 0 0 0 0 0 0 0 0 0 0 0 0 0 0 0 18
1 1 0 1 0 1 0 1 1 1 1 0 1 1 1 1 0 0 0 1 0 0 0 0 1 1 0 0 0 1 1 0 0 0 0 0 0 0 0 0 0 0 0 0 0 0 0 0 0 0 17
1 1 0 0 0 0 0 1 0 0 1 0 1 1 1 0 0 1 0 1 0 1 0 1 1 0 1 1 0 1 1 0 0 0 0 0 0 0 0 0 0 0 0 0 0 0 0 0 0 0 16
1 0 0 1 0 0 1 1 0 1 0 1 1 0 1 1 1 0 1 0 1 0 0 1 0 0 1 0 0 0 1 0 0 0 0 0 0 0 0 0 0 0 0 0 0 0 0 0 0 0 15
1 1 0 0 0 1 0 1 1 1 1 0 1 1 1 1 0 0 1 1 0 0 1 1 1 0 1 1 0 0 1 0 0 0 0 0 0 0 0 0 0 0 0 0 0 0 0 0 0 0 19
1 0 0 0 0 0 0 1 0 1 1 1 1 1 0 1 0 1 0 1 0 0 0 1 1 1 1 1 0 1 1 1 0 0 0 0 0 0 0 0 0 0 0 0 0 0 0 0 0 0 18
1 1 0 0 0 1 0 1 0 1 1 0 0 1 0 1 0 1 1 1 0 0 0 1 1 1 1 0 0 0 1 0 0 0 0 0 0 0 0 0 0 0 0 0 0 0 0 0 0 0 16
1 0 0 0 0 1 0 1 1 1 1 0 1 1 0 1 0 1 1 1 0 0 0 1 1 1 0 1 0 0 1 1 1 0 0 0 0 0 0 0 0 0 0 0 0 0 0 0 0 0 19
1 1 0 0 1 0 0 1 1 1 1 0 0 1 1 1 0 1 0 1 1 0 1 1 1 0 1 1 0 0 1 1 0 0 0 0 0 0 0 0 0 0 0 0 0 0 0 0 0 0 20
1 0 0 1 0 0 0 1 0 1 0 1 0 0 0 0 0 0 0 1 0 0 0 1 1 0 0 0 0 0 1 0 0 0 0 0 0 0 0 0 0 0 0 0 0 0 0 0 0 0 9
1 0 0 0 1 0 0 1 1 1 1 0 1 0 1 1 0 0 0 1 0 0 0 1 1 0 0 1 0 1 1 0 1 0 0 0 0 0 0 0 0 0 0 0 0 0 0 0 0 0 16
1 1 0 1 0 1 0 1 1 1 1 1 0 0 0 1 0 0 0 0 0 0 0 1 0 1 1 1 0 1 1 1 0 0 0 0 0 0 0 0 0 0 0 0 0 0 0 0 0 0 17
1 0 0 0 1 1 0 1 1 1 1 1 1 1 1 1 0 0 0 1 0 0 0 1 1 1 0 1 0 1 1 0 0 0 0 0 0 0 0 0 0 0 0 0 0 0 0 0 0 0 19
1 1 0 0 0 0 0 1 1 1 1 0 1 0 1 1 1 0 0 0 0 0 0 0 1 1 1 1 0 0 1 1 0 0 0 0 0 0 0 0 0 0 0 0 0 0 0 0 0 0 16
1 1 0 0 0 1 1 1 1 1 1 0 0 0 0 1 0 1 1 0 0 0 1 1 1 1 0 1 0 0 1 0 0 0 0 0 0 0 0 0 0 0 0 0 0 0 0 0 0 0 17
1 0 0 0 0 0 1 1 1 1 1 0 1 1 1 1 0 0 0 1 0 0 1 1 1 1 1 1 0 0 1 0 0 0 0 0 0 0 0 0 0 0 0 0 0 0 0 0 0 0 18
1 1 0 0 1 0 0 1 1 0 1 0 1 1 1 0 0 0 0 1 1 0 0 1 1 0 1 1 0 1 1 0 0 0 0 0 0 0 0 1 0 0 0 0 0 0 0 0 0 0 18
1 0 0 0 0 0 0 1 1 1 1 0 1 1 1 1 0 0 1 1 0 0 0 1 1 1 1 1 0 1 1 1 0 0 0 0 0 0 0 0 0 0 0 0 0 0 0 0 0 0 19
1 0 0 1 0 1 1 1 0 1 1 1 1 0 1 1 0 0 1 1 0 0 0 1 1 1 1 1 0 1 0 0 0 0 0 0 0 0 0 0 0 0 0 0 0 0 0 0 0 0 19
0 0 0 0 0 1 1 1 0 1 0 0 1 1 0 0 0 0 0 1 0 0 1 1 1 1 0 0 0 0 1 0 0 0 0 0 0 0 0 0 0 0 0 0 0 0 0 0 0 0 12
1 1 0 0 1 0 0 1 1 1 1 0 0 0 1 1 0 0 0 1 0 0 1 1 1 0 1 1 0 1 1 0 0 0 0 0 0 0 0 0 0 0 0 0 0 0 0 0 0 0 17
1 1 0 1 0 0 1 1 0 1 0 1 1 1 1 1 1 1 1 1 0 1 1 1 1 0 1 1 0 1 1 0 0 0 0 0 0 0 0 0 0 0 0 0 0 0 0 0 0 0 23
1 0 0 1 0 0 1 1 1 1 1 1 1 1 1 1 0 1 1 1 0 0 1 1 1 1 0 0 0 0 1 0 0 0 0 0 0 0 0 0 0 0 0 0 0 0 0 0 0 0 20
1 0 0 1 0 1 0 1 0 1 1 0 1 0 1 1 0 0 0 1 1 0 1 0 1 0 1 1 0 0 0 0 0 0 0 1 0 0 0 0 0 0 0 0 0 0 0 0 0 0 16
1 0 0 0 0 1 0 1 0 1 1 0 0 1 1 1 0 1 0 1 0 0 1 1 1 1 0 1 0 1 1 0 0 0 0 0 0 0 0 0 0 0 0 0 0 0 0 0 0 0 17
1 1 0 0 0 1 1 1 1 1 1 0 0 0 1 1 0 0 1 1 0 0 0 1 1 0 0 1 0 0 1 0 0 0 0 0 0 0 0 0 0 0 0 0 0 0 0 0 0 0 16
1 0 0 0 0 0 0 1 1 1 1 0 1 0 0 1 0 0 0 1 0 0 1 0 1 1 1 1 0 1 1 0 0 0 0 0 0 0 0 0 0 0 0 0 0 0 0 0 0 0 15
1 1 0 1 0 0 1 1 1 1 1 0 1 0 0 1 0 1 0 0 1 0 0 1 0 0 1 1 0 1 1 0 0 0 0 0 0 0 0 0 0 0 0 0 0 0 0 0 0 0 17
1 1 0 1 0 1 0 1 1 1 1 0 1 0 1 1 1 1 0 1 0 0 0 1 1 1 1 1 0 0 1 0 0 0 0 0 0 0 0 0 0 0 0 0 0 0 0 0 0 0 20
1 0 0 1 0 0 0 1 1 1 1 1 1 0 1 0 0 0 0 1 0 0 1 1 1 1 0 1 1 1 1 0 0 0 0 0 0 0 0 0 0 0 0 0 0 0 0 0 0 0 18
1 1 0 0 1 0 1 1 1 1 1 0 1 1 1 0 0 1 1 0 1 0 0 1 0 1 1 0 0 1 1 0 0 1 0 0 0 0 0 0 0 0 0 0 0 0 0 0 0 0 20
1 1 0 1 0 0 0 1 1 1 1 1 1 0 1 1 0 0 0 0 0 0 1 1 1 1 0 1 0 0 1 0 0 0 0 0 0 0 0 0 0 0 0 0 0 0 0 0 0 0 17
1 1 0 0 0 1 0 1 1 1 1 1 1 1 1 1 0 0 0 1 0 0 0 1 1 0 1 0 0 0 1 0 0 0 0 0 0 0 0 0 0 0 0 0 0 0 0 0 0 0 17
1 0 0 1 1 0 0 1 1 1 1 1 1 0 1 0 0 0 1 1 0 0 0 1 1 1 0 0 0 1 1 0 0 0 0 0 0 0 0 0 0 0 0 0 0 0 0 0 0 0 17
1 1 0 1 1 0 1 1 1 1 1 0 0 1 1 1 0 0 0 0 0 0 0 1 1 1 1 1 0 1 1 0 0 0 0 0 0 0 0 0 0 0 0 0 0 0 0 0 0 0 19
1 0 0 1 0 0 1 1 0 1 1 1 1 0 0 1 0 0 0 1 1 0 0 1 1 1 0 1 0 1 1 0 0 0 0 0 0 0 0 0 0 0 0 0 0 0 0 0 0 0 17
1 0 0 0 0 0 0 1 1 1 1 0 1 1 1 1 0 0 1 1 0 0 0 1 1 0 0 1 0 0 1 0 0 0 0 0 0 0 0 0 0 0 0 0 0 0 0 0 0 0 15
1 0 0 0 0 0 0 1 1 1 1 1 1 0 0 1 0 0 0 0 0 0 1 1 1 0 1 0 0 0 1 0 0 0 0 0 0 0 0 0 0 0 0 0 0 0 0 0 0 0 13
1 1 0 0 1 0 0 1 1 1 1 1 1 1 1 1 0 0 0 0 0 0 0 1 1 0 1 1 0 0 1 1 0 0 0 0 0 0 0 0 0 0 0 0 0 0 0 0 0 0 18
0 0 0 0 0 0 1 1 0 1 1 0 0 0 1 1 0 0 0 1 0 0 0 1 1 1 1 0 0 1 1 1 0 0 0 0 0 0 0 0 0 0 0 0 0 0 0 0 0 0 14
1 1 0 0 1 0 0 1 1 1 1 0 1 0 1 0 1 1 1 1 0 0 1 1 0 1 1 0 0 1 1 0 1 0 0 0 0 0 0 0 0 0 0 0 0 0 0 0 0 0 20
1 0 0 1 0 0 0 1 1 1 1 0 0 0 1 1 0 0 1 1 0 0 0 1 1 0 0 1 0 0 1 0 0 0 0 0 0 0 0 0 0 0 0 1 0 0 0 0 0 0 15
1 1 0 0 0 1 0 1 0 1 1 0 1 1 1 1 0 0 1 1 0 0 0 1 1 0 0 0 0 1 1 0 0 0 0 0 0 0 0 0 0 0 0 0 0 0 0 0 0 0 16
1 1 0 0 1 0 0 1 1 1 1 0 1 1 1 1 0 0 1 1 0 0 0 1 1 0 0 0 0 1 1 0 0 0 0 0 0 0 0 0 0 0 0 0 0 0 0 0 0 0 17
1 1 0 0 0 0 0 1 0 1 1 0 1 1 1 1 0 0 0 1 0 0 1 1 1 1 1 1 0 0 1 0 0 0 0 0 0 0 0 0 0 0 0 0 0 0 0 0 0 0 17
1 0 0 1 1 0 0 1 0 1 1 0 0 0 1 1 0 0 0 1 0 0 0 1 1 1 0 1 1 1 1 0 0 0 0 0 0 0 0 0 0 0 0 0 0 0 0 0 0 0 16
1 1 0 1 0 0 0 1 1 1 1 0 1 1 1 1 0 1 0 1 0 0 0 1 1 1 0 1 0 1 1 0 0 0 0 0 0 0 0 0 0 0 0 0 0 0 0 0 0 0 19
1 1 0 0 1 0 0 1 1 1 1 0 0 1 0 1 1 0 1 1 0 0 1 1 1 1 1 0 0 0 1 0 0 0 0 0 0 0 0 0 0 0 0 0 0 0 0 0 0 0 18
1 1 0 0 0 0 0 1 1 1 1 0 0 1 1 0 0 1 1 1 0 0 0 1 1 0 0 1 0 0 1 0 0 0 0 0 0 0 0 0 0 0 0 0 0 0 0 0 0 0 15
1 1 0 0 0 1 0 1 0 1 1 1 1 1 1 1 0 0 1 1 0 0 1 1 1 0 0 0 0 0 1 0 0 0 0 0 0 0 0 0 0 0 0 0 0 0 0 0 0 0 17
1 1 0 0 0 0 0 1 1 0 0 1 1 1 1 0 1 0 0 1 0 0 0 0 0 0 1 1 0 0 1 1 0 0 0 0 0 0 0 0 0 0 0 0 0 0 0 0 0 0 14
1 0 0 1 0 0 0 1 0 1 1 1 0 0 1 1 0 1 0 1 1 0 0 1 1 1 0 1 0 1 1 0 0 0 0 0 0 0 0 0 0 0 0 0 0 0 0 0 0 0 17
1 0 0 0 1 0 0 1 1 1 1 1 0 0 1 1 0 0 0 1 0 0 0 1 1 0 1 1 0 0 1 0 0 0 0 0 0 0 0 0 0 0 0 0 0 0 0 0 0 0 15
1 1 0 0 0 0 1 1 1 1 0 1 1 1 1 1 0 1 0 1 0 0 0 1 1 0 0 1 0 0 0 0 1 0 0 0 0 0 0 0 0 0 0 0 0 0 0 0 0 0 17
1 0 0 1 0 0 0 1 0 1 1 1 0 1 0 1 0 1 0 1 1 0 0 1 1 0 0 0 0 1 1 0 0 0 0 0 0 0 0 0 0 0 0 0 0 0 0 0 0 0 15
1 0 0 1 0 1 1 1 1 1 1 1 1 0 0 1 0 1 0 1 0 0 0 1 1 1 1 1 0 1 1 0 1 0 0 0 0 0 0 0 0 0 0 0 0 0 0 0 0 0 21
1 1 0 0 1 1 0 1 1 1 1 0 1 0 1 1 1 0 1 1 0 0 0 1 1 1 1 1 0 0 1 0 0 0 0 0 0 0 0 0 0 0 0 0 0 0 0 0 0 0 20
1 1 0 0 0 0 1 1 1 1 1 1 1 1 1 1 1 0 1 0 0 0 0 1 1 1 1 1 0 1 1 0 0 0 0 0 0 0 0 0 0 0 0 0 0 0 0 0 0 0 21
1 0 0 0 0 1 0 1 1 1 1 0 0 1 0 0 0 1 0 1 0 0 1 1 1 1 1 1 0 0 1 0 0 0 0 0 0 0 0 0 0 0 0 0 0 0 0 0 0 0 16
1 0 0 1 0 0 0 1 1 1 1 0 1 0 1 1 1 1 1 1 0 0 0 0 1 0 0 1 0 1 1 0 0 0 0 0 0 0 0 0 0 0 0 0 0 0 0 0 0 0 17
1 0 0 1 0 0 0 1 1 1 1 0 1 0 0 1 0 0 1 0 0 0 0 1 1 1 0 0 0 1 1 0 0 0 0 0 0 0 0 0 0 0 0 0 0 0 0 0 0 0 14
1 0 0 1 0 0 1 1 1 1 1 1 1 0 1 0 0 0 0 1 0 0 0 1 1 1 1 1 0 1 1 0 0 0 0 0 0 0 0 0 0 0 0 0 0 0 0 0 0 0 18
1 1 0 1 0 1 0 1 0 1 0 0 0 1 1 1 0 0 1 1 0 0 1 1 1 0 0 1 0 1 1 0 0 0 0 0 0 0 0 0 0 0 0 0 0 0 0 0 0 0 17
1 0 0 0 1 0 0 1 1 1 1 1 0 0 0 1 0 1 1 1 0 0 1 1 1 1 0 0 0 0 1 0 1 0 0 0 0 0 0 0 0 0 0 0 0 0 0 0 0 0 17
0 0 0 1 1 0 0 1 1 1 1 1 1 1 1 0 0 0 1 1 0 0 1 0 1 0 1 1 0 0 1 0 0 0 0 0 0 0 0 0 0 0 0 0 0 0 0 0 0 0 17
1 1 0 1 0 0 0 1 0 1 1 1 0 0 1 1 0 0 0 1 0 0 0 1 1 1 1 1 0 1 1 0 0 0 0 1 0 0 0 0 0 0 0 0 0 0 0 0 0 0 18
1 0 0 0 0 0 0 1 0 1 1 0 1 0 1 1 1 0 0 0 0 0 0 1 1 1 0 1 0 1 1 0 0 0 0 0 0 0 0 0 0 0 0 0 0 0 0 0 0 0 14
1 1 0 0 1 0 0 1 0 1 1 0 1 1 1 1 0 0 0 0 0 0 1 1 1 0 0 1 0 1 1 0 0 0 0 0 0 0 0 0 0 0 0 0 0 0 0 0 0 0 16
1 0 0 0 0 0 1 1 1 1 0 1 1 0 1 1 0 0 0 1 0 0 0 1 1 0 0 1 0 0 1 0 0 0 0 0 0 0 0 0 0 0 0 0 0 0 0 0 0 0 14
1 1 0 1 0 0 0 1 1 0 1 1 1 0 1 1 0 0 0 1 0 0 0 1 1 0 0 0 0 1 1 0 0 0 0 0 0 0 0 0 0 0 0 0 0 0 0 0 0 0 15
1 1 0 0 0 0 0 1 1 1 1 1 1 0 0 1 0 1 1 1 1 0 0 1 1 1 0 1 0 1 1 0 0 0 0 0 0 0 0 0 0 0 0 0 0 0 0 0 0 0 19
1 0 0 0 1 0 0 1 1 1 1 1 1 1 1 1 0 1 1 1 0 0 0 1 1 1 1 0 0 1 1 0 0 0 0 0 0 0 0 0 0 0 0 0 0 0 0 0 0 0 20
1 0 0 0 0 0 0 1 1 1 1 0 1 0 0 1 0 1 0 1 0 0 0 1 1 0 0 1 0 0 1 0 0 0 0 0 0 0 0 0 0 0 0 0 0 0 0 0 0 0 13
1 0 0 1 0 0 0 1 1 1 1 0 0 0 1 1 0 0 0 0 0 0 0 1 1 0 0 0 0 0 1 0 0 0 0 0 0 0 0 0 0 0 0 0 0 0 0 0 0 0 11
1 1 0 0 1 0 0 1 1 1 1 0 0 1 1 1 0 0 1 0 0 0 0 1 1 0 1 1 0 0 1 0 0 0 0 0 0 0 0 0 0 0 0 0 0 0 0 0 0 0 16
1 0 0 1 0 0 1 1 1 1 1 1 1 0 1 1 0 1 1 1 1 0 0 1 1 1 1 1 0 1 1 0 0 0 0 0 0 0 0 0 0 0 0 0 0 0 0 0 0 0 22
1 0 0 0 0 0 1 1 0 1 1 0 1 0 1 1 0 0 1 0 0 0 0 1 1 0 1 1 0 0 1 0 0 0 0 0 0 0 0 0 0 0 0 0 0 0 0 0 0 0 14
1 1 1 0 0 0 0 0 1 1 1 0 0 0 1 1 0 0 1 1 1 0 0 1 1 1 1 1 0 1 1 0 1 0 0 0 0 0 0 0 0 0 0 0 0 0 0 0 0 0 19
1 1 0 0 0 0 1 1 0 1 1 0 0 0 1 1 0 0 0 1 0 0 0 1 1 0 1 1 1 0 1 0 0 0 0 0 0 0 0 0 0 0 0 0 0 0 0 0 0 0 15
1 1 0 0 0 1 0 1 1 1 0 1 1 0 0 1 0 0 1 1 0 0 0 1 1 0 0 1 0 1 1 0 0 0 0 0 1 0 0 0 0 0 0 0 0 0 0 0 0 0 17
1 1 0 0 0 1 0 1 1 1 0 1 1 1 0 1 0 1 0 1 0 0 0 1 1 1 1 0 0 1 1 1 0 0 0 0 0 0 0 0 0 0 0 0 0 0 0 0 0 0 19
1 1 0 1 0 0 0 1 1 1 0 1 1 0 0 1 0 1 1 0 0 0 1 0 1 1 0 1 0 0 1 0 1 0 0 0 0 0 0 0 0 0 0 0 0 0 0 0 0 0 17
1 1 0 0 1 0 0 1 1 1 0 1 0 1 1 1 1 0 0 1 0 0 0 1 1 0 0 1 0 0 1 0 0 0 0 0 0 0 0 0 0 0 0 0 0 0 0 0 0 0 16
1 1 0 1 0 1 0 1 1 1 0 1 0 0 1 1 0 0 1 1 0 0 1 1 1 1 0 0 0 1 1 0 0 0 0 0 0 0 0 0 0 0 0 0 0 0 0 0 0 0 18
1 1 0 0 1 0 0 1 0 1 1 1 1 0 0 1 0 1 0 1 0 0 1 1 1 1 1 1 0 0 1 0 0 0 0 0 0 0 0 0 0 0 0 0 0 0 0 0 0 0 18
1 0 0 1 0 0 0 1 1 1 1 0 1 0 1 1 0 1 0 1 0 0 0 1 1 1 1 1 0 0 1 0 0 0 0 0 0 0 0 0 0 0 0 0 0 0 0 1 0 0 18
0 0 0 0 0 0 1 1 1 1 1 0 1 0 1 1 0 0 0 1 1 0 0 1 1 0 0 1 0 1 0 0 0 0 0 0 0 0 0 0 0 0 0 0 0 0 0 0 0 0 14
1 1 0 1 0 0 0 1 1 1 1 1 1 1 1 1 0 1 0 0 1 0 1 1 1 0 0 1 0 0 1 0 0 0 0 0 0 0 0 0 0 0 0 0 0 0 0 0 0 0 19
1 0 0 0 1 1 1 1 1 1 1 1 1 0 1 1 0 1 0 0 0 0 0 1 1 0 0 1 0 1 1 0 0 0 0 0 0 0 0 0 0 0 0 0 0 0 0 0 0 0 18
1 1 0 0 0 0 0 1 1 0 1 1 1 0 0 1 0 0 1 0 0 0 0 1 1 1 1 0 0 0 1 0 0 0 0 0 0 0 0 0 0 0 0 0 0 0 0 0 0 0 14
1 0 0 1 0 0 0 1 0 1 0 0 1 0 0 0 0 0 1 0 1 0 0 1 1 1 1 1 0 0 1 0 0 0 0 0 0 0 0 0 0 0 0 0 0 0 0 0 0 0 13
1 0 0 1 0 0 0 1 1 1 1 0 0 0 1 1 0 0 1 0 0 0 0 1 1 0 0 1 0 1 1 0 0 0 0 0 0 0 0 0 0 1 0 0 0 0 0 0 0 0 15
1 1 0 0 1 0 0 1 0 1 1 0 1 1 1 1 0 1 0 0 0 0 0 1 1 0 1 0 0 0 1 0 0 0 0 0 0 0 0 0 0 0 0 0 0 0 0 0 0 0 15
0 0 0 0 0 0 1 1 0 1 1 1 0 1 1 1 0 1 1 1 0 0 0 1 1 1 0 1 0 1 1 0 0 0 0 0 0 0 0 0 0 0 0 0 0 0 0 0 0 0 17
1 1 0 1 0 1 0 1 1 1 1 1 0 1 1 1 0 1 0 1 1 0 0 0 1 1 0 1 0 1 1 0 0 0 0 0 0 0 0 0 0 0 0 0 0 0 0 0 0 0 20
1 1 0 0 1 0 0 1 1 1 1 1 1 0 1 0 1 1 1 0 0 0 0 1 1 1 1 1 1 0 1 0 0 0 0 0 0 0 0 0 0 0 0 0 0 0 0 0 0 0 20
1 1 0 0 1 0 0 1 0 1 1 1 0 0 0 1 0 0 0 0 0 0 1 1 1 0 1 1 1 1 1 0 0 0 1 0 0 0 0 0 0 0 0 0 0 0 0 0 0 0 17
1 1 0 0 0 1 1 1 1 1 0 1 1 0 1 1 0 0 0 1 1 0 0 1 1 1 1 0 1 1 1 0 0 0 0 0 0 0 0 0 0 0 0 0 0 0 0 0 0 0 20
1 0 0 0 0 1 0 1 1 1 1 0 1 0 1 1 0 0 1 1 1 0 0 1 1 0 1 1 0 1 1 0 0 0 0 0 0 0 0 0 0 0 0 0 0 0 0 0 0 0 18
0 0 0 0 0 1 0 1 0 1 1 0 1 1 1 1 0 0 1 1 0 0 0 1 1 0 0 0 0 0 1 0 0 0 0 0 0 0 0 0 0 0 0 0 0 0 0 0 0 0 13
1 1 0 1 0 0 0 1 1 1 1 0 0 0 0 1 0 0 0 1 0 0 0 1 1 0 1 1 0 1 1 1 0 0 0 0 0 0 0 0 0 0 0 0 0 0 0 0 0 0 16
1 0 0 0 1 0 1 1 1 1 1 0 1 1 1 1 0 0 0 0 0 0 0 1 1 1 1 0 0 0 1 0 0 0 0 0 0 0 0 0 0 0 1 0 0 0 0 0 0 0 17
1 0 0 0 0 1 0 1 1 1 1 1 0 0 0 1 0 0 1 1 0 0 0 1 1 1 0 1 1 1 1 0 0 0 0 0 0 0 0 0 0 0 0 0 0 0 0 0 0 0 17
0 1 0 0 1 0 0 1 0 1 0 0 0 1 1 1 0 0 1 1 0 0 1 0 1 1 0 1 0 1 1 1 0 0 0 0 0 0 0 0 0 0 0 0 0 0 0 0 0 0 16
1 1 0 1 1 0 1 1 1 1 0 0 0 0 1 1 0 1 0 1 0 0 0 1 1 1 1 1 0 1 1 0 0 0 0 0 0 0 0 0 0 0 0 0 0 0 0 0 0 0 19
1 1 0 1 0 0 1 1 1 1 1 1 1 1 0 0 0 1 0 0 1 0 0 1 1 1 0 1 0 0 1 0 0 0 0 0 0 1 0 0 0 0 0 0 0 0 0 0 0 0 19
1 0 0 0 0 0 1 1 1 1 1 0 0 1 1 1 0 0 1 0 0 0 0 1 1 0 1 1 0 0 1 0 0 0 0 0 0 0 0 0 0 0 0 0 0 0 0 0 0 0 15
1 0 0 0 0 0 0 1 0 0 1 0 0 1 1 1 0 0 0 0 0 0 0 1 1 0 1 1 0 0 1 0 0 0 0 0 0 0 0 0 0 0 0 0 0 0 0 0 0 0 11
0 0 0 0 0 0 0 1 1 0 0 1 1 0 1 1 0 0 1 0 0 0 1 1 1 0 1 1 0 1 1 0 0 0 0 0 0 0 0 0 0 0 0 0 0 0 0 0 0 0 14
1 1 0 0 0 0 0 1 1 1 1 1 1 1 1 1 0 0 1 1 0 0 0 1 1 0 1 0 0 0 1 0 0 0 0 0 0 0 0 0 0 0 0 0 0 0 0 0 0 0 17
1 1 0 0 0 1 1 1 1 0 1 1 1 0 0 1 0 0 1 1 0 0 0 1 1 1 1 1 0 0 1 0 0 0 0 0 0 0 0 0 0 0 0 0 0 0 0 0 0 0 18
1 1 0 0 1 0 0 1 1 1 1 0 1 1 1 1 0 1 0 0 0 0 1 1 1 0 1 1 0 0 1 0 1 0 0 0 0 0 0 0 0 0 0 0 0 0 0 0 0 0 19
1 0 0 1 0 0 0 1 1 1 0 1 1 0 1 1 0 0 0 1 0 0 0 1 1 1 0 1 0 0 1 0 0 0 0 0 0 0 0 0 0 0 0 0 0 0 0 0 0 0 15
1 0 0 0 0 0 0 1 1 1 1 1 0 1 1 1 0 0 0 1 0 0 1 0 1 0 1 0 0 1 1 0 0 0 0 0 0 0 0 0 0 0 0 0 0 0 0 0 0 0 15
1 0 0 1 0 0 0 1 1 1 1 1 0 1 1 1 0 0 0 1 0 0 0 1 1 1 1 1 0 0 1 0 0 0 0 0 0 0 0 0 0 0 0 0 0 0 0 0 0 0 17
0 1 0 1 0 0 0 1 1 1 1 0 1 0 1 1 0 0 0 1 0 0 1 1 1 1 1 1 0 0 1 0 0 0 0 0 0 0 0 0 0 0 0 0 0 0 0 0 0 0 17
1 1 0 1 0 0 0 1 0 1 0 1 0 0 1 1 0 0 0 1 0 0 0 1 1 0 1 1 0 0 1 0 0 0 0 0 0 0 0 0 0 0 0 0 0 0 0 0 0 0 14
0 0 0 1 1 0 0 1 1 1 0 0 1 0 0 1 0 0 0 1 0 0 0 1 1 0 1 1 0 0 1 0 0 0 0 0 0 0 0 0 0 0 0 0 0 0 0 0 0 0 13
1 1 0 1 1 0 1 1 1 1 1 0 0 1 1 0 0 0 1 0 0 0 0 1 1 1 1 0 0 1 1 0 0 0 0 0 0 0 0 0 0 0 0 0 0 0 0 0 0 0 18
1 1 0 1 0 0 1 1 0 1 1 1 0 1 1 1 0 1 1 1 0 0 1 1 1 1 1 1 1 0 1 0 0 0 0 0 0 0 0 0 0 0 0 0 0 0 0 0 0 0 22
1 1 0 1 0 0 1 1 0 1 1 0 0 0 0 1 0 1 1 1 0 0 0 1 1 1 0 1 0 1 1 0 0 0 0 0 0 0 0 0 0 0 0 0 0 0 0 0 0 0 17
231 128 5 101 55 64 68 245 175 223 198 122 143 116 176 217 32 76 110 185 51 5 72 229 242 120 139 188 18 121 246 24 23 1 1 2 1 1 1 1 1 1 1 1 1 1 1 1 1 1 4166
