0 0 0 0 1 0 0 0 1 0 0 0 0 0 0 0 0 0 1 0 0 0 1 0 1 0 1 0 1 1 1 0 1 0 1 1 0 1 0 0 1 0 1 0 0 0 0 1 1 1 18
1 0 0 1 1 0 1 1 0 0 0 0 1 1 0 1 1 1 0 0 0 0 0 0 0 0 0 0 0 1 0 0 0 0 1 1 0 1 1 0 0 0 1 1 0 0 1 0 0 1 19
0 1 0 0 0 1 1 1 1 1 0 0 0 0 1 1 1 1 1 1 1 0 1 1 1 0 0 0 1 1 0 0 1 0 1 0 1 0 0 0 0 0 0 1 1 1 0 1 1 1 27
0 1 0 0 0 0 1 0 1 0 0 0 0 0 1 0 0 0 0 0 1 1 0 0 1 0 1 1 1 0 0 1 1 0 1 0 0 1 0 0 0 0 1 1 1 0 0 0 1 1 19
1 1 1 0 0 1 1 0 1 1 1 0 1 1 0 1 1 1 0 1 0 1 1 1 0 0 0 0 0 0 1 0 1 1 0 0 1 1 0 1 1 1 0 0 1 0 0 0 1 0 27
1 1 0 0 1 1 0 0 1 0 0 1 1 1 1 1 0 1 0 1 0 0 0 1 1 1 0 1 0 0 1 0 0 0 1 0 0 1 1 0 1 1 1 0 0 1 1 0 1 0 26
0 0 0 1 0 1 1 1 1 1 0 1 1 0 0 0 1 1 0 0 0 0 0 1 0 0 0 1 1 0 0 0 1 0 1 0 0 1 1 1 1 1 0 1 0 1 1 1 1 0 25
1 1 1 0 0 1 0 1 1 1 0 0 0 1 0 0 1 0 0 1 0 0 0 0 1 0 0 0 1 1 1 0 0 0 1 0 0 0 1 1 0 0 0 0 1 1 0 1 1 0 21
0 1 0 1 0 1 0 1 0 1 0 1 1 1 1 0 0 0 1 1 1 0 1 0 0 0 1 1 0 0 0 0 0 0 0 1 0 0 1 0 0 1 0 1 1 0 1 1 0 1 23
1 1 1 1 0 0 0 0 0 0 0 1 1 1 1 0 0 0 0 0 1 1 1 0 1 1 0 1 0 0 1 0 0 0 1 0 1 1 1 0 1 0 1 1 1 1 0 1 0 1 26
0 1 1 1 0 1 0 1 0 0 1 0 0 1 0 1 0 1 1 1 0 1 0 0 0 0 1 0 0 1 1 1 0 0 1 0 0 1 0 1 1 1 0 0 0 1 1 0 1 0 24
1 1 1 1 0 1 1 0 1 1 1 0 1 1 1 1 0 1 1 0 0 0 0 0 1 1 0 0 1 0 0 0 0 1 0 1 1 1 1 0 0 0 1 1 0 1 0 1 0 0 27
1 0 1 1 1 0 0 0 1 1 1 0 1 1 1 0 0 1 0 0 0 1 0 1 1 0 1 0 1 1 1 1 0 0 0 1 0 0 1 0 0 0 1 0 0 0 0 0 0 1 23
0 1 0 1 0 1 0 1 1 1 1 0 0 0 1 0 1 0 0 1 1 1 1 1 0 0 1 1 1 0 0 1 0 0 0 1 0 0 1 1 0 1 1 1 0 0 0 1 0 0 25
0 0 1 1 1 1 1 0 1 0 0 1 0 1 0 0 0 1 1 1 1 0 1 0 1 0 1 1 0 0 1 1 0 1 0 1 1 1 0 1 0 0 1 0 1 1 0 0 1 0 27
0 0 0 0 1 0 1 1 1 1 1 0 0 1 1 0 0 0 1 1 1 0 0 1 0 0 0 1 1 1 1 1 1 1 1 0 1 0 1 0 1 0 1 0 1 1 0 0 1 1 28
1 0 1 0 1 1 0 1 1 0 1 1 1 0 0 0 1 0 1 1 0 0 1 1 0 1 1 1 0 1 0 1 0 1 0 0 0 0 0 1 1 1 1 1 1 0 0 1 0 1 28
1 0 1 0 1 1 1 0 0 1 0 0 0 0 1 1 1 1 0 0 1 0 1 1 0 0 0 1 0 1 1 1 1 0 1 1 0 0 0 1 1 1 0 1 1 0 0 1 0 0 26
0 1 0 0 1 1 0 1 0 1 1 0 0 0 0 0 1 0 1 0 1 1 0 1 1 0 1 0 1 0 1 0 1 0 0 0 0 1 0 0 1 0 1 0 0 0 1 0 0 0 20
1 1 1 0 1 1 1 0 1 0 1 0 0 1 0 1 1 0 0 0 1 0 1 1 0 0 0 1 1 0 0 1 1 0 1 0 0 0 0 1 0 0 0 0 0 0 1 0 1 1 23
0 1 0 0 1 1 0 1 1 1 0 1 0 0 0 1 0 1 1 0 1 1 0 0 0 1 1 1 1 0 0 1 0 0 0 1 1 0 1 1 1 1 0 0 0 1 1 1 1 0 27
0 0 0 0 0 0 0 0 0 0 0 0 0 0 0 0 0 0 0 0 0 0 0 0 0 0 1 0 0 0 1 0 0 0 0 0 0 0 0 0 0 0 0 0 0 0 0 0 0 0 2
0 0 0 0 0 0 0 0 0 0 0 0 0 0 0 0 0 0 0 0 0 0 0 0 0 0 0 0 0 0 0 0 0 0 0 0 0 1 0 0 0 0 0 0 0 0 0 0 0 0 1
0 0 0 0 0 0 0 0 0 0 0 0 0 0 0 0 0 0 0 0 0 0 0 0 0 0 0 0 0 0 0 0 0 0 0 1 0 0 0 0 0 0 0 0 0 0 0 0 0 0 1
0 0 0 0 0 1 1 1 0 0 1 1 1 1 1 1 0 0 1 0 0 0 0 0 0 1 0 1 0 1 1 1 0 1 0 0 1 1 1 1 0 1 1 0 0 1 0 0 0 0 23
1 0 1 0 0 1 0 1 0 0 0 1 1 1 1 1 1 1 1 0 1 1 0 0 1 1 0 0 1 0 1 0 0 1 1 0 0 1 1 0 0 1 0 1 0 1 1 0 1 0 27
1 1 1 1 1 0 1 0 1 1 0 0 1 0 0 0 0 1 0 1 0 0 1 0 1 1 1 0 1 1 0 1 0 0 1 1 1 1 0 0 0 0 1 0 1 0 1 1 1 1 28
1 1 0 1 0 1 1 0 0 0 1 0 1 1 0 0 0 0 0 1 1 0 0 0 0 0 1 1 0 1 1 0 0 1 1 1 1 0 0 0 1 0 1 1 1 1 1 1 0 0 25
0 1 0 0 1 0 1 0 0 0 0 1 1 0 0 1 1 1 1 0 1 1 1 0 0 0 1 0 1 0 1 1 1 0 0 1 0 1 0 1 1 1 0 0 0 0 1 1 0 1 25
1 1 1 0 0 1 0 1 1 0 1 0 0 1 0 1 1 0 0 1 1 0 0 1 0 0 1 1 1 0 1 0 1 0 0 0 0 0 1 1 0 1 0 0 1 1 1 1 1 0 26
1 0 1 0 0 1 0 0 1 1 1 0 1 1 0 1 0 1 0 1 0 0 1 1 0 0 0 0 1 0 1 0 0 0 1 1 1 1 1 1 1 0 0 0 0 1 0 0 1 0 24
0 0 0 0 1 0 0 1 0 0 0 0 0 0 1 0 1 0 0 1 0 0 1 0 0 0 0 1 0 1 1 1 1 1 1 1 0 1 0 1 1 0 1 0 0 1 0 0 0 1 20
1 0 1 0 1 1 0 1 0 0 0 0 0 0 0 1 0 0 1 1 1 0 1 0 0 1 1 1 1 0 0 1 0 1 0 0 1 1 1 0 0 0 1 1 1 1 1 1 0 0 25
1 0 0 1 1 1 0 0 0 0 0 0 0 1 1 0 1 0 0 0 0 0 1 0 1 1 1 0 1 0 0 1 1 1 1 1 0 0 1 1 0 0 1 0 0 1 1 0 0 1 23
1 0 0 1 1 1 0 1 0 1 0 0 0 1 1 1 1 1 1 1 1 0 1 1 1 1 0 1 1 1 1 1 1 1 0 1 1 1 0 0 1 1 0 1 1 0 0 0 1 1 34
1 0 1 1 0 1 0 1 1 0 0 1 1 1 1 0 0 0 0 0 0 1 1 1 1 0 1 1 1 0 1 1 1 0 1 0 1 1 0 1 1 1 0 0 1 1 0 1 0 0 29
1 1 0 0 0 1 1 0 0 0 1 0 1 1 0 1 1 1 1 0 0 0 0 0 1 1 1 1 0 0 1 0 1 1 0 0 0 1 0 1 0 1 0 0 1 0 0 1 1 1 25
0 1 1 0 1 1 0 0 1 0 1 1 0 1 1 0 1 0 0 1 0 0 0 0 1 0 0 1 1 1 0 1 1 0 1 1 1 1 0 0 0 1 1 0 0 1 1 1 1 1 28
0 0 0 1 1 0 1 0 1 0 1 1 0 0 1 0 0 1 0 0 1 1 0 0 1 0 1 0 1 0 0 0 0 1 1 1 1 1 0 1 1 0 1 0 0 0 1 0 0 0 22
0 1 0 1 1 1 1 1 1 0 1 0 1 1 0 1 1 0 0 1 0 1 1 0 0 1 1 1 0 1 1 0 0 0 1 1 1 0 1 1 1 0 0 1 0 1 1 1 1 1 32
1 0 1 1 0 1 1 1 0 1 0 0 1 0 1 1 0 1 1 0 0 0 1 1 0 1 0 0 0 0 0 0 0 0 0 1 0 1 0 1 0 0 0 0 1 1 1 1 1 1 24
1 0 1 1 0 1 0 1 0 0 1 0 1 0 1 0 0 0 1 1 1 0 0 1 0 0 0 1 1 1 1 1 1 1 0 1 0 0 1 1 1 1 1 0 0 1 0 0 0 0 26
0 1 1 1 1 0 0 0 0 0 0 1 0 1 0 0 0 0 1 0 1 1 1 0 1 1 1 0 1 0 0 0 0 0 1 1 0 0 0 1 0 1 1 0 0 1 0 1 1 1 23
0 0 1 0 1 0 0 1 0 0 0 1 0 1 0 1 1 0 1 0 0 0 0 1 1 0 1 0 1 1 0 1 1 0 1 0 0 0 0 0 1 1 0 0 1 0 1 0 1 0 21
0 1 1 1 1 0 0 0 0 1 1 0 0 0 1 0 0 0 0 1 1 0 0 1 0 1 0 1 1 1 0 1 0 1 0 0 0 0 0 0 0 0 0 1 1 1 1 0 0 0 20
1 0 1 1 0 0 1 1 0 1 1 0 1 0 1 0 0 1 0 0 0 0 0 1 0 1 0 1 1 1 1 1 0 1 0 1 1 1 0 1 1 1 0 0 0 1 1 0 0 1 27
1 1 1 0 0 1 0 0 1 0 1 1 1 1 1 0 1 0 0 1 0 1 0 1 0 0 1 0 1 1 0 0 1 0 1 0 0 1 0 1 0 0 1 0 0 1 1 0 1 0 25
0 0 0 0 1 1 1 0 1 0 1 0 0 0 1 1 0 0 0 1 0 1 1 1 0 1 0 1 0 1 0 0 1 0 0 1 1 1 1 0 0 1 0 1 0 1 0 0 0 1 23
0 1 1 0 1 0 0 1 0 1 0 1 1 0 0 1 1 1 1 1 1 1 0 1 0 1 1 0 1 1 1 1 0 1 0 1 1 0 0 0 1 0 0 0 1 1 0 1 1 0 29
1 0 1 1 1 0 0 1 1 1 0 0 1 0 1 1 0 1 0 1 0 1 0 1 0 1 0 1 1 1 0 1 1 0 0 1 1 0 0 0 0 0 1 0 0 0 1 0 1 0 25
0 1 1 0 1 0 0 1 1 0 0 1 1 1 0 0 0 1 1 1 1 0 0 1 1 1 1 1 0 1 1 1 0 0 0 0 0 0 1 1 0 1 0 1 0 1 1 0 0 1 27
1 0 1 1 1 0 1 1 0 0 1 1 0 0 1 0 1 1 0 1 1 0 0 1 0 0 1 0 1 1 1 0 0 0 1 1 0 1 1 1 1 1 1 0 0 0 1 0 1 0 28
1 0 1 1 0 1 0 1 1 1 0 0 1 0 0 0 0 1 1 1 1 0 0 0 1 1 1 1 1 1 0 0 0 0 0 1 1 0 1 0 0 1 1 1 0 0 1 0 0 1 26
1 0 1 0 0 1 0 1 1 0 1 0 1 0 0 0 0 1 1 0 1 0 1 0 1 0 0 1 1 1 1 0 0 0 0 1 1 1 0 0 0 0 1 0 1 0 0 1 1 0 23
1 0 1 1 1 0 1 0 1 1 0 0 0 0 1 0 0 1 0 1 1 1 1 1 0 1 0 0 1 1 0 1 0 1 0 1 1 1 0 1 0 0 0 1 0 0 0 1 1 1 27
0 0 1 0 1 0 0 0 0 0 0 0 0 1 0 0 0 0 1 1 1 1 1 1 0 1 0 1 1 1 1 1 0 1 1 0 0 1 1 1 1 0 1 1 0 0 0 0 1 1 25
0 1 1 0 1 1 0 0 0 1 1 1 0 0 0 0 0 0 0 1 0 0 1 1 1 1 1 1 1 1 1 1 0 1 1 0 1 1 0 0 1 1 1 1 0 0 1 0 0 1 28
1 0 0 0 1 1 1 1 0 1 1 0 1 1 0 1 1 0 0 0 1 1 1 1 0 0 1 1 0 1 0 1 0 0 1 1 0 0 1 1 1 0 0 0 0 1 0 0 1 0 26
0 1 1 1 1 1 0 1 0 0 1 1 0 1 1 0 0 1 0 1 1 1 0 1 1 0 0 1 1 0 1 0 1 1 1 0 0 1 1 0 1 0 0 1 1 1 1 1 1 1 32
1 0 0 0 1 0 0 1 0 0 0 1 0 0 1 1 1 0 0 0 1 1 0 0 0 0 0 0 0 0 1 0 1 0 1 0 0 1 0 1 0 1 0 1 0 1 0 0 0 0 17
1 1 0 0 1 0 0 0 0 0 0 1 0 1 0 1 0 0 0 1 1 1 1 1 1 0 0 1 0 0 0 0 1 0 0 0 0 1 1 0 1 0 0 1 1 1 0 1 0 0 21
0 1 0 1 0 1 0 1 1 0 1 0 0 1 0 1 1 1 1 1 0 1 1 1 0 0 1 0 1 1 0 1 0 0 1 1 1 1 1 1 1 0 0 1 1 0 0 0 1 0 29
0 0 1 0 1 1 1 0 0 0 1 1 1 0 0 0 1 0 1 0 0 0 1 0 1 0 0 0 0 0 1 1 0 0 0 0 0 1 0 0 0 1 1 1 0 0 1 1 0 0 19
0 1 0 1 0 1 1 1 1 1 1 1 0 1 0 0 0 0 0 0 0 0 0 1 1 1 0 0 0 0 0 0 1 1 0 0 0 1 0 1 0 1 1 1 1 1 0 0 1 0 23
0 0 0 0 0 1 1 1 0 1 0 0 0 0 1 1 0 1 0 1 1 0 1 1 1 1 1 0 1 0 1 1 1 0 1 1 1 1 1 1 1 0 0 1 1 0 0 1 1 1 30
0 0 0 0 1 1 1 1 0 1 0 1 0 1 0 0 1 0 1 0 0 1 0 1 1 0 1 1 0 1 1 1 1 0 1 1 1 0 0 1 0 0 1 1 1 0 1 1 0 0 27
0 0 0 1 1 0 0 0 1 0 1 0 0 0 0 1 0 0 1 0 1 0 0 0 1 1 1 0 1 1 1 1 0 1 0 0 1 1 1 0 0 0 1 0 1 1 0 1 1 0 23
1 0 0 1 0 0 1 1 1 0 0 0 1 1 1 0 1 1 1 1 0 0 1 1 1 1 0 0 1 1 0 0 0 1 1 0 1 1 0 1 0 1 1 1 0 0 1 0 0 1 28
0 1 0 0 1 1 0 1 1 1 0 0 1 1 1 1 0 0 0 0 0 0 0 1 1 1 1 1 1 1 0 1 1 1 1 0 1 1 0 1 0 1 0 0 0 1 0 1 0 0 27
0 1 0 1 0 0 1 1 1 0 0 0 1 0 0 0 0 1 0 0 1 1 1 0 0 1 0 1 1 0 1 0 0 1 0 0 1 0 0 1 0 0 1 1 0 0 1 0 1 1 22
0 1 0 1 1 0 1 1 1 1 0 1 1 0 0 0 0 0 0 0 1 0 0 0 1 0 1 1 1 1 1 0 0 0 0 1 1 1 1 1 1 1 0 1 0 0 1 1 0 0 26
1 1 0 0 0 1 0 0 0 1 1 0 1 0 0 0 0 1 1 1 1 0 0 0 0 1 0 1 0 1 0 1 0 1 0 0 1 0 1 1 1 0 1 1 1 1 1 1 0 1 26
0 0 0 1 1 1 0 0 0 1 1 0 1 0 0 1 0 1 1 0 1 1 1 1 1 0 1 1 1 0 0 1 1 1 1 0 0 0 1 0 1 1 0 0 1 1 0 1 1 1 29
1 0 1 1 1 1 1 1 0 1 0 0 0 0 0 1 1 0 0 0 0 1 0 1 0 0 1 0 1 1 0 0 1 1 1 1 1 0 0 1 0 0 0 0 0 1 1 1 1 0 25
1 0 1 1 1 0 1 1 0 0 0 0 1 1 0 0 0 1 1 1 1 1 0 1 1 1 1 0 1 0 1 1 1 0 0 1 1 0 0 1 0 1 0 0 0 1 1 0 1 1 29
1 1 0 1 1 0 1 0 1 0 1 1 1 1 1 1 1 0 0 1 0 1 0 0 0 0 0 0 1 1 1 1 1 0 0 1 1 0 0 1 0 1 1 0 0 1 0 1 0 1 28
1 0 0 0 1 0 1 0 1 0 1 1 0 1 1 1 1 0 0 1 1 1 1 0 1 1 0 1 0 1 1 1 1 0 0 1 0 1 1 1 1 1 0 1 1 1 1 1 1 1 34
1 0 1 0 0 0 1 0 1 1 0 0 1 0 1 1 1 1 0 1 0 0 0 0 0 1 0 1 1 0 1 1 0 0 1 0 1 1 0 1 1 0 0 1 0 1 0 0 0 1 24
0 1 1 0 1 1 1 0 0 0 1 1 0 0 0 1 0 0 0 0 0 1 0 1 1 0 1 1 1 0 1 0 1 0 1 0 0 1 1 1 1 1 0 1 1 1 1 1 0 0 27
1 1 1 0 1 1 0 0 0 0 0 1 1 0 0 0 1 1 0 0 1 1 1 1 0 0 1 1 1 0 1 0 1 1 1 1 1 1 0 1 0 0 1 1 1 1 0 1 0 1 30
0 0 1 0 0 1 1 1 0 0 0 1 0 0 1 0 1 0 1 1 1 0 1 0 1 0 0 0 1 1 1 1 0 0 1 0 0 1 1 1 0 1 1 1 0 1 1 0 1 0 26
1 1 1 0 1 0 0 0 1 1 1 1 0 0 0 0 0 0 0 0 1 0 1 1 0 1 0 1 1 1 1 0 1 0 0 1 1 1 1 0 1 0 1 0 1 0 1 0 0 1 26
0 0 0 1 0 0 0 1 1 1 1 0 1 1 0 1 0 0 1 1 1 1 1 0 1 1 1 1 0 1 0 0 1 1 0 0 1 0 0 1 0 0 0 0 1 0 1 1 0 1 26
0 0 0 1 0 1 1 0 0 0 1 0 1 0 1 0 0 1 0 0 0 1 1 0 1 0 1 0 0 0 0 0 1 1 1 1 1 1 0 0 0 1 1 0 1 0 1 1 0 0 22
1 1 1 1 1 1 1 0 1 1 1 0 0 1 1 1 1 0 0 1 0 0 0 1 0 0 0 0 0 1 1 0 0 0 1 1 0 0 1 1 0 0 1 1 1 0 0 1 0 1 27
0 1 0 1 0 1 0 1 1 0 0 0 1 0 1 1 1 0 1 0 1 0 1 1 0 0 0 1 0 1 0 1 0 0 1 0 1 0 0 1 1 0 0 1 1 0 0 1 1 0 24
0 1 0 1 1 0 1 1 1 1 0 0 0 1 0 0 0 1 1 0 1 1 0 0 0 1 0 1 0 1 1 0 1 0 1 1 1 1 0 0 0 0 1 1 0 0 1 1 1 0 26
0 0 1 1 0 1 0 1 1 0 1 1 0 1 0 0 0 1 1 1 0 0 0 1 0 0 0 1 0 0 0 0 0 0 1 1 1 0 0 0 0 1 0 1 1 1 0 1 1 1 23
1 1 0 0 1 0 1 0 0 0 0 0 0 0 0 0 1 0 1 0 0 0 1 0 1 1 0 0 1 1 1 1 1 1 1 0 0 0 0 1 1 1 1 1 1 1 0 0 0 0 23
1 1 0 0 0 0 1 1 0 0 1 0 0 0 0 1 1 1 0 1 1 1 1 1 0 0 1 0 1 0 0 0 0 0 1 0 0 0 1 0 0 1 1 1 0 1 0 0 0 1 22
1 0 0 0 0 0 1 1 1 1 0 1 0 1 0 1 1 0 0 1 0 0 1 1 0 1 0 0 1 1 1 0 0 1 1 0 1 1 0 0 0 1 1 0 1 0 1 0 0 0 24
1 0 1 1 1 1 0 0 1 1 0 0 1 0 0 1 0 1 0 1 0 1 1 1 1 0 1 0 0 1 0 0 1 1 1 0 0 1 0 0 1 0 0 1 1 1 0 0 0 1 26
0 1 1 1 1 1 1 1 1 0 0 1 1 1 1 0 1 1 1 1 0 0 1 1 0 1 1 0 0 1 1 1 0 1 0 0 0 1 1 1 0 0 0 1 0 1 1 1 0 0 31
0 0 0 1 0 1 0 0 1 0 1 1 0 0 1 0 0 0 0 1 1 0 0 1 0 1 0 1 0 0 1 0 1 1 0 1 1 1 0 0 1 1 1 0 1 1 1 0 0 0 23
0 1 0 0 0 0 1 0 0 0 1 1 0 1 0 0 0 1 1 1 1 0 0 0 0 1 0 1 0 1 0 1 0 1 0 0 1 1 1 0 1 0 0 1 0 0 0 0 0 0 19
0 0 0 0 0 1 1 0 0 0 1 0 1 1 0 1 1 1 0 1 1 0 0 0 1 1 0 0 1 0 0 1 1 0 0 1 1 1 0 1 0 1 1 0 0 1 1 0 1 1 25
1 1 1 0 1 1 0 0 1 1 1 1 0 0 0 1 1 0 0 1 0 1 1 1 1 0 1 0 1 0 1 1 1 1 0 1 0 0 1 0 1 0 0 0 0 0 0 1 0 0 26
1 0 0 0 1 1 1 0 0 0 0 0 0 0 1 1 1 0 1 0 0 0 0 1 1 1 0 1 0 1 1 1 1 1 1 1 1 1 1 0 1 1 0 0 0 0 1 0 1 1 27
0 0 1 0 1 0 0 0 0 0 0 0 1 1 0 1 1 0 1 0 1 1 1 0 0 1 1 0 1 0 1 0 1 1 1 0 0 1 0 1 1 1 0 1 0 0 0 1 1 1 25
1 1 1 0 0 0 1 0 1 0 0 0 0 0 0 0 1 1 1 0 1 1 1 0 0 0 0 0 0 1 0 0 1 1 1 1 1 1 0 0 0 1 0 1 1 0 0 1 0 1 23
1 0 1 1 0 1 1 1 1 1 0 1 1 0 0 0 1 1 1 0 1 0 1 1 0 1 1 0 1 1 1 1 0 0 0 1 0 0 1 1 1 0 1 1 0 1 1 1 1 0 32
1 1 0 1 0 0 0 1 1 1 1 1 0 0 0 1 0 0 1 1 1 1 0 0 1 1 0 0 0 0 0 1 1 0 1 0 0 1 0 0 1 0 0 0 1 1 0 0 1 1 24
1 0 1 0 0 0 0 0 0 0 1 1 0 0 1 0 0 0 1 0 1 1 1 0 1 1 1 1 0 0 1 0 0 0 1 0 1 0 1 1 1 0 0 1 0 1 1 1 1 0 24
1 0 1 0 1 0 0 0 0 0 1 1 1 0 1 1 0 0 1 1 1 0 0 0 1 1 1 0 1 1 0 0 0 0 1 1 0 0 1 1 1 1 0 0 0 1 0 0 0 1 24
1 0 1 0 1 1 0 1 1 0 1 0 1 1 0 0 0 0 0 0 0 1 1 1 1 0 0 1 1 1 0 0 1 0 0 0 0 1 1 0 1 1 0 1 1 0 1 1 0 1 26
0 0 0 1 0 1 1 0 1 0 1 1 1 0 0 1 0 0 0 1 0 0 0 1 0 1 0 0 0 0 0 0 0 1 0 0 1 0 0 0 1 1 1 0 0 0 1 0 0 1 18
1 1 0 0 1 0 0 1 0 1 0 0 0 1 0 0 0 1 1 1 1 0 1 1 0 1 1 0 0 0 1 0 1 0 1 0 0 0 0 1 0 0 1 1 0 1 0 1 1 1 24
1 0 0 1 1 0 0 0 0 0 1 1 0 0 0 1 0 1 1 0 1 0 0 1 1 0 1 0 0 0 1 0 0 1 1 1 1 0 0 1 0 0 1 0 0 1 0 0 0 1 21
0 1 1 1 0 1 1 1 1 0 1 1 0 0 1 1 1 1 1 0 0 1 0 1 0 1 1 0 0 0 1 1 0 1 1 1 1 0 0 0 0 0 1 1 1 0 0 0 0 0 27
1 0 1 0 1 0 1 0 1 1 0 0 0 1 1 1 0 1 1 0 1 0 0 0 1 1 0 0 1 0 1 1 0 0 1 1 1 1 0 0 1 1 0 0 1 1 1 1 0 0 27
0 0 1 1 1 1 1 0 0 0 1 0 0 0 0 0 0 1 0 1 1 1 0 0 1 0 1 1 0 1 0 0 1 0 0 0 1 0 0 1 0 1 0 1 1 0 1 0 1 0 22
0 1 1 1 0 1 0 1 1 0 1 0 0 1 0 1 0 0 0 0 0 1 1 1 0 0 1 1 1 0 0 1 0 1 1 1 1 0 1 0 1 0 1 0 1 1 1 0 0 1 27
0 1 1 1 1 0 0 0 0 0 1 0 0 0 1 0 1 1 1 1 1 0 0 1 0 1 1 0 0 1 1 1 1 0 1 1 1 0 0 0 0 0 0 0 1 1 1 0 0 1 25
0 0 0 1 1 0 0 1 0 0 0 1 1 1 0 0 1 1 1 0 1 0 1 0 1 1 0 0 0 0 0 1 0 0 1 0 1 1 0 0 0 0 1 1 1 0 0 1 0 1 22
0 1 0 0 0 1 1 0 0 0 0 0 0 0 1 0 1 0 0 1 0 0 0 0 0 0 1 1 1 0 0 0 1 1 0 0 1 0 1 0 1 1 0 1 1 1 0 1 0 1 20
0 0 0 0 1 0 1 1 0 1 0 0 1 1 0 1 1 1 0 0 1 0 0 1 1 0 1 0 1 0 1 0 1 1 0 0 0 1 1 1 0 1 1 1 1 0 0 0 1 0 25
1 1 1 0 1 0 0 1 1 0 1 0 1 0 0 1 1 0 0 1 0 0 0 1 0 0 1 1 1 0 1 1 0 0 0 1 1 1 0 0 0 1 0 1 1 1 0 0 1 1 26
0 1 0 1 1 1 0 0 0 0 1 1 1 0 1 0 1 0 1 1 0 0 1 0 1 0 0 0 1 0 0 0 1 1 0 1 0 0 0 0 1 0 0 0 0 1 1 0 1 0 21
0 0 0 1 0 0 1 1 1 1 0 1 1 1 0 0 0 1 0 0 0 0 0 0 1 0 1 1 1 0 0 1 0 0 0 1 1 1 0 0 1 1 1 1 0 1 0 1 1 0 24
1 0 1 0 1 1 1 1 1 0 1 1 0 1 1 0 1 0 0 1 1 0 1 0 1 1 1 0 1 1 0 0 1 1 1 0 0 1 0 1 0 1 0 0 0 1 1 1 1 1 31
0 1 1 0 1 0 0 0 1 1 1 0 0 0 0 1 1 1 1 1 1 1 1 1 1 0 1 0 1 1 0 1 1 1 1 0 0 0 1 0 1 1 0 1 1 1 0 1 1 1 32
1 1 1 1 1 1 1 0 0 0 0 0 1 1 0 1 1 0 0 1 0 0 0 1 0 0 0 1 1 0 0 0 1 1 1 1 1 1 1 1 1 1 1 1 1 0 0 0 0 0 28
1 0 0 1 1 1 0 0 0 1 0 1 1 0 1 0 1 0 1 0 1 1 0 0 0 1 1 0 0 0 0 1 1 1 0 0 1 1 0 0 0 1 1 0 1 0 1 0 0 0 23
0 1 1 1 1 1 0 1 0 1 0 1 0 0 1 1 0 1 1 1 1 0 1 0 0 1 0 0 1 0 0 1 0 0 0 1 0 1 0 1 1 0 0 1 1 0 0 1 1 1 27
1 0 0 0 0 0 0 1 0 0 0 0 1 1 0 1 1 1 0 0 1 1 1 1 1 0 1 0 0 1 0 1 0 0 1 0 1 1 0 0 1 1 0 0 0 1 1 1 1 1 25
1 0 1 0 0 1 0 1 0 1 0 0 0 1 1 1 0 0 0 1 0 0 1 0 1 0 0 0 0 0 1 0 0 0 1 0 1 1 1 0 1 1 1 0 0 1 0 0 1 0 21
1 0 0 0 0 0 1 1 1 0 1 0 0 0 0 1 1 0 0 0 1 0 1 1 1 1 0 1 0 0 0 1 1 1 0 1 0 1 0 0 1 0 0 0 0 1 1 1 0 1 23
0 0 1 1 0 1 0 1 0 1 1 1 1 1 0 0 0 0 1 1 1 0 0 1 0 0 0 0 0 1 0 1 0 1 0 0 1 0 0 1 1 0 0 1 0 1 1 1 0 1 24
0 0 0 1 1 1 1 1 1 1 1 0 1 1 1 1 1 0 0 1 1 1 0 1 1 1 1 0 0 0 1 1 1 1 1 0 1 0 1 1 1 0 0 0 0 0 1 0 1 0 31
1 0 0 0 0 0 1 0 1 0 1 1 0 0 0 0 1 0 0 0 1 0 1 1 0 0 0 0 1 1 0 0 0 0 0 1 0 0 1 0 0 1 1 0 0 0 0 1 0 0 16
1 1 0 0 1 1 0 1 1 0 0 0 0 0 1 1 0 1 1 0 0 0 0 1 0 1 1 1 0 0 1 0 0 0 0 1 0 1 1 0 1 0 0 1 0 0 1 1 0 0 22
1 1 1 0 0 0 1 1 0 0 0 1 0 0 0 0 1 1 0 0 1 0 0 0 1 0 0 1 0 1 0 0 1 1 0 1 0 0 1 0 1 1 0 0 1 0 0 0 0 0 19
1 0 1 0 1 1 1 1 0 0 1 1 1 0 0 0 1 1 0 1 0 1 0 1 0 1 0 1 1 1 1 1 0 1 1 1 0 1 1 0 0 1 1 1 0 0 0 0 0 1 29
0 0 1 1 1 0 1 0 0 0 1 1 0 0 0 0 1 0 1 1 1 0 0 1 1 0 1 0 0 0 0 1 1 0 0 0 1 0 1 1 1 1 1 0 1 1 0 0 1 0 24
1 1 1 1 1 0 1 0 0 0 1 1 0 0 1 1 1 1 0 1 0 1 0 0 1 0 1 1 0 1 1 0 0 0 0 1 1 0 1 1 1 0 0 1 1 0 1 1 0 0 28
0 1 0 0 1 1 0 0 0 1 0 0 1 1 1 1 1 1 1 0 1 1 0 1 1 1 1 1 1 0 0 0 1 0 1 1 0 1 0 0 0 0 0 1 1 1 1 1 1 1 30
0 1 1 0 0 1 1 0 1 0 1 0 0 1 0 0 0 1 0 1 0 1 1 0 1 0 1 1 1 0 0 1 1 0 0 1 1 0 0 0 1 0 0 1 0 1 1 1 0 1 25
1 1 0 0 0 0 0 1 1 0 0 1 1 1 1 1 1 0 1 1 0 0 1 0 1 1 1 1 0 1 0 1 0 1 1 1 0 0 0 0 0 0 0 1 0 0 1 1 0 0 25
0 1 1 0 1 1 1 0 0 0 1 1 1 0 1 1 0 0 1 0 1 1 1 0 0 0 0 0 1 1 1 0 1 1 1 0 0 0 1 1 0 1 0 0 1 1 1 0 1 0 27
1 0 1 0 1 0 1 0 1 1 1 0 0 0 0 1 1 0 1 1 0 0 1 0 1 1 1 1 0 1 1 1 0 1 1 1 1 1 1 1 0 0 1 1 1 1 1 0 1 0 32
1 0 0 1 0 1 1 0 0 1 1 1 1 0 0 1 1 0 1 1 0 0 1 0 0 1 1 0 1 0 1 0 0 0 1 1 0 0 0 0 0 0 1 1 0 1 1 0 1 1 25
1 0 1 0 1 0 0 0 0 1 1 1 1 0 1 1 1 1 1 0 1 1 0 1 0 0 1 1 1 1 0 1 0 0 1 1 1 1 0 0 0 1 0 1 1 0 0 0 1 1 29
1 1 1 0 1 0 0 1 0 0 0 0 1 0 0 0 1 0 0 1 1 0 0 0 1 0 1 0 0 1 0 0 1 0 1 1 1 0 0 0 0 1 0 0 0 0 0 1 0 0 18
0 0 1 1 1 1 1 0 1 1 0 1 1 0 1 1 0 1 0 1 1 0 1 1 0 1 1 0 1 0 0 0 0 1 0 0 1 0 0 0 0 1 0 0 0 0 0 0 0 1 23
1 0 1 0 0 0 1 1 1 0 1 0 0 0 0 1 0 1 1 0 0 0 1 1 0 0 0 1 1 1 1 1 1 0 1 1 1 0 1 1 1 0 1 0 0 1 0 1 1 0 27
0 0 0 1 1 0 1 1 1 0 1 1 1 1 0 0 1 1 1 0 1 1 1 1 0 1 0 0 1 1 0 1 1 0 0 1 1 1 1 0 0 1 0 0 0 1 1 1 0 0 29
1 0 0 0 0 0 1 0 1 1 0 0 1 1 0 0 1 1 1 1 0 0 1 1 0 1 0 1 1 0 1 0 0 1 0 1 0 0 1 0 0 1 1 1 1 1 0 1 1 0 26
0 1 0 1 1 0 0 1 1 0 1 0 0 1 1 1 0 1 1 0 0 1 0 1 1 1 1 1 0 0 0 1 0 0 1 1 0 1 1 1 1 1 1 1 1 1 1 1 1 0 32
0 1 0 0 0 1 0 1 0 0 0 1 1 0 1 1 0 0 1 0 0 1 0 0 0 0 1 1 0 0 0 1 0 1 0 1 0 1 1 0 0 1 1 1 0 1 1 1 0 0 22
0 0 0 0 1 0 0 0 0 0 1 0 0 0 1 0 1 0 0 0 0 0 0 0 0 1 0 0 1 0 0 1 1 0 1 0 1 1 1 1 0 0 1 0 1 1 0 1 0 1 18
0 1 0 0 1 1 0 0 1 0 0 0 0 1 1 1 0 1 0 1 1 1 0 0 1 0 1 0 0 1 1 0 0 0 0 1 0 1 1 0 0 1 0 0 0 0 0 0 1 0 20
1 1 1 0 0 0 0 1 1 1 1 0 1 0 0 1 0 1 1 1 1 1 1 0 1 1 1 1 1 0 0 1 0 0 0 0 1 1 0 1 0 0 1 1 0 0 1 0 0 1 28
1 0 0 0 0 0 1 0 1 1 1 0 1 0 0 1 0 0 0 0 0 1 0 0 0 1 0 1 0 0 0 0 0 1 1 1 1 0 0 1 0 1 1 0 0 1 0 0 1 1 20
1 1 1 0 1 0 1 1 0 0 1 1 1 1 1 0 0 1 0 1 1 1 1 0 1 0 1 0 0 1 1 1 1 1 1 0 0 1 0 1 0 0 1 1 1 1 0 0 1 0 31
1 0 1 0 1 1 0 0 1 0 1 0 0 0 0 0 0 1 1 0 0 0 0 0 1 1 1 1 0 1 1 0 0 1 0 1 0 0 0 0 0 0 0 0 1 0 0 0 0 1 18
1 0 1 0 1 1 1 1 1 1 1 0 1 0 1 0 1 0 1 1 0 0 1 1 1 1 0 0 0 0 1 1 0 1 0 0 0 1 1 0 0 0 1 1 1 0 0 1 0 0 27
1 0 0 1 1 1 0 1 1 1 1 1 1 0 1 1 0 1 1 1 0 0 1 1 1 1 0 1 1 1 1 1 1 1 1 0 1 1 1 0 0 0 1 1 1 0 1 1 1 1 37
0 0 0 1 1 0 1 0 0 0 0 0 1 0 1 1 1 0 0 0 1 1 1 1 0 0 1 0 1 1 1 0 0 1 0 0 0 0 1 1 1 0 0 1 1 0 1 1 1 0 24
1 1 0 0 1 0 0 1 0 0 0 0 1 1 0 1 0 1 0 0 1 0 0 1 0 1 1 1 1 0 1 0 1 1 1 1 1 1 0 1 1 0 1 0 1 0 0 1 1 0 27
1 1 0 0 1 1 0 0 1 1 1 1 1 1 1 0 1 0 0 0 0 1 0 0 0 0 1 0 1 0 0 0 0 1 1 0 0 0 1 1 1 1 0 0 1 1 1 0 0 1 25
0 0 0 0 1 0 0 1 0 1 0 1 1 0 0 0 1 1 0 0 0 0 0 0 0 1 0 1 1 0 1 1 0 0 0 1 0 0 1 0 0 1 1 0 1 0 0 0 1 1 19
0 1 1 1 0 0 1 0 0 0 0 1 1 1 0 0 1 0 1 1 0 0 0 0 0 0 1 0 1 0 0 1 1 1 1 1 1 1 1 0 0 1 1 1 1 1 1 1 1 0 28
0 0 0 0 0 0 1 0 1 0 1 0 0 1 1 1 1 0 1 1 1 1 1 1 1 0 0 1 1 1 0 1 0 1 1 1 0 0 0 0 0 1 1 0 0 0 0 0 0 0 23
0 0 1 1 0 0 1 1 0 1 1 0 0 0 0 0 1 1 1 0 1 1 0 1 0 1 0 0 1 1 1 1 1 1 0 0 1 1 1 0 1 1 1 0 0 1 1 0 1 1 29
1 0 1 1 1 1 1 0 1 0 0 0 0 1 0 1 0 1 1 1 0 0 1 0 0 1 0 1 1 0 1 0 1 0 1 0 0 1 1 1 0 1 0 0 1 0 1 0 0 0 25
1 1 0 1 0 0 1 1 0 0 1 0 1 0 1 0 0 0 0 1 1 0 1 0 1 0 1 1 0 1 1 1 0 1 0 0 1 1 1 1 0 0 1 1 0 1 0 0 0 0 25
1 1 1 0 0 1 1 0 1 0 1 0 1 0 0 1 1 1 0 0 0 1 1 0 1 0 0 0 0 0 1 0 1 1 0 1 1 0 1 1 1 1 1 0 1 0 1 0 1 0 27
0 1 0 0 1 0 1 1 0 0 1 0 0 0 0 1 0 0 0 0 0 0 1 0 1 1 0 0 1 0 0 1 0 1 0 0 0 0 1 0 0 1 1 1 0 1 0 0 1 0 18
0 0 1 1 1 1 1 0 0 0 1 0 1 1 1 0 1 0 1 0 0 0 0 1 1 1 0 0 1 1 0 1 1 0 1 1 1 1 1 1 0 1 0 1 1 0 0 0 1 0 28
1 1 1 0 0 1 0 1 0 0 1 0 1 1 0 1 1 0 0 0 1 1 1 0 0 0 1 0 0 1 1 1 1 1 0 1 0 1 0 0 0 0 1 1 0 0 1 0 1 1 26
1 1 0 0 1 1 1 0 0 0 1 0 0 1 0 0 0 0 1 0 1 1 0 1 1 1 0 1 1 0 0 1 1 1 0 1 0 0 1 0 1 0 0 0 0 0 0 1 0 1 23
1 0 1 0 1 1 1 0 0 1 1 0 1 0 1 1 0 1 0 1 0 0 0 1 0 1 1 1 0 1 0 1 1 0 0 1 0 1 1 0 0 1 0 1 0 1 0 1 0 0 26
0 1 0 0 0 0 1 1 1 0 1 0 1 0 0 0 0 0 1 0 0 1 1 0 0 1 1 1 1 0 1 1 1 1 1 1 0 1 1 1 0 0 0 0 0 0 0 1 0 1 24
1 0 0 1 0 0 1 0 1 0 0 1 0 0 1 1 1 1 1 1 1 0 1 1 0 0 0 1 0 1 1 1 1 0 1 1 0 1 0 1 1 0 1 1 1 1 1 0 1 1 31
1 0 0 1 1 0 0 0 1 0 1 1 1 1 1 0 1 1 1 0 1 0 1 0 1 0 1 0 1 0 0 1 0 1 1 1 1 1 0 1 0 1 0 1 0 0 0 1 0 0 27
0 0 0 0 1 1 0 0 1 1 1 0 0 0 1 1 0 1 0 1 1 1 1 0 0 1 0 0 1 0 1 1 1 0 0 1 0 0 1 1 0 1 0 1 0 0 0 0 1 1 24
1 1 0 0 1 0 1 1 1 1 1 1 1 1 0 1 1 0 0 0 0 1 1 1 0 0 1 0 0 1 0 1 0 1 0 1 1 0 1 0 0 0 0 1 0 0 0 0 0 0 24
0 1 0 1 0 1 0 1 0 1 0 0 0 0 1 1 0 1 1 1 1 0 1 1 0 1 0 1 1 0 0 0 1 1 1 1 0 1 1 1 1 1 1 0 0 0 1 1 1 1 30
0 1 0 0 0 0 0 0 1 0 0 0 1 1 0 1 1 0 0 0 0 1 0 1 1 0 0 1 1 0 0 1 0 0 1 1 0 1 0 0 1 1 0 0 1 0 0 1 0 0 19
0 0 1 1 0 1 0 0 0 1 0 1 1 0 1 1 1 1 1 0 1 1 0 1 0 0 1 1 1 0 0 1 0 1 0 1 0 1 1 0 0 1 1 1 1 0 0 0 0 0 26
1 0 0 0 0 1 0 0 0 1 1 1 0 1 1 1 1 0 0 0 0 1 1 0 1 0 1 1 0 0 0 0 0 0 1 0 1 1 1 0 1 1 0 1 1 0 0 1 1 0 24
1 0 0 0 0 1 1 1 1 1 1 0 1 0 0 1 0 0 0 0 1 1 1 0 1 1 1 1 1 1 1 0 0 0 1 1 0 0 0 0 1 0 0 0 0 0 0 1 0 1 24
0 1 0 0 1 0 1 0 1 0 1 1 1 1 1 0 1 0 0 1 1 1 1 1 0 0 0 0 1 1 0 0 1 0 0 1 0 0 0 1 1 1 0 0 1 0 0 1 0 0 24
0 0 0 1 1 1 1 0 0 0 0 1 0 1 0 1 1 1 1 1 1 0 0 0 1 0 0 0 0 1 1 1 0 0 1 0 0 1 1 1 0 1 0 0 0 1 1 1 0 0 24
1 0 1 0 0 0 0 0 0 0 0 0 1 1 0 0 0 0 1 0 0 1 1 0 0 0 1 1 0 0 0 0 1 1 1 0 1 0 0 0 1 0 1 0 0 0 0 0 0 0 15
1 0 0 0 0 1 1 0 1 1 0 0 0 1 1 0 1 1 1 0 1 0 0 0 0 1 1 0 1 0 1 1 1 1 1 0 0 0 1 0 1 0 0 1 0 1 0 1 0 1 25
1 1 0 1 0 0 1 1 1 1 0 0 1 1 0 0 0 1 1 1 0 1 0 1 0 0 0 0 0 0 1 1 0 0 0 1 0 0 1 1 1 1 0 0 0 1 0 0 0 0 22
1 0 0 0 1 0 1 1 0 0 0 1 1 1 0 1 1 1 1 0 0 0 1 0 0 1 0 1 0 0 1 1 1 1 1 1 0 0 1 1 1 1 0 0 1 0 1 0 1 0 27
0 0 1 0 1 1 0 0 0 1 0 1 0 0 0 1 0 0 0 1 1 0 0 0 1 0 1 1 1 1 0 1 1 0 1 1 0 0 1 1 0 0 1 1 1 1 0 0 0 0 23
0 1 0 0 0 1 1 1 0 0 0 0 1 0 1 0 0 0 1 0 1 0 1 0 1 1 0 1 0 0 0 1 1 0 0 0 0 1 1 0 0 1 1 1 1 1 0 0 1 1 23
0 0 1 1 0 1 0 1 1 0 1 1 1 0 0 0 0 0 1 0 1 1 0 0 0 1 1 1 0 1 1 1 1 1 0 0 0 1 0 1 1 1 1 1 1 1 1 0 0 0 28
0 1 1 1 0 0 0 1 1 1 0 0 0 0 1 1 1 0 1 0 0 0 0 1 1 1 0 0 0 1 1 1 1 1 0 0 0 0 0 1 1 0 0 1 1 1 0 0 1 1 25
0 0 0 0 1 0 1 0 0 0 1 0 0 1 0 1 1 1 1 0 0 1 1 0 1 1 1 1 0 1 0 1 0 1 0 1 1 1 0 0 0 0 0 0 1 0 0 0 0 0 21
0 1 0 0 0 0 1 0 0 1 1 0 0 0 1 0 1 1 1 0 0 0 0 0 0 1 1 0 0 1 1 1 0 1 0 1 0 1 1 0 0 0 1 0 0 0 1 0 0 1 20
0 1 0 0 1 0 0 1 1 0 0 0 0 1 0 0 0 0 1 1 1 1 0 0 0 1 0 1 0 0 0 1 0 1 1 1 0 1 1 1 1 1 1 0 1 0 1 1 1 0 25
0 1 0 1 0 0 1 1 0 1 0 0 1 1 1 0 0 1 0 0 0 1 0 0 0 0 0 1 0 0 1 1 1 0 0 0 1 0 1 1 0 0 1 1 0 1 0 1 0 1 22
1 1 1 1 0 0 1 1 1 0 0 0 0 1 1 1 1 0 0 1 1 0 1 0 0 1 1 1 1 0 1 0 1 1 1 0 0 0 1 0 0 0 1 0 0 1 1 0 0 1 27
0 0 1 1 1 0 0 1 0 1 0 0 0 0 0 0 1 1 1 0 0 1 1 1 1 1 0 0 1 1 0 1 1 1 0 1 0 0 1 0 1 1 0 1 0 1 1 1 0 0 26
1 0 1 0 1 1 0 0 0 1 1 0 0 0 1 0 0 1 0 0 0 0 0 1 0 0 0 0 1 0 0 1 0 1 1 1 1 1 0 1 0 0 0 1 0 0 0 0 1 1 20
0 0 0 0 0 0 0 1 0 0 1 0 1 1 0 1 1 0 1 0 0 1 1 1 0 1 1 1 1 1 1 1 0 0 1 0 1 1 1 0 1 1 1 1 1 1 1 0 1 0 29
0 0 0 0 0 1 1 1 1 0 1 0 1 0 1 1 0 0 0 0 1 1 0 0 1 1 0 0 0 1 1 1 0 0 1 1 1 0 1 1 1 0 1 0 0 0 0 1 0 0 23
1 1 1 0 1 1 1 0 0 0 0 0 1 0 1 0 0 1 1 0 0 0 0 0 0 0 0 1 0 1 1 0 0 1 1 1 1 0 1 1 1 0 1 1 0 1 1 0 0 0 24
1 0 1 1 0 1 1 0 0 1 1 0 1 1 1 0 0 1 0 0 1 0 1 1 1 0 1 0 1 0 0 1 1 0 0 1 0 1 0 0 1 0 1 1 0 1 0 1 1 0 27
0 1 1 0 0 1 1 0 0 1 0 1 1 0 0 0 1 0 0 0 1 1 1 1 0 0 1 0 1 0 0 0 0 1 1 1 0 0 1 0 1 1 0 1 1 1 0 0 0 1 24
0 0 0 1 0 0 0 1 0 1 0 0 0 0 0 0 0 1 0 1 1 0 0 1 1 0 1 0 1 1 0 1 0 0 0 1 0 0 1 1 0 1 1 1 1 0 0 1 0 0 20
1 0 0 1 1 1 1 1 0 0 1 1 0 1 1 1 1 0 0 1 1 1 1 1 0 1 1 1 0 1 1 0 0 1 0 1 1 1 1 1 1 0 1 0 0 1 1 0 1 1 34
0 0 0 1 1 1 0 0 1 0 0 1 1 1 0 1 0 1 1 1 0 0 1 0 0 0 0 1 1 0 1 1 1 1 1 1 0 1 0 1 0 0 1 1 1 0 0 1 0 1 27
1 0 1 1 1 0 1 1 0 1 0 0 0 1 0 0 0 0 1 1 0 1 0 0 0 0 0 0 0 1 1 1 1 1 0 1 1 0 0 0 0 0 1 1 0 1 1 0 1 0 23
0 1 0 1 0 1 0 1 0 1 0 0 0 1 1 1 0 0 0 1 1 1 1 1 0 1 0 1 1 0 1 1 0 1 0 1 0 0 0 1 0 1 1 1 0 0 1 0 1 1 27
0 0 1 1 1 1 1 1 0 1 0 0 0 1 0 0 1 1 1 0 1 0 1 1 1 0 0 1 1 0 0 0 0 1 0 1 0 0 1 0 0 0 0 1 0 1 0 0 1 1 24
0 0 0 0 1 1 1 1 1 1 0 0 0 1 0 0 0 1 1 0 1 1 0 1 1 1 0 0 0 1 1 0 0 1 0 0 0 1 0 0 1 1 0 0 1 0 0 0 0 1 22
0 0 1 1 1 0 1 1 1 1 0 0 1 0 1 0 1 1 0 0 1 1 0 1 0 1 1 1 0 0 1 1 1 1 1 1 0 0 1 1 0 1 0 1 0 0 1 0 1 1 30
0 1 1 1 0 1 1 1 0 0 1 0 0 0 1 1 0 0 0 1 0 1 0 0 1 0 0 0 0 1 0 0 1 1 1 1 0 0 0 0 0 0 0 0 1 1 1 0 1 0 21
1 1 0 0 1 0 1 0 1 1 1 1 0 0 1 0 0 1 0 0 0 1 0 0 1 0 1 0 0 0 0 0 1 1 1 1 1 1 1 0 1 1 0 1 0 1 0 0 0 0 24
1 0 1 1 1 1 1 1 1 1 0 1 0 0 0 0 0 0 1 0 0 0 1 1 0 1 0 0 0 0 0 0 1 0 1 1 1 1 1 1 0 0 1 0 1 1 1 0 0 1 26
0 0 1 1 1 1 1 1 1 0 0 1 1 1 0 1 1 0 0 0 1 1 1 1 1 0 1 1 0 1 0 1 1 0 1 0 1 1 1 1 0 1 0 0 1 0 1 0 0 1 31
0 0 0 1 1 0 1 1 0 0 1 0 1 1 0 1 0 1 0 1 1 0 0 1 1 1 0 0 0 0 0 1 1 1 1 1 1 1 0 0 0 0 0 0 0 1 0 1 1 0 24
1 1 1 1 0 1 0 1 0 1 0 0 0 0 1 0 1 1 1 1 0 1 1 1 0 1 1 0 1 1 1 0 1 1 0 0 0 0 0 0 0 0 1 0 1 0 0 0 1 0 25
0 1 0 1 0 1 0 0 0 1 1 1 0 1 0 0 1 1 1 0 1 0 1 1 1 1 1 1 1 0 1 1 0 1 0 0 0 1 1 0 0 0 0 1 1 0 0 1 0 0 26
1 1 1 0 0 0 0 1 0 1 0 0 0 1 1 1 0 0 0 1 0 1 1 0 0 0 1 0 0 1 0 0 1 0 1 0 1 1 1 1 0 1 0 1 0 1 0 1 0 1 24
0 0 1 1 0 0 1 1 0 0 0 0 1 0 1 1 0 0 0 0 1 1 0 1 0 0 0 1 1 1 0 0 0 1 1 0 1 1 1 0 1 1 0 0 1 0 0 0 0 0 21
0 0 1 0 1 1 1 1 0 0 0 1 0 0 1 1 0 1 0 1 0 0 0 0 0 1 0 0 1 0 1 1 1 0 0 1 1 0 1 1 1 1 1 0 0 0 0 0 1 1 24
1 1 1 0 1 1 0 1 0 0 0 0 0 0 1 1 1 0 1 1 0 1 0 1 1 0 0 0 0 1 1 1 0 1 1 0 1 1 1 1 1 1 0 1 0 0 0 1 0 0 27
1 0 1 0 1 1 0 0 0 0 1 1 0 0 0 1 0 0 1 1 0 1 1 1 0 1 0 1 1 0 1 1 0 0 1 0 0 1 1 0 1 0 0 1 0 1 1 1 1 0 26
0 0 1 0 1 1 1 1 1 1 0 0 1 1 0 0 1 1 0 1 1 0 0 0 0 0 0 0 0 1 0 0 0 0 1 0 1 1 0 1 1 0 1 0 1 0 1 0 1 1 24
0 0 1 0 1 1 0 0 0 1 0 1 0 0 1 1 1 0 0 1 1 0 1 0 1 0 0 0 1 1 1 1 1 0 1 1 1 0 0 1 0 1 1 1 0 0 0 0 1 1 26
1 1 1 0 0 0 1 0 0 0 1 0 0 1 1 0 1 1 0 0 0 0 1 0 1 1 0 0 1 0 1 1 1 1 0 0 0 0 1 1 1 0 0 0 0 1 0 1 0 1 23
1 1 1 0 1 1 1 1 0 0 1 1 0 0 0 0 0 1 1 1 1 0 0 1 0 1 0 1 0 1 0 1 0 0 0 0 1 0 0 0 0 1 0 0 1 1 0 0 0 0 22
1 0 1 1 0 0 1 1 0 1 1 0 1 0 1 0 0 1 0 1 0 1 1 1 0 0 1 1 0 1 1 1 0 1 0 0 0 0 0 0 1 0 1 1 1 0 1 1 0 0 26
1 1 1 1 0 0 0 0 0 1 0 1 0 0 0 0 1 0 1 1 0 0 1 1 1 1 1 0 1 0 0 1 0 1 1 1 1 1 1 1 1 0 0 0 0 1 1 1 1 0 28
0 1 1 0 1 1 0 0 1 1 1 0 0 0 1 0 1 0 0 0 0 1 0 0 1 1 1 0 1 0 0 0 1 0 1 1 1 1 0 1 0 0 0 1 0 0 0 1 1 0 23
1 1 0 1 1 0 1 1 1 0 0 0 0 0 1 0 0 1 1 0 1 0 1 0 0 0 0 1 0 0 0 1 1 0 0 1 1 0 0 0 1 0 0 1 1 0 0 0 0 1 21
1 1 0 1 0 1 1 1 0 1 1 1 1 0 1 1 1 0 0 0 0 0 0 1 0 1 0 0 1 1 0 0 1 0 0 1 0 0 1 1 0 0 0 1 1 0 1 1 1 0 26
1 1 1 1 0 0 0 0 1 1 0 0 0 1 0 1 1 1 0 0 1 0 1 1 1 0 0 1 1 0 0 0 0 0 0 1 0 0 1 1 0 1 1 1 1 1 0 1 0 0 25
0 1 0 0 1 1 1 0 0 1 0 1 1 1 1 1 0 0 0 0 1 1 1 0 0 1 1 0 1 0 0 1 1 1 1 0 1 1 1 0 1 0 0 1 1 1 1 1 1 1 31
0 1 1 1 1 1 1 1 0 1 1 1 1 1 1 1 0 0 0 1 1 1 1 0 1 1 0 1 0 1 1 0 1 0 1 0 1 0 0 1 0 1 1 1 0 1 1 0 0 1 33
1 1 1 0 0 1 0 0 0 0 1 1 0 0 0 0 1 0 1 1 1 1 0 1 0 0 1 0 1 0 0 0 0 0 0 1 1 0 0 1 1 0 1 0 0 1 0 0 1 0 21
1 0 0 1 1 1 0 0 1 0 0 0 0 0 1 1 1 0 0 1 1 1 0 1 0 1 1 1 0 1 1 1 0 0 0 1 0 0 0 0 0 0 1 1 1 1 0 0 0 0 23
0 1 0 1 1 1 1 1 1 0 0 1 1 1 1 1 1 1 1 1 0 0 0 1 1 0 1 1 1 0 0 1 0 0 0 1 1 1 0 0 0 0 1 1 0 1 0 1 0 1 30
0 1 0 0 0 0 1 0 0 0 1 0 0 1 1 0 0 1 0 0 1 1 1 0 1 0 1 1 0 1 0 1 1 0 1 0 0 0 0 0 0 0 1 0 0 0 0 1 0 0 18
0 1 1 0 1 0 1 0 0 0 1 0 1 1 1 0 1 1 1 0 1 1 0 0 1 0 1 1 1 1 0 1 1 1 0 1 1 0 1 0 0 0 1 1 1 1 1 1 0 0 30
0 1 1 0 0 0 1 1 0 1 1 1 0 0 1 0 1 1 1 0 0 1 0 1 1 1 0 1 0 1 0 1 0 0 0 0 1 1 1 1 0 1 1 1 0 0 0 1 0 1 27
1 1 0 1 1 1 0 1 1 0 1 0 1 0 0 1 0 0 0 0 1 0 0 1 1 1 1 1 0 0 1 0 0 0 0 0 1 1 0 0 1 0 0 0 1 1 0 1 1 1 25
1 1 0 1 1 1 1 1 0 0 1 0 0 1 0 0 1 0 0 0 1 0 0 0 0 0 0 0 0 1 1 0 1 1 0 1 0 0 1 0 0 0 0 0 0 1 0 0 0 0 18
1 0 0 1 0 1 0 1 0 0 1 1 1 1 1 0 0 0 1 0 0 1 1 0 0 1 0 0 0 1 0 0 1 1 0 1 0 0 1 0 0 0 1 0 0 1 0 1 0 0 21
0 0 1 1 0 0 1 0 1 1 0 1 1 0 0 0 1 0 0 0 0 1 0 1 1 0 0 0 1 1 0 0 0 1 0 1 0 1 0 0 1 0 1 0 0 1 1 1 0 1 22
0 0 1 1 0 1 0 0 0 1 1 1 0 1 1 0 0 0 0 0 1 1 0 0 0 0 0 0 1 1 1 0 0 1 0 0 0 1 1 1 0 1 1 0 1 0 0 0 1 0 21
1 1 1 1 0 1 0 1 1 1 0 0 1 1 1 0 0 1 1 0 1 0 0 1 0 0 0 0 1 1 1 0 1 0 0 1 0 1 0 0 0 1 1 1 0 1 0 0 0 1 26
0 0 1 1 1 1 1 1 1 0 1 0 1 0 0 1 1 1 0 0 1 1 1 0 0 1 0 0 0 1 0 1 1 0 1 1 0 0 0 0 1 0 0 0 1 1 1 0 1 0 26
0 0 0 1 0 1 1 0 0 1 0 0 0 0 1 1 1 0 1 0 1 0 1 0 0 1 0 0 1 0 0 1 1 1 0 0 1 0 0 1 1 1 0 0 1 1 1 1 1 1 25
1 0 1 0 0 0 1 1 1 0 0 1 0 1 1 1 0 0 1 0 1 0 0 1 1 1 0 1 0 0 0 0 1 1 0 1 0 1 0 0 1 0 0 0 1 0 0 1 1 0 23
1 0 0 0 1 1 0 0 1 1 1 0 1 0 0 1 1 1 1 0 1 0 0 0 0 1 1 0 1 0 1 1 1 1 1 0 1 1 1 0 1 1 1 1 0 1 1 0 0 0 29
0 1 1 0 0 1 1 0 1 0 0 0 1 1 1 1 1 0 1 1 0 1 0 0 0 0 1 1 0 1 0 0 0 1 1 1 1 1 1 1 0 0 1 1 0 1 0 0 0 0 26
1 1 0 0 1 0 1 0 0 1 0 0 1 0 1 0 0 0 0 0 1 0 1 1 0 0 1 0 0 0 0 0 1 1 1 0 1 0 0 0 0 1 0 1 1 0 1 0 1 1 21
0 1 1 0 0 0 0 1 0 1 1 1 0 0 0 0 0 1 1 0 0 1 1 0 0 1 0 1 1 1 1 1 0 0 0 1 0 1 1 1 0 1 1 0 1 1 0 1 0 1 26
1 1 1 0 0 1 0 1 1 1 1 1 1 0 0 1 1 1 1 0 1 1 1 1 1 1 0 1 0 1 0 1 1 1 1 0 1 1 1 1 1 1 1 0 0 1 0 1 1 0 36
0 0 1 1 1 1 1 0 0 1 1 0 1 0 0 1 1 0 1 1 1 0 0 0 0 1 1 1 0 1 0 0 1 1 0 0 0 0 1 0 1 1 0 1 1 1 0 0 1 0 26
0 1 0 1 0 0 0 0 1 1 0 0 0 0 1 1 0 1 1 1 0 0 1 0 1 1 1 0 0 0 1 1 0 0 1 1 0 0 0 0 1 1 1 0 0 1 0 0 0 1 22
1 0 1 0 1 0 1 0 1 1 1 0 1 0 1 1 0 1 1 1 1 1 0 0 0 0 1 1 0 1 1 0 0 1 0 0 1 0 1 0 0 0 1 1 0 0 0 1 1 1 27
0 1 1 1 1 0 1 0 0 1 0 0 1 1 0 1 0 1 1 1 1 0 0 0 1 1 1 1 0 1 1 1 0 0 0 1 0 1 0 1 1 0 0 1 0 1 1 1 1 0 29
1 1 0 0 1 1 1 0 0 1 1 0 1 0 1 0 0 0 1 1 0 1 0 1 1 0 1 0 1 1 0 0 0 1 1 1 0 0 0 0 0 1 0 1 0 0 1 1 1 0 25
1 0 0 0 0 1 0 0 1 0 1 1 0 1 0 0 1 0 1 1 1 1 1 1 0 1 0 0 1 1 0 0 0 0 0 0 1 1 1 1 1 1 0 1 1 0 0 1 0 1 26
0 1 1 1 1 1 0 1 1 1 0 0 0 1 0 1 1 0 0 1 1 0 0 0 0 1 0 1 0 0 1 0 0 1 0 0 0 1 1 1 1 1 0 1 1 0 1 0 0 1 26
1 1 1 1 0 0 0 0 1 1 0 0 0 1 0 1 0 0 0 1 1 0 0 0 1 1 1 1 0 0 0 1 0 1 1 1 1 1 1 0 0 0 1 1 1 0 1 1 1 0 27
0 1 1 0 0 0 0 0 1 1 1 0 1 1 1 0 0 0 0 1 1 0 1 1 1 1 1 1 0 0 0 1 0 0 0 1 0 0 0 1 1 1 0 1 1 1 0 0 1 0 25
0 0 1 1 1 1 1 1 0 1 1 1 0 0 0 1 1 1 0 0 0 0 1 0 1 0 0 0 1 0 0 0 0 1 0 0 0 1 0 0 1 0 1 1 1 0 0 1 0 0 22
0 0 1 1 0 1 0 1 0 0 0 1 1 0 0 1 0 0 1 1 0 0 1 0 0 0 0 0 0 0 0 1 0 0 1 0 0 0 0 1 1 0 1 1 0 1 0 1 0 0 18
0 0 0 1 1 1 1 0 0 1 1 0 1 0 0 0 1 0 0 0 0 1 1 1 1 1 1 0 0 0 0 1 0 0 0 1 1 0 1 0 0 0 1 0 1 0 0 0 0 1 21
0 1 0 0 1 1 0 0 1 1 1 1 1 0 1 1 1 0 1 1 0 0 1 1 0 1 0 0 1 0 1 1 0 0 0 1 1 0 1 0 0 1 0 1 1 0 1 0 0 0 26
1 0 0 1 0 1 1 1 1 0 0 0 1 1 0 0 1 1 1 0 1 1 0 1 0 0 1 1 1 1 0 0 0 0 0 1 1 1 1 0 0 1 0 1 0 1 1 1 1 1 29
0 1 1 0 1 1 0 1 1 0 1 1 0 0 0 1 1 0 1 0 1 1 1 1 1 0 0 0 0 0 1 1 1 1 1 1 0 1 1 1 0 0 0 1 1 0 1 0 0 1 29
1 0 1 1 0 1 0 1 1 1 0 1 1 0 0 1 1 0 0 1 1 0 0 1 0 1 0 1 0 1 1 0 0 0 0 1 0 0 1 1 1 1 1 1 0 1 1 1 0 0 28
1 0 1 0 0 1 0 1 0 1 0 0 1 1 0 0 1 1 0 0 1 1 0 1 1 0 0 0 1 1 1 1 0 0 0 1 1 0 1 0 0 1 0 0 1 0 1 1 0 0 24
0 0 1 1 0 0 1 0 0 1 1 1 0 0 1 1 1 0 1 1 1 1 0 1 0 1 1 1 1 0 0 1 0 1 0 0 1 1 1 0 0 0 1 1 1 0 0 1 0 0 27
0 0 1 0 1 1 0 0 1 0 1 0 1 0 1 1 1 1 0 0 0 1 0 0 0 0 1 1 0 1 0 0 1 0 0 0 1 0 1 0 0 0 0 1 1 0 0 0 1 0 20
0 0 0 0 0 1 0 1 0 1 0 0 1 0 0 0 1 0 0 0 0 0 1 1 1 0 1 0 1 0 1 1 1 0 1 0 0 0 1 0 1 0 0 1 0 0 1 1 0 1 20
1 1 1 1 0 0 1 0 1 1 1 0 1 1 1 0 1 0 1 1 1 1 0 1 0 1 0 1 0 1 1 1 0 0 1 0 0 0 1 0 1 0 1 1 0 1 0 1 0 0 29
0 0 0 0 1 0 1 1 0 1 0 0 0 1 0 1 1 1 1 0 0 1 1 1 1 0 1 1 0 0 0 1 0 1 1 1 0 1 1 0 0 0 1 0 1 0 1 1 0 0 25
1 0 1 1 1 0 1 1 1 0 0 1 1 1 1 0 1 1 1 1 1 0 1 1 0 1 0 1 0 0 1 0 0 0 0 1 0 1 1 0 0 0 1 1 0 0 1 0 1 1 29
1 0 0 0 0 0 1 1 0 1 0 1 1 0 1 0 0 0 1 0 1 0 0 1 1 0 0 0 1 0 1 1 1 1 1 0 0 1 0 0 0 0 0 0 1 1 0 1 0 0 21
0 1 1 1 0 1 1 0 1 0 1 1 1 1 0 0 0 1 1 0 0 0 0 0 1 0 1 0 0 0 1 0 0 1 0 1 0 0 0 0 1 0 1 1 1 1 1 1 0 0 24
0 1 0 0 0 1 0 1 1 1 1 0 0 1 1 0 0 1 0 1 0 0 0 1 1 1 1 0 1 1 0 1 0 1 0 0 1 0 1 1 0 1 1 1 1 1 0 0 1 1 28
0 0 0 0 0 0 1 0 0 0 0 0 0 1 0 1 0 1 0 1 0 0 1 0 0 0 1 0 0 1 1 1 1 1 0 1 1 0 0 1 0 0 1 0 1 0 1 1 1 0 20
0 0 0 0 1 1 1 1 1 0 1 1 0 0 1 1 1 0 0 1 0 0 1 0 1 0 1 1 0 1 1 0 0 0 1 1 1 1 1 0 0 1 1 1 0 0 1 1 1 1 29
1 1 0 0 0 0 0 0 0 1 1 0 1 1 0 0 1 0 0 1 0 1 0 0 0 1 0 0 1 1 0 1 0 0 1 0 1 0 0 0 0 1 0 1 0 1 0 0 0 0 18
1 0 1 0 1 0 0 1 0 1 0 0 1 0 1 1 1 1 1 0 0 0 1 0 0 1 0 1 0 1 0 0 1 0 1 1 0 0 0 1 0 0 0 0 0 0 1 1 0 0 21
0 0 0 1 0 1 0 0 1 0 1 1 1 0 0 1 1 0 1 0 1 1 0 1 1 1 0 0 1 1 0 0 1 1 1 0 0 1 0 1 1 0 0 1 0 0 0 1 1 1 26
1 1 1 1 0 1 1 1 1 1 1 1 1 0 0 1 1 0 0 0 1 0 0 0 1 0 1 0 1 0 0 1 0 0 1 0 0 1 1 1 0 0 1 1 1 0 1 0 0 1 28
1 0 0 1 0 0 0 0 0 0 0 1 1 1 1 1 0 1 1 0 0 1 0 1 0 1 0 1 0 1 1 1 0 1 1 0 1 1 1 0 1 0 1 0 0 1 1 0 1 0 26
1 1 0 1 1 1 1 1 1 0 1 0 0 1 1 1 1 1 1 0 1 0 1 0 1 0 0 1 0 1 1 0 0 0 1 1 1 1 1 0 1 1 0 1 1 1 1 0 0 0 32
1 0 0 0 1 0 0 0 0 0 1 1 1 1 1 1 0 0 0 0 1 0 1 0 1 0 0 0 0 0 0 1 1 0 0 0 1 0 0 0 1 0 0 1 0 0 0 1 1 1 19
0 0 0 0 0 1 0 0 0 0 1 1 1 1 1 1 0 1 1 0 1 0 1 0 1 1 1 1 1 0 0 0 1 0 0 0 1 1 1 0 0 0 1 0 0 1 0 0 0 1 23
0 1 0 1 1 1 0 1 0 0 1 1 0 0 0 1 1 0 1 1 1 1 0 1 1 1 1 0 1 1 1 1 1 0 0 0 0 1 0 1 1 0 0 1 1 1 0 0 0 1 29
1 1 1 0 1 1 1 0 1 1 1 1 0 0 0 1 1 1 0 0 0 0 0 1 1 0 1 0 1 1 1 0 1 0 0 0 1 0 0 1 1 0 1 0 1 0 1 1 0 1 28
0 1 0 1 0 1 0 0 1 0 1 1 1 1 1 0 0 1 0 0 0 0 1 0 1 0 0 1 1 0 0 0 1 1 0 1 1 0 1 1 1 1 1 1 1 0 0 1 1 1 28
0 1 1 0 1 0 0 0 1 0 1 1 1 0 1 0 1 0 1 1 1 1 0 1 1 0 0 0 0 0 0 1 1 1 1 1 0 0 1 1 0 0 1 0 1 0 0 0 0 0 24
0 0 0 1 1 0 0 1 0 0 1 1 0 1 1 1 0 0 0 1 1 0 0 0 0 1 0 0 0 0 0 0 1 1 1 1 0 0 1 1 0 0 0 1 0 1 0 0 0 0 19
1 1 1 1 0 1 1 0 0 1 0 0 1 1 1 1 1 1 0 1 0 1 0 1 1 1 1 0 1 0 1 0 1 1 0 0 1 0 1 1 0 1 0 0 1 0 1 1 1 0 31
1 0 1 1 1 0 1 0 0 1 1 1 0 1 0 0 1 0 1 1 0 1 1 1 1 0 1 1 0 1 0 1 0 1 1 0 1 1 0 1 1 0 1 0 0 0 0 1 1 0 29
1 1 0 1 1 0 1 1 1 0 1 0 0 0 1 1 0 0 0 1 0 0 0 1 1 1 1 0 1 0 1 0 1 0 0 1 0 1 1 0 1 0 1 1 0 1 1 0 0 1 27
1 0 1 1 1 0 0 0 1 1 1 0 1 1 0 0 0 1 1 0 1 1 1 1 0 0 1 1 1 1 1 1 1 0 0 0 1 0 1 0 0 1 1 1 1 0 0 1 0 0 29
1 1 0 1 0 1 1 0 0 0 1 1 1 1 0 0 0 1 1 0 0 0 0 1 0 1 1 1 1 0 0 1 0 1 1 1 1 1 1 1 0 1 1 0 0 0 1 1 1 1 30
1 1 0 0 0 0 0 1 0 0 0 0 1 0 1 0 0 0 1 0 0 1 0 1 1 1 0 1 0 0 0 1 0 0 1 1 0 1 1 0 0 1 0 0 1 0 1 1 0 0 20
0 0 0 0 0 0 1 1 1 1 0 0 0 1 0 0 1 0 1 1 0 1 1 0 1 0 1 0 0 0 0 0 1 0 0 0 1 0 0 1 0 0 0 1 1 0 1 0 0 0 18
1 0 0 1 1 1 1 1 0 1 0 0 1 0 0 1 0 1 0 1 0 1 0 1 0 1 1 0 1 0 1 1 0 0 1 0 0 0 1 0 0 0 0 1 0 1 1 0 1 1 25
1 1 0 0 1 1 1 1 0 0 1 1 0 0 1 0 0 0 0 1 1 1 1 1 0 1 1 0 0 0 0 0 1 1 0 0 0 1 0 1 1 0 1 1 1 0 0 0 0 1 25
0 1 1 0 1 0 0 0 0 0 1 1 1 1 0 1 1 0 1 0 1 0 0 0 0 1 1 0 1 0 0 1 0 1 1 0 1 1 1 1 0 0 1 0 1 1 1 0 0 1 26
1 1 1 0 1 1 1 1 1 0 1 0 1 1 1 0 0 1 0 0 1 1 0 1 0 0 0 1 0 0 1 1 1 1 1 0 0 0 1 0 1 0 0 1 0 0 1 1 1 0 28
1 0 1 0 1 1 1 1 1 1 1 0 0 0 0 0 0 0 0 0 0 1 1 0 0 1 0 0 1 1 0 1 1 1 1 1 0 1 1 0 0 1 0 1 1 1 0 1 1 0 27
1 1 1 1 0 1 1 1 1 0 0 0 0 1 1 0 0 0 0 0 1 1 1 1 0 1 0 0 0 0 1 0 1 1 0 0 1 1 0 1 0 1 0 0 1 1 1 0 0 0 25
1 1 1 0 1 1 1 0 1 0 0 1 0 0 0 1 1 1 0 1 1 1 1 1 1 1 0 0 0 0 0 0 0 1 0 0 0 0 0 0 1 1 1 1 1 1 0 0 0 0 25
0 1 0 0 1 0 0 1 0 0 0 1 0 0 1 0 1 1 1 1 1 0 0 1 1 1 1 1 0 1 1 0 1 0 1 0 0 0 1 1 0 0 0 0 1 1 0 1 0 0 24
0 1 0 0 1 1 0 0 0 1 0 1 0 1 0 0 1 1 0 1 0 1 0 0 0 0 1 0 1 0 1 1 0 1 1 0 1 1 1 0 0 1 0 0 0 0 0 1 0 1 22
0 1 1 1 0 1 1 0 0 0 1 0 1 1 1 0 1 0 1 1 0 1 1 1 1 1 1 0 0 0 1 1 0 0 0 0 1 0 1 0 1 1 1 1 1 1 0 0 0 0 28
0 1 0 1 1 0 1 0 1 1 1 0 1 1 0 0 1 0 0 0 1 1 0 0 0 1 1 0 1 1 1 0 1 0 1 0 1 1 1 0 1 0 1 0 0 1 1 0 1 0 27
1 1 0 1 1 1 1 1 1 1 0 1 1 1 1 1 0 1 0 1 0 0 0 0 0 0 0 1 1 1 1 1 0 0 1 0 0 0 1 0 0 1 1 1 0 0 1 0 1 1 29
0 0 1 0 1 0 0 0 1 1 0 1 0 1 1 1 1 0 1 1 0 0 1 1 1 1 0 0 1 0 0 0 0 1 1 0 1 1 1 0 0 0 1 1 1 1 1 0 1 1 28
0 1 1 0 0 0 1 1 1 1 1 0 0 1 1 1 1 1 0 0 1 0 1 1 0 0 1 0 0 0 0 1 1 1 1 1 1 0 1 1 0 1 0 1 1 1 0 0 1 0 29
1 1 0 0 0 0 1 0 0 1 0 0 1 0 1 1 0 0 0 1 1 0 0 1 1 1 0 0 0 1 0 0 1 1 1 0 0 0 0 0 1 1 1 1 0 0 0 0 0 0 20
1 1 0 1 0 1 0 1 1 1 1 0 0 1 0 0 0 1 1 0 0 0 1 1 0 0 0 1 0 1 0 1 1 1 1 0 0 0 1 1 1 1 0 0 0 1 0 1 0 1 26
1 0 0 1 0 1 1 0 0 0 1 0 0 0 0 0 1 0 0 1 1 0 0 0 1 0 0 1 0 1 0 1 1 1 0 0 1 0 1 1 1 0 0 1 0 0 0 1 0 1 21
0 1 1 0 1 0 0 0 1 1 1 1 0 0 1 0 1 1 1 0 0 0 1 1 1 1 0 1 0 1 0 1 1 0 0 0 1 1 0 1 0 0 0 0 0 1 1 0 1 0 25
1 1 0 0 0 0 0 1 1 0 1 0 1 1 0 0 1 0 0 0 0 1 1 1 0 0 0 1 0 0 0 1 0 1 0 1 1 0 1 1 0 0 0 0 0 0 1 0 1 0 20
1 1 1 0 1 1 0 1 1 0 1 0 0 1 1 0 0 0 1 1 1 0 1 1 1 1 0 1 0 1 0 0 0 0 1 1 0 0 1 1 1 1 0 0 0 1 1 1 1 0 29
0 1 0 1 1 1 0 1 1 0 1 1 1 1 1 1 1 1 1 1 1 1 1 0 0 1 0 1 0 1 0 0 0 1 0 1 1 0 0 1 1 1 0 1 1 0 0 0 1 0 31
0 0 1 0 0 1 0 0 1 1 0 1 1 1 0 0 0 1 0 0 1 1 1 0 0 1 0 0 0 1 1 1 1 0 1 1 0 1 0 0 1 1 0 1 1 1 0 0 0 1 25
0 0 0 0 0 0 0 1 0 1 0 0 1 1 0 0 1 1 0 0 1 0 0 1 0 1 0 1 1 1 0 1 1 0 0 1 0 0 1 1 1 1 0 0 0 1 1 0 1 1 23
1 1 1 1 1 0 0 1 0 1 0 0 1 0 1 0 0 0 0 0 1 1 1 0 0 0 0 1 0 0 0 0 1 0 0 0 0 0 0 1 1 1 1 0 0 0 1 1 1 0 21
1 0 1 1 1 1 1 1 1 0 1 1 1 0 0 1 1 0 0 0 1 0 1 1 0 0 0 1 1 0 1 1 0 1 0 1 1 0 0 1 1 1 1 1 1 0 0 0 1 1 31
1 0 1 0 1 0 1 1 1 1 0 0 0 0 1 1 1 1 0 1 1 1 0 1 0 0 1 0 0 1 0 0 0 0 1 1 0 0 1 1 1 1 0 0 0 1 0 1 0 0 25
0 0 1 1 1 0 0 1 0 1 1 0 1 0 0 0 1 0 0 0 0 1 0 0 0 0 1 1 1 0 1 1 0 0 0 1 1 1 1 1 1 1 0 0 0 0 1 0 1 0 23
1 0 0 0 1 1 1 1 0 0 0 1 0 0 0 0 1 0 0 0 0 0 1 1 1 1 0 0 0 1 1 0 1 1 1 0 0 0 0 1 0 1 0 0 1 1 0 1 1 0 22
0 0 1 1 1 0 0 1 1 0 1 0 1 0 1 0 1 1 1 0 1 0 1 0 0 0 1 1 0 0 0 0 1 0 0 0 1 1 1 1 0 0 1 0 1 0 0 1 1 0 24
0 0 1 1 0 1 0 1 1 0 1 0 0 0 0 1 0 1 1 0 1 0 0 1 1 1 0 0 0 0 1 0 0 1 1 0 1 1 0 0 0 1 1 1 1 1 1 1 0 1 26
0 1 1 0 1 1 1 1 0 0 0 0 1 1 0 0 1 0 0 1 0 1 1 1 0 0 0 1 1 0 1 1 1 0 0 0 1 1 1 0 0 1 1 0 0 0 0 0 0 0 23
0 0 0 1 0 1 0 1 1 1 0 0 0 0 0 1 0 0 0 0 0 0 1 1 1 0 1 1 0 0 1 1 1 1 0 0 0 0 0 0 1 1 0 1 1 0 1 0 1 1 22
1 0 0 1 0 0 1 0 1 0 0 1 0 0 1 1 0 0 0 0 1 0 1 1 1 1 1 1 0 1 1 0 1 0 0 0 1 0 1 1 0 0 1 0 0 0 1 0 0 0 22
0 0 1 0 1 0 0 0 1 1 1 1 1 0 1 0 1 0 0 0 1 0 1 0 0 0 0 1 1 1 1 1 1 1 1 1 1 1 1 0 1 1 1 0 1 1 1 1 1 0 31
0 1 0 1 0 1 0 0 0 0 1 1 1 0 1 1 1 0 1 1 1 1 0 0 0 1 1 0 1 0 1 0 1 0 1 0 0 1 1 1 0 0 0 1 0 1 1 0 0 1 26
0 0 0 1 1 1 1 0 1 1 1 0 0 0 1 0 0 1 0 0 0 1 1 0 1 0 0 0 0 1 0 0 1 1 0 0 0 0 0 1 1 1 1 0 0 1 0 1 1 0 22
0 1 1 0 0 0 1 0 0 0 0 1 0 1 0 0 1 1 1 1 0 0 1 1 0 0 0 0 1 1 1 1 0 1 1 1 1 0 1 0 0 1 0 1 0 1 1 1 0 1 26
0 0 1 0 0 1 0 1 0 1 0 1 0 1 1 1 1 0 1 0 0 1 1 1 0 1 1 1 0 1 1 0 1 0 1 0 0 1 1 1 1 0 1 1 0 1 0 0 1 0 28
0 0 1 1 1 1 1 0 1 1 1 0 0 0 1 1 1 1 0 1 1 1 0 0 1 0 0 1 0 1 0 0 0 0 1 1 0 1 1 0 1 1 0 0 1 0 1 0 0 1 27
1 1 1 0 1 1 1 0 1 0 0 1 1 1 0 0 0 0 1 1 0 1 0 0 1 0 0 1 1 0 0 0 1 0 1 0 1 0 1 1 1 0 1 0 1 0 1 1 1 0 27
0 0 1 1 0 0 0 0 0 0 1 0 0 0 1 1 1 1 1 0 0 0 0 1 1 0 1 1 0 0 0 1 0 1 0 0 1 0 0 1 1 0 0 0 1 0 1 1 1 1 22
0 0 1 0 0 1 1 0 0 1 1 1 1 0 0 1 1 1 0 0 0 1 1 0 1 0 1 1 0 1 1 0 0 0 1 0 0 1 0 1 0 1 1 0 0 1 0 0 0 0 23
0 1 0 0 0 1 0 0 0 0 0 0 1 0 1 1 1 0 1 1 1 1 1 1 1 1 1 0 0 0 0 1 0 0 0 0 0 0 0 0 1 0 1 1 1 1 1 0 1 0 23
0 0 0 1 1 0 0 0 0 0 1 0 0 1 1 1 1 0 1 0 1 1 0 0 1 1 0 0 1 0 1 1 0 1 0 1 1 0 0 1 1 0 0 0 0 1 0 0 1 0 22
1 1 0 1 0 0 1 0 0 1 0 1 1 1 1 1 1 1 0 0 1 1 0 1 0 0 0 0 0 0 0 0 1 0 1 1 1 0 0 0 1 0 0 0 0 0 0 0 1 0 21
0 0 1 0 1 1 1 0 1 1 1 1 0 1 0 1 1 0 0 0 0 1 1 0 1 1 0 1 1 0 0 1 1 0 1 1 0 1 1 1 0 0 1 0 1 0 0 1 1 1 29
1 1 0 0 0 1 1 0 1 0 1 0 0 1 0 0 0 1 1 1 0 1 0 0 1 0 0 1 1 1 0 1 0 1 1 0 0 1 1 0 0 1 1 0 0 0 1 1 0 0 24
0 0 1 0 0 0 0 0 0 1 0 0 0 0 1 0 1 0 0 1 0 1 1 0 0 1 0 1 0 0 0 0 0 1 0 0 0 1 1 1 1 0 1 0 1 1 1 0 1 0 19
0 0 1 1 1 1 1 1 0 0 0 0 1 1 1 0 1 0 0 0 1 0 0 1 1 1 0 1 0 0 0 1 0 1 1 0 0 1 0 0 0 1 0 1 0 1 0 1 1 1 25
0 1 0 1 0 0 0 0 0 1 0 0 1 1 0 1 0 1 0 0 0 0 0 0 0 0 1 0 1 1 0 1 0 1 0 1 1 0 1 0 1 1 1 0 0 1 0 0 1 1 21
1 1 1 0 1 1 1 0 1 0 0 0 1 1 0 1 0 1 0 1 1 0 0 0 1 0 1 0 1 0 0 1 0 1 1 0 0 0 0 1 0 0 1 0 1 0 0 1 0 1 24
1 1 0 1 1 1 0 1 0 0 1 1 0 0 1 1 1 0 1 1 0 1 1 1 1 0 1 1 1 1 1 0 0 0 0 0 0 0 0 1 1 0 0 1 0 0 0 1 0 0 26
0 0 0 1 0 1 0 1 1 0 0 1 0 0 1 0 0 0 0 0 0 0 1 0 1 1 0 0 0 0 0 0 0 1 0 1 0 1 0 1 1 1 0 0 0 1 0 0 1 0 17
1 1 0 0 0 0 1 0 0 1 0 0 0 0 1 1 0 0 1 1 1 1 1 0 1 1 0 0 1 0 0 1 1 1 0 0 1 0 0 1 0 0 1 1 1 1 0 1 0 0 24
0 1 0 1 0 1 1 1 0 0 0 1 1 1 0 0 1 1 1 1 0 0 0 1 0 1 1 1 0 0 0 1 1 1 0 0 0 1 1 1 0 1 1 0 1 1 1 1 0 0 28
1 0 1 0 1 0 0 0 0 1 1 1 1 0 0 1 1 1 0 0 1 1 1 1 0 1 0 0 1 0 1 1 0 0 1 0 1 1 0 0 0 1 1 0 1 1 1 0 1 1 28
0 1 1 1 0 0 1 0 0 1 0 1 0 1 1 1 0 1 1 0 0 1 0 1 1 1 0 0 0 0 0 0 0 0 0 1 0 0 1 1 1 1 0 1 0 0 0 0 1 1 23
0 1 1 1 1 0 1 0 0 1 0 1 1 1 0 1 1 1 1 1 0 0 1 0 0 1 1 1 1 1 1 1 1 1 0 1 1 1 0 1 1 0 0 1 1 1 1 1 1 0 35
1 1 1 1 1 0 0 0 1 0 1 1 1 0 0 0 0 0 0 1 1 0 1 0 0 1 0 0 0 1 0 1 0 1 1 0 0 1 0 0 1 0 1 0 1 1 1 0 1 0 24
0 1 1 0 0 1 1 0 0 0 0 0 1 1 1 0 0 1 1 0 1 0 0 0 1 0 1 0 1 0 1 1 0 0 1 0 0 0 1 1 1 0 1 1 1 0 0 1 1 0 24
0 1 1 0 0 1 0 1 1 0 1 0 1 0 0 1 1 0 1 1 1 1 0 0 1 1 1 1 1 0 0 1 0 1 0 0 1 0 0 1 1 1 0 1 0 1 1 0 0 0 27
1 1 0 1 1 0 0 1 1 0 1 1 0 0 0 1 1 1 0 0 0 1 0 0 0 1 0 0 1 1 0 1 0 0 0 0 1 1 0 0 0 0 0 1 0 0 0 1 0 0 20
0 1 1 0 0 0 0 1 1 1 1 1 1 0 0 0 1 0 1 0 1 0 0 0 0 1 0 0 1 1 0 0 0 0 0 0 1 0 0 1 0 1 0 1 1 1 1 1 0 1 23
0 1 0 0 0 1 0 0 1 1 1 0 0 0 1 1 1 1 0 1 0 0 1 1 0 0 0 1 1 0 1 1 0 1 1 1 0 1 0 1 1 1 0 0 1 0 1 0 0 0 25
1 1 0 1 1 0 1 0 1 0 0 1 1 0 1 1 1 1 0 1 1 1 1 0 1 1 0 1 1 0 1 1 1 0 1 0 0 1 1 1 0 1 0 1 0 1 1 0 0 0 31
0 1 0 1 0 1 0 1 0 1 0 1 1 1 0 1 1 0 1 0 0 0 0 1 1 0 0 1 0 0 0 1 1 1 1 0 0 0 1 1 1 0 0 1 1 1 0 1 0 0 25
0 0 0 1 1 1 1 0 1 0 1 1 0 0 0 1 0 0 0 0 0 0 0 1 0 1 0 0 0 1 0 0 0 1 1 1 1 0 1 0 0 1 0 0 1 1 1 1 1 1 23
1 1 1 1 1 0 0 0 0 0 0 0 1 0 0 1 1 0 0 0 1 0 1 0 0 1 0 1 0 1 0 0 1 0 0 1 1 0 1 1 0 1 1 0 0 0 1 0 0 0 21
1 1 1 0 1 0 1 0 1 0 1 1 1 1 1 1 1 0 0 0 1 0 0 1 1 1 0 1 1 1 0 1 1 1 1 1 0 1 1 1 1 1 0 0 1 1 0 1 0 1 34
1 0 0 1 0 0 1 0 0 0 0 1 1 0 1 0 1 1 0 0 1 1 0 1 1 1 1 0 1 0 1 0 1 1 1 1 1 0 0 0 0 1 0 0 1 0 0 0 1 0 24
1 1 1 1 0 0 0 1 1 1 0 1 0 0 1 0 0 1 1 1 1 0 1 1 0 1 0 0 0 1 0 0 1 1 0 0 1 0 1 1 0 0 0 1 1 1 0 1 1 1 28
0 0 1 0 0 1 0 1 1 1 1 0 1 1 1 1 1 1 0 0 1 1 1 0 0 0 1 1 0 1 0 0 1 1 0 0 0 0 0 0 1 1 0 1 0 1 1 0 0 1 26
0 0 0 1 0 0 1 0 1 1 0 1 0 1 1 1 1 0 0 0 0 0 1 1 1 0 0 0 0 0 1 1 0 0 0 1 1 1 0 1 0 1 1 1 1 0 0 0 1 0 23
1 0 1 0 1 1 1 0 0 0 1 0 1 0 1 1 1 0 0 1 0 0 0 0 0 0 0 0 1 0 1 1 1 0 0 1 1 1 0 0 1 0 0 0 0 0 1 1 1 0 22
0 0 0 0 0 1 1 0 1 1 1 1 0 0 0 0 1 0 0 1 1 0 0 1 1 0 1 1 1 1 1 0 1 0 0 1 1 0 1 1 1 0 1 0 0 1 1 0 0 1 26
0 1 1 0 1 1 0 1 0 0 1 1 0 1 1 0 0 1 1 1 1 0 1 1 1 1 0 1 0 1 0 1 1 1 0 1 1 1 0 1 0 0 0 1 1 0 1 0 1 1 31
1 1 1 1 0 0 1 0 1 1 0 1 1 0 0 1 1 1 1 1 1 1 1 1 1 0 1 1 0 1 0 0 1 1 1 1 0 0 1 0 0 0 1 0 0 1 1 1 0 1 32
1 1 0 0 1 1 0 1 1 0 1 0 0 0 1 0 0 1 0 0 0 1 0 1 0 1 0 0 0 1 0 1 1 0 1 1 1 0 1 1 1 0 1 1 0 1 1 1 0 0 26
0 0 1 0 1 1 1 1 1 0 0 0 0 0 1 1 1 0 1 1 1 0 1 1 1 1 0 1 0 0 0 1 0 0 0 1 0 0 1 0 0 0 1 0 1 0 1 0 0 0 23
0 1 1 1 1 1 1 0 1 0 0 1 1 0 1 0 0 0 1 1 0 1 0 0 1 0 0 0 1 1 1 1 1 0 0 1 0 0 1 0 1 0 1 0 0 0 0 0 1 1 25
0 0 1 0 0 1 1 0 0 0 1 1 1 1 0 1 0 0 1 1 0 1 0 0 1 1 1 1 1 0 0 0 0 0 1 0 0 0 1 1 0 0 1 1 1 0 1 0 0 1 24
0 1 1 1 0 1 0 1 0 1 1 0 0 1 1 0 1 0 1 1 0 1 0 0 0 1 0 0 0 1 0 0 0 1 0 1 1 0 1 1 0 0 1 1 0 0 0 1 1 0 24
0 0 1 1 0 0 1 0 0 1 0 0 0 0 1 0 0 0 0 1 1 1 0 1 1 1 1 0 1 1 1 1 0 1 0 0 0 1 1 0 0 0 1 0 1 0 0 0 1 1 23
0 1 1 0 1 0 0 1 0 1 0 0 0 1 0 0 0 1 0 0 0 1 0 1 1 1 1 1 1 0 0 1 1 1 1 0 0 1 0 1 1 1 0 0 0 0 1 1 1 1 26
1 0 0 0 0 0 0 0 1 0 1 1 1 1 1 1 0 1 0 0 1 0 0 0 1 0 0 0 0 1 1 1 1 0 1 0 0 0 0 1 1 1 0 1 0 1 1 0 0 1 23
0 0 1 1 0 0 1 1 1 0 1 0 0 0 0 1 1 1 1 1 1 1 1 0 0 0 0 0 1 0 0 0 0 1 1 1 0 0 1 1 0 0 1 1 1 0 0 1 1 0 25
1 0 0 0 0 0 0 1 0 0 0 0 0 1 0 0 0 0 0 0 1 1 0 0 1 0 1 1 1 1 1 1 1 1 0 0 1 0 1 1 0 1 1 0 1 1 1 1 0 0 23
0 0 0 0 0 1 1 0 1 0 1 1 0 1 0 0 1 0 0 0 0 0 0 1 0 0 1 0 0 1 1 1 1 1 1 1 1 0 1 0 1 1 1 0 1 0 0 0 0 1 23
0 1 1 0 1 0 1 1 0 1 0 1 1 0 1 1 1 1 1 0 1 0 0 1 1 0 1 0 1 1 1 1 0 1 1 1 0 0 0 0 0 1 1 0 0 0 1 1 1 1 30
0 0 0 1 0 0 0 1 1 1 1 1 0 0 0 1 1 0 0 0 0 0 1 1 1 1 1 0 0 0 0 1 1 0 0 0 1 0 1 0 0 0 1 0 1 0 0 0 0 0 19
1 1 1 1 1 0 0 1 1 1 1 1 0 1 0 1 1 1 1 1 0 1 0 0 1 1 1 1 1 1 0 0 0 1 0 1 1 1 0 0 0 1 0 0 0 1 0 0 1 0 30
0 0 1 0 1 0 0 0 0 0 0 0 1 0 0 0 0 1 1 0 0 0 1 1 1 1 1 0 0 1 1 0 0 1 0 1 1 0 0 1 0 1 1 0 0 1 0 1 1 1 22
1 1 0 0 1 1 0 0 1 0 0 1 0 0 0 1 0 0 1 0 1 1 0 1 1 0 1 1 1 0 1 1 1 1 1 0 1 0 0 1 1 1 0 1 1 1 0 1 1 1 30
1 1 1 0 1 1 1 1 1 1 0 1 0 1 0 1 0 1 1 0 1 0 0 0 1 1 0 0 0 1 0 0 1 1 1 0 1 1 1 0 0 0 0 0 1 0 0 1 1 0 27
1 0 1 1 0 1 1 0 0 1 0 0 1 0 1 0 1 0 1 1 0 1 1 0 1 0 1 1 1 1 1 0 0 1 1 1 0 1 1 1 0 1 1 1 1 0 1 1 1 0 32
0 0 1 1 1 1 1 0 1 0 0 0 1 1 1 1 1 0 0 1 1 0 0 0 0 0 1 1 1 1 1 1 0 1 0 1 0 1 1 1 1 1 0 0 1 0 1 0 0 0 28
1 0 0 1 1 1 1 1 1 0 1 0 1 0 0 0 1 0 1 0 0 1 0 1 0 1 0 0 0 1 0 1 1 0 0 1 0 1 1 0 0 1 1 1 1 1 1 0 0 1 27
0 1 0 1 1 1 1 1 1 0 1 1 1 0 1 0 0 0 1 1 1 1 0 0 0 0 0 1 1 1 1 0 1 1 1 1 1 1 0 1 0 0 0 0 1 1 1 1 0 0 30
0 1 1 1 0 0 1 1 0 1 1 1 0 0 1 0 1 1 0 0 0 1 0 0 0 1 1 0 1 1 1 0 1 0 0 1 0 1 0 1 1 0 1 1 1 1 0 1 1 1 29
0 1 1 0 1 1 0 1 0 0 0 1 0 1 0 0 0 0 0 1 1 1 1 1 1 0 0 0 1 0 1 1 1 0 1 0 1 1 0 0 1 1 0 1 0 1 1 1 0 1 27
0 0 0 0 0 1 1 0 1 1 1 0 0 1 1 0 0 1 0 1 0 0 0 0 0 0 1 0 1 0 0 0 1 0 0 1 0 0 1 1 1 0 1 0 0 0 0 1 0 1 19
1 1 1 1 0 1 0 1 1 0 0 0 0 0 0 1 1 0 0 0 0 0 0 1 1 1 0 1 0 1 0 0 1 0 1 1 1 0 1 0 1 1 0 1 1 0 0 1 0 1 25
1 1 1 1 0 1 0 0 0 1 0 0 1 0 1 0 1 0 1 1 1 0 0 1 0 0 0 1 1 0 0 1 0 0 0 1 0 1 1 1 0 1 0 1 0 1 1 0 1 1 26
1 0 0 1 0 1 0 1 0 0 1 1 1 1 1 0 1 1 0 1 1 1 1 1 0 0 0 0 0 0 0 1 0 1 1 1 0 1 1 1 1 1 1 0 0 1 1 0 0 0 28
1 0 1 0 0 1 0 1 1 0 0 0 1 1 0 0 1 1 0 1 1 1 1 0 1 0 1 1 1 1 0 1 0 0 0 0 1 0 0 0 0 1 1 1 0 1 1 1 0 1 27
0 1 0 1 1 1 0 0 0 0 0 1 0 1 1 1 1 1 1 0 0 0 1 0 0 1 0 0 1 1 0 1 0 1 0 1 0 0 0 1 0 0 1 1 0 0 0 0 0 1 22
0 1 1 1 1 0 0 1 0 1 0 0 1 1 1 1 0 1 1 0 1 1 1 1 1 1 1 0 1 1 1 1 1 0 1 1 0 0 1 0 0 1 1 1 0 1 0 1 0 1 33
0 1 0 1 1 1 0 1 0 1 1 0 1 1 0 0 0 0 1 0 0 0 1 1 0 1 0 1 1 0 1 1 0 1 0 1 1 0 0 1 0 0 1 1 0 1 0 1 1 1 27
0 1 1 0 0 0 1 0 0 1 0 1 0 1 1 1 0 1 0 1 1 0 0 0 1 1 0 1 1 0 1 1 0 0 0 0 1 0 1 1 0 0 0 0 0 1 0 1 0 0 22
1 1 1 1 1 1 0 1 1 0 0 0 1 1 0 1 1 1 1 1 0 1 0 0 1 1 1 1 0 0 1 0 1 1 0 1 0 0 0 0 0 0 1 0 0 0 1 0 0 0 26
0 0 0 0 0 1 1 0 0 0 1 1 0 1 0 1 0 1 0 0 0 1 0 0 0 0 0 0 0 1 0 1 0 0 0 1 0 0 1 1 0 0 1 0 0 0 1 0 0 1 16
1 1 1 1 0 0 1 0 1 0 0 1 1 1 1 1 1 0 0 1 0 1 0 1 1 1 1 0 1 1 0 0 1 1 1 1 0 0 0 0 0 0 0 1 1 0 1 0 1 1 29
0 1 0 1 0 1 1 1 1 1 0 0 1 0 1 0 0 0 0 0 0 1 1 0 1 0 0 1 0 0 1 0 0 0 1 0 1 1 0 1 0 1 1 0 0 1 1 1 0 1 24
0 0 0 0 0 0 0 1 0 0 0 0 0 1 1 1 0 0 1 1 1 0 0 1 1 0 1 0 1 0 1 0 1 1 0 0 1 1 1 0 1 0 0 0 1 0 0 1 0 0 20
1 1 1 0 0 1 1 1 0 1 0 0 0 1 1 0 1 1 1 0 0 0 1 1 0 1 0 1 0 1 0 1 0 1 0 0 0 1 1 0 1 1 1 0 0 1 0 1 1 0 27
0 0 1 1 0 1 0 0 1 1 1 1 0 0 0 0 0 1 0 1 1 0 1 0 0 0 1 1 0 1 1 0 0 1 1 0 0 0 1 1 0 1 0 0 0 1 0 0 1 1 23
0 1 1 0 1 1 0 0 0 0 1 0 1 0 1 1 1 1 1 1 1 0 1 1 1 1 1 1 0 1 0 0 0 0 1 0 0 0 1 1 1 1 0 1 0 1 0 0 0 1 28
0 1 1 0 0 1 1 0 1 0 0 1 0 0 1 1 0 0 1 1 0 1 1 1 0 0 1 1 1 1 0 0 1 0 0 0 0 0 1 1 1 1 1 0 1 0 0 0 1 1 26
1 0 1 0 1 1 0 1 1 0 1 1 0 0 1 1 1 1 1 0 1 0 1 1 0 0 0 0 1 1 0 1 0 1 1 1 1 0 1 0 0 0 1 0 0 1 0 1 1 0 28
1 0 0 1 0 0 1 1 0 0 1 1 1 1 1 1 1 1 1 0 0 0 1 0 1 1 1 0 0 0 1 1 1 0 0 1 0 1 1 1 0 0 1 1 1 1 0 0 0 1 29
1 0 1 1 1 1 1 0 1 0 0 0 0 1 0 0 0 1 1 1 1 1 1 1 1 1 0 1 0 1 0 0 1 1 0 1 0 1 0 1 0 0 1 1 1 0 1 0 0 1 29
1 1 1 1 0 1 0 0 0 0 1 1 1 0 1 0 0 1 1 1 0 1 1 1 1 0 1 1 1 0 1 0 0 1 1 0 0 1 1 1 0 1 1 0 1 0 1 0 0 0 29
1 1 1 1 1 1 0 0 0 1 0 0 0 0 1 0 0 1 0 1 1 1 1 0 1 1 1 0 1 1 0 1 0 0 1 0 1 0 0 1 0 1 0 1 0 1 0 0 0 1 26
1 0 1 0 0 0 1 1 0 0 1 1 1 0 0 1 0 1 1 0 0 0 1 0 1 0 1 0 1 1 0 0 0 0 0 1 0 0 0 0 1 1 0 1 1 1 1 0 1 0 23
0 1 0 0 1 0 0 1 1 1 1 1 0 1 1 0 1 1 0 0 1 0 1 0 1 1 1 1 1 1 1 0 0 1 0 1 1 1 0 0 0 1 1 0 0 0 1 0 1 1 29
0 1 1 0 0 1 1 0 1 0 1 1 1 0 1 0 1 1 0 0 0 1 0 0 0 0 0 0 1 0 1 0 0 1 1 0 1 1 1 1 1 0 1 1 0 1 1 1 0 0 26
0 0 1 0 0 1 0 1 1 1 1 0 1 1 0 0 0 1 1 1 1 0 0 0 1 0 0 0 0 0 0 0 1 0 0 1 0 0 1 1 1 0 0 1 0 0 0 1 1 1 22
1 1 1 1 0 1 1 0 1 0 0 0 0 1 1 0 0 1 1 1 1 1 0 0 0 1 0 1 1 1 1 1 1 0 0 1 1 0 0 0 0 0 1 1 0 0 1 1 0 1 28
1 1 0 1 1 1 0 1 0 1 1 1 0 0 0 0 0 1 1 1 1 0 1 1 1 1 1 1 0 1 1 0 0 0 1 0 0 1 1 0 1 0 1 1 0 1 0 1 0 1 30
0 1 0 0 0 0 1 0 1 0 1 1 0 0 0 1 0 0 0 0 1 0 1 1 1 1 1 0 0 0 0 1 0 0 1 0 0 1 0 1 0 0 0 1 0 0 1 0 1 1 20
1 0 0 1 0 1 1 0 1 1 0 0 0 1 0 1 1 0 1 1 0 1 0 0 1 0 0 1 0 0 1 0 1 1 0 1 1 0 0 0 0 1 0 1 0 1 0 1 1 0 24
0 0 0 0 1 0 0 0 0 1 0 0 0 1 0 1 1 0 1 1 1 0 1 0 1 1 1 0 1 0 1 1 0 0 1 1 0 1 1 1 1 0 1 0 0 0 0 1 0 0 23
0 1 0 1 0 0 1 0 1 1 0 0 0 0 0 1 0 0 0 0 0 0 0 1 0 1 0 0 1 0 1 0 0 1 0 0 0 0 0 0 1 1 1 1 1 0 1 0 0 0 17
0 1 1 0 1 0 0 1 1 0 1 1 1 0 0 1 0 1 1 1 1 0 1 1 0 0 0 1 0 1 1 0 0 1 0 1 0 0 0 1 1 1 1 0 1 1 0 1 1 1 29
0 0 0 1 1 0 0 0 1 1 1 1 1 1 1 1 0 0 1 1 0 1 1 1 0 0 1 1 1 1 0 0 1 1 0 0 0 0 0 1 1 0 0 1 0 0 1 1 1 1 28
0 0 0 1 0 0 0 0 0 0 1 0 1 0 0 1 1 0 1 1 1 0 1 1 1 1 0 0 1 1 1 1 1 0 1 1 0 0 0 1 0 0 1 0 0 0 0 0 0 0 21
1 0 0 1 0 1 1 0 1 0 0 1 0 1 0 1 0 1 0 1 1 0 0 1 0 0 0 1 1 0 1 0 0 0 1 1 0 1 1 1 0 1 0 1 1 1 1 1 1 0 27
0 0 1 0 0 0 0 0 0 0 1 0 1 1 1 0 1 1 0 1 0 0 1 0 1 0 0 1 1 1 1 1 0 1 1 0 0 0 0 1 1 1 1 0 0 1 0 0 1 0 23
0 0 0 1 0 0 0 0 1 1 0 0 0 0 1 0 1 0 1 1 0 1 0 1 1 0 1 0 0 1 0 1 0 0 1 1 1 0 1 0 1 1 1 1 1 0 0 1 0 1 24
1 0 1 0 1 0 1 1 0 0 1 0 0 0 1 1 0 1 0 1 1 1 0 1 0 0 0 0 1 1 1 1 0 0 0 1 1 1 1 0 0 0 0 0 1 0 0 0 0 0 22
0 1 1 1 1 0 1 1 0 0 0 0 0 0 0 0 1 0 1 0 0 1 1 0 0 0 0 0 1 1 1 0 1 0 0 0 0 1 0 0 1 1 0 0 0 1 1 1 1 1 22
1 1 0 1 0 1 0 0 1 0 0 1 1 1 0 0 0 0 0 0 0 0 1 1 0 1 0 0 1 1 1 1 1 1 0 0 0 1 1 1 0 0 0 1 1 1 1 1 0 1 26
0 0 0 1 0 1 0 0 1 1 0 0 0 1 0 0 0 1 0 0 0 1 1 0 0 0 0 1 1 0 0 0 0 1 0 1 0 1 0 0 1 0 1 0 1 0 0 0 0 1 17
0 0 0 0 0 0 1 0 0 1 0 1 1 0 1 0 1 1 0 0 1 0 0 0 0 1 0 0 0 1 0 1 1 0 0 1 1 0 0 1 1 0 0 1 1 0 0 1 0 1 20
1 1 1 0 1 0 0 0 1 0 1 0 0 0 0 0 1 1 1 1 0 0 0 1 1 1 1 0 1 1 1 0 0 1 1 1 0 0 0 1 0 0 1 0 0 0 1 1 1 1 26
0 1 1 0 0 1 1 0 1 1 1 0 0 1 0 1 1 1 0 1 0 0 1 1 1 1 1 1 1 0 0 1 1 0 0 1 1 0 1 1 1 1 1 1 0 0 1 1 0 0 31
0 1 0 1 0 1 0 1 0 1 1 0 1 0 1 1 1 1 0 0 0 0 1 0 0 1 0 1 1 1 1 0 0 0 1 1 0 1 1 1 1 0 1 0 1 1 1 1 1 1 30
1 1 1 0 0 0 0 1 0 1 0 1 0 0 1 1 0 1 1 1 1 1 1 1 0 0 0 1 0 0 1 1 0 1 0 1 1 0 1 0 1 0 1 0 0 0 1 0 1 0 26
0 1 1 0 1 1 0 0 0 0 1 0 0 0 0 0 0 0 1 0 1 0 1 1 1 0 0 1 1 0 0 1 1 0 1 0 1 1 0 1 1 0 1 1 1 0 0 0 0 1 23
1 1 1 0 1 0 1 1 0 0 0 1 1 0 0 0 0 0 1 1 1 1 0 1 0 0 0 0 0 1 1 1 0 1 1 0 1 0 0 1 0 0 1 0 0 1 1 1 1 1 26
0 1 1 0 0 0 0 0 0 1 0 0 0 0 0 1 0 0 0 1 0 0 1 1 1 0 0 1 0 0 1 1 0 1 1 1 1 0 0 1 0 1 1 1 0 0 1 1 0 1 22
0 1 0 1 0 1 0 1 1 1 0 1 1 1 0 0 1 0 1 0 1 1 1 1 0 0 0 0 1 0 0 0 0 1 0 1 1 1 0 1 0 1 0 0 1 0 0 1 0 0 24
0 0 0 1 1 0 1 0 1 1 1 1 1 0 0 0 0 1 0 0 0 0 0 1 1 0 1 1 1 1 1 1 0 0 0 1 0 1 1 0 1 1 0 1 0 1 1 0 0 1 26
0 1 0 1 1 0 0 0 0 0 1 0 0 0 1 1 0 1 0 0 1 0 0 0 0 1 1 1 0 1 1 0 0 0 1 1 0 0 1 1 0 1 1 1 0 0 0 1 0 1 22
0 1 0 1 0 0 1 0 1 0 1 0 0 1 0 1 0 0 0 1 0 1 1 0 0 0 0 0 1 1 1 1 0 1 0 0 1 0 0 0 1 1 0 0 0 1 0 0 0 0 19
0 1 1 0 1 0 1 1 0 0 0 1 0 0 0 0 1 0 1 0 0 1 1 0 1 0 1 1 1 1 0 0 1 1 1 0 0 0 1 1 1 0 1 0 1 1 1 0 1 0 26
1 0 0 0 0 0 0 1 1 1 1 1 0 0 0 1 0 1 1 1 0 0 0 0 1 0 0 0 1 0 1 1 1 1 1 1 1 1 1 0 0 0 0 1 0 1 0 0 1 1 25
0 0 1 0 1 1 0 0 1 0 0 0 0 0 0 1 1 0 0 1 1 1 0 1 1 0 0 1 1 1 0 1 1 1 1 1 0 1 1 1 1 0 1 1 1 1 1 0 1 1 30
1 1 1 0 0 1 0 0 0 1 1 1 0 1 1 1 1 1 1 0 1 1 1 1 1 1 0 1 0 0 0 0 1 1 1 0 1 1 1 1 0 1 0 1 0 0 0 0 1 0 30
1 1 1 1 1 0 0 0 0 1 1 1 1 1 1 0 0 1 0 0 1 0 1 1 1 0 1 0 0 0 0 1 1 0 1 1 1 0 0 0 1 0 0 0 0 0 1 1 0 1 26
0 0 1 1 0 1 1 1 1 0 1 1 0 0 0 1 0 0 0 0 1 0 0 1 1 1 0 0 0 0 0 1 0 0 1 1 0 0 1 1 1 1 1 0 0 0 1 1 0 0 23
1 1 0 0 0 1 0 0 0 0 0 0 0 1 0 1 1 1 0 0 0 0 1 1 0 1 1 1 0 1 1 0 1 0 0 0 1 0 1 0 1 0 0 1 1 0 0 1 1 1 23
0 0 0 1 0 0 1 0 1 0 0 0 1 1 1 1 0 0 0 1 0 1 1 0 1 0 1 1 0 0 0 0 1 1 0 1 1 0 0 1 0 0 0 1 1 0 0 0 0 0 20
1 1 1 1 0 0 0 1 0 1 0 1 1 1 1 1 1 0 1 1 1 1 0 1 1 0 1 0 1 0 1 1 0 1 1 0 1 1 0 1 1 1 0 0 0 1 0 0 0 1 31
1 1 0 1 1 1 0 0 0 0 1 0 1 0 0 0 0 0 1 0 1 0 0 1 0 1 1 0 1 1 1 1 0 0 0 1 0 1 0 0 0 0 1 1 0 1 1 1 1 1 25
0 1 1 1 1 0 0 1 0 0 1 0 1 1 0 0 0 1 1 1 0 0 1 1 0 0 0 1 1 1 0 0 1 1 1 1 1 1 0 0 0 1 1 0 0 0 0 1 1 0 26
1 0 0 0 0 1 0 1 0 1 0 0 1 0 1 0 1 0 1 0 1 0 0 1 1 1 1 1 1 1 0 0 1 1 0 1 1 0 0 1 0 0 0 1 1 0 1 0 1 1 26
1 0 0 1 1 1 1 1 1 0 0 0 1 1 1 0 0 1 1 1 0 1 0 1 1 1 0 1 1 0 0 1 0 1 1 0 1 0 0 0 0 0 0 1 1 1 1 1 1 0 29
0 0 1 1 1 1 0 0 0 0 0 0 1 0 0 1 1 0 1 0 1 0 0 0 0 1 1 1 1 1 1 0 1 0 1 0 1 1 0 1 1 0 1 0 1 0 0 0 0 1 24
0 0 1 0 1 1 1 1 0 0 0 0 0 0 0 1 0 1 0 1 0 1 0 1 1 1 1 0 0 0 0 0 0 0 1 1 0 0 0 0 0 1 1 0 1 0 1 0 0 1 20
0 1 1 0 0 0 1 1 1 1 1 1 0 1 1 1 0 1 1 1 1 0 1 1 1 0 0 0 1 0 0 1 1 1 0 0 1 0 1 1 0 1 1 0 0 0 0 0 0 1 28
1 1 0 1 1 1 0 0 1 1 0 1 1 0 1 1 1 0 0 1 1 1 0 1 0 0 0 1 1 1 0 1 1 1 1 1 1 0 0 0 0 0 1 1 1 1 1 1 0 0 31
0 1 1 1 0 1 0 1 0 1 1 0 0 1 0 0 0 1 1 1 1 1 0 0 1 0 0 0 1 1 1 1 0 0 1 1 0 0 1 0 1 0 1 0 1 0 1 0 0 1 26
0 1 0 0 0 0 0 0 1 0 1 0 1 0 0 0 0 1 1 0 0 1 0 0 1 0 0 1 1 1 0 0 0 0 1 1 0 1 1 0 0 1 0 0 1 1 1 1 1 0 21
0 0 1 1 0 1 1 0 1 0 1 1 0 1 1 0 0 0 1 0 1 0 0 1 1 1 1 0 1 0 1 0 1 1 0 0 0 0 1 0 1 0 0 1 1 1 0 0 0 0 24
1 0 1 0 0 1 0 0 1 0 1 0 0 0 0 1 1 0 0 0 0 1 1 1 1 0 1 1 1 1 0 1 0 0 1 1 1 0 1 0 1 0 0 1 0 0 0 0 0 1 23
0 0 0 1 0 1 1 1 1 0 0 1 0 0 0 1 0 1 0 1 0 0 0 1 0 1 0 1 1 1 0 1 1 1 0 1 1 1 0 1 0 0 1 1 1 1 0 0 1 1 27
1 1 0 0 1 1 0 1 0 0 1 1 0 1 0 0 1 1 0 0 1 1 0 0 1 0 0 1 1 1 1 1 1 0 0 0 0 1 1 0 0 1 1 1 1 0 1 0 1 0 27
0 1 0 0 0 0 1 0 0 1 1 0 1 1 1 0 0 1 1 0 0 1 0 1 0 0 0 1 1 1 0 0 1 1 0 1 0 1 1 1 0 0 0 1 1 1 0 0 1 1 25
1 1 0 1 0 1 0 0 0 0 1 1 1 1 0 0 1 0 1 1 1 0 1 0 1 1 0 1 0 1 1 0 0 1 1 0 0 1 1 1 1 1 0 0 0 0 1 0 1 1 28
1 1 1 1 0 1 1 0 1 0 0 1 1 1 1 1 0 1 0 0 1 0 1 1 0 0 1 1 1 1 1 1 1 1 0 0 0 0 0 0 0 1 1 1 0 0 0 1 1 1 30
0 1 1 0 1 1 1 0 0 1 1 0 1 1 1 0 0 1 0 0 0 1 1 0 0 1 0 1 0 1 1 1 0 1 0 0 1 0 1 0 0 0 0 1 0 1 1 1 0 0 25
0 0 0 0 1 0 1 1 1 0 0 0 0 1 0 0 0 0 1 1 1 1 1 1 1 1 0 1 1 1 1 1 0 1 1 0 0 1 1 1 0 0 1 1 0 0 1 0 1 1 28
1 1 0 0 1 0 0 1 1 1 1 0 1 0 1 0 0 1 0 1 0 0 1 0 0 1 0 1 0 0 1 1 0 1 0 0 0 1 1 0 1 1 1 0 1 0 0 0 0 1 24
1 1 0 0 1 0 1 1 1 0 1 0 0 0 1 0 1 0 0 0 0 1 0 1 1 1 0 1 1 1 0 0 0 0 1 0 0 1 0 1 0 0 1 0 1 0 0 0 1 0 22
0 1 1 1 0 0 1 0 0 1 0 1 1 0 0 1 0 1 0 1 1 1 1 1 0 0 1 1 1 1 1 0 0 1 1 0 0 1 0 0 1 0 0 0 0 0 1 1 0 0 25
0 0 1 0 0 1 0 1 1 1 0 0 1 1 1 1 1 1 1 0 1 1 0 0 1 0 0 0 0 1 0 0 0 1 0 1 0 1 0 1 1 1 1 1 1 1 1 1 1 0 29
0 1 1 1 1 1 0 0 0 1 0 1 1 1 1 0 0 1 0 0 0 1 0 0 0 1 1 0 1 1 1 0 1 0 1 0 0 1 0 1 1 0 0 0 1 1 0 1 0 1 26
1 0 1 1 1 1 1 1 1 0 1 1 1 0 0 0 1 1 0 0 1 0 1 0 1 0 1 1 1 0 1 0 1 1 0 1 0 0 1 0 1 1 0 1 0 1 1 1 1 0 31
1 1 0 0 0 1 1 1 0 0 0 0 1 1 1 0 1 1 0 1 0 0 1 1 0 0 0 1 0 1 1 1 1 1 0 1 1 1 1 0 0 0 1 1 0 0 1 1 1 1 29
0 0 1 0 1 0 1 1 1 1 1 0 0 1 1 0 1 1 0 1 0 0 1 0 1 1 1 1 1 0 1 1 0 0 1 0 1 1 0 1 1 0 0 0 0 0 1 1 0 1 28
1 0 0 1 1 1 0 0 1 0 0 0 0 0 0 0 1 0 0 0 0 0 1 1 1 0 0 1 0 0 0 0 0 1 1 1 1 1 1 1 0 0 0 0 0 0 1 0 1 0 19
0 1 1 0 0 1 1 1 1 1 0 0 0 1 0 0 0 0 0 0 1 1 1 1 0 1 0 0 1 1 1 0 1 0 1 0 0 1 1 0 1 1 0 1 0 0 0 0 1 1 25
0 0 1 1 0 0 0 1 0 1 0 0 0 1 1 0 1 1 1 1 1 0 0 1 1 1 0 1 0 1 0 0 1 0 0 0 1 0 0 1 1 1 0 0 0 1 1 1 0 0 24
1 0 1 1 1 0 1 0 1 0 0 0 1 1 0 0 0 1 0 0 1 0 0 0 0 1 0 0 0 0 1 1 0 1 1 0 0 1 0 0 0 0 1 0 0 0 1 0 0 0 18
0 1 0 1 1 0 0 0 0 0 0 1 1 1 0 0 1 1 1 1 1 1 1 0 1 1 1 0 1 1 0 0 1 0 1 0 1 0 0 1 1 0 1 0 1 1 1 0 0 0 27
233 255 263 242 256 275 254 245 247 226 256 220 250 238 242 250 260 249 244 243 266 237 249 268 254 254 236 256 270 261 244 274 241 257 253 266 241 251 267 261 235 241 254 261 240 254 242 245 236 238 12500
