0 0 0 1 0 0 0 1 1 1 1 0 1 1 1 1 1 1 0 1 1 0 0 1 0 1 1 1 1 0 1 0 1 1 0 1 1 0 1 0 0 1 0 0 0 0 0 0 1 1 27
0 1 0 1 1 0 0 1 1 1 1 0 1 1 0 1 0 0 0 0 1 1 0 0 0 0 0 1 1 1 1 0 0 1 0 1 0 0 1 0 0 1 0 1 1 0 1 1 1 1 26
0 0 0 1 0 1 0 1 1 1 0 0 0 0 0 1 0 0 0 1 0 0 0 1 0 0 1 1 1 1 1 0 0 1 1 1 1 0 1 1 0 0 0 1 1 1 1 0 1 1 25
0 1 0 1 0 0 0 1 1 1 1 0 1 0 0 1 0 1 0 0 0 1 0 1 0 0 0 1 1 0 1 0 1 1 0 1 0 0 1 0 0 1 0 1 1 0 1 1 1 1 25
0 0 1 1 0 1 1 1 1 1 1 0 0 0 0 1 0 0 0 1 1 1 0 1 0 0 0 1 1 1 1 1 1 1 1 1 0 1 0 1 0 1 0 1 1 0 1 0 1 1 30
0 0 0 1 0 0 0 1 1 1 1 0 0 0 0 1 0 0 0 0 0 0 0 0 0 0 0 1 1 1 1 0 0 1 1 1 1 0 1 1 0 0 0 1 0 0 1 0 1 1 20
0 0 0 1 0 1 1 1 1 1 1 0 0 1 0 1 0 0 0 0 1 1 0 0 0 0 1 1 1 1 1 0 0 1 1 1 0 0 0 0 0 1 0 1 0 1 1 0 1 1 25
0 1 1 1 1 0 0 1 1 1 0 0 1 1 1 1 0 0 0 1 1 0 0 1 1 0 0 0 1 0 1 0 1 1 1 0 1 1 1 1 1 0 0 1 0 1 1 0 1 1 30
0 0 0 1 0 0 0 1 1 1 1 0 1 1 0 1 0 1 0 0 0 1 0 0 1 0 0 1 1 0 1 0 0 1 0 1 0 0 1 0 0 1 0 1 0 0 1 1 1 1 23
0 0 0 0 1 0 0 1 1 1 1 0 0 0 0 1 0 0 0 0 1 1 0 1 0 0 0 0 1 1 1 0 0 1 0 1 0 0 1 1 0 0 0 1 1 1 0 1 1 1 22
0 0 0 1 0 0 1 1 0 1 1 0 0 0 0 1 0 0 0 0 1 1 0 1 1 0 1 1 1 0 1 0 0 1 0 1 0 0 1 1 0 1 1 1 0 0 0 0 1 1 23
0 1 0 1 0 0 0 1 0 1 1 0 1 1 0 1 0 0 0 0 1 0 0 1 0 0 0 1 1 0 1 0 1 1 1 1 0 0 1 1 0 0 0 1 0 1 0 1 1 1 24
0 0 0 0 0 0 1 1 1 1 0 0 0 0 0 1 0 1 0 0 1 1 0 0 0 1 0 1 0 1 1 0 0 1 1 1 0 0 1 1 0 1 0 1 0 1 1 1 1 1 24
0 1 0 1 0 0 0 1 1 1 1 0 1 0 1 1 0 0 0 0 0 0 0 0 0 0 0 0 0 0 1 0 0 1 1 1 1 0 1 1 0 0 0 0 0 0 0 0 1 1 18
0 1 1 1 1 0 0 1 0 1 1 0 0 0 1 1 0 1 0 0 1 0 0 1 1 0 1 1 1 1 1 0 0 1 0 1 1 0 1 1 0 1 1 1 0 1 0 0 1 1 29
0 1 0 1 0 0 0 1 1 1 1 0 1 0 1 1 0 1 0 0 1 1 0 0 1 0 0 0 1 1 1 0 0 1 1 1 0 1 1 1 0 0 1 1 0 0 1 0 1 1 27
1 0 0 1 0 0 1 1 1 1 1 0 0 0 0 0 0 0 0 0 1 1 0 1 0 0 0 0 1 1 0 0 0 1 0 1 1 0 1 0 0 1 0 1 0 0 1 1 1 1 22
0 0 1 1 0 0 1 1 0 0 0 0 0 0 0 1 0 1 0 0 1 0 0 1 0 0 0 1 1 1 1 0 0 1 1 1 1 1 0 1 0 1 0 1 1 1 1 0 1 1 25
0 1 0 1 0 1 1 1 1 0 1 0 1 0 0 1 0 0 0 0 0 1 0 1 0 0 0 0 1 1 1 0 0 1 1 1 1 0 1 0 0 1 0 1 0 0 1 1 1 1 25
0 0 1 1 0 0 0 1 1 1 0 0 1 1 0 1 0 0 1 1 0 0 0 1 0 0 0 1 1 1 1 0 1 1 0 1 1 1 1 1 0 1 0 0 0 1 1 0 1 1 27
0 0 0 1 0 0 0 1 1 1 0 0 0 0 1 1 0 0 0 0 1 0 0 1 1 0 1 0 1 1 1 1 1 1 0 1 0 1 1 1 0 1 0 0 0 1 0 1 1 1 25
0 1 0 1 0 0 1 1 1 1 1 0 1 1 0 1 0 1 0 0 0 1 0 0 1 0 0 0 1 0 1 0 1 1 1 1 1 1 0 0 1 1 0 0 1 0 1 1 1 1 28
0 0 1 1 0 0 0 1 1 1 1 0 0 1 1 1 0 1 0 0 0 0 0 1 1 0 1 0 1 0 1 0 0 1 0 1 0 1 1 1 0 0 0 0 1 1 0 0 1 1 24
0 1 0 1 0 0 1 1 1 0 1 0 1 0 0 0 0 1 0 0 1 0 0 1 0 0 0 1 1 0 1 0 1 1 0 1 0 0 1 0 0 1 0 0 0 0 1 0 1 1 21
0 1 0 1 0 0 0 1 1 0 1 0 0 1 1 1 0 1 0 0 1 1 0 0 0 0 0 1 1 1 1 0 0 1 0 1 0 0 1 0 0 0 0 1 0 0 1 1 1 1 23
0 0 0 1 0 1 1 1 1 0 1 1 1 1 1 1 0 1 0 0 1 0 0 1 1 0 0 1 1 0 1 0 0 1 0 1 1 0 1 0 0 1 0 1 0 0 1 1 1 1 28
1 1 0 1 0 0 1 1 0 1 1 0 1 0 0 1 0 0 0 0 1 1 0 1 0 0 0 1 1 0 0 0 0 1 1 1 1 0 1 1 0 0 0 1 0 0 1 0 1 1 24
0 0 0 1 0 0 1 0 0 1 1 0 0 1 1 1 0 0 0 1 1 0 0 0 0 1 0 1 1 1 1 0 1 0 1 1 0 0 1 0 0 0 0 0 1 1 0 0 1 1 22
0 0 0 1 1 0 1 1 1 0 1 1 0 1 0 1 0 1 0 0 1 1 0 1 1 0 0 1 0 1 0 1 1 1 1 1 1 0 1 1 0 1 1 1 0 0 0 0 1 1 29
0 1 0 0 0 0 0 1 1 1 1 1 0 0 0 1 0 0 0 0 1 1 0 1 0 0 0 0 0 0 1 0 0 1 1 1 0 0 1 1 0 0 1 0 0 1 1 1 1 1 22
1 1 0 1 0 0 0 1 0 0 1 0 0 0 1 1 0 0 0 0 1 1 0 1 0 0 1 1 1 0 1 0 1 1 1 1 0 0 1 0 0 1 0 1 1 1 1 0 1 1 26
0 0 0 1 1 1 1 1 1 0 1 0 0 0 0 1 0 1 0 0 1 0 0 1 0 0 1 0 1 0 1 0 1 1 0 1 0 1 1 1 1 0 0 0 0 1 0 0 1 1 24
0 0 0 1 1 0 0 1 0 1 1 1 1 0 0 1 0 1 0 0 1 0 0 1 0 0 0 1 1 1 1 0 1 1 1 1 0 1 0 1 1 1 1 1 1 1 1 0 1 1 30
0 0 0 1 1 0 0 1 1 0 1 0 0 0 0 1 0 0 0 1 1 1 0 1 1 0 0 0 1 1 0 0 0 1 0 1 1 0 1 1 0 1 1 0 1 0 1 0 1 1 24
0 1 0 1 1 0 1 1 1 0 0 0 1 1 0 1 0 1 0 0 0 1 0 1 0 0 1 1 1 1 1 1 0 1 1 1 0 0 1 1 0 1 0 1 1 0 1 0 1 1 29
0 0 0 0 0 1 0 1 1 0 1 0 1 0 0 1 0 0 0 0 1 1 0 0 1 0 0 0 1 0 1 0 0 1 1 1 0 1 1 0 0 1 0 0 0 0 1 0 1 1 20
0 0 1 1 0 0 0 1 1 0 1 0 1 1 0 1 0 1 0 0 0 0 0 1 1 0 0 0 1 0 1 0 0 1 1 1 0 0 1 0 0 1 0 1 0 0 0 1 1 1 22
0 1 0 1 0 0 0 1 1 1 1 0 1 0 0 0 0 0 0 0 1 0 0 1 1 0 0 1 1 1 1 0 1 1 0 1 1 0 1 1 1 1 0 0 0 0 1 1 1 1 26
0 0 0 1 0 0 1 1 1 1 0 0 0 0 0 1 1 1 0 0 1 0 0 1 1 0 1 0 0 0 1 0 0 1 0 1 0 0 1 0 0 1 0 0 0 0 0 0 1 1 19
0 0 0 1 0 0 0 1 1 1 1 0 0 0 0 1 0 1 0 1 1 1 0 1 0 1 0 1 1 1 1 0 1 1 0 1 0 0 1 1 0 0 0 1 0 0 1 0 1 1 25
0 0 0 1 0 0 0 1 1 1 1 0 0 1 0 1 0 1 0 0 0 0 1 1 0 0 0 0 1 1 1 0 0 1 1 1 0 0 1 0 1 1 0 0 0 0 0 1 1 1 22
0 0 0 0 0 0 0 1 1 1 1 0 0 0 0 1 0 1 0 0 1 1 0 1 0 0 0 0 1 0 1 0 1 1 1 1 0 0 1 0 1 1 0 1 0 0 0 1 1 1 22
0 0 0 1 1 0 0 1 0 1 1 0 0 0 1 1 0 1 0 0 0 0 0 1 0 0 0 1 1 1 1 0 0 1 0 1 0 0 1 1 1 1 0 0 0 1 1 1 1 1 24
0 0 0 0 0 0 1 1 1 1 1 0 1 0 1 1 0 0 0 1 1 0 0 1 0 0 0 1 0 1 1 0 0 1 0 1 0 0 1 0 0 0 0 1 0 0 1 0 1 1 21
0 1 1 1 0 0 1 1 1 0 1 1 0 1 1 1 0 1 0 0 1 1 0 1 0 1 0 0 1 1 1 0 1 1 1 1 1 0 1 0 0 0 0 1 0 0 0 0 1 1 28
0 0 0 1 0 0 1 1 1 1 1 0 0 1 0 1 0 1 0 0 1 0 0 1 0 0 0 0 1 1 0 0 0 1 0 1 0 1 1 1 0 1 1 1 0 0 0 1 1 1 24
0 0 0 1 1 1 0 1 1 0 0 0 0 0 0 1 0 1 0 0 1 1 0 0 1 0 1 0 1 0 1 0 1 1 1 1 0 0 1 0 0 0 0 1 0 1 1 0 1 1 23
0 0 0 1 0 0 1 1 1 0 1 0 0 0 1 1 0 0 0 0 1 0 0 0 1 0 0 1 1 1 1 0 1 1 0 1 0 0 1 1 0 1 0 1 1 0 1 1 1 1 25
0 0 1 0 0 0 1 1 1 1 0 0 0 0 0 1 0 1 0 0 1 0 0 1 1 0 1 1 1 1 1 0 0 1 0 1 1 1 0 1 0 1 0 1 0 0 1 1 1 1 26
0 1 1 1 0 0 0 1 0 0 1 0 1 1 1 1 0 0 0 0 1 1 0 1 0 0 1 1 1 0 1 1 0 1 1 1 1 0 1 1 0 1 1 0 0 1 1 1 1 1 30
0 1 1 1 0 0 0 1 0 1 0 0 1 1 1 1 0 0 0 0 1 0 0 1 0 0 1 0 1 0 1 0 0 1 0 1 0 0 0 0 1 0 0 1 1 0 1 0 1 1 22
0 1 0 1 0 0 1 1 1 1 1 0 0 1 0 1 0 1 0 0 1 0 0 1 1 0 0 0 0 0 1 0 1 1 0 1 1 0 1 1 1 0 0 1 0 0 0 0 1 1 24
0 0 0 1 0 0 0 1 1 1 1 1 0 0 0 0 0 0 0 0 0 0 0 1 0 0 0 1 1 1 1 0 1 1 0 1 0 0 1 0 0 1 0 1 0 1 1 0 1 1 21
0 0 1 1 0 0 0 1 0 1 0 0 1 1 0 1 0 1 0 0 1 0 0 1 1 0 0 1 1 1 1 0 0 1 0 1 1 0 1 0 0 0 1 1 0 0 0 1 1 1 24
0 1 0 1 0 0 1 1 1 1 1 0 0 0 0 1 0 1 0 0 1 0 0 0 1 0 0 0 1 1 1 0 1 1 1 1 1 0 1 1 0 1 0 1 0 0 1 0 1 1 26
1 0 0 1 0 0 1 1 1 0 0 0 0 1 1 1 0 1 0 0 1 0 0 1 1 0 0 1 1 1 1 0 1 1 1 1 0 0 1 0 0 0 0 0 1 0 1 1 1 1 26
0 1 0 1 0 0 0 1 1 1 1 0 0 1 0 1 0 1 0 1 1 1 0 1 0 0 1 0 1 1 0 0 0 0 1 1 1 0 1 1 0 0 0 1 1 0 1 1 1 1 27
0 0 1 1 0 0 0 1 1 1 1 0 1 1 0 1 0 1 0 0 1 0 0 1 1 0 1 1 1 0 1 0 1 1 1 1 0 0 1 1 0 0 0 1 0 0 1 1 1 1 28
1 1 0 1 0 0 0 1 1 1 1 1 0 0 1 1 0 1 0 0 0 1 0 1 1 0 0 1 1 0 1 1 0 1 1 1 1 1 1 0 0 1 0 1 0 1 1 1 1 1 31
0 0 0 1 1 0 1 1 1 0 1 0 0 0 1 1 0 1 0 0 1 0 0 1 1 0 0 1 1 1 0 0 1 1 0 1 1 0 0 1 0 1 0 1 0 0 1 0 1 1 25
0 0 0 1 0 1 0 1 0 1 0 0 0 0 0 1 0 1 1 0 1 1 1 1 0 0 0 0 1 0 1 0 1 1 0 1 0 0 1 0 0 1 0 0 0 1 1 0 1 1 22
0 0 0 1 0 0 0 1 1 0 1 0 0 0 1 1 0 0 0 0 1 0 0 0 1 0 0 0 1 1 0 0 1 1 1 1 0 0 1 1 0 1 0 1 0 1 1 0 1 1 22
0 1 1 1 0 0 0 1 1 1 1 0 1 0 0 0 0 0 0 0 1 0 0 1 0 0 1 1 1 0 1 0 0 0 0 1 0 0 1 1 0 0 0 1 0 0 1 0 1 1 21
0 0 0 1 0 1 0 1 1 0 1 1 0 1 0 1 0 1 0 0 1 0 0 1 1 0 1 1 1 1 1 0 1 1 1 1 0 1 1 0 0 0 0 1 0 1 1 1 1 1 29
0 1 0 1 0 0 0 1 0 1 0 0 1 0 0 1 0 0 0 0 1 1 0 1 1 0 0 0 1 1 1 0 0 1 1 1 1 0 1 1 1 0 0 1 0 1 0 0 1 1 24
0 1 1 1 1 0 1 1 1 1 1 1 1 0 1 1 0 1 0 0 1 1 0 1 1 0 0 0 1 1 1 0 0 1 0 1 1 1 1 1 0 1 0 1 0 0 0 0 1 1 31
0 0 1 1 1 0 0 1 1 1 0 0 0 0 0 0 1 1 0 0 1 1 0 1 1 0 0 1 1 1 1 0 0 1 1 1 1 0 1 1 0 1 0 0 0 1 0 0 1 1 26
0 1 1 1 0 0 0 1 1 1 0 0 1 1 0 0 0 0 0 0 1 0 0 1 1 0 0 0 1 1 1 0 1 1 1 1 0 0 1 0 0 0 1 1 0 1 0 0 1 1 24
0 0 0 1 0 0 1 1 1 1 1 0 0 1 1 0 0 1 0 0 0 1 1 0 1 0 0 1 1 1 1 1 1 1 1 1 0 1 1 1 0 0 0 1 0 0 0 1 1 1 28
0 0 0 1 0 0 0 1 1 0 1 0 1 0 0 0 0 1 0 0 1 1 0 1 1 0 0 1 1 1 1 1 1 1 0 1 0 0 1 1 0 1 1 0 0 0 1 1 1 1 26
0 0 0 1 0 1 0 1 1 1 0 0 0 0 0 1 0 1 0 1 0 0 0 1 0 0 0 0 1 1 1 0 1 1 0 1 1 0 1 0 0 0 1 1 0 1 1 0 1 1 23
0 1 0 1 0 0 1 1 0 1 1 0 0 1 0 1 0 0 0 0 1 0 0 1 0 0 0 0 0 1 1 0 1 1 1 1 0 0 1 1 0 0 0 1 0 1 0 0 1 1 22
0 1 0 0 0 0 0 1 0 1 1 0 1 0 0 0 0 0 0 0 0 1 0 1 1 0 0 0 1 1 1 0 1 1 1 1 0 1 0 0 0 0 1 0 0 1 0 1 1 1 21
0 1 0 1 0 0 0 1 1 1 0 0 0 0 0 0 0 1 0 0 1 0 0 0 0 0 0 0 1 1 1 0 0 1 0 1 1 0 1 1 0 1 0 1 0 0 0 1 1 1 20
0 0 1 1 0 1 1 1 1 1 0 0 0 0 0 0 0 0 0 0 1 0 0 0 0 0 0 1 1 1 0 0 1 1 0 1 0 0 1 1 0 1 0 1 1 1 0 1 1 1 23
0 0 0 1 0 0 0 1 1 0 1 0 1 0 0 1 0 1 0 0 0 1 0 1 0 0 1 1 1 1 1 0 1 1 0 1 1 1 1 1 0 0 0 1 0 1 1 0 1 1 26
0 0 0 1 1 0 0 1 0 1 0 0 0 0 0 1 0 1 0 0 1 0 0 1 0 0 0 0 1 1 1 0 0 1 0 1 1 1 1 0 0 0 0 1 0 1 1 1 1 1 22
0 0 0 1 0 1 0 1 1 1 1 0 1 1 1 0 0 0 0 0 1 0 0 1 0 0 1 0 1 1 1 0 1 1 0 1 1 0 1 1 0 1 0 0 0 0 0 0 1 1 24
0 0 0 1 0 0 0 1 1 0 0 0 0 0 0 1 0 1 0 0 1 1 0 0 0 0 0 1 1 1 1 0 1 1 1 1 0 1 1 1 0 1 0 0 0 0 0 1 1 1 22
0 1 1 1 0 0 0 1 1 1 0 0 0 1 1 1 0 0 1 0 1 0 0 1 0 0 1 0 1 1 1 0 0 1 1 1 0 0 1 1 0 1 1 0 0 0 0 0 1 1 25
0 1 0 1 0 0 1 1 0 1 1 0 1 0 0 1 0 1 0 0 1 0 0 1 0 0 0 0 1 1 1 0 1 1 0 1 1 0 1 0 1 0 0 1 0 0 1 1 1 1 25
0 0 0 1 0 1 1 1 1 1 0 0 1 0 1 1 0 1 0 1 1 0 0 1 0 0 0 1 1 0 1 0 1 1 0 1 0 0 1 1 0 0 1 0 0 1 1 0 1 1 26
0 0 0 1 0 1 1 1 1 1 0 0 0 0 0 1 0 1 0 1 1 1 0 1 0 0 0 1 1 1 1 0 0 1 1 1 0 0 1 0 0 1 0 1 0 1 1 0 1 1 26
0 0 1 1 0 0 1 1 1 1 1 0 0 0 0 0 0 0 0 0 0 0 0 1 1 0 0 0 1 1 1 0 1 1 1 1 0 0 1 1 0 0 1 1 0 1 0 0 1 1 23
0 0 0 1 0 0 0 1 0 1 1 0 0 0 1 1 0 0 0 1 0 1 0 0 1 0 1 1 1 1 1 0 1 1 0 1 1 1 1 1 0 0 0 0 1 0 1 1 1 1 26
0 0 0 1 0 1 0 1 1 1 1 0 1 1 0 0 0 1 0 0 1 1 0 0 1 1 1 1 1 0 1 0 0 1 0 1 0 0 1 1 0 1 0 0 1 0 1 0 1 1 26
0 0 0 1 0 0 1 1 1 1 1 1 0 0 1 1 0 1 0 0 0 1 0 1 1 0 0 1 1 1 0 0 0 1 1 1 0 0 0 1 0 0 0 1 1 0 1 1 1 1 26
0 1 0 0 0 0 0 1 1 1 1 0 0 0 1 1 0 0 0 0 1 0 0 1 0 0 0 1 1 1 1 1 1 1 1 1 0 1 0 1 1 0 0 1 1 1 0 0 1 1 26
0 1 0 1 1 0 0 1 1 1 1 0 1 1 1 1 0 1 0 0 1 1 0 1 1 0 0 1 1 0 1 0 1 0 0 1 0 0 1 0 0 0 0 1 0 0 1 1 1 1 27
0 0 0 1 0 0 0 1 1 0 1 0 1 1 1 0 0 1 0 0 0 1 0 1 0 0 0 0 1 1 1 0 1 1 1 1 0 0 1 0 0 1 0 1 0 0 1 0 1 1 23
0 0 0 1 0 1 0 1 1 1 0 0 0 0 0 1 0 1 0 0 1 0 0 0 0 0 0 1 1 1 0 1 0 1 1 1 1 0 1 1 0 1 0 1 0 0 1 0 1 1 23
0 1 0 0 0 0 0 1 0 1 1 0 1 0 0 1 0 1 0 0 0 0 0 1 0 0 1 0 1 1 1 1 1 1 1 1 1 0 1 1 0 0 0 0 0 0 1 0 1 1 23
0 0 0 1 0 1 0 1 1 0 1 0 1 0 0 1 0 1 0 0 0 0 0 1 0 0 0 0 1 0 1 0 0 1 1 1 0 0 1 1 0 1 1 1 0 0 0 0 1 1 21
0 0 0 1 0 0 0 1 1 1 1 0 0 1 1 1 0 1 0 0 0 0 0 1 0 0 0 1 0 1 1 1 1 1 1 1 1 1 1 0 0 1 1 1 0 0 0 0 1 1 26
0 0 0 1 1 0 0 1 1 1 1 0 0 0 0 1 0 0 0 1 1 0 1 1 0 0 0 1 1 1 1 0 1 1 1 1 0 1 0 0 0 0 0 1 0 1 0 1 1 1 25
0 1 0 1 0 1 0 1 1 1 1 0 1 0 1 1 0 0 0 0 1 1 0 1 0 0 0 0 1 1 1 0 1 1 1 1 0 0 1 1 1 1 0 0 0 1 1 0 1 1 28
0 0 0 0 0 0 0 1 1 1 1 0 0 0 1 1 0 1 0 0 0 1 0 1 0 0 0 0 1 1 1 0 0 1 1 1 1 0 1 0 0 1 0 1 1 0 1 0 1 1 23
0 0 1 1 0 0 1 1 1 1 1 0 1 1 1 1 0 1 0 0 1 1 0 0 0 0 0 0 0 0 1 0 1 1 1 1 0 0 1 1 0 1 0 1 1 0 1 0 1 1 27
0 0 0 1 0 0 0 1 1 1 1 0 1 0 0 1 0 0 0 1 1 1 0 1 1 0 0 1 1 1 1 0 1 1 0 1 0 0 1 1 1 1 1 1 1 1 1 1 1 1 31
0 0 1 0 1 1 0 1 1 1 1 0 0 0 0 1 0 0 0 1 1 1 0 1 1 0 0 1 1 0 1 0 0 1 0 1 1 1 1 0 0 1 0 0 1 0 1 0 1 1 26
0 0 1 1 1 0 0 1 1 1 0 0 0 0 1 1 0 1 0 0 1 0 0 1 0 0 1 0 1 1 1 1 0 1 1 1 1 0 1 1 0 1 0 1 0 1 0 0 1 1 27
0 0 1 1 0 0 0 1 1 1 0 0 0 0 1 1 0 0 0 1 0 0 0 1 1 0 0 0 1 0 1 0 1 1 0 1 0 0 1 1 1 0 0 0 0 0 0 1 1 1 21
0 0 0 1 0 0 0 1 1 1 1 0 0 1 0 1 0 0 0 0 0 1 0 0 1 0 0 0 0 0 1 0 0 1 1 1 1 0 1 1 0 0 0 1 1 0 0 0 1 1 20
1 1 1 1 0 0 0 1 1 1 1 0 0 0 1 1 0 0 0 0 0 1 0 0 1 0 0 0 1 0 1 0 1 1 0 1 0 1 1 1 0 1 0 1 0 0 0 1 1 1 25
0 1 0 1 1 0 0 1 1 1 1 0 1 1 1 1 0 0 0 1 1 1 1 1 1 0 1 1 1 0 1 0 1 1 1 1 1 0 1 0 0 1 1 1 0 0 1 1 1 1 34
0 0 0 1 0 0 0 1 1 1 1 0 1 1 1 1 0 1 0 0 1 0 0 1 1 0 0 0 1 0 0 0 0 1 1 1 0 0 1 0 1 0 0 0 0 0 0 0 1 1 21
0 1 0 0 0 1 0 1 0 1 0 1 1 0 1 1 0 0 0 0 1 1 0 1 1 0 0 0 1 0 1 0 1 1 1 1 0 0 1 0 0 1 0 1 0 1 0 1 1 1 25
0 1 1 1 0 0 0 1 1 1 1 0 0 0 1 1 0 0 0 0 1 0 0 1 0 0 1 0 1 0 1 0 0 1 1 1 0 0 1 0 0 1 1 1 1 1 0 1 1 1 26
0 1 0 1 0 1 0 1 1 1 1 0 1 1 0 0 0 0 0 0 0 1 0 1 1 0 0 0 1 0 1 0 0 1 0 1 1 1 1 0 0 1 0 1 0 0 1 0 1 1 24
0 0 0 1 0 1 0 1 1 1 0 1 1 0 1 1 1 0 0 0 1 1 0 1 1 0 0 0 1 1 1 0 1 1 1 1 0 0 1 1 0 0 1 0 0 1 0 1 1 1 28
0 0 1 1 1 0 0 1 1 1 1 0 0 0 1 1 0 1 0 0 1 1 0 0 1 0 1 1 1 0 1 0 1 1 0 1 0 1 0 0 0 1 0 1 0 0 1 1 1 1 27
0 1 1 1 0 0 0 1 1 1 0 1 1 0 0 1 0 1 1 0 1 1 0 0 1 0 0 1 1 1 1 0 0 1 0 1 0 0 1 1 0 1 0 0 0 0 1 0 1 1 26
1 0 1 1 0 0 0 1 1 0 1 0 1 0 1 1 0 1 0 0 1 1 0 1 1 1 0 0 1 0 1 0 1 1 0 1 0 0 1 0 0 1 0 1 0 0 0 0 1 1 25
0 1 1 0 0 0 0 1 1 1 1 0 1 1 1 1 0 0 0 0 1 0 0 1 0 0 0 1 1 1 1 0 0 1 0 1 0 0 1 1 0 1 0 1 0 0 0 0 1 1 24
0 0 0 0 1 0 0 1 1 1 0 1 1 0 0 1 0 0 0 0 0 1 0 1 0 0 0 1 1 0 1 0 0 1 1 1 0 1 1 1 0 1 0 1 1 1 0 0 1 1 24
0 0 0 1 0 1 0 1 0 1 1 0 1 0 0 1 0 1 0 0 1 1 0 1 1 0 0 0 1 0 1 0 0 1 0 1 0 0 1 1 0 1 1 1 0 0 1 0 1 1 24
0 1 0 1 0 0 0 1 1 1 1 0 0 0 0 1 0 0 0 0 1 0 0 1 0 1 0 1 1 1 1 1 1 1 1 1 1 0 1 0 0 1 1 1 0 1 1 0 1 1 28
0 1 1 1 1 0 0 1 0 0 1 1 1 1 0 1 0 1 0 0 1 1 0 1 1 0 0 1 1 1 1 0 1 1 1 1 1 0 1 1 0 1 0 1 0 1 1 0 1 1 32
0 0 1 1 0 0 1 1 1 0 1 0 0 0 0 1 0 1 0 0 1 0 0 1 0 0 0 0 1 0 1 0 0 1 1 1 0 0 1 1 1 1 0 1 0 1 1 1 1 1 25
0 0 0 1 0 1 0 1 1 1 0 0 0 0 1 0 0 1 0 0 1 1 0 1 0 0 0 0 1 1 1 0 1 1 1 1 0 0 1 0 0 0 0 1 0 0 0 0 1 1 21
1 1 0 1 0 1 1 1 1 1 0 0 1 1 1 0 0 1 0 0 1 1 0 1 0 0 0 0 1 1 1 0 1 1 0 1 1 0 1 1 0 0 0 0 0 0 0 0 1 1 26
0 0 0 1 0 0 0 1 1 1 1 0 1 0 0 0 0 1 0 0 1 1 0 1 0 0 1 0 0 1 1 0 0 1 1 1 1 0 1 0 0 1 0 1 0 1 0 1 1 1 24
0 0 0 1 0 0 0 1 1 1 1 0 0 0 1 1 0 0 0 0 0 1 0 1 0 0 1 1 1 1 1 1 1 1 1 1 0 0 1 1 0 1 0 1 0 0 1 1 1 1 27
0 0 1 1 1 0 0 1 1 1 1 0 0 0 1 1 0 0 0 1 1 0 0 1 0 1 0 0 1 1 0 0 1 1 1 1 1 0 1 1 0 1 0 1 0 1 1 1 1 1 29
0 1 0 1 0 1 0 1 1 1 0 0 0 0 1 1 0 0 1 1 0 1 0 1 1 0 0 1 1 1 1 1 0 0 0 1 0 0 1 0 0 0 0 1 0 1 0 0 1 1 24
0 0 0 1 1 0 0 1 1 1 0 0 0 0 1 0 0 1 0 0 1 0 0 1 0 0 0 0 1 1 1 1 0 1 0 1 0 0 1 1 0 1 0 1 0 0 1 0 1 1 22
0 0 0 1 0 0 0 1 1 1 1 0 0 0 0 0 0 0 0 0 1 1 0 1 1 0 1 0 1 1 1 0 1 1 1 1 0 0 1 0 0 1 0 1 0 0 0 1 1 1 23
0 0 0 1 1 0 1 1 1 1 1 1 1 0 1 1 0 1 1 0 1 1 0 1 0 0 0 0 1 0 0 0 0 1 1 1 0 0 1 0 0 1 0 0 0 1 1 1 1 1 27
0 0 0 0 0 1 0 1 1 1 0 0 1 0 1 1 0 1 0 1 1 0 0 1 0 0 0 1 1 1 1 1 0 1 1 1 0 0 0 1 1 1 0 1 1 0 0 1 1 1 27
0 1 0 1 0 1 1 1 1 1 1 0 0 1 0 1 1 1 1 1 1 1 0 1 1 0 0 0 1 1 1 0 1 1 0 1 0 0 0 0 0 0 0 1 0 1 0 1 1 1 29
0 0 0 1 0 0 0 1 1 1 1 0 0 0 0 1 0 0 0 0 1 0 0 0 1 0 0 0 1 1 1 0 1 1 0 1 1 0 0 1 0 1 0 1 0 0 0 0 1 1 20
0 0 0 1 1 0 0 1 1 1 1 1 1 1 1 1 0 1 0 0 0 0 0 0 0 0 0 0 1 0 1 1 1 1 1 1 1 1 1 1 0 1 0 0 1 0 1 0 1 1 28
0 0 0 1 1 0 0 1 1 1 0 0 1 0 0 0 1 0 0 0 1 1 0 1 1 0 0 1 1 0 0 0 0 1 0 1 0 0 1 1 0 1 0 0 1 1 1 0 1 1 23
0 1 0 0 0 0 0 1 1 1 1 0 0 0 0 1 0 1 1 1 0 0 0 1 0 0 1 0 1 1 1 1 0 1 0 1 0 0 1 1 0 0 0 1 0 0 1 0 1 1 23
0 0 0 0 1 1 1 1 1 1 1 0 0 0 0 1 0 1 0 0 1 0 0 1 0 0 0 1 1 1 1 0 1 1 0 1 0 0 0 1 0 0 0 1 0 1 1 1 1 1 25
0 0 0 1 0 0 0 1 1 1 1 0 0 0 0 1 0 1 0 1 1 1 0 1 0 0 1 1 1 0 1 0 1 1 0 1 0 0 1 1 0 1 1 1 0 0 1 0 1 1 26
0 0 1 0 1 0 0 1 1 1 0 1 0 0 0 1 0 1 1 0 0 1 0 1 1 0 0 1 0 1 1 0 0 1 0 1 0 0 0 1 0 1 1 0 0 0 0 0 1 1 22
0 0 0 1 1 1 0 1 0 1 0 0 0 0 0 1 0 0 0 0 1 1 0 1 0 0 0 0 1 1 1 0 0 1 0 1 0 0 1 1 0 1 0 1 1 0 1 0 1 1 22
0 1 0 1 0 1 0 1 1 1 1 0 0 1 0 0 0 0 0 0 0 1 0 1 0 0 0 0 1 1 1 0 0 1 1 1 0 0 0 0 0 1 0 1 0 0 1 1 1 1 22
0 1 1 0 0 0 0 1 1 1 1 0 0 0 0 1 0 0 0 0 1 1 0 1 1 1 0 1 1 1 1 0 1 1 0 1 0 0 1 0 0 1 0 1 1 1 0 0 1 1 26
0 0 0 1 0 0 0 1 1 1 0 0 1 1 0 1 0 1 0 0 0 0 0 1 0 0 0 1 1 1 1 0 0 1 0 1 0 0 1 1 0 1 0 1 0 1 0 1 1 1 23
0 1 0 1 1 0 0 1 1 1 1 0 0 0 0 1 0 0 0 1 0 1 0 1 1 0 0 0 1 0 0 0 1 1 0 1 0 0 0 0 1 1 0 0 0 1 0 0 1 1 21
0 0 0 1 0 0 1 1 1 1 0 0 1 0 0 1 0 1 0 0 0 0 0 0 1 0 1 0 0 0 0 0 1 1 1 1 1 0 1 1 0 1 0 1 0 0 1 1 1 1 23
0 0 0 1 0 0 0 1 0 1 1 0 0 0 1 1 0 0 0 0 1 1 0 1 0 0 0 1 1 1 1 0 1 1 1 1 0 0 1 1 0 1 0 1 0 0 1 1 1 1 25
0 0 0 0 0 0 0 0 1 1 1 0 0 1 1 1 0 1 0 0 1 0 0 0 1 0 0 1 1 0 1 0 0 1 1 1 0 0 1 0 0 0 1 1 0 0 1 0 1 1 21
0 1 0 1 1 0 0 1 1 1 0 0 1 0 0 1 0 1 0 0 1 1 0 0 1 0 0 1 1 1 1 0 1 1 0 1 1 0 1 1 0 1 0 0 0 1 0 1 1 1 27
1 1 1 1 0 0 0 1 1 1 0 0 1 1 1 1 0 0 0 1 1 1 0 1 1 0 0 0 1 1 1 0 0 1 0 1 0 1 1 0 0 1 0 1 0 1 1 1 1 1 30
0 1 0 1 0 0 0 1 1 0 1 1 0 0 0 0 0 0 0 0 1 1 0 1 1 0 1 0 1 0 1 1 0 1 1 1 0 0 1 1 1 0 0 1 1 1 1 0 1 1 26
0 0 0 1 0 0 0 1 1 1 1 1 0 1 1 1 0 1 0 0 0 0 0 0 1 0 0 0 0 1 1 0 0 1 1 1 1 0 1 1 1 0 0 1 0 1 1 1 1 1 26
0 0 1 1 0 1 0 1 1 1 1 0 1 0 0 0 1 0 0 0 1 0 1 1 1 0 0 1 1 1 1 0 0 1 0 1 0 0 1 0 0 1 0 1 0 0 1 0 1 1 25
0 0 0 1 0 0 0 1 1 1 0 0 0 0 1 0 0 1 0 0 1 1 0 1 0 0 0 1 1 1 1 0 1 1 1 1 1 0 1 0 0 1 0 1 0 1 1 0 1 1 25
0 1 0 1 0 0 0 1 1 1 1 1 0 0 0 1 0 1 0 1 1 0 0 0 1 0 0 0 1 0 1 0 1 1 0 1 1 0 1 1 0 1 0 1 1 0 1 1 1 1 27
0 0 0 1 0 0 0 1 1 1 1 0 1 1 1 1 0 1 1 0 1 0 0 1 1 0 1 0 1 1 1 0 1 1 1 1 0 0 1 1 0 0 1 1 0 0 0 0 1 1 28
1 1 0 1 0 0 0 1 1 1 0 0 1 0 0 1 0 1 0 0 0 1 0 1 1 0 0 0 1 1 1 0 0 1 0 1 1 1 1 0 0 1 0 1 1 1 0 0 1 1 26
0 1 0 1 0 0 0 1 1 1 0 0 0 0 0 1 0 0 0 1 1 1 0 0 0 0 0 0 1 1 1 0 1 1 1 1 1 0 1 0 0 1 0 1 0 0 0 0 1 1 22
0 0 1 1 0 1 0 1 1 1 1 0 0 0 0 1 0 1 1 0 0 1 0 0 0 0 0 1 1 1 1 0 0 1 0 1 0 0 0 1 0 1 1 1 0 1 1 1 1 1 26
0 1 0 1 0 0 0 1 1 1 0 0 0 0 1 0 0 1 0 0 1 1 0 1 1 0 0 1 1 0 1 0 0 1 1 1 0 1 1 1 0 0 0 1 0 0 0 0 1 1 23
0 0 0 0 0 0 0 1 1 1 1 0 0 0 0 1 0 0 1 0 0 1 0 1 0 0 0 0 1 1 1 0 1 1 1 1 0 0 0 1 0 1 1 0 0 0 1 1 1 1 22
0 0 1 1 0 0 1 1 1 1 1 0 1 0 1 1 1 1 0 0 1 1 1 1 1 0 0 1 1 0 1 1 1 1 0 1 0 0 1 1 0 1 0 0 0 0 1 0 1 1 30
0 1 0 1 0 0 0 1 1 1 1 0 1 0 0 1 0 1 0 0 1 0 0 1 0 0 0 1 1 1 1 0 1 1 0 1 1 0 1 0 0 0 1 0 1 0 0 0 1 1 24
0 0 0 0 0 1 0 1 1 0 1 0 0 1 0 1 0 1 0 0 1 1 0 1 1 0 0 1 1 1 1 0 0 1 1 1 0 0 1 1 0 1 0 0 0 0 1 0 1 1 24
1 0 1 1 1 0 1 1 1 1 0 0 1 0 0 0 0 1 0 0 1 1 0 0 1 0 0 1 1 1 1 0 0 1 1 0 1 0 0 0 0 1 0 0 0 0 1 0 1 1 24
0 0 0 0 0 0 1 1 1 1 1 0 0 1 1 1 0 0 0 0 1 1 0 0 1 0 0 0 1 0 1 0 0 1 0 1 0 0 1 0 1 0 0 1 0 0 1 0 1 1 21
0 0 0 0 1 0 0 1 1 0 1 0 0 0 0 1 0 1 0 0 1 1 0 0 1 1 0 0 1 1 1 0 1 0 0 1 0 0 0 1 0 1 0 1 0 0 1 0 1 1 21
0 0 0 1 0 0 0 1 1 1 1 1 0 1 1 1 0 0 0 0 1 1 0 1 0 0 0 0 1 1 1 0 1 1 1 1 1 0 1 1 0 0 0 0 0 0 0 0 1 1 24
0 0 1 1 0 0 0 1 1 1 1 0 0 1 0 0 0 1 0 1 1 0 0 1 0 0 0 0 1 1 1 1 0 1 0 1 0 0 0 1 0 0 0 0 0 0 1 0 1 1 21
0 1 1 1 1 1 0 1 1 1 1 0 1 0 0 1 0 1 0 0 1 1 0 1 0 0 0 1 0 1 1 0 1 1 0 1 0 1 0 1 0 1 0 1 1 1 1 0 1 1 30
0 1 0 1 1 0 0 1 1 1 1 0 0 1 1 1 0 1 0 0 0 0 0 1 0 0 0 1 1 1 1 0 1 1 1 1 1 0 1 0 0 1 0 0 0 0 1 1 1 1 27
0 0 1 0 0 0 1 1 0 1 0 0 1 1 0 1 1 1 0 1 1 0 0 1 1 0 0 0 1 1 1 0 1 0 1 1 1 0 1 1 0 0 0 1 1 0 1 0 1 1 27
0 1 0 1 0 0 1 1 1 1 1 0 1 0 0 1 0 1 0 0 0 1 0 1 0 0 1 1 1 1 1 0 1 1 1 1 1 0 1 0 0 1 0 0 1 0 1 0 1 1 28
0 0 0 1 0 0 0 1 0 1 0 1 0 0 1 1 0 1 0 0 1 1 0 1 0 0 0 0 1 0 1 0 1 0 0 1 0 0 0 1 0 1 0 1 0 1 0 0 1 1 20
1 0 0 1 0 1 0 1 1 1 1 0 0 0 1 1 0 1 0 0 1 0 0 1 0 0 1 0 1 1 1 1 1 1 1 1 0 0 1 1 0 1 0 1 1 0 1 0 1 1 29
0 0 0 1 0 0 0 1 1 1 0 0 1 0 1 1 0 0 0 0 1 1 0 0 1 0 0 0 1 0 1 0 0 1 1 1 0 0 1 0 0 1 1 1 0 1 0 0 1 1 22
0 1 0 1 0 0 0 1 1 1 0 0 1 1 0 1 0 1 0 1 1 1 0 1 0 0 0 0 1 1 1 0 1 1 1 1 1 0 1 0 0 0 0 1 0 1 1 0 1 1 27
0 0 1 0 0 0 0 1 1 1 1 0 1 0 0 1 0 0 0 0 0 0 0 0 1 0 1 0 0 0 1 0 1 1 1 1 1 0 1 1 0 0 1 1 0 0 1 0 1 1 22
0 1 0 0 0 0 0 1 1 1 1 0 0 0 0 1 1 1 0 0 1 0 0 0 1 0 0 1 1 1 1 0 1 1 0 1 0 0 1 1 0 1 0 1 0 1 0 0 1 1 24
0 1 0 1 0 0 0 1 0 1 1 0 0 0 0 1 0 1 0 0 1 0 0 0 1 0 0 1 1 1 1 0 1 1 1 1 1 0 1 0 0 0 0 0 1 0 0 1 1 1 23
0 1 1 0 0 0 0 1 1 1 1 0 1 0 0 1 0 0 0 1 0 1 0 1 1 0 0 1 1 1 1 0 1 1 0 1 0 0 1 0 0 0 1 1 1 1 1 0 1 1 27
0 0 0 1 0 1 1 1 1 1 0 0 1 0 0 1 0 1 0 0 1 1 0 1 1 0 0 1 1 0 1 1 0 1 1 1 1 0 1 0 0 1 0 0 0 0 1 1 1 1 27
0 1 0 1 0 0 0 0 1 1 1 0 0 0 0 1 0 1 0 0 0 1 0 1 1 0 0 1 1 0 1 1 0 1 1 1 0 0 1 1 0 0 0 0 0 0 1 0 1 1 22
0 0 1 1 0 0 0 1 1 1 0 0 0 0 0 1 0 0 0 1 0 1 0 0 1 0 0 1 1 0 1 0 0 1 1 1 1 0 1 1 0 1 0 1 0 1 0 1 1 1 24
0 1 0 1 0 0 0 1 1 1 1 0 0 0 0 1 0 1 0 0 1 1 0 1 1 0 0 0 1 1 1 0 0 1 1 1 0 0 1 0 0 1 1 1 0 0 0 1 1 1 25
0 0 0 1 0 0 0 1 1 1 0 0 0 0 1 1 0 0 0 1 1 0 0 1 0 0 1 0 1 1 1 1 0 1 0 1 0 1 1 0 0 1 0 1 0 0 1 1 1 1 24
0 0 1 1 0 0 0 1 1 1 1 0 0 1 0 1 0 0 0 0 1 1 0 1 0 0 1 0 1 1 1 0 0 1 1 1 0 0 1 1 0 1 0 1 0 1 1 0 1 1 26
0 0 1 0 0 0 0 1 0 1 1 0 1 1 0 1 0 1 0 1 0 0 0 1 1 0 1 0 1 1 1 0 0 1 0 1 0 0 1 1 0 0 0 1 0 0 1 1 1 1 24
0 0 0 0 0 0 0 1 0 1 1 0 0 1 0 1 0 0 0 0 1 0 0 0 1 0 1 1 1 0 1 1 1 1 1 1 0 0 0 1 0 0 1 1 0 1 1 1 1 1 24
0 0 0 1 0 0 1 1 1 1 1 0 1 0 1 1 0 1 1 0 0 1 0 0 0 0 0 0 1 1 1 0 0 1 1 1 1 0 0 0 0 1 0 0 0 0 1 0 1 1 23
0 1 0 1 0 0 0 1 1 1 1 0 1 1 1 1 0 1 0 0 1 0 0 1 0 0 0 0 1 1 1 0 0 1 1 1 0 0 1 1 0 1 0 1 0 0 0 0 1 1 25
0 0 0 1 0 0 0 1 1 1 0 1 1 0 1 1 0 0 0 0 1 1 0 1 0 0 0 0 1 1 1 0 1 1 1 1 1 0 1 1 0 1 0 1 0 1 0 1 1 1 27
0 0 0 0 0 1 0 1 1 1 0 1 0 0 1 0 0 0 0 0 0 1 0 1 1 0 0 1 1 1 1 0 0 1 1 1 1 0 1 0 0 0 0 1 0 0 0 0 1 1 21
0 0 1 1 1 0 0 1 0 1 0 1 1 0 1 1 0 0 0 0 1 1 0 0 0 0 1 1 1 1 1 0 0 1 0 1 1 0 1 1 0 1 0 1 1 1 1 1 1 1 29
0 1 0 1 0 0 1 1 1 1 0 0 1 0 1 1 0 0 0 1 1 0 1 1 1 0 0 0 1 1 1 0 1 1 1 0 1 0 1 0 0 1 0 1 0 0 1 0 1 1 27
0 1 0 0 0 1 0 1 1 1 1 0 0 1 0 1 0 1 0 1 1 0 0 1 1 0 1 0 1 1 0 0 1 1 0 1 1 1 1 1 0 0 0 1 0 0 1 0 1 1 27
0 0 0 0 1 1 1 1 1 1 0 0 0 1 0 0 0 0 0 1 0 1 0 1 1 1 0 1 1 1 0 1 1 1 0 1 0 0 1 1 0 1 0 1 0 0 1 0 1 1 26
0 0 1 1 0 0 1 1 1 1 1 0 0 0 1 1 0 0 0 0 0 1 0 0 1 0 0 1 1 0 1 0 0 1 1 1 1 0 1 1 0 1 1 1 1 1 1 0 1 1 28
0 0 1 1 0 1 0 1 1 1 1 0 1 0 1 1 0 0 0 0 1 0 0 1 0 0 0 0 0 0 1 1 1 1 0 1 0 0 1 1 0 1 0 0 0 0 1 0 1 1 23
0 1 1 1 0 1 0 1 1 0 1 1 1 0 0 0 0 1 0 0 1 1 0 1 1 0 0 1 1 1 1 0 0 1 0 1 1 0 0 0 0 1 0 0 0 0 1 0 1 1 25
0 0 0 0 0 1 0 1 1 1 1 0 0 0 0 1 0 1 0 0 1 0 0 1 1 0 0 0 1 1 0 0 1 1 1 1 1 0 1 1 0 1 0 1 0 1 0 0 1 1 24
0 1 1 0 0 0 1 1 1 1 1 1 1 0 0 1 0 0 1 1 1 1 0 1 0 0 0 0 1 1 1 1 0 1 1 1 1 1 1 1 0 1 0 1 1 0 1 0 1 1 32
0 0 0 0 0 1 0 1 1 1 0 0 1 1 0 1 0 0 0 0 1 0 0 1 0 0 0 0 1 0 1 0 0 1 0 1 1 0 1 0 0 1 0 1 0 0 1 0 1 1 20
0 0 0 0 0 0 0 1 1 1 1 0 1 1 1 0 0 1 0 1 1 1 0 0 1 0 0 0 1 1 1 0 0 1 1 1 0 0 1 0 1 1 0 0 0 1 1 0 1 1 25
1 0 0 1 1 0 0 1 1 1 1 0 0 0 0 1 0 0 0 0 1 1 0 1 1 0 0 1 1 1 1 1 1 1 1 1 1 0 1 1 0 1 1 1 1 0 1 0 1 1 31
0 0 0 1 0 0 0 1 1 1 0 0 1 0 0 1 0 1 0 0 1 1 0 1 0 0 1 1 1 0 1 1 0 1 1 0 0 0 1 1 0 0 0 0 0 0 1 1 1 1 23
0 1 0 1 0 0 1 1 1 1 1 0 0 0 1 1 0 0 0 0 0 1 0 1 0 1 0 0 1 1 0 0 0 1 0 1 1 1 0 0 0 1 1 1 0 0 1 0 1 1 24
0 1 0 1 0 0 0 1 1 1 0 1 0 0 0 1 0 0 0 0 0 0 0 0 1 0 1 1 0 0 1 0 0 1 1 1 0 0 1 0 0 1 0 0 0 0 1 0 1 1 19
1 0 0 1 0 0 0 1 0 1 1 1 0 1 0 1 0 1 0 0 1 1 0 0 0 0 0 0 1 1 1 1 0 1 0 1 1 0 1 1 0 1 0 1 1 1 1 0 1 1 27
0 0 0 1 0 0 0 1 1 1 1 0 0 1 0 1 0 1 0 1 1 1 0 1 1 0 1 1 1 0 1 0 0 1 1 1 0 0 1 1 0 1 0 1 1 1 1 1 1 1 30
0 0 0 0 0 0 1 1 1 1 1 0 0 0 0 1 0 0 0 1 1 0 0 1 0 0 0 0 1 1 1 0 1 1 0 1 0 1 1 1 0 1 0 0 0 0 0 0 1 1 21
0 1 0 1 0 0 0 1 1 1 0 0 0 0 0 1 0 0 0 1 0 0 0 1 1 0 1 1 1 0 1 0 0 1 0 1 0 0 1 0 1 1 1 1 0 1 1 1 1 1 25
0 1 0 0 0 0 0 1 1 0 1 0 1 0 0 1 0 0 0 0 1 1 0 1 0 0 0 0 1 0 1 0 0 1 0 1 0 0 1 0 1 0 0 1 1 1 0 1 1 1 21
0 1 1 1 0 0 1 1 1 1 1 0 0 0 1 1 0 0 0 0 1 1 0 1 1 0 0 1 1 0 1 0 1 1 1 1 1 1 1 0 0 1 0 1 0 0 1 1 1 1 30
0 1 0 1 0 0 0 1 1 1 1 0 0 0 0 1 0 0 0 0 1 0 0 0 0 0 1 1 1 1 0 0 0 1 0 1 0 0 0 0 0 1 0 1 1 0 1 0 1 1 20
0 1 1 1 0 0 0 1 0 1 1 0 0 0 0 0 0 0 0 1 1 1 0 1 0 0 0 0 1 0 1 0 1 1 1 1 1 0 1 0 0 1 0 0 0 1 1 1 1 1 24
0 0 1 1 0 0 0 1 1 1 1 0 0 0 0 1 0 1 0 0 1 0 0 0 0 0 0 1 1 1 1 0 0 1 0 1 0 0 1 1 1 1 1 0 0 1 1 0 1 1 24
0 0 0 1 0 1 1 1 0 1 1 0 0 1 0 1 0 0 0 0 1 1 0 1 1 0 0 1 1 1 1 0 1 1 1 1 0 0 1 1 0 1 0 0 0 0 1 0 1 1 26
0 0 0 1 0 0 0 1 1 1 0 0 1 0 0 1 0 0 0 1 1 1 0 1 1 0 0 1 1 1 1 0 1 1 0 1 0 0 1 0 1 0 0 0 0 0 1 0 1 1 23
0 0 1 1 0 0 0 1 1 1 1 0 1 0 1 1 0 1 0 0 1 1 0 0 1 0 1 0 0 1 0 0 0 1 1 1 1 1 1 0 0 0 0 1 0 0 1 1 1 1 26
0 0 0 1 1 0 0 1 1 1 0 1 1 1 0 1 0 1 0 1 1 0 0 0 1 0 0 1 1 0 1 0 0 1 0 1 1 1 1 1 1 1 0 1 0 0 1 0 1 1 28
0 1 0 1 0 0 0 1 1 1 1 0 0 0 0 1 0 1 0 0 0 0 0 1 1 0 0 0 1 1 1 0 1 1 0 1 0 0 1 1 1 1 0 0 1 1 1 0 1 1 25
0 0 0 1 0 0 0 1 1 1 0 0 1 1 0 0 0 1 0 0 1 1 0 1 0 0 0 1 1 1 1 0 1 1 1 1 1 0 1 1 1 1 0 1 1 1 1 0 1 1 29
0 0 0 1 1 0 0 1 1 1 1 0 1 0 1 1 0 1 0 0 1 1 0 0 1 0 0 0 1 1 1 0 0 1 0 1 0 0 0 1 1 1 0 0 0 0 0 0 1 1 23
0 1 0 1 0 1 1 1 1 1 0 0 0 1 0 1 0 1 0 1 1 1 0 1 0 0 0 1 1 0 0 0 1 1 1 1 0 0 1 1 0 1 1 0 0 0 1 1 1 1 28
0 1 0 1 0 1 1 1 0 0 0 1 1 0 0 1 0 1 0 1 0 0 0 1 1 0 1 1 1 1 1 0 0 1 1 1 0 1 1 1 0 0 0 1 0 0 0 0 1 1 26
0 0 0 1 0 0 0 1 1 1 1 0 1 0 1 1 0 1 0 0 1 1 1 1 0 0 0 0 1 1 1 0 0 1 1 1 0 0 1 1 0 1 1 1 0 0 1 0 1 1 27
0 0 0 1 0 0 0 1 1 1 1 1 0 0 1 1 0 1 0 0 1 1 0 1 0 0 0 0 1 1 1 0 0 1 1 1 1 0 0 0 0 0 1 1 0 0 0 0 1 1 23
0 0 1 1 0 1 0 1 1 1 0 0 1 0 1 1 0 1 0 1 1 1 0 1 0 0 0 0 1 1 1 0 0 1 1 1 0 0 1 1 0 0 1 1 0 0 0 1 1 1 27
0 1 1 0 0 0 0 1 1 1 1 0 0 0 0 0 0 1 1 1 0 1 0 1 0 0 0 1 1 1 1 0 1 1 0 1 0 1 1 1 0 1 0 1 0 0 1 0 1 1 26
0 1 0 1 0 1 0 1 1 1 1 0 1 0 0 1 0 1 0 0 1 0 0 0 1 0 0 1 1 1 1 0 1 1 1 1 1 0 1 0 0 1 0 1 0 0 0 1 1 1 27
0 0 0 1 1 1 1 1 1 1 1 0 0 0 0 0 0 1 1 0 1 1 0 0 1 0 1 0 1 1 1 0 0 1 0 1 0 1 1 0 0 1 0 1 0 0 1 0 1 1 26
0 1 1 1 1 1 1 1 1 0 1 0 1 0 0 0 0 1 0 0 1 0 0 1 0 0 0 1 1 0 1 1 1 1 1 1 0 1 1 1 0 1 1 1 0 0 0 1 1 1 30
0 0 0 1 1 0 1 1 1 1 0 0 1 1 0 1 0 1 0 0 0 0 0 1 1 0 0 1 1 1 1 0 1 1 0 1 0 0 1 0 0 1 0 1 0 1 1 0 1 1 26
0 0 0 1 0 1 1 1 1 0 1 0 1 1 0 1 0 0 0 0 0 0 0 1 0 0 1 1 1 1 1 0 0 1 1 1 0 0 1 1 0 0 0 1 0 0 1 1 1 1 25
0 0 1 1 0 0 0 1 1 1 1 0 1 1 0 1 1 1 0 0 1 0 0 1 1 0 0 1 1 0 1 0 0 1 1 1 1 0 1 1 0 0 0 1 0 1 0 0 1 1 27
1 1 1 0 1 0 0 1 0 1 1 0 1 1 1 1 0 0 0 0 1 0 0 0 0 0 0 0 1 0 1 0 0 1 0 1 0 1 1 1 0 1 0 0 1 0 1 1 1 1 25
0 1 1 0 0 0 0 1 1 1 0 0 0 1 0 1 0 1 0 0 0 1 0 1 0 0 0 0 1 0 1 0 1 0 0 1 0 0 1 0 0 1 0 1 0 0 1 0 1 1 20
0 0 1 1 0 1 0 1 1 1 1 0 0 0 1 1 0 1 0 0 1 1 0 1 1 0 0 0 0 0 1 0 0 1 0 1 0 0 1 1 1 0 1 0 0 0 0 1 1 1 24
0 0 0 1 1 1 1 1 1 1 1 0 0 1 0 1 0 1 0 0 0 0 0 1 0 0 0 1 1 0 1 0 0 1 0 1 0 0 1 0 0 0 1 1 0 1 1 0 1 1 24
0 1 0 0 0 0 0 1 1 0 1 0 0 0 1 1 0 0 1 1 1 1 0 0 0 0 0 0 1 0 1 0 1 1 0 1 1 0 0 1 0 1 0 0 0 0 0 0 1 1 20
0 0 0 1 1 0 0 1 1 1 1 0 0 0 1 1 0 1 0 0 0 1 0 1 1 0 0 1 1 0 1 0 0 0 1 1 0 1 1 1 1 1 0 0 0 1 0 0 1 1 25
0 1 0 1 0 1 0 1 0 1 1 0 0 0 1 1 0 1 0 0 0 1 0 0 1 0 0 0 1 1 1 0 0 1 1 1 0 0 0 1 0 1 1 0 0 0 1 0 1 1 23
0 0 1 1 1 0 1 1 1 1 1 0 1 0 0 1 0 1 0 0 1 0 0 0 0 0 0 0 1 1 1 0 0 1 0 1 0 1 0 1 0 1 0 1 0 0 1 0 1 1 24
0 1 0 1 0 0 1 1 0 1 0 0 1 0 0 1 0 0 0 1 1 0 0 1 1 0 0 0 0 1 1 0 1 1 0 1 0 0 1 0 0 1 1 0 0 0 0 1 1 1 22
0 1 0 1 0 0 1 1 1 1 1 0 0 0 0 1 0 0 0 1 1 1 0 1 1 0 1 1 0 1 1 0 1 1 1 1 0 0 1 1 0 1 0 1 0 1 0 0 1 1 28
0 0 1 1 0 0 0 1 1 1 0 0 1 0 0 1 0 1 0 1 1 1 0 1 0 0 0 1 1 1 1 0 0 1 0 1 1 0 1 0 1 1 0 1 0 1 0 0 1 1 26
0 0 0 1 1 0 0 1 1 0 0 1 0 0 1 1 0 0 0 0 1 0 0 1 1 0 0 1 1 1 1 0 1 1 0 1 0 0 1 1 0 1 1 1 1 0 0 1 1 1 26
0 0 0 1 0 1 0 1 1 1 1 0 1 0 1 1 0 1 0 1 1 1 0 1 0 0 1 0 0 1 1 0 0 1 0 1 0 1 1 1 0 1 0 1 0 0 1 0 1 1 27
0 1 0 1 1 1 0 1 1 0 1 0 1 0 0 1 0 0 0 0 1 1 0 1 1 0 0 0 1 1 1 0 1 1 1 1 0 0 0 0 0 1 0 0 1 0 1 0 1 1 25
0 0 0 1 1 0 0 1 1 1 1 0 0 0 1 1 0 1 0 0 1 0 0 1 0 0 0 1 1 1 1 1 1 1 1 1 1 1 1 1 0 1 0 1 0 0 1 0 1 1 29
0 0 0 1 1 1 0 1 1 0 1 0 0 0 1 1 0 0 0 1 1 1 0 1 1 0 0 1 1 1 1 0 1 1 0 1 0 1 1 0 0 1 0 1 0 1 0 0 1 1 27
0 0 1 1 0 1 1 1 1 0 1 0 0 1 0 1 0 1 0 0 0 1 0 0 1 1 1 0 1 0 1 0 1 1 0 1 0 0 1 1 0 1 1 1 1 0 0 0 1 1 27
0 0 1 0 0 0 0 1 1 1 1 0 0 0 0 1 0 1 0 0 1 1 0 1 0 0 0 0 1 0 1 0 1 1 0 1 1 1 0 1 0 1 0 1 1 1 1 0 1 1 25
0 1 0 1 1 0 1 1 1 1 1 0 0 1 1 1 0 0 0 1 1 1 0 1 0 0 0 0 1 1 1 0 0 1 1 1 1 0 0 0 0 1 0 1 1 0 1 1 1 1 29
0 0 0 0 0 0 0 1 1 1 0 0 1 0 0 1 0 1 0 0 0 1 0 0 1 0 0 0 1 0 1 0 0 1 1 1 0 0 1 0 0 1 0 0 0 0 1 1 1 1 19
0 1 1 1 0 0 0 1 1 1 1 0 0 0 0 1 0 1 0 1 0 0 0 1 1 0 0 1 1 1 0 0 1 1 1 1 1 0 1 1 1 1 1 1 0 0 1 0 1 1 29
0 0 0 1 1 0 0 1 1 1 1 0 1 0 0 0 0 1 0 0 0 1 0 1 0 0 0 0 1 1 1 0 0 1 0 1 0 0 1 1 0 1 0 1 1 0 1 0 1 1 23
0 0 0 1 1 1 0 1 0 1 0 0 1 0 0 0 0 1 0 0 0 0 0 1 0 0 0 1 1 1 1 0 1 1 1 1 0 1 1 1 0 0 1 1 0 0 0 0 1 1 23
0 1 1 1 0 0 1 1 0 1 1 0 0 0 0 1 0 0 0 1 1 1 0 1 0 1 0 1 1 1 1 0 0 1 1 1 0 0 1 0 1 0 0 1 0 1 1 0 1 1 27
0 0 0 1 0 1 0 1 1 1 1 0 1 1 1 1 0 0 0 0 1 0 0 0 0 0 0 0 1 1 1 0 1 1 1 1 1 0 0 1 1 1 0 0 0 0 0 0 1 1 24
0 1 0 1 1 0 0 1 1 1 1 0 0 1 0 1 0 1 1 0 1 1 0 1 1 0 0 0 1 0 1 0 1 1 0 1 0 0 1 1 0 1 0 1 0 1 1 0 1 1 28
0 1 0 1 0 1 1 1 0 1 1 0 0 1 1 1 1 0 0 1 1 0 0 1 0 1 1 1 1 1 1 0 0 1 0 1 0 0 1 0 0 1 1 1 0 1 1 0 1 1 30
0 0 0 1 0 0 1 1 1 1 1 0 0 0 1 1 0 0 0 1 1 0 0 1 0 0 0 0 1 0 1 0 1 1 1 0 0 0 1 0 0 1 0 1 1 0 1 1 1 1 24
0 1 0 1 0 1 0 1 1 1 1 0 0 0 0 1 0 0 0 0 1 0 0 0 0 0 0 0 1 1 1 1 0 1 1 1 0 0 1 0 0 0 0 1 0 1 1 0 1 1 22
1 1 0 0 0 1 0 1 1 1 1 0 0 1 0 1 0 0 0 0 1 1 0 0 1 0 1 1 1 1 0 0 0 1 0 0 0 0 1 1 0 1 0 0 0 1 0 0 1 1 23
0 0 0 0 0 1 0 1 1 1 1 0 1 1 1 1 0 1 0 1 1 1 0 1 1 0 0 1 1 1 1 0 0 1 1 1 1 0 0 1 0 1 0 1 0 0 0 1 1 1 29
0 0 1 1 0 0 0 1 1 1 1 0 0 1 1 0 0 1 0 0 0 1 0 0 0 0 0 1 1 0 1 0 1 1 1 1 0 0 0 1 0 1 0 1 0 0 1 0 1 1 23
0 1 0 0 0 0 0 1 0 1 1 0 1 0 0 1 0 1 0 1 1 0 0 1 1 0 0 0 1 1 1 1 1 1 1 1 0 0 1 1 0 0 1 1 0 1 0 1 1 1 27
0 0 0 1 1 0 1 1 1 1 1 1 1 1 1 1 0 0 0 1 0 0 0 1 1 0 0 0 1 0 1 0 0 0 1 1 1 0 1 1 0 1 0 0 0 0 1 0 1 1 26
0 0 0 1 0 1 0 1 1 1 1 0 0 1 0 1 0 1 0 0 0 0 0 0 1 0 0 1 1 1 1 1 0 1 0 1 1 0 1 0 0 1 0 1 0 0 1 1 1 1 25
0 1 0 0 0 1 1 1 1 1 1 1 1 0 1 1 0 1 0 0 1 1 0 1 1 0 0 0 1 1 1 1 1 1 1 1 0 0 0 1 0 1 1 1 0 0 1 0 1 1 31
0 0 0 1 0 0 0 1 1 1 0 0 0 1 0 1 0 1 0 0 1 1 0 1 1 0 0 1 1 1 1 0 0 1 0 1 1 0 1 0 0 0 0 0 0 0 1 0 1 1 22
0 0 0 1 0 0 0 1 1 1 0 1 0 0 0 1 0 1 0 0 1 1 0 1 1 0 0 1 1 0 1 0 1 1 0 1 0 0 1 0 0 1 0 1 1 0 0 0 1 1 23
0 1 1 1 0 0 0 1 1 1 1 0 0 0 1 1 0 1 0 1 0 0 0 1 1 0 1 1 1 0 1 0 1 1 1 1 0 1 1 1 0 1 0 0 0 1 0 1 1 1 29
0 0 1 1 0 0 0 1 1 0 0 0 0 0 1 1 0 1 0 1 1 1 0 0 1 0 1 1 1 1 1 1 0 1 1 1 1 0 0 1 0 1 0 1 0 0 1 0 1 1 27
0 0 1 1 0 0 1 1 0 1 1 0 0 0 0 1 0 1 0 0 1 1 0 1 0 0 0 0 1 1 0 0 0 1 0 1 0 0 1 1 0 1 0 1 0 1 1 0 1 1 23
0 1 0 1 0 0 0 1 1 0 0 0 1 0 1 1 0 1 0 1 1 1 0 1 0 0 0 0 1 1 1 0 0 1 1 1 0 0 1 0 0 0 0 1 0 0 1 1 1 1 24
0 0 0 1 0 1 0 1 1 1 0 1 1 0 0 1 0 0 0 0 0 1 0 1 0 0 0 1 1 1 1 0 1 1 0 1 0 0 0 1 0 0 0 1 0 0 1 0 1 1 22
0 0 0 1 0 0 0 1 1 1 1 0 0 0 0 1 0 1 0 0 1 1 0 0 0 0 1 0 1 1 1 0 1 1 0 1 1 0 1 1 1 1 0 0 0 1 0 1 1 1 25
0 0 0 1 0 1 1 1 1 1 0 0 1 0 1 1 0 0 0 1 1 1 0 1 0 0 0 0 0 1 1 0 1 1 1 1 1 1 1 1 0 0 0 0 0 0 1 0 1 1 26
0 0 0 1 0 0 0 1 1 0 1 0 0 0 0 1 0 1 0 0 0 0 0 1 0 0 1 0 1 1 1 0 1 1 1 1 0 0 1 1 1 0 1 1 0 0 1 0 1 1 23
0 0 0 1 1 1 0 1 1 1 1 0 1 1 0 1 0 1 0 1 0 0 0 1 0 0 0 0 1 0 1 0 0 1 1 1 0 0 1 1 0 1 0 1 0 1 1 1 1 1 27
0 0 0 1 0 0 0 1 1 1 0 0 1 0 0 1 0 1 0 0 1 1 0 1 0 0 0 0 1 0 1 0 1 1 0 1 0 0 1 1 0 1 0 1 0 0 1 0 1 1 22
0 1 0 1 0 1 0 1 1 1 1 0 0 0 0 1 0 1 0 0 1 0 0 1 0 0 0 1 1 1 1 0 0 1 1 1 1 0 1 0 0 1 1 1 0 1 1 0 1 1 27
0 1 0 1 0 0 1 1 1 1 1 0 1 0 0 1 0 0 0 0 1 1 0 1 0 0 0 1 1 1 1 0 0 1 1 1 0 0 1 1 0 1 0 0 0 1 0 1 1 1 26
0 1 0 1 0 0 1 1 1 0 1 1 1 0 1 1 0 1 0 0 1 0 0 1 0 0 0 1 1 1 1 0 1 1 0 1 1 0 1 0 0 1 0 0 0 1 0 1 1 1 27
0 0 0 1 0 0 0 1 1 1 1 0 1 0 0 0 0 0 0 0 1 1 0 1 0 1 0 1 1 1 1 1 1 1 1 1 0 0 1 1 1 0 0 1 1 0 0 0 1 0 25
0 0 0 1 1 1 0 1 1 1 1 1 1 1 0 0 0 0 0 0 0 1 0 1 1 0 0 0 1 0 1 0 0 1 0 1 0 0 1 1 0 0 0 1 0 1 1 1 1 1 25
0 0 0 0 0 0 0 1 0 0 1 1 0 0 1 0 0 1 0 1 1 0 0 1 0 0 0 0 1 0 1 0 0 1 0 1 1 0 1 1 0 1 0 1 1 1 0 0 1 1 21
0 0 0 1 0 0 0 1 1 1 1 0 0 0 1 1 0 1 0 0 1 0 0 1 0 1 1 1 0 1 1 1 0 1 1 1 0 0 1 1 0 1 1 1 0 1 0 0 1 1 27
0 1 0 1 0 0 0 1 1 1 0 0 0 0 0 0 0 0 0 1 1 1 0 1 0 0 0 1 1 1 1 0 1 1 1 1 0 1 1 1 1 1 0 0 0 0 1 0 1 1 25
0 0 0 1 0 0 0 1 1 1 0 1 0 1 0 1 0 0 0 0 0 0 0 1 0 0 0 1 1 0 1 0 0 1 1 1 0 0 1 0 1 1 0 1 0 1 1 0 1 1 22
0 1 0 1 1 1 0 1 1 1 1 0 1 1 0 1 0 0 1 1 0 1 1 1 0 0 0 0 1 1 1 1 0 1 1 1 0 0 1 0 0 1 0 0 1 0 1 0 1 1 29
0 0 1 1 0 0 0 1 1 1 0 0 0 0 0 1 0 0 0 0 0 0 0 1 1 0 0 0 0 0 1 0 0 1 1 1 0 1 1 0 0 0 0 1 0 0 1 0 1 1 18
0 0 0 0 0 0 1 1 1 1 0 0 1 0 0 1 0 0 0 1 1 1 0 1 1 0 1 0 0 0 1 0 0 1 1 1 0 0 1 0 0 1 0 1 1 0 1 1 1 1 24
0 0 1 1 0 0 0 1 0 1 1 1 0 0 0 0 0 0 0 0 1 1 0 1 1 0 1 1 1 1 1 0 0 1 1 1 0 0 1 0 0 1 1 1 0 1 0 0 1 1 25
0 0 1 1 1 0 0 1 0 1 1 0 0 1 1 1 0 1 0 0 1 0 0 1 1 0 0 1 1 1 1 0 0 1 0 1 0 0 1 1 0 1 0 1 0 1 1 0 1 1 27
0 1 0 1 1 0 0 1 1 1 1 0 1 1 0 1 0 1 0 0 0 1 0 1 1 0 0 0 1 1 1 1 1 1 1 1 0 1 1 1 0 0 0 0 0 0 0 0 1 1 27
0 1 1 1 0 0 0 1 1 1 1 1 1 0 0 1 1 1 0 0 1 0 0 1 1 0 1 1 1 0 0 0 1 1 1 1 1 0 1 0 0 0 0 1 1 1 1 1 1 1 31
0 0 0 0 0 0 0 1 1 1 1 0 0 0 0 1 0 1 0 0 0 1 0 1 0 0 0 1 1 1 1 0 1 1 1 1 0 0 1 0 0 1 0 1 1 0 0 0 1 1 22
0 1 0 0 1 0 1 1 0 1 0 0 0 1 0 1 0 1 0 1 1 1 0 0 1 0 0 1 1 1 1 0 0 1 1 1 0 0 1 1 0 1 1 1 0 1 0 0 1 1 27
0 1 0 1 1 0 0 1 0 1 1 0 0 0 0 1 0 1 0 0 0 0 0 1 1 0 0 0 1 0 1 0 1 1 1 1 0 0 0 1 1 1 0 1 0 1 1 0 1 1 24
0 0 0 1 0 1 0 1 1 1 1 0 1 0 1 1 0 1 0 0 0 0 0 1 1 0 0 1 1 1 1 0 1 1 0 1 0 0 1 1 0 1 1 1 1 0 1 1 1 1 29
0 0 1 0 0 1 0 1 1 1 0 0 0 0 0 1 0 1 0 0 1 1 0 1 1 0 0 0 1 1 1 0 1 1 0 1 1 0 1 1 0 0 0 0 0 1 0 0 1 1 23
0 1 0 0 0 0 1 1 1 1 1 1 0 0 0 1 0 1 0 0 1 0 0 1 0 0 0 1 1 1 0 0 1 1 1 1 0 1 1 1 0 1 0 1 0 0 0 1 1 1 26
0 0 1 1 0 1 0 1 1 1 0 0 0 0 0 0 0 0 0 1 1 1 0 1 0 0 1 1 1 0 1 0 1 1 0 1 1 0 1 0 0 1 1 0 0 0 0 1 1 1 24
0 0 1 1 0 0 0 1 1 0 1 0 0 0 0 1 0 0 0 0 0 0 0 1 0 0 0 1 1 0 1 0 1 1 1 0 0 0 1 0 0 1 1 1 0 0 0 0 1 1 19
0 0 1 1 0 0 0 1 1 1 0 1 1 1 1 1 0 0 0 1 1 0 0 1 0 0 0 0 0 1 1 0 0 1 1 1 1 0 1 1 0 1 0 0 0 0 1 0 1 1 25
0 0 1 1 0 0 0 1 1 1 0 0 0 0 1 0 0 1 0 0 1 0 0 1 0 0 0 0 1 1 1 0 0 1 0 1 0 1 1 0 0 1 0 1 0 1 0 0 1 1 21
1 0 0 1 0 0 0 1 0 1 1 0 1 0 1 1 0 0 0 1 0 0 0 1 0 1 0 0 1 0 1 0 0 1 1 1 1 1 0 1 0 1 1 0 0 1 0 0 1 1 24
0 1 1 1 0 0 0 1 1 1 1 1 1 0 1 1 0 0 0 0 1 0 0 1 1 0 0 1 1 0 1 0 0 1 1 1 0 0 1 1 1 1 0 1 1 0 0 1 1 1 29
0 1 1 1 0 1 0 1 1 1 1 0 0 1 0 0 0 0 0 0 0 1 0 1 1 0 1 0 1 1 1 0 0 1 0 1 0 0 1 1 0 1 0 1 0 1 1 1 1 1 27
0 1 1 1 0 0 0 1 1 1 1 0 0 1 1 1 0 1 0 1 1 1 0 0 1 0 1 0 0 0 1 0 0 1 1 1 1 1 1 1 0 1 0 0 1 1 0 0 1 1 29
0 1 0 1 0 0 0 1 1 0 1 0 1 0 0 1 0 1 0 0 1 1 0 1 1 0 1 0 1 1 1 0 1 1 1 1 0 0 0 1 0 0 1 1 0 1 0 0 1 1 26
0 1 0 1 1 0 1 1 1 1 1 0 1 0 1 1 0 1 0 1 1 1 1 1 0 0 0 1 1 1 1 0 1 1 1 1 0 0 1 0 0 1 1 0 0 0 1 0 1 1 31
0 0 0 1 0 1 0 1 1 1 1 0 1 1 0 1 0 1 0 1 0 0 0 1 0 0 1 0 1 0 1 0 0 0 0 1 0 0 1 1 0 1 0 1 0 0 0 1 1 0 22
0 1 0 1 0 0 0 1 1 0 1 0 1 1 1 1 0 1 0 1 0 0 0 1 0 0 1 1 1 0 1 0 1 1 0 1 0 0 1 0 0 1 0 1 0 0 1 0 1 1 25
0 0 0 1 0 0 0 1 1 1 0 0 0 0 0 1 1 1 0 1 1 0 0 1 1 0 0 0 1 0 0 0 0 1 0 1 0 0 1 1 1 1 0 0 0 1 1 1 1 1 23
0 0 0 1 0 0 0 1 1 0 1 0 0 1 0 1 0 0 0 0 0 1 0 1 1 0 0 1 1 0 1 0 1 1 0 1 0 0 1 0 1 1 0 1 1 1 0 0 1 1 23
0 1 0 1 0 0 1 1 0 0 1 0 0 0 1 1 0 0 0 0 1 1 0 1 1 0 0 0 1 0 1 0 1 1 1 1 1 1 1 1 0 1 1 1 0 0 1 0 1 1 27
0 1 0 1 0 0 0 1 1 1 1 1 0 0 0 1 0 1 1 0 0 1 0 0 0 0 1 1 0 1 1 0 1 1 1 1 0 1 1 0 0 1 0 0 0 0 1 0 1 1 25
0 0 0 0 0 0 0 1 1 1 0 0 0 1 1 0 0 0 0 1 1 1 0 0 0 0 0 1 1 1 1 0 0 1 1 1 1 0 0 1 0 1 0 1 0 0 0 1 1 1 22
0 0 0 1 0 0 0 1 1 1 1 0 0 0 1 1 0 1 1 1 1 1 0 1 0 0 0 0 1 1 1 0 1 1 1 1 0 1 1 1 0 1 0 1 1 0 1 1 1 1 30
0 0 0 1 0 0 0 1 1 1 0 0 0 1 0 1 1 1 0 0 0 1 0 1 0 0 0 1 1 0 0 0 1 1 1 1 1 0 1 1 1 1 0 0 0 0 0 1 1 1 24
0 0 0 1 1 0 0 1 1 0 1 0 1 0 1 1 0 1 0 0 0 1 0 1 0 0 1 1 1 1 1 0 1 1 0 1 0 0 1 0 0 1 1 1 0 0 0 0 1 1 25
0 0 0 1 0 0 0 1 1 1 1 0 0 0 0 0 0 1 0 0 1 0 0 1 0 0 0 0 1 1 1 0 1 1 1 1 1 0 1 1 1 1 1 1 0 1 0 1 1 1 26
0 0 0 1 0 0 1 1 1 1 0 0 1 1 0 1 0 1 0 1 1 0 0 1 1 1 1 0 1 0 1 0 0 1 0 1 1 0 1 0 0 0 0 1 0 1 1 0 1 1 26
0 1 0 1 0 0 0 1 1 1 0 0 0 0 0 1 0 1 0 0 1 0 0 1 0 0 0 1 1 1 1 0 0 1 0 1 0 0 1 0 1 0 0 1 0 0 1 1 1 1 22
0 1 0 1 0 0 1 1 0 1 0 1 0 1 0 1 1 0 0 1 1 1 1 1 0 0 0 0 1 0 1 0 0 1 1 1 1 0 1 1 0 1 1 0 0 0 0 0 1 1 26
0 1 0 1 0 0 0 1 1 1 1 0 0 0 1 1 0 0 0 0 0 1 1 1 1 0 1 0 1 0 1 0 1 1 0 1 0 1 1 0 0 1 0 1 0 0 1 0 1 1 25
1 1 1 1 1 0 0 1 1 1 0 0 0 0 0 0 0 1 0 0 1 1 0 0 1 0 1 1 1 1 1 0 0 1 1 1 0 0 1 0 0 0 0 1 0 0 1 1 1 1 26
0 0 0 1 0 0 0 1 1 1 1 0 1 0 1 1 0 1 0 1 1 0 0 0 0 0 0 0 1 1 1 0 1 1 1 1 1 1 1 0 0 1 1 1 1 0 1 1 1 1 29
0 0 0 1 0 0 1 1 1 0 1 0 0 0 1 1 0 1 0 0 1 1 0 1 1 0 0 1 1 1 0 1 0 1 1 1 0 1 1 1 0 0 0 1 0 1 1 0 1 1 27
0 0 0 1 0 1 0 1 1 1 1 0 0 0 0 1 0 1 0 0 1 1 0 1 0 0 0 1 1 1 1 0 0 1 1 1 1 0 0 1 0 1 0 0 0 0 0 0 1 1 23
0 0 0 1 0 0 0 1 1 1 1 0 0 1 1 1 0 0 0 1 0 0 0 1 1 0 0 0 1 1 1 0 1 1 0 1 0 0 1 0 0 0 0 1 1 0 1 1 1 1 24
0 0 1 1 0 0 0 1 1 1 1 0 0 0 0 1 1 1 0 0 1 0 0 1 1 0 0 0 1 1 0 0 0 0 1 1 1 0 1 0 0 0 0 0 0 1 0 1 1 1 22
0 0 1 1 0 0 1 1 1 0 1 0 1 0 1 0 0 1 0 0 1 0 0 1 0 0 1 1 1 1 0 0 1 1 1 1 0 0 1 1 0 1 0 1 0 0 1 1 1 1 27
0 1 0 0 1 0 1 1 1 1 1 0 0 0 0 1 0 0 0 0 1 0 0 1 1 0 0 0 1 1 0 0 0 1 1 1 0 0 1 1 0 1 0 1 0 0 1 0 1 1 23
1 1 0 0 0 0 0 1 1 0 1 0 1 0 0 1 0 0 0 0 1 1 0 0 0 0 1 0 1 1 1 0 0 1 1 1 0 0 1 0 0 1 0 1 1 1 1 0 1 1 24
0 0 0 1 0 1 0 1 0 1 1 0 1 0 0 1 0 1 0 0 1 1 0 1 0 0 0 1 0 1 1 0 1 1 0 1 1 0 1 0 0 0 0 0 0 0 1 0 1 1 22
0 1 0 1 0 0 0 1 1 1 1 0 1 0 1 1 0 1 0 0 1 0 0 1 0 0 0 0 1 1 1 0 0 1 0 1 0 0 1 1 0 1 0 1 0 1 1 0 1 1 25
0 1 0 1 1 0 1 1 1 1 1 0 1 1 1 1 0 1 0 0 1 1 0 1 0 0 0 1 1 0 1 0 1 1 1 1 0 0 1 0 0 1 0 0 0 0 1 1 1 1 29
0 1 0 0 0 0 1 1 1 1 1 0 0 0 1 0 0 1 0 1 0 1 0 1 1 0 0 0 1 1 1 0 0 1 0 1 0 1 1 0 0 1 0 1 0 0 0 0 1 1 23
0 1 0 1 0 1 0 1 1 1 0 0 1 1 1 1 0 1 0 0 1 1 0 1 1 0 0 1 1 0 1 0 1 1 1 1 0 1 1 1 1 1 0 0 0 1 1 0 1 1 31
0 1 0 1 0 0 1 1 1 1 0 0 1 0 0 1 0 0 0 0 0 1 0 1 0 0 0 0 0 0 1 0 0 1 0 1 0 0 1 0 0 1 0 0 0 0 1 1 1 1 19
0 0 0 1 0 0 0 1 1 1 0 0 0 1 0 1 0 1 0 0 1 1 0 1 1 0 0 1 1 1 1 0 1 1 1 1 0 0 1 1 0 1 0 0 0 1 1 1 1 1 27
0 0 0 1 0 0 0 1 1 0 0 0 0 0 0 1 0 0 0 0 1 1 0 0 1 0 0 0 1 0 0 0 1 1 0 1 0 0 1 0 1 0 0 1 0 0 1 0 1 1 17
0 1 0 1 0 0 0 1 1 1 0 0 1 0 1 1 1 0 0 0 1 0 0 1 0 0 0 0 1 0 1 1 0 1 1 1 0 0 1 1 1 1 0 0 0 0 1 0 1 1 24
0 0 0 1 0 1 0 1 1 1 1 0 0 1 0 1 0 0 0 0 0 0 0 0 1 1 0 1 1 1 1 0 1 0 1 1 0 1 0 0 0 1 0 1 1 0 0 0 1 1 23
0 1 0 1 1 0 1 1 0 1 0 0 1 0 0 0 0 1 0 0 1 1 0 1 1 0 0 0 1 1 1 0 1 1 0 1 0 0 1 1 1 0 1 0 0 0 1 0 1 1 25
0 0 0 1 0 0 0 1 0 1 0 1 0 0 0 1 0 1 0 1 0 1 0 1 1 0 0 0 1 0 1 0 0 1 0 1 0 0 1 0 0 0 0 1 1 0 1 1 1 1 21
0 0 0 1 0 1 1 1 1 1 1 0 0 0 0 0 0 0 0 0 1 0 0 1 0 0 0 0 1 0 1 0 0 1 0 1 0 0 1 1 0 1 0 1 1 0 1 1 1 1 22
0 0 0 1 0 0 0 1 1 1 1 1 1 0 1 1 0 0 0 1 1 1 0 1 1 0 1 0 1 1 1 0 1 1 1 1 0 0 1 0 0 1 0 0 1 0 0 0 1 1 27
0 0 1 1 1 0 1 1 1 0 1 0 0 0 1 1 1 1 0 1 1 0 0 1 1 0 0 0 1 0 1 0 1 1 1 1 0 0 1 1 0 1 0 1 0 0 1 1 1 1 29
0 0 0 1 0 0 1 1 0 1 1 0 0 0 0 1 0 1 0 0 0 0 0 1 1 0 0 0 1 1 1 0 0 1 1 1 0 0 1 0 0 1 1 1 0 1 1 1 1 1 24
0 0 0 1 1 1 0 1 1 1 1 1 0 1 0 0 0 0 0 1 0 1 0 0 1 0 1 0 1 1 1 0 0 1 1 1 1 1 1 1 0 1 0 1 0 0 1 0 1 1 28
0 1 0 1 0 1 0 1 0 0 0 0 0 0 1 1 0 1 0 0 1 0 0 1 0 0 0 1 1 1 1 0 1 1 1 1 1 0 1 0 0 1 0 1 1 1 1 0 1 1 26
0 0 0 1 1 0 0 1 0 1 1 0 0 1 1 1 0 1 0 0 1 1 0 1 1 0 0 1 1 1 1 0 0 1 0 1 0 0 1 1 1 0 0 0 1 0 0 0 1 1 25
0 0 1 1 1 0 1 1 1 1 1 0 1 1 1 1 0 1 0 0 1 1 0 1 1 0 0 1 1 0 1 0 0 1 0 1 0 0 1 0 0 1 0 1 0 1 1 0 1 1 29
0 0 0 1 0 0 0 1 1 1 1 0 1 1 0 1 0 1 0 0 1 0 0 1 0 0 1 1 1 1 1 0 0 1 1 1 0 0 1 1 0 1 0 1 0 0 1 0 1 1 26
0 0 0 1 0 0 0 1 1 1 0 1 0 1 0 0 0 0 0 0 1 0 0 0 1 0 0 1 1 1 1 0 1 1 0 1 0 0 1 0 0 0 1 1 1 1 0 0 1 1 22
0 0 0 1 0 0 0 1 1 1 0 0 0 0 0 1 0 1 0 0 1 0 0 1 1 0 0 1 1 1 1 0 0 1 1 1 0 1 0 1 0 1 0 1 0 0 0 1 1 1 23
0 0 0 1 0 0 0 1 0 1 0 0 0 0 0 1 0 1 0 1 1 1 0 1 1 0 0 0 1 1 1 0 0 1 0 1 0 1 1 1 0 0 1 1 0 1 0 1 1 1 24
0 0 1 1 0 0 0 1 1 1 1 0 0 0 0 1 0 0 0 0 1 1 0 0 0 0 1 1 1 0 1 0 1 1 1 1 1 1 1 1 0 1 0 1 0 1 0 0 1 1 26
0 1 0 1 0 0 0 1 1 1 1 0 0 0 0 0 0 0 0 0 1 1 1 1 1 0 0 1 1 1 1 0 0 0 0 1 0 0 1 1 0 1 1 1 1 1 1 0 1 1 26
0 1 0 1 0 0 1 1 1 1 0 0 1 1 0 1 0 0 0 0 0 1 0 1 0 0 0 1 1 1 1 0 1 1 1 1 0 0 1 1 0 0 0 0 0 1 1 0 1 1 25
0 0 0 1 0 0 0 1 1 1 0 0 0 0 1 1 0 1 0 1 0 0 0 1 0 0 0 0 1 1 1 1 1 1 1 1 1 1 1 0 0 1 1 0 0 1 1 1 1 1 27
0 0 1 0 0 0 0 1 1 1 1 0 1 0 0 1 0 1 0 0 1 0 0 1 1 0 0 0 0 0 1 1 0 0 1 1 0 0 1 1 0 0 1 0 0 0 1 1 1 1 22
0 0 0 1 0 1 1 1 1 1 0 1 0 0 1 1 0 1 0 0 1 1 0 1 0 0 1 1 0 1 1 0 1 1 1 1 1 1 1 1 1 1 0 1 0 0 1 1 1 1 32
0 0 1 1 0 0 1 1 1 1 1 1 0 1 0 1 0 1 0 0 1 0 0 1 1 0 0 1 1 1 1 0 1 1 0 0 1 0 1 1 1 0 0 1 0 1 1 1 1 1 30
0 0 0 1 0 1 0 1 1 1 1 0 0 1 1 1 0 1 0 0 1 0 0 1 0 0 0 0 1 0 1 0 1 1 1 1 0 0 1 1 0 0 0 0 0 1 0 0 1 1 23
0 1 0 1 1 0 0 1 1 1 0 0 1 0 1 1 0 1 0 1 1 0 0 1 0 0 0 1 1 0 1 0 0 1 1 1 0 0 1 1 0 0 1 1 0 0 0 0 1 1 25
0 0 0 1 0 1 0 1 1 1 1 1 0 1 0 1 0 0 0 1 0 1 0 0 0 0 0 1 1 0 1 0 1 1 1 1 0 1 1 1 0 1 0 1 0 0 1 1 1 1 27
0 1 1 1 0 1 1 1 1 1 1 0 0 0 0 1 0 1 0 0 1 1 0 1 1 0 0 1 1 0 1 0 1 1 0 1 0 1 1 1 0 1 0 1 0 0 0 1 1 1 29
0 1 0 1 0 0 0 1 1 1 1 0 1 0 1 1 0 1 0 1 1 1 0 0 0 0 0 0 1 0 1 0 0 1 1 1 1 1 1 1 0 1 0 0 0 0 1 0 1 1 26
0 1 0 1 0 0 0 1 1 1 1 0 1 0 0 1 0 1 0 0 1 0 0 1 0 0 1 0 1 1 1 0 0 1 0 1 0 0 1 1 0 0 0 0 0 0 0 1 1 1 22
0 1 0 1 0 1 0 1 1 1 1 0 1 1 0 1 0 1 0 0 1 1 0 1 1 0 1 1 0 1 0 0 0 1 1 1 0 0 1 1 0 0 0 1 1 1 0 0 1 1 28
0 1 1 1 0 0 0 1 1 1 1 1 1 1 1 1 0 0 0 0 0 1 0 1 0 0 0 1 1 0 0 0 1 1 1 1 0 0 1 1 0 1 0 0 0 0 1 0 1 1 26
0 0 0 0 1 0 0 1 1 1 1 0 1 0 0 0 0 0 0 0 0 1 0 1 0 0 0 0 1 1 1 0 0 1 0 1 1 0 1 1 0 1 0 1 1 0 1 0 1 1 22
0 1 0 1 1 0 0 1 1 1 0 1 1 0 1 1 0 1 0 1 1 1 0 1 1 0 0 0 1 1 1 0 1 1 1 1 1 0 1 1 0 1 0 1 1 1 0 1 1 1 33
0 0 1 0 0 0 1 1 0 1 0 0 0 0 0 0 0 1 0 0 1 1 0 0 1 0 0 0 1 0 1 0 1 1 0 1 1 0 1 1 0 1 0 1 0 0 0 1 1 1 21
0 0 0 1 1 0 0 1 1 1 1 0 0 0 1 1 0 0 0 0 1 0 0 0 1 0 1 1 1 1 1 0 0 1 1 1 0 0 1 1 0 1 0 0 0 1 0 1 1 1 25
0 0 1 1 0 0 0 1 1 1 1 1 0 0 1 1 0 0 0 0 1 1 0 1 0 0 0 1 0 0 1 0 0 1 1 1 1 0 1 0 0 1 0 1 0 0 1 0 1 1 24
0 0 0 1 0 0 0 1 1 1 1 0 0 0 0 1 0 1 0 0 0 0 0 0 1 0 0 1 1 1 1 1 1 0 1 1 0 0 0 1 0 1 0 1 0 0 1 0 1 1 22
0 0 0 1 0 0 0 1 1 1 1 0 1 0 1 1 0 1 0 0 0 0 0 0 0 0 0 0 1 1 1 0 0 1 0 1 1 1 1 0 0 1 0 0 0 1 0 0 1 1 21
0 0 0 1 0 0 0 1 1 0 1 1 0 1 0 0 0 0 0 1 1 0 1 1 1 0 0 1 1 1 1 0 0 1 0 1 0 1 1 1 1 0 0 1 0 0 1 0 1 1 25
0 1 0 1 0 1 0 1 1 1 1 0 0 1 1 0 0 1 0 0 1 0 0 1 0 0 1 0 0 0 1 0 0 1 0 1 0 0 1 0 0 0 0 1 0 0 0 0 1 1 20
0 1 1 1 0 0 0 1 1 1 1 0 1 0 1 0 0 1 0 0 1 1 0 0 0 0 1 0 1 0 1 1 0 1 0 1 0 0 1 1 1 1 0 1 0 0 1 0 1 1 26
0 1 0 1 0 0 0 1 1 0 1 0 0 0 0 1 0 1 0 0 1 0 0 0 1 0 0 1 1 1 1 0 1 1 1 1 0 0 1 1 0 1 0 0 0 0 0 0 1 1 22
1 0 0 1 0 0 0 1 0 1 0 0 1 0 1 1 0 0 0 1 1 1 0 1 1 0 0 0 1 1 1 0 0 1 0 1 1 0 1 0 0 1 0 0 0 1 1 0 1 1 24
0 1 0 1 0 0 0 1 1 1 1 0 1 0 1 0 0 1 0 0 1 1 0 1 0 0 0 0 1 1 1 0 1 1 1 1 0 1 1 1 0 0 0 0 0 0 0 0 1 1 24
0 1 0 0 1 1 0 1 0 0 1 0 1 0 0 1 0 1 0 0 1 1 0 1 1 0 1 1 1 1 1 0 0 1 0 1 0 0 0 1 1 1 0 0 0 0 1 1 1 1 26
0 1 0 1 0 1 0 1 1 1 0 0 0 1 1 1 0 1 0 0 1 0 0 1 0 0 1 1 1 1 1 0 1 1 0 1 0 1 1 1 0 0 0 1 0 1 0 1 1 1 28
0 0 0 1 0 0 1 1 0 1 1 0 0 1 0 1 0 1 0 0 1 0 1 1 1 0 0 0 1 1 1 0 1 1 1 1 0 0 1 1 0 1 1 1 0 0 0 0 1 1 26
0 0 0 1 0 0 0 1 1 1 1 0 0 1 0 1 0 1 0 0 1 1 0 1 1 0 1 1 0 0 0 0 0 1 0 0 0 1 1 1 1 0 1 1 0 0 1 0 1 1 24
0 1 1 1 0 0 1 1 1 1 1 0 0 0 0 1 0 1 0 1 1 0 0 0 0 0 0 1 1 1 1 0 1 1 0 1 1 0 1 0 1 1 0 1 0 0 0 0 1 1 26
0 0 0 1 0 0 0 1 1 0 1 0 0 0 0 0 0 0 0 0 0 1 0 1 1 0 0 1 1 1 1 0 0 1 0 1 0 0 1 0 0 0 0 1 0 1 1 0 1 1 19
0 0 1 1 1 0 0 1 1 0 1 0 1 1 0 1 0 1 0 0 1 1 0 0 1 0 0 1 1 1 1 0 0 1 0 1 0 0 1 1 0 1 0 1 0 0 0 0 1 1 25
0 0 0 0 1 0 1 1 1 1 1 0 1 0 1 1 0 1 0 0 1 1 0 1 0 0 0 0 1 1 1 0 1 1 1 1 0 1 1 1 0 1 1 1 0 1 1 0 1 1 30
0 0 0 1 0 0 0 1 0 1 0 0 1 1 0 1 0 1 0 0 1 0 0 1 0 0 0 1 1 0 1 0 0 1 1 1 0 0 0 0 0 1 0 0 0 1 1 0 1 1 20
0 0 0 1 1 0 0 1 1 1 1 0 0 0 0 1 1 1 0 0 0 0 0 1 1 0 0 0 1 1 1 0 1 1 1 1 0 1 1 0 0 1 0 0 0 0 0 1 1 1 24
1 0 1 1 1 0 0 1 1 1 1 0 0 0 0 1 0 1 0 0 0 0 0 1 0 0 1 1 1 1 0 0 1 1 0 1 0 0 1 0 0 1 0 1 1 1 0 0 1 1 25
0 1 0 0 0 1 0 1 1 1 1 0 0 0 1 1 0 0 0 0 1 0 0 1 1 1 0 0 1 0 1 0 0 1 0 1 1 0 1 0 0 0 1 1 0 1 1 1 1 1 25
0 1 1 1 0 0 0 1 1 1 1 0 0 0 0 1 0 0 0 0 1 1 0 1 1 0 0 1 1 0 1 0 0 1 1 1 1 0 0 1 0 0 1 1 0 1 0 0 1 1 25
0 0 0 1 0 0 1 1 1 1 1 0 0 0 0 1 0 1 0 0 1 0 0 1 0 1 0 1 1 1 1 0 1 1 0 1 0 0 1 1 0 0 0 1 1 1 0 1 1 1 26
0 0 0 0 1 0 0 1 1 1 1 0 0 1 0 0 0 1 0 0 0 1 0 1 1 0 0 0 1 1 1 0 1 1 0 1 0 0 1 0 0 1 0 0 0 1 0 0 1 1 21
0 0 0 1 0 1 0 1 0 1 1 0 0 0 0 1 0 1 0 0 1 0 0 1 1 0 1 1 1 0 1 0 0 1 1 1 0 0 1 1 1 1 0 1 1 1 1 0 1 1 27
0 0 0 1 0 0 0 1 1 1 1 0 0 0 1 1 1 0 0 0 1 1 0 1 0 0 0 0 1 1 1 0 0 1 1 1 1 1 1 1 0 1 0 0 0 1 1 1 1 1 27
0 0 0 0 0 1 0 1 1 1 0 0 0 0 1 1 0 1 0 1 1 0 0 1 1 0 0 1 1 1 1 1 0 1 1 1 0 0 1 0 0 1 1 1 0 1 1 1 1 1 28
1 0 0 1 0 0 0 1 1 0 1 0 0 0 0 1 1 1 0 0 1 1 0 1 0 0 0 1 1 0 1 0 1 1 0 1 0 0 1 0 0 1 1 1 0 1 1 1 1 1 26
0 1 0 0 0 0 1 1 1 0 0 0 0 1 0 0 0 0 0 0 1 1 0 1 1 0 0 1 1 1 1 0 0 1 1 1 1 0 1 1 0 1 0 1 0 0 1 1 1 1 25
0 0 0 1 0 1 0 1 1 1 0 0 0 0 0 0 0 1 0 0 0 1 0 1 0 0 0 1 1 1 1 1 0 1 0 1 0 0 1 0 0 1 1 1 0 0 1 1 1 1 23
0 0 0 0 0 0 0 1 0 1 0 0 0 0 1 1 0 0 0 1 1 1 0 1 1 0 0 0 1 1 1 0 1 1 1 1 0 0 1 1 0 0 0 1 0 0 0 0 1 1 21
0 0 0 1 0 1 0 1 1 1 1 0 0 0 0 0 0 0 0 0 1 0 0 1 1 0 1 1 0 1 1 0 1 1 0 1 0 1 1 0 0 0 0 0 1 0 0 0 1 1 21
0 0 0 0 1 1 0 1 1 0 1 0 0 0 1 1 0 1 0 0 1 1 0 0 1 1 1 0 1 0 1 0 0 1 0 1 0 0 1 0 0 1 0 1 0 1 1 0 1 1 24
0 0 0 0 1 0 0 1 0 0 0 0 0 1 0 1 0 1 0 1 1 1 1 1 1 0 0 0 1 1 1 0 1 1 1 1 0 0 1 1 0 1 0 1 0 0 1 1 1 1 26
0 0 0 1 0 0 1 1 1 1 1 0 0 0 1 1 0 1 0 0 1 1 0 1 1 0 0 1 1 1 1 0 1 1 1 1 1 0 1 0 0 1 0 1 0 0 1 0 1 1 28
0 0 1 1 0 1 1 1 1 1 1 0 0 0 0 1 0 0 1 0 0 1 0 1 1 0 0 1 1 1 1 0 1 1 0 1 0 0 1 1 0 0 0 1 0 0 1 1 1 1 27
0 0 0 1 0 0 1 1 1 1 1 1 0 1 0 1 0 1 0 1 1 0 0 0 0 0 0 0 1 0 1 1 0 0 0 1 0 0 1 1 1 1 0 1 0 1 0 1 1 1 25
0 1 0 1 0 1 1 1 1 1 1 0 0 0 0 1 0 1 0 0 1 0 0 1 1 0 0 0 1 1 1 0 1 1 0 1 0 0 1 1 0 0 0 1 1 0 1 0 1 1 26
0 1 0 1 0 0 0 1 1 1 1 0 0 1 0 1 0 1 0 0 0 1 0 1 1 0 0 1 1 1 1 0 0 1 1 1 0 0 1 0 0 0 0 0 0 1 0 0 1 1 23
0 1 1 0 0 0 1 1 1 1 0 0 0 1 0 1 0 1 0 0 1 1 0 0 1 0 0 1 1 1 1 0 0 1 0 1 0 0 1 0 1 1 1 1 1 1 1 0 1 1 28
0 1 0 1 1 1 0 1 1 1 1 0 0 0 1 1 0 0 0 0 1 1 0 1 0 0 0 0 1 1 1 0 0 1 1 1 1 1 1 1 0 1 0 1 0 0 1 0 1 1 28
0 1 0 1 1 0 1 1 1 1 1 0 0 0 0 0 0 1 1 0 1 0 0 1 0 0 0 0 1 0 1 0 1 1 1 1 1 1 1 1 0 1 0 0 1 0 0 0 1 1 26
0 0 0 1 0 0 0 1 1 1 1 0 1 0 1 0 0 0 0 1 0 0 0 1 0 0 0 0 1 0 1 0 1 1 1 1 1 1 1 1 0 1 0 0 0 1 1 0 1 1 24
0 0 0 1 0 1 0 1 1 1 1 0 0 0 0 1 0 1 0 0 0 1 0 1 0 0 0 0 1 0 1 0 0 1 0 1 0 1 1 1 0 1 0 1 1 0 0 1 1 1 23
0 1 0 1 1 1 0 1 1 0 1 0 0 0 1 1 1 0 0 0 0 0 0 1 0 0 0 1 1 1 1 0 0 1 1 1 0 0 1 1 0 1 0 1 0 0 1 1 1 1 26
0 0 0 1 1 1 0 1 1 1 0 1 1 1 0 0 0 1 0 1 1 0 0 1 1 0 0 1 0 0 1 1 0 1 0 1 0 0 1 1 1 0 0 1 0 0 1 0 1 1 26
0 1 0 1 0 1 1 1 1 1 0 0 0 0 0 1 0 1 0 0 1 0 0 1 0 0 1 1 0 0 1 1 0 1 1 1 1 1 1 0 0 0 0 1 1 0 1 1 1 1 27
0 1 0 1 1 0 0 1 1 1 1 0 0 0 0 1 0 1 0 1 1 0 0 1 0 0 1 1 1 0 1 0 0 1 0 1 0 0 1 1 0 1 0 0 0 0 1 1 1 1 25
0 0 0 1 0 0 1 1 1 1 1 0 0 1 1 1 0 0 0 1 0 0 0 1 1 0 1 1 1 1 1 1 1 1 0 1 0 0 0 0 0 1 0 1 0 0 1 0 1 1 26
0 0 0 1 1 0 0 1 1 1 1 0 0 0 0 0 0 1 0 0 1 0 0 0 1 0 0 0 1 1 1 0 1 1 1 1 0 0 1 1 0 0 0 0 1 1 1 0 1 1 23
0 0 0 1 1 0 0 1 1 1 1 0 0 0 0 1 0 1 0 0 1 0 0 0 1 0 0 1 1 1 1 1 1 1 1 1 0 0 1 1 0 1 0 1 1 0 1 0 1 1 27
0 0 0 1 0 0 0 1 1 1 1 0 0 0 1 1 0 1 0 0 1 0 1 1 0 1 0 1 1 1 1 0 0 1 1 0 0 0 1 0 0 1 0 1 0 1 0 0 0 1 23
0 0 1 0 0 0 0 1 0 1 0 0 1 0 0 1 0 1 0 0 1 0 0 1 0 0 0 1 1 1 0 0 1 1 0 1 0 0 0 0 0 1 0 1 1 0 0 0 1 1 19
0 0 0 1 0 0 0 1 1 1 0 0 1 1 0 1 0 0 0 0 1 1 0 1 1 0 0 1 1 0 1 0 1 1 0 1 1 0 1 1 0 1 1 1 0 1 0 1 1 1 27
0 0 0 0 0 0 0 1 1 1 1 0 1 0 0 1 0 0 0 0 1 1 0 1 1 0 0 0 1 0 1 0 1 1 1 1 1 0 1 0 0 1 0 1 0 0 1 0 1 1 23
0 1 0 0 0 0 0 1 1 1 1 0 0 0 0 1 1 1 0 0 1 1 0 1 1 0 1 1 1 1 1 0 1 1 1 1 0 0 1 0 1 1 0 1 1 0 1 0 1 1 29
0 0 1 1 0 0 0 1 0 1 0 0 0 1 0 1 0 1 1 0 1 1 0 1 1 0 0 1 1 1 1 1 1 1 1 1 0 1 1 0 1 1 0 1 0 1 1 0 1 1 30
0 1 0 0 0 1 0 1 1 0 1 0 0 0 0 1 0 0 0 0 1 1 0 1 1 0 0 1 1 0 1 0 0 1 0 1 0 0 1 0 1 1 1 0 1 1 1 0 1 1 24
0 0 0 1 0 1 0 1 1 1 0 1 1 0 0 1 0 1 0 0 1 1 0 1 0 1 1 0 1 0 1 1 1 1 1 1 1 0 1 1 0 1 0 1 1 0 1 0 1 1 30
0 0 0 1 0 0 0 1 1 0 0 0 0 1 0 1 0 1 0 1 0 0 0 1 0 0 0 1 1 0 1 0 1 1 1 1 1 1 1 0 1 0 0 1 0 1 0 0 1 1 23
0 1 0 1 0 1 1 1 1 1 0 0 1 1 1 1 0 1 0 0 0 0 0 0 0 0 0 1 1 0 1 0 0 1 1 1 0 0 1 1 0 1 0 1 0 1 1 1 1 1 27
0 0 1 1 1 1 1 1 1 0 0 0 0 0 0 1 0 0 0 0 1 0 0 1 0 0 0 1 1 1 1 0 0 1 0 1 0 0 1 1 0 1 0 1 0 1 0 0 1 1 23
0 0 1 1 0 0 1 1 1 1 1 0 1 0 0 1 0 0 0 0 0 1 0 1 1 0 0 0 1 1 0 0 1 1 0 1 1 1 1 0 0 1 1 1 0 0 0 1 1 1 26
0 1 1 1 0 1 0 1 1 1 1 0 1 0 1 1 0 0 0 0 1 0 0 1 0 0 0 0 1 0 1 1 1 1 1 1 0 1 0 1 1 0 0 1 1 0 0 1 1 1 28
0 1 1 1 0 0 1 1 0 1 1 0 0 0 1 1 0 0 0 0 1 0 0 1 1 0 0 1 1 0 1 0 0 0 0 1 1 0 0 1 0 1 0 1 0 1 1 0 1 1 24
0 1 0 1 0 0 0 1 0 1 1 0 0 0 0 1 0 0 0 0 1 0 0 1 1 0 0 1 0 1 1 0 1 1 0 1 0 1 0 0 0 1 1 1 0 0 0 0 1 1 21
0 1 1 1 0 1 1 1 1 0 1 0 0 1 0 1 0 1 1 0 1 1 0 1 1 0 1 1 1 1 1 1 1 1 0 1 1 0 1 1 0 1 0 0 1 0 1 1 1 1 34
0 1 0 1 1 0 0 1 1 1 0 0 1 0 0 0 0 1 0 0 1 0 0 0 0 0 0 1 0 1 1 1 1 1 0 1 0 0 0 1 1 0 0 1 1 0 1 0 1 1 23
0 0 0 0 1 0 1 1 0 1 1 0 1 1 0 1 0 1 0 0 0 0 0 1 1 0 0 1 1 1 1 0 0 1 0 1 1 0 1 0 0 1 1 0 0 0 1 0 1 1 24
0 1 0 1 0 0 1 1 1 1 1 0 0 1 1 0 0 1 0 1 1 1 0 1 0 0 0 0 1 0 1 0 0 1 1 1 0 0 1 1 0 1 1 0 1 0 0 0 1 1 26
0 0 1 1 1 1 1 1 1 0 1 1 0 1 0 1 0 0 0 1 0 1 0 1 1 0 0 0 1 1 1 1 1 1 0 1 0 1 1 1 0 1 1 0 0 0 1 0 1 1 30
1 1 0 1 0 0 1 1 1 1 0 0 1 0 1 1 0 0 0 0 0 0 0 1 0 0 0 1 1 1 0 0 0 1 0 1 0 0 1 0 0 1 1 1 0 0 1 0 1 1 23
0 0 0 1 0 0 0 1 1 0 1 0 0 1 0 1 0 0 0 0 0 1 0 1 1 0 0 1 1 0 1 0 0 1 1 1 1 0 1 0 0 1 0 1 1 0 1 0 1 1 23
0 0 1 1 0 0 0 1 0 0 1 0 1 1 1 1 0 0 0 0 1 1 0 1 0 1 0 0 1 0 1 0 0 1 1 1 1 0 1 0 0 1 1 1 0 1 0 1 1 1 26
0 1 0 0 0 0 0 1 1 1 1 0 1 0 0 1 0 1 0 0 1 0 1 1 0 0 0 0 1 0 0 0 1 1 1 1 0 0 1 0 0 0 0 1 0 0 1 1 1 1 22
0 0 0 0 0 0 0 1 1 1 1 0 1 1 1 1 1 0 1 0 1 1 0 1 0 0 0 0 0 1 1 0 1 1 1 1 1 0 1 1 0 1 0 1 0 0 0 0 1 1 26
0 1 0 1 0 0 0 1 1 1 1 0 0 0 0 1 0 1 0 0 1 1 0 1 0 0 0 0 1 0 1 0 0 1 1 1 1 1 1 1 0 0 0 1 0 1 0 0 1 1 24
0 1 0 1 0 0 0 1 1 1 1 0 1 0 1 1 0 1 0 0 1 0 0 1 0 0 0 1 1 1 1 0 0 1 0 1 0 0 1 0 0 1 0 1 0 0 1 0 1 1 24
0 0 0 1 0 0 0 1 1 1 0 0 1 0 0 1 0 0 0 0 1 1 0 1 0 0 0 1 1 0 1 0 1 1 1 1 0 0 1 1 0 1 0 1 0 0 1 1 1 1 24
0 1 0 1 0 0 0 1 1 1 1 0 0 0 1 1 0 1 0 1 0 1 0 0 1 1 1 0 1 1 1 1 1 1 0 1 1 1 1 0 0 1 0 1 1 0 1 0 1 1 30
1 1 0 1 0 0 1 1 1 1 1 0 0 0 1 1 0 0 0 0 1 0 0 1 0 0 1 1 0 1 1 0 1 1 1 1 1 0 1 1 0 1 0 1 0 1 1 0 1 1 29
0 1 1 1 0 0 1 1 1 1 1 0 1 1 0 1 0 1 0 0 1 0 0 1 1 1 0 1 1 0 1 0 1 1 0 1 0 0 1 0 0 0 0 1 0 1 1 0 1 1 28
0 0 0 0 0 0 0 1 1 0 0 0 1 0 0 1 0 0 0 0 1 0 0 1 0 0 0 1 1 1 1 0 1 1 0 1 0 0 1 1 1 1 0 0 0 0 0 0 1 1 19
0 1 0 1 0 1 0 1 1 1 1 0 1 0 0 1 0 1 0 0 0 0 0 1 1 0 0 1 1 1 1 0 0 1 1 1 0 0 1 1 0 0 0 0 0 1 0 0 1 1 24
0 0 0 1 0 1 0 1 1 1 1 0 1 0 0 1 0 1 0 0 1 1 0 1 1 0 0 1 1 0 1 0 1 1 1 1 1 0 1 0 0 1 0 1 1 1 1 0 1 1 29
0 0 0 1 0 0 0 1 1 1 1 0 1 0 1 1 0 1 0 0 1 1 0 1 0 0 0 0 1 0 1 0 0 1 0 1 1 0 1 0 0 1 0 1 0 0 0 0 1 1 22
0 0 1 0 0 0 0 1 1 1 0 0 0 0 0 0 0 1 0 0 1 1 0 1 1 0 0 0 1 1 1 0 0 1 1 1 0 0 0 0 0 1 0 0 0 0 0 1 1 1 19
0 0 0 1 1 0 1 1 1 1 0 0 0 0 0 1 0 0 0 0 1 1 0 0 1 0 0 0 0 1 1 0 0 1 0 1 0 0 1 1 0 1 0 0 0 0 1 1 1 1 21
0 0 1 0 0 0 0 1 1 1 1 0 0 1 0 1 0 1 0 1 0 1 0 1 0 0 0 1 1 1 1 0 1 1 0 1 0 1 1 1 0 0 0 1 0 1 0 1 1 1 26
0 0 0 0 1 0 0 1 0 0 1 0 0 0 1 1 0 0 0 0 1 1 0 1 0 0 0 1 1 1 1 0 0 1 0 1 1 0 1 1 0 1 0 1 0 1 0 1 1 1 23
0 1 0 0 0 0 1 1 1 1 1 0 1 0 0 1 0 1 0 0 1 1 0 0 0 0 0 0 1 1 1 0 0 1 1 1 1 0 1 1 0 0 0 1 0 1 1 0 1 1 25
0 1 0 1 0 0 1 1 1 0 1 0 0 0 1 1 0 0 0 0 1 0 0 1 1 0 0 1 1 1 1 0 1 1 1 1 0 0 1 1 0 0 0 0 1 1 1 0 1 1 26
0 0 1 1 0 0 1 1 1 1 1 0 1 1 1 1 0 0 0 0 1 1 0 1 1 0 0 1 1 0 1 0 1 1 0 1 0 0 1 1 0 1 0 0 1 1 1 1 1 1 30
0 0 0 1 0 0 0 1 1 1 1 0 0 0 0 1 0 0 0 0 0 0 0 0 0 0 0 0 1 0 1 0 1 1 1 1 1 1 1 0 0 1 0 1 0 0 1 1 1 1 21
0 1 0 1 0 0 0 1 1 1 1 0 1 0 0 1 0 1 0 0 1 0 0 1 1 0 0 0 1 0 1 0 1 1 1 1 1 0 1 1 1 0 0 1 0 0 1 0 1 1 26
0 1 1 0 0 0 0 1 1 1 1 0 0 1 1 1 0 0 0 0 0 0 0 0 0 0 0 1 1 1 1 0 1 0 1 1 0 1 1 0 0 1 1 1 0 0 1 0 1 1 24
0 0 1 1 1 0 0 1 1 1 1 0 0 0 0 0 1 0 0 1 1 0 0 0 0 0 0 1 1 0 1 0 0 1 0 1 1 0 1 0 0 1 0 0 0 0 0 0 1 1 20
0 0 1 1 0 0 0 1 1 1 1 1 0 0 0 1 0 1 0 1 1 1 0 1 0 0 0 1 1 0 1 0 1 1 1 1 0 0 1 0 0 1 1 0 1 0 1 0 1 1 27
0 0 1 1 0 0 0 1 1 1 1 1 0 0 1 1 1 1 0 0 1 1 0 1 1 0 0 1 0 0 1 0 0 1 1 1 0 1 1 1 0 0 0 1 0 1 0 0 1 1 27
0 0 0 0 0 1 1 1 1 1 1 0 1 1 0 1 0 0 0 1 0 1 0 1 1 0 0 1 1 1 1 0 0 1 1 1 0 0 1 1 0 0 0 1 1 0 0 0 1 1 26
0 0 1 1 0 0 0 1 1 1 0 0 0 0 1 1 0 1 0 0 1 1 0 0 0 0 0 0 1 0 1 0 0 1 1 1 0 0 1 0 1 0 1 1 1 0 1 1 1 1 24
0 1 1 1 1 0 0 1 1 1 1 0 0 0 1 1 0 1 0 0 0 1 0 1 0 0 0 1 1 0 1 0 1 1 1 1 0 0 1 0 0 0 0 0 0 0 1 0 1 1 24
0 0 0 0 0 0 0 1 1 1 0 0 0 0 0 1 0 1 0 1 1 1 0 1 0 0 1 0 1 1 1 0 0 1 1 1 0 1 0 1 0 1 0 1 0 0 1 1 1 1 24
0 0 0 1 0 1 1 1 1 0 0 1 0 1 1 1 0 1 0 0 1 0 0 1 1 1 0 1 1 1 1 0 0 1 1 1 0 0 1 0 0 0 0 1 0 1 1 1 1 1 28
0 0 0 1 0 0 0 1 1 1 1 0 1 0 0 1 0 1 0 1 1 1 0 1 0 0 0 0 1 1 0 0 0 1 0 1 0 0 1 0 1 0 0 1 0 0 0 1 1 1 22
0 1 0 1 0 0 0 1 1 0 0 0 1 1 0 1 0 0 0 0 0 1 0 1 0 0 0 0 1 1 1 1 0 1 1 1 0 1 1 0 0 0 0 0 1 0 1 1 1 1 23
0 0 1 0 0 0 0 0 1 1 0 1 0 0 0 0 1 1 0 1 1 0 0 1 0 0 1 1 0 1 1 0 1 1 1 1 0 0 1 0 0 1 0 1 1 1 0 0 1 1 24
0 1 0 1 0 0 0 1 1 1 1 0 0 0 0 1 0 1 0 0 1 0 0 1 1 0 0 0 1 0 1 0 1 1 0 1 1 0 0 0 0 0 0 1 0 0 1 1 1 1 22
0 1 0 1 1 0 0 1 0 0 1 0 0 0 0 1 0 0 0 0 1 1 0 1 1 0 0 1 1 0 1 0 0 1 1 1 0 0 1 1 0 1 0 1 0 0 1 1 1 1 24
0 0 0 1 1 1 1 1 0 1 0 0 0 0 0 1 0 0 1 0 1 0 0 1 1 0 0 1 1 0 1 0 1 1 0 1 1 0 1 0 1 0 0 0 0 0 1 1 1 1 24
0 1 0 1 0 0 0 1 1 0 0 0 0 0 1 1 1 1 0 0 0 1 0 0 0 0 1 0 1 0 1 1 1 1 1 1 0 1 1 1 1 1 0 0 0 1 0 1 1 1 26
0 0 1 1 0 0 0 1 1 1 1 0 0 0 0 0 0 0 0 1 1 0 0 1 0 0 0 0 1 0 1 0 1 1 1 1 1 0 1 1 0 1 1 1 0 0 1 1 1 1 25
0 1 0 0 0 0 1 1 1 1 1 0 0 0 0 1 0 1 0 1 1 1 0 1 1 0 0 1 1 1 1 0 0 1 1 1 1 0 1 1 0 1 0 1 0 0 1 1 1 1 29
1 1 0 1 0 0 0 1 1 1 1 0 0 0 1 1 0 1 1 0 1 1 0 1 1 0 0 0 1 1 0 0 1 1 0 1 0 0 0 1 0 1 0 0 0 0 0 0 1 1 24
0 1 1 1 1 1 0 1 1 1 1 0 1 1 0 1 0 0 0 0 1 1 0 0 0 0 0 1 1 0 1 0 1 1 1 1 1 0 1 1 0 0 0 1 0 1 1 0 1 1 29
0 1 1 1 0 1 0 1 1 1 1 0 0 1 1 1 1 1 0 1 1 0 0 1 0 0 0 0 1 0 1 0 0 1 0 1 0 0 1 0 1 0 0 1 1 0 1 0 1 1 27
0 0 0 1 0 1 0 1 1 1 1 0 1 0 1 1 0 1 0 0 1 0 0 1 1 0 1 1 1 0 1 0 1 0 0 1 1 0 1 0 0 1 0 1 0 1 1 0 1 1 27
0 0 0 1 0 0 0 0 1 1 0 0 0 0 0 1 0 1 0 0 1 0 0 1 1 1 1 1 1 1 1 0 1 1 0 1 1 0 0 0 0 0 0 1 0 0 0 1 1 1 22
0 0 0 1 0 0 0 1 1 1 1 0 1 0 1 1 0 1 1 0 1 1 0 1 0 0 0 1 0 1 1 0 1 1 1 1 0 0 1 0 1 0 0 0 0 0 0 1 1 1 25
1 0 1 1 0 0 1 1 1 1 0 1 1 1 0 1 0 1 1 0 1 0 0 1 0 0 0 0 1 1 1 0 0 1 0 1 0 0 0 1 0 1 0 0 0 1 1 0 1 1 26
26 194 129 410 105 122 133 495 425 418 349 69 202 158 189 419 30 302 30 125 361 276 19 391 245 31 111 261 450 315 454 67 251 479 278 490 175 111 431 295 80 341 104 348 118 194 309 188 499 498 12500
