0 0 0 0 0 0 0 0 0 0 0 0 0 0 0 0 0 0 0 0 0 0 0 0 0 0 0 0 0 0 0 0 0 0 0 0 0 0 0 1 0 0 0 0 0 0 0 0 0 0 1
0 1 0 0 0 0 0 0 0 0 0 0 0 0 0 0 0 0 0 0 0 0 0 0 0 0 0 0 0 0 0 0 0 0 0 0 0 0 0 0 0 0 0 0 0 0 0 0 0 0 1
0 0 0 0 0 0 0 0 0 0 0 0 0 0 0 0 0 0 0 0 0 0 0 0 0 0 0 0 1 0 0 0 0 0 0 0 0 0 0 0 0 0 0 0 0 0 0 0 0 0 1
0 0 0 0 0 0 0 0 0 0 0 0 0 0 0 0 0 0 0 0 0 0 0 0 0 0 0 1 0 0 0 0 0 0 0 0 0 0 0 0 0 0 0 0 0 0 0 0 0 0 1
0 0 0 0 0 0 1 0 0 0 0 0 0 0 0 0 0 0 0 0 0 0 0 0 0 0 0 0 0 0 0 0 0 0 0 0 0 0 0 0 0 0 0 0 0 0 0 0 0 0 1
0 0 0 0 0 0 0 0 0 0 0 0 0 0 0 0 0 0 0 0 0 0 0 0 0 0 0 0 0 0 0 0 0 0 0 0 0 0 0 0 0 0 0 0 0 0 0 1 0 0 1
0 0 0 0 0 0 0 0 0 0 1 0 0 0 0 0 0 0 0 0 0 0 0 0 0 0 0 0 0 0 0 0 0 0 0 0 0 0 0 0 0 0 0 0 0 0 0 0 0 0 1
0 0 0 0 0 0 0 0 0 0 0 0 0 0 0 0 0 1 0 0 0 0 0 0 0 0 0 0 0 0 0 0 0 0 0 0 0 0 0 0 0 0 0 0 0 0 0 0 0 0 1
0 0 0 0 0 0 0 0 0 0 0 0 0 0 1 0 0 0 0 0 0 0 0 0 0 0 0 0 0 0 0 0 0 0 0 0 0 0 0 0 0 0 0 0 0 0 0 0 0 0 1
0 0 0 0 0 0 0 0 0 0 0 0 0 0 0 0 0 0 0 0 0 0 0 0 0 0 0 0 1 0 0 0 0 0 0 0 0 0 0 0 0 0 0 0 0 0 0 0 0 0 1
0 0 0 0 0 1 0 0 0 0 0 0 0 0 0 0 0 0 0 0 0 0 0 0 0 0 0 0 0 0 0 0 0 0 0 0 0 0 0 0 0 0 0 0 0 0 0 0 0 0 1
0 0 0 0 0 0 0 0 0 0 0 0 0 0 0 0 1 0 0 0 0 0 0 0 0 0 0 0 0 0 0 0 0 0 0 0 0 0 0 0 0 0 0 0 0 0 0 0 0 0 1
0 0 0 0 0 0 0 0 0 0 0 0 0 0 0 0 0 0 0 0 0 0 0 0 0 0 0 0 0 0 0 0 0 0 0 0 0 0 0 0 1 0 0 0 0 0 0 0 0 0 1
0 0 0 0 0 0 0 0 0 0 0 0 0 0 0 0 0 0 0 0 0 0 0 0 0 0 0 0 0 0 0 0 0 0 0 1 0 0 0 0 0 0 0 0 0 0 0 0 0 0 1
0 0 0 0 0 0 0 0 0 0 0 0 0 0 0 0 0 0 0 0 0 0 0 0 0 0 0 0 0 0 0 0 0 0 0 0 1 0 0 0 0 0 0 0 0 0 0 0 0 0 1
0 0 1 0 0 0 1 1 1 1 0 1 1 1 0 0 0 0 1 1 0 0 0 0 1 1 0 0 0 1 0 1 0 0 1 0 0 0 1 0 1 1 1 0 0 0 0 0 1 0 20
0 0 0 0 0 0 0 0 0 1 0 0 1 1 0 1 0 0 0 1 1 0 0 0 1 1 0 1 0 0 1 1 0 1 1 0 1 1 1 1 0 1 0 0 1 0 1 0 1 1 22
0 0 0 0 1 0 1 1 0 0 1 0 0 1 1 1 0 0 0 1 0 1 1 1 0 0 0 1 0 1 1 1 1 1 1 0 0 0 0 1 1 0 0 0 0 1 1 0 1 0 23
0 1 0 1 0 1 0 1 1 1 0 0 1 1 1 1 1 0 0 1 0 1 1 0 0 1 0 1 0 0 0 1 1 1 1 0 0 1 1 1 1 1 0 1 1 1 0 0 1 0 29
1 0 1 1 1 1 1 1 1 0 1 1 1 1 1 1 0 0 1 1 1 0 1 0 1 0 1 1 0 1 1 1 1 0 0 0 0 0 1 0 0 1 1 1 1 1 0 0 1 1 33
0 1 0 0 0 0 0 0 0 1 0 1 0 0 0 0 0 0 1 1 0 1 0 0 0 0 0 1 0 0 1 1 1 1 1 1 0 1 0 1 0 0 0 0 1 0 1 1 0 0 18
1 1 1 1 0 0 0 1 0 0 1 0 1 1 1 1 1 0 0 0 1 0 0 1 0 0 0 1 0 0 0 0 1 1 1 1 1 1 0 0 0 1 1 1 1 0 1 1 1 1 28
1 0 1 0 1 0 0 1 0 0 1 0 1 1 0 0 1 0 1 0 0 1 0 1 0 0 0 1 1 0 0 1 0 1 1 1 0 1 0 0 0 0 1 1 0 1 1 1 0 1 24
0 0 0 1 1 0 1 0 0 1 1 0 0 0 1 0 0 1 1 1 1 0 0 0 1 1 0 0 0 1 1 0 1 1 1 1 1 0 1 1 1 0 0 0 0 0 1 0 1 0 24
1 0 1 0 0 1 0 0 1 0 0 1 0 0 0 1 1 0 1 0 1 0 1 0 0 0 1 0 0 1 0 1 0 0 1 1 0 1 1 0 0 1 0 0 1 0 1 1 0 1 22
1 1 1 1 0 0 1 1 0 0 1 0 0 0 0 1 1 1 1 0 1 0 0 1 0 1 1 0 1 1 1 0 1 0 1 1 1 0 1 1 1 0 1 1 0 0 0 1 1 0 29
1 1 1 0 1 0 0 1 0 0 0 0 0 0 0 0 0 1 0 1 1 1 0 0 1 0 1 1 0 0 0 0 0 0 1 1 1 0 1 0 0 0 0 1 0 0 1 1 1 0 20
0 1 0 1 0 0 1 0 0 0 1 0 0 0 1 0 1 1 1 1 0 1 0 1 1 1 0 0 0 0 1 0 1 0 0 0 1 0 1 0 0 0 1 0 0 1 0 0 1 0 20
0 0 0 1 1 1 0 0 1 0 1 1 1 1 1 1 0 1 0 1 1 0 1 0 1 1 0 0 1 0 1 0 1 0 0 1 0 0 1 0 0 1 1 0 0 1 0 1 1 0 26
0 1 0 0 1 1 0 0 0 1 1 1 1 1 0 0 1 1 0 1 1 1 1 1 1 1 1 1 1 0 0 0 1 1 1 1 1 0 0 1 1 0 0 1 1 1 0 1 1 1 33
0 1 1 0 0 0 1 0 1 0 0 0 0 1 0 1 0 1 0 0 1 1 0 1 1 1 0 1 1 0 0 1 0 0 0 1 0 0 1 1 0 1 0 0 0 1 1 0 1 1 23
1 1 0 0 0 1 0 1 0 0 0 1 1 0 1 0 0 1 0 0 1 0 1 1 1 1 0 1 1 0 0 1 1 1 0 0 1 0 1 0 0 1 0 0 0 1 1 0 1 1 25
1 0 0 1 1 0 0 0 0 1 0 0 0 0 1 1 1 0 1 1 0 0 1 0 1 0 0 0 1 1 0 1 1 0 1 1 0 0 1 0 1 0 0 1 0 0 1 0 0 0 21
1 0 0 1 0 0 0 0 1 1 0 1 0 0 0 1 1 1 0 0 1 1 1 0 0 1 0 1 0 0 0 0 0 1 1 1 0 1 1 1 0 1 0 1 1 1 1 0 1 1 26
0 1 0 1 1 1 1 0 1 1 1 1 0 0 0 0 1 1 0 0 0 0 1 1 1 0 1 0 0 0 1 0 1 1 1 1 1 1 0 0 0 1 1 1 0 1 1 1 0 1 29
1 0 1 1 1 0 1 0 1 1 0 0 0 0 0 1 1 1 0 0 1 1 1 1 0 0 0 1 1 0 0 0 0 1 0 0 1 1 1 1 0 0 1 0 1 1 0 0 1 0 25
1 0 1 1 0 0 0 1 0 0 1 1 0 0 1 1 1 1 1 1 1 1 1 0 0 1 0 0 1 1 0 0 1 1 0 1 0 0 0 0 1 1 0 0 1 1 0 0 0 1 26
1 1 1 0 0 0 0 0 0 0 0 0 0 0 0 1 1 1 0 1 0 0 0 1 0 1 0 0 1 1 1 0 1 0 0 1 0 0 0 0 0 1 1 1 1 0 1 0 1 0 20
1 1 1 0 0 0 1 1 0 1 0 0 1 1 0 0 1 0 1 0 0 0 1 0 1 1 1 1 1 1 0 1 1 1 0 1 1 0 0 0 1 1 1 0 1 1 1 0 0 0 28
0 1 0 0 1 0 0 1 0 1 0 0 0 0 1 0 0 1 0 0 0 1 1 0 0 1 0 1 1 1 1 0 1 1 0 0 0 1 1 1 0 0 0 0 1 0 1 1 0 0 21
1 1 1 0 1 0 0 0 1 1 0 1 0 1 0 0 0 0 1 1 1 1 0 0 0 1 1 1 0 0 1 1 1 1 0 1 0 1 1 0 0 1 1 0 0 0 1 1 0 0 26
1 0 1 0 1 1 0 1 1 1 0 1 0 1 1 1 1 0 1 0 1 1 1 0 1 0 0 1 0 0 0 1 0 0 0 0 0 1 1 0 0 0 0 1 0 1 1 1 1 0 26
1 0 1 0 1 1 0 0 1 0 1 0 0 1 1 1 1 1 1 0 0 1 1 1 0 0 1 0 0 1 0 0 0 1 0 1 0 1 0 0 1 0 0 1 1 0 0 0 0 0 23
1 0 0 1 0 1 0 1 0 0 0 0 0 0 0 1 0 0 1 0 0 1 1 1 0 0 0 0 1 0 0 1 1 1 1 1 0 0 0 1 0 1 1 1 1 1 0 1 0 0 22
0 0 1 0 1 0 0 0 0 0 1 1 0 0 1 1 0 0 0 1 0 0 1 0 0 0 1 0 0 1 0 1 1 0 1 0 0 0 0 1 0 1 1 0 0 1 1 0 0 0 18
0 0 0 0 1 1 1 0 1 1 1 1 0 1 1 0 1 1 0 1 0 1 1 1 1 1 1 1 0 0 1 1 0 0 1 0 0 0 0 1 1 1 0 1 1 1 1 0 0 0 29
1 0 0 0 1 0 0 0 0 1 0 0 0 1 1 1 1 0 1 1 0 1 0 1 1 0 0 1 1 0 0 1 1 1 1 1 1 0 0 1 1 0 1 1 1 0 0 0 0 1 26
0 0 0 0 0 0 1 0 0 0 1 1 1 1 0 1 1 1 0 1 1 1 1 0 0 0 0 1 1 1 0 1 0 1 1 0 1 0 1 1 0 0 0 1 0 0 1 1 1 0 25
1 0 0 1 1 1 1 0 1 1 1 0 0 0 1 0 1 0 1 0 0 0 1 0 1 0 1 1 1 0 1 1 1 1 0 0 1 0 1 0 0 0 1 0 0 1 0 1 0 1 26
1 0 1 0 1 0 1 0 0 0 0 1 1 1 1 1 1 0 0 0 0 1 0 0 0 1 1 0 1 0 1 1 0 0 1 0 0 1 0 1 1 0 1 0 0 0 0 0 1 1 23
1 0 0 1 0 1 0 1 0 1 1 1 1 0 1 1 1 0 0 0 0 0 0 0 1 1 1 1 0 0 0 1 1 0 1 0 1 0 0 0 1 0 1 0 0 0 0 1 0 0 22
0 1 1 1 1 1 0 0 1 0 1 0 0 0 1 0 0 0 1 0 0 0 0 1 0 1 1 1 1 1 1 0 0 0 0 1 1 1 1 1 0 1 1 1 0 1 1 1 1 1 29
1 1 0 1 1 0 1 1 0 1 1 1 0 0 1 1 0 0 0 1 0 1 1 0 1 0 1 0 1 1 0 1 0 1 1 1 0 0 0 0 0 0 0 0 0 0 0 1 1 0 24
0 0 0 0 0 0 0 0 0 1 0 1 0 0 0 0 1 1 1 1 1 0 0 1 0 1 1 1 1 0 0 0 1 0 0 1 0 0 1 1 0 1 0 1 0 1 1 0 0 0 20
0 0 1 1 1 1 1 1 1 1 1 1 1 0 1 1 1 1 1 0 0 1 1 1 0 0 1 0 0 0 0 1 1 1 1 1 0 1 1 0 1 0 1 1 1 1 0 1 0 0 33
0 1 0 0 1 0 0 0 0 0 1 0 1 0 1 1 0 0 0 1 1 0 1 1 0 1 0 0 1 1 0 1 0 0 0 0 1 0 1 1 0 0 0 1 0 0 0 1 0 0 19
1 1 1 0 0 0 0 1 0 0 0 0 0 0 1 1 1 1 0 1 0 0 0 0 1 1 1 0 0 1 0 0 1 1 1 0 1 1 1 1 0 1 0 1 0 0 1 1 0 0 24
1 1 1 0 0 0 0 0 0 0 1 0 1 0 0 0 1 0 0 1 1 1 1 1 0 0 0 0 1 0 0 1 1 0 0 0 1 1 0 1 1 0 1 0 1 0 1 1 0 1 23
1 0 0 0 0 0 1 1 0 1 1 0 0 0 1 1 0 1 1 1 1 0 0 0 0 1 1 1 0 1 0 0 1 0 1 0 1 1 1 0 1 1 1 1 0 0 1 0 1 1 27
0 1 1 0 1 0 1 1 1 0 0 1 1 1 0 0 1 0 0 1 1 0 1 0 0 0 1 1 0 1 1 0 1 0 0 0 1 0 1 0 0 0 1 0 1 1 0 1 0 0 24
1 0 0 1 1 0 0 0 0 0 0 0 1 1 1 1 0 0 0 1 1 1 1 0 1 0 0 1 1 1 0 1 0 1 0 1 0 1 0 1 1 1 1 0 1 0 0 0 0 1 25
0 0 0 0 0 0 0 0 1 1 0 1 0 0 0 0 1 0 1 1 0 0 1 1 1 0 1 0 0 1 1 1 1 1 0 1 0 0 1 1 1 0 0 0 0 1 1 1 1 1 24
0 0 1 0 0 1 1 1 0 1 1 0 0 1 1 1 1 0 1 0 1 0 1 0 0 1 0 1 0 1 1 0 1 1 1 1 0 1 0 1 1 0 1 1 1 0 0 1 1 1 30
0 0 1 1 0 0 0 1 0 0 0 1 1 1 1 0 0 1 1 1 1 1 1 1 1 1 0 0 1 0 0 0 0 0 0 1 0 1 0 0 1 0 1 0 1 0 0 0 1 1 24
0 1 1 0 0 1 0 0 1 1 1 0 1 0 0 0 0 0 0 0 1 1 0 1 1 0 1 0 1 1 0 1 1 0 0 0 1 1 0 1 1 1 0 1 1 0 1 0 1 1 26
0 0 1 0 0 0 0 0 0 0 1 1 1 0 0 1 0 1 0 0 1 1 1 1 0 1 0 1 0 0 0 1 0 1 0 0 1 0 0 1 0 0 1 1 0 1 0 0 1 1 21
1 0 0 0 1 0 0 0 0 1 1 0 1 0 0 1 0 0 1 1 0 1 1 0 0 1 1 1 1 1 0 0 1 1 1 0 0 0 0 1 0 1 0 1 1 1 0 0 1 1 25
1 1 0 1 1 1 1 0 0 0 0 0 1 0 1 0 0 1 1 0 0 1 0 0 1 0 0 0 0 1 0 0 0 0 1 0 0 0 0 0 0 0 1 0 1 0 1 0 0 1 18
1 0 1 1 1 0 0 1 1 0 1 1 0 1 1 1 0 0 1 1 0 0 1 1 0 0 1 1 0 1 0 0 1 0 1 1 0 1 1 1 0 1 1 0 0 0 0 0 0 1 27
0 1 1 1 0 0 0 0 1 1 0 1 1 1 1 1 0 0 0 1 0 1 1 0 1 1 0 0 0 1 1 0 0 1 1 0 1 0 1 1 1 0 0 0 0 0 0 0 0 0 23
1 1 0 1 1 1 1 0 1 1 1 0 0 0 0 0 0 0 0 0 0 0 1 1 0 0 1 0 1 1 0 1 1 1 1 1 0 1 1 0 0 1 1 0 1 0 1 1 0 1 27
1 1 1 1 0 1 1 0 0 0 1 0 1 1 1 1 0 0 0 0 1 1 0 0 0 0 0 1 1 0 0 1 0 0 0 1 0 1 1 1 0 1 1 0 1 0 1 0 0 1 25
1 1 1 1 1 1 0 1 1 0 0 0 0 0 0 0 0 0 0 0 0 1 0 0 1 0 1 1 1 1 0 0 1 1 0 1 1 0 1 1 0 1 0 0 1 0 1 1 1 1 26
0 0 0 1 0 0 1 1 0 1 1 0 1 1 0 1 0 1 1 0 1 0 1 1 1 1 0 1 1 0 0 1 0 1 1 1 1 1 0 0 0 1 1 0 0 0 1 1 1 1 29
1 1 0 1 1 1 1 0 1 0 1 1 0 1 1 1 0 1 1 0 1 1 1 0 0 0 1 0 1 1 1 1 0 1 0 1 1 0 0 1 0 1 0 1 1 1 0 1 0 1 32
0 1 1 0 1 1 1 1 0 1 1 0 0 0 0 0 0 0 1 1 1 0 0 1 0 1 0 0 0 1 1 0 1 0 0 0 0 0 1 0 1 1 0 1 1 0 0 1 0 0 22
0 0 0 0 1 0 0 0 1 1 0 0 1 0 1 1 1 0 0 0 1 1 0 1 1 1 1 0 0 0 0 0 1 0 1 0 1 1 0 1 1 1 1 1 0 1 0 0 1 0 24
1 1 0 1 0 1 1 0 1 0 0 0 1 1 0 1 0 1 0 0 1 1 0 1 1 1 0 1 0 0 1 0 0 0 1 0 1 1 0 0 1 1 1 1 0 1 0 1 0 1 27
0 1 0 1 1 1 0 1 0 1 1 1 1 1 0 0 0 1 0 0 1 1 0 0 1 0 1 1 1 0 1 0 0 0 1 1 0 0 0 1 0 1 1 1 1 0 0 0 0 1 26
0 0 1 0 1 0 1 1 1 1 0 0 0 1 1 0 0 1 1 0 1 1 1 0 0 0 1 0 0 1 0 0 0 0 1 1 0 1 0 0 1 0 0 0 0 1 1 0 0 1 22
0 1 1 1 0 1 1 1 1 0 1 0 0 0 1 1 1 0 1 0 1 0 1 0 0 0 0 0 1 0 0 0 0 0 1 1 0 0 0 0 1 0 0 0 1 0 0 1 0 1 21
0 0 0 0 0 0 1 0 1 1 0 1 1 1 1 0 0 1 0 1 1 1 0 1 0 1 0 0 1 1 0 1 1 0 1 1 1 0 1 1 0 1 1 1 1 1 1 1 1 0 30
0 1 0 1 1 1 0 0 0 1 0 0 0 1 0 1 0 0 0 0 1 0 0 1 0 0 0 1 1 0 0 1 0 1 1 1 1 1 0 0 1 1 0 0 1 0 0 0 1 0 21
0 0 0 0 0 0 1 0 1 0 1 1 1 0 0 1 1 1 1 1 1 0 1 0 1 1 0 1 0 0 0 1 0 0 0 0 0 1 0 1 0 1 0 0 1 0 0 0 0 1 21
1 1 1 0 1 1 1 0 0 0 1 1 1 0 0 1 1 1 0 0 0 1 0 0 0 1 0 1 1 0 1 1 0 1 1 1 0 0 1 0 0 0 0 0 1 1 1 1 1 1 28
1 0 1 1 1 0 1 0 1 1 0 1 1 0 1 0 0 0 1 1 0 0 1 0 0 1 0 0 1 0 0 0 0 0 1 0 0 0 0 1 0 0 0 0 0 1 1 1 1 1 22
0 0 0 0 1 1 1 0 1 1 0 1 1 0 0 0 0 0 1 0 0 1 1 0 1 1 1 0 0 0 1 1 0 1 0 0 0 1 1 1 1 0 0 1 0 0 1 0 0 1 23
1 1 0 1 1 0 1 1 0 0 1 0 1 1 1 0 0 1 1 1 0 1 0 1 0 1 0 1 1 0 0 0 0 1 1 1 1 1 1 1 0 1 0 1 0 1 0 0 0 1 29
0 1 0 1 0 0 0 0 1 0 0 0 0 0 0 1 1 1 0 0 0 1 0 0 1 1 0 0 0 1 0 1 0 1 1 1 1 0 1 1 0 1 0 0 1 1 1 1 0 1 23
0 1 1 1 1 0 0 0 1 1 0 1 0 0 0 0 0 0 1 1 1 0 0 0 1 0 1 0 0 1 1 0 0 0 1 1 1 1 0 0 0 0 1 1 0 1 0 1 0 1 23
0 1 1 1 0 0 0 0 1 1 0 1 0 1 0 1 0 0 0 0 1 1 0 1 1 1 1 0 0 0 1 1 1 0 0 0 0 1 0 1 1 0 0 0 0 1 1 0 0 0 22
0 1 1 1 0 1 1 0 0 1 1 0 1 0 0 1 0 1 1 0 0 1 1 0 1 0 1 0 0 0 1 1 0 0 0 0 1 1 0 0 0 1 1 0 0 0 1 0 1 1 24
0 0 0 1 0 0 1 1 1 1 1 0 1 1 0 1 0 1 0 0 0 0 1 1 0 1 0 0 1 1 0 1 1 0 1 1 0 1 0 0 1 1 0 0 1 0 1 1 0 1 26
0 1 0 0 0 0 1 1 0 0 1 1 1 1 1 0 1 0 0 1 0 1 1 1 1 0 0 0 0 1 1 1 0 1 0 1 1 1 0 1 1 0 1 1 0 0 0 1 1 1 28
1 1 1 1 0 1 1 0 1 0 0 1 0 1 1 1 1 0 0 1 1 1 1 0 0 1 0 0 0 1 1 1 0 1 1 1 1 1 0 1 1 1 1 0 0 0 0 0 1 1 31
0 1 0 1 1 1 1 1 1 1 1 1 0 1 1 0 0 0 1 1 0 0 0 1 0 1 0 1 1 1 0 0 1 0 0 1 1 0 0 0 1 0 0 0 0 0 0 0 0 0 23
0 1 0 1 0 0 0 1 1 1 0 0 0 0 1 0 0 1 0 0 1 0 1 0 0 1 0 1 0 1 1 0 1 1 1 1 0 1 1 1 1 0 1 0 1 0 1 0 1 0 25
1 0 0 0 1 0 0 0 1 0 0 1 1 1 0 0 0 1 0 1 0 1 1 1 0 0 1 1 1 0 1 1 1 1 0 0 1 1 0 1 1 0 0 1 0 1 0 1 1 1 27
0 0 1 1 0 0 0 1 0 0 0 1 0 0 0 0 1 0 0 1 1 0 0 1 1 0 1 0 1 1 1 0 1 0 1 0 0 1 0 1 0 0 0 0 1 1 0 1 0 0 20
0 1 0 0 1 0 0 0 0 1 0 0 1 1 1 0 1 1 1 1 0 1 1 0 0 0 0 0 1 1 1 0 0 1 1 1 0 1 1 0 1 1 1 1 0 0 0 1 1 0 26
1 1 0 1 0 0 0 0 1 1 0 1 0 1 1 0 1 1 1 1 0 1 1 1 0 1 0 0 1 0 0 1 1 0 0 0 0 1 1 0 1 0 1 1 0 1 0 1 0 1 27
1 0 1 1 0 0 1 1 1 1 0 1 0 0 0 0 1 0 1 1 1 1 1 0 0 0 0 0 1 0 1 1 1 1 1 0 1 1 0 0 1 0 0 0 1 1 0 0 0 0 25
0 1 0 1 1 0 1 1 0 0 0 0 1 1 1 1 0 1 1 0 0 0 0 1 1 0 0 1 0 0 1 1 1 1 0 1 1 1 0 0 0 1 0 1 1 0 0 1 0 0 25
0 1 0 0 1 1 0 0 0 1 0 1 1 0 0 1 0 1 0 0 1 0 0 0 1 1 1 0 1 0 0 0 0 0 0 1 0 0 0 1 1 0 0 0 1 1 1 1 0 0 20
0 0 0 0 0 1 1 1 1 1 1 1 1 0 0 1 1 0 1 1 1 0 1 0 1 0 0 0 0 0 0 1 1 1 1 0 0 1 0 0 0 0 0 1 1 0 1 1 0 1 25
1 1 1 1 0 0 1 1 1 0 0 1 0 1 0 0 1 0 0 0 0 0 1 1 0 1 1 1 0 0 1 0 0 1 0 1 0 1 0 1 0 0 1 1 0 0 1 0 1 0 24
1 1 1 1 0 0 1 1 1 1 0 0 0 0 0 1 0 1 0 0 0 0 0 1 0 1 1 1 0 0 1 0 1 1 0 0 0 0 0 1 0 0 1 0 0 1 1 0 0 0 21
0 1 0 0 0 0 0 1 1 0 0 1 1 1 0 1 1 1 1 1 0 0 0 0 1 1 0 1 1 1 0 1 0 1 0 0 0 1 1 1 1 0 0 1 0 1 1 1 1 0 27
1 0 1 1 1 0 1 0 1 0 0 1 1 0 0 0 0 0 0 0 0 1 1 1 0 1 1 1 1 0 0 1 1 1 0 0 0 1 0 1 0 1 1 0 0 0 1 1 0 0 24
1 0 1 1 1 1 0 0 1 1 1 0 0 1 1 1 0 0 1 1 1 1 0 0 0 0 1 0 1 0 0 1 1 0 1 1 1 1 1 0 1 1 1 0 0 0 1 1 1 0 30
1 0 1 1 1 0 0 0 1 1 1 0 1 1 0 0 1 1 1 1 1 1 1 0 0 0 0 0 1 0 0 1 0 0 0 1 1 1 1 0 1 1 1 0 0 0 1 0 1 1 28
1 0 1 1 0 1 0 0 1 1 1 0 1 1 0 0 1 0 0 1 0 0 1 0 1 1 0 1 1 0 0 1 0 1 0 0 0 1 1 1 1 0 1 0 0 1 1 0 0 0 25
0 1 1 1 1 0 0 0 0 1 1 0 0 0 1 1 1 0 0 0 0 1 1 1 0 0 1 1 1 1 1 1 1 0 1 0 0 0 0 0 0 1 1 0 0 1 0 1 0 1 25
0 0 0 1 1 0 0 0 0 0 0 1 1 0 1 0 0 1 1 1 0 0 1 0 1 1 1 0 0 0 0 0 1 0 0 0 0 1 0 1 0 0 0 0 1 1 0 0 0 0 17
0 0 0 1 0 1 1 0 1 1 0 0 1 1 0 0 1 1 0 1 0 0 0 1 1 1 1 1 1 1 1 0 1 0 1 0 1 0 1 1 0 0 1 0 1 0 1 0 0 0 26
0 0 1 1 0 1 0 1 1 0 1 1 1 0 0 0 0 1 0 1 0 1 1 1 1 0 1 0 1 0 0 1 1 1 0 0 1 1 0 1 1 0 0 0 0 0 1 1 0 1 26
0 1 0 0 1 1 1 1 0 1 1 0 1 1 1 1 1 1 0 1 1 1 1 1 1 0 0 1 1 1 0 1 0 0 0 0 1 1 1 0 1 0 1 0 0 1 1 1 1 0 32
0 0 0 0 0 1 0 1 1 0 1 0 0 1 0 1 1 0 1 0 1 0 1 1 1 1 0 0 1 0 1 0 1 1 0 0 1 0 0 0 0 1 0 0 0 1 0 1 1 0 22
1 1 0 1 1 0 1 0 0 1 1 0 1 1 0 1 1 0 0 0 0 0 1 0 1 1 1 0 1 1 1 0 0 0 0 1 0 0 0 0 1 1 1 0 0 0 1 1 0 1 25
0 0 1 1 1 0 1 0 0 0 1 1 0 1 0 1 1 1 1 1 1 0 1 0 1 1 0 1 1 1 1 1 0 1 0 1 1 1 1 1 1 1 0 0 0 1 0 1 1 1 33
0 1 1 0 1 0 1 1 0 1 0 1 1 0 0 1 0 0 1 0 0 0 0 0 1 0 1 0 1 1 1 0 1 1 0 0 0 0 0 1 1 0 1 0 0 1 1 0 0 1 23
1 0 1 1 1 0 0 0 0 1 0 0 1 1 0 1 0 0 1 1 1 1 1 0 1 0 0 1 0 1 0 0 0 0 1 1 0 1 0 0 1 1 1 1 0 0 0 0 0 0 23
0 0 0 0 1 0 1 0 1 0 0 0 0 1 1 0 1 0 0 1 1 1 1 0 0 0 0 0 1 0 0 1 0 1 0 0 1 1 1 0 0 0 1 1 0 1 1 1 0 0 21
0 0 1 1 1 1 1 0 1 0 0 0 1 0 1 0 1 1 1 0 0 1 1 0 0 0 0 0 1 0 0 0 0 0 1 0 0 1 0 1 0 1 0 0 0 1 0 1 1 0 21
1 0 1 1 0 1 0 1 1 0 1 0 1 0 1 1 0 1 1 1 0 1 1 1 0 0 1 0 1 0 0 1 1 1 1 0 0 0 1 0 1 0 1 0 1 1 0 1 1 0 29
1 1 1 1 1 1 0 1 0 0 0 0 1 0 1 0 0 1 1 1 1 0 0 1 0 0 0 1 0 1 1 0 1 1 0 0 1 1 0 1 1 1 1 0 0 0 1 1 0 0 27
0 0 0 1 0 1 0 1 0 0 1 1 1 0 1 1 1 0 0 1 0 1 1 0 1 1 1 0 0 1 1 0 1 1 1 1 1 0 1 0 0 0 1 0 1 1 1 0 0 1 28
0 0 0 0 0 0 1 0 1 1 1 1 1 1 1 0 0 0 0 0 1 1 0 0 1 1 0 0 1 0 0 0 0 0 0 1 1 0 1 1 0 1 0 0 0 0 0 1 0 1 20
0 0 0 1 0 0 0 1 1 0 1 1 1 0 1 1 0 0 0 0 1 0 0 1 1 1 0 1 0 0 1 0 0 0 1 0 1 0 0 0 1 1 1 0 1 0 1 0 1 0 22
1 1 1 1 1 1 0 1 1 0 0 0 1 0 1 0 0 1 0 0 0 0 1 1 0 1 0 0 0 0 0 0 1 1 1 1 0 1 0 1 1 1 1 0 1 0 0 1 0 0 25
0 0 0 1 1 0 0 0 0 0 0 0 0 1 0 1 0 0 0 0 1 0 1 1 1 1 1 0 1 1 1 1 0 0 0 0 1 1 0 0 1 0 1 0 0 1 0 0 1 1 21
0 1 0 0 1 1 1 1 0 0 0 0 0 0 1 0 1 1 1 0 0 1 0 0 1 1 0 0 1 1 1 0 0 1 1 1 1 0 0 0 0 0 1 0 1 1 1 0 0 1 24
0 0 0 1 0 0 0 1 0 1 0 1 1 0 0 0 1 0 1 0 0 1 0 1 1 0 0 1 0 1 0 0 1 1 1 1 1 0 0 1 0 0 0 1 1 1 0 1 0 1 23
0 0 0 0 1 0 1 0 0 0 1 0 0 0 1 1 1 1 0 1 0 0 1 1 0 0 1 1 0 0 1 0 1 1 0 0 1 1 1 0 0 1 0 1 0 1 0 0 0 1 22
0 0 0 1 0 1 0 1 1 0 1 0 1 1 1 1 0 1 0 1 0 0 1 1 0 0 1 1 1 1 0 0 1 0 1 0 0 0 1 1 0 0 1 1 0 0 0 0 0 0 23
1 1 0 0 1 1 0 1 0 1 1 0 0 1 1 0 0 0 0 1 0 0 0 1 0 0 1 0 0 0 0 1 1 0 0 0 0 1 0 1 1 0 0 0 1 0 0 1 1 1 21
0 1 1 0 1 0 1 0 0 1 1 1 0 0 1 0 0 1 0 1 1 1 0 0 1 1 1 0 1 1 1 0 1 1 1 1 0 0 0 0 0 1 0 1 0 1 0 1 0 0 26
1 0 1 1 0 1 0 1 0 0 1 0 1 0 0 1 1 0 0 0 0 0 1 0 1 0 1 1 1 0 1 0 1 1 1 0 1 0 1 1 0 1 0 1 1 0 0 0 0 1 25
1 0 1 1 0 1 0 1 1 1 1 0 1 1 1 0 0 1 1 1 1 1 1 0 1 0 0 0 0 0 0 0 1 1 1 1 0 1 1 0 1 0 1 0 0 0 0 0 0 1 27
1 1 0 1 1 0 0 0 0 0 1 0 0 1 1 1 0 0 0 1 0 1 1 0 0 1 0 1 1 1 1 0 1 1 1 1 0 1 1 1 0 1 1 0 0 1 0 0 1 0 27
1 1 0 0 1 0 0 0 1 0 0 1 1 0 1 0 0 0 1 0 0 1 0 0 0 1 0 1 0 1 0 1 1 1 1 1 0 0 1 1 1 1 0 1 0 1 1 0 1 1 26
0 0 1 0 0 1 1 0 1 1 0 0 1 1 1 1 0 0 1 0 0 1 0 0 0 1 1 1 0 0 0 1 1 1 1 0 1 1 1 1 0 0 1 0 1 1 0 1 0 0 26
1 0 0 0 0 1 0 1 0 0 1 1 0 1 0 0 0 1 1 1 1 0 0 0 1 0 0 1 0 0 0 0 0 0 0 0 0 1 1 0 1 0 0 1 1 1 1 0 0 0 19
0 0 0 1 0 0 1 1 0 1 0 1 1 0 1 0 0 0 1 0 1 0 1 1 0 0 1 0 1 1 1 0 1 0 1 1 0 1 1 1 1 1 0 1 1 0 0 0 0 1 26
0 0 0 0 0 0 0 1 1 0 0 0 1 1 0 1 0 1 0 1 1 0 0 1 0 1 0 0 0 0 0 1 0 0 1 1 1 1 1 0 0 1 0 0 1 0 1 1 1 1 22
1 1 0 0 1 1 1 1 1 0 0 0 0 0 0 1 0 1 0 1 1 1 0 0 0 0 1 0 1 0 0 0 1 0 1 1 1 0 0 0 0 1 1 1 0 0 0 1 0 1 23
0 0 1 1 0 0 0 0 0 0 0 0 0 0 0 0 0 0 0 1 0 1 0 1 0 1 1 1 0 0 1 1 0 1 1 0 1 1 1 0 0 1 1 1 1 0 0 0 0 0 19
1 1 0 0 1 1 0 0 0 0 0 0 1 0 1 1 0 0 0 0 0 0 1 1 0 0 1 1 1 1 1 1 1 0 1 0 0 0 0 1 0 0 0 1 1 1 0 0 0 1 22
1 0 1 1 0 0 0 0 1 0 1 1 0 1 0 0 0 0 1 1 0 1 1 0 0 1 1 1 0 0 0 1 1 0 0 0 1 0 0 1 1 0 0 0 1 0 0 0 0 0 20
1 1 1 1 1 0 0 0 0 0 0 1 1 1 0 1 0 0 0 1 1 0 0 0 1 1 0 0 0 1 0 1 1 1 1 0 0 1 0 1 0 1 0 1 1 0 1 0 0 1 25
0 1 1 0 0 0 1 0 0 0 0 1 1 1 1 1 0 1 0 0 0 0 1 1 1 1 1 0 1 0 1 0 0 0 1 0 1 1 1 1 0 0 0 0 1 0 0 1 1 1 25
1 0 1 1 1 0 0 0 1 1 0 1 1 1 0 0 1 0 0 0 1 1 0 0 0 1 1 1 0 0 1 1 1 1 1 1 0 0 0 1 0 0 1 0 1 0 0 0 0 0 24
1 0 1 0 1 1 1 1 1 0 1 0 1 0 0 0 1 1 0 1 1 1 0 0 1 1 1 0 0 0 1 1 0 1 1 1 1 1 0 0 1 1 1 0 1 0 0 1 0 0 29
1 0 1 0 1 1 1 0 0 0 1 0 0 1 1 1 0 0 0 1 1 1 0 1 1 1 0 0 1 1 0 1 1 0 0 0 1 0 0 0 1 1 1 0 0 0 0 0 0 1 24
0 0 0 1 0 0 1 1 1 0 1 0 0 0 1 1 1 1 0 0 0 1 0 1 1 0 0 0 1 1 0 1 1 0 0 0 1 0 0 1 0 0 1 1 1 1 0 1 1 0 24
1 1 0 1 0 1 0 0 0 1 0 1 1 1 1 0 1 0 0 1 0 0 1 1 0 0 1 0 1 1 1 1 0 1 1 0 0 1 1 1 0 1 0 1 1 0 0 1 0 0 27
1 0 1 0 0 0 1 1 1 1 1 1 0 1 0 1 1 0 0 1 0 0 1 1 1 0 1 1 0 1 0 0 1 0 1 0 0 1 1 0 1 1 1 1 0 1 1 0 0 0 28
1 1 0 0 0 0 0 0 0 1 1 1 1 0 1 0 0 0 0 1 1 0 0 1 1 0 0 0 1 1 1 0 0 0 1 0 1 1 0 1 0 1 0 0 1 1 0 1 1 1 24
1 1 1 1 0 0 1 1 0 0 0 0 1 0 0 0 0 0 0 0 0 0 1 1 0 1 0 1 0 1 1 0 1 0 0 1 0 0 0 1 1 0 0 1 0 0 1 1 1 0 21
1 1 0 0 0 1 0 0 0 0 1 1 0 0 0 1 0 1 1 0 1 0 0 1 1 0 0 0 1 1 1 1 0 1 1 0 0 0 0 1 0 0 0 0 0 1 0 1 1 1 22
0 1 0 0 1 0 1 0 0 0 1 0 1 1 0 0 1 0 1 1 1 0 0 1 0 0 1 1 1 0 1 1 1 0 1 1 1 1 1 0 0 0 1 0 0 0 1 1 0 1 26
0 0 1 1 0 0 1 0 1 1 0 0 0 1 0 0 1 0 0 0 0 0 0 0 1 1 1 0 1 1 0 0 0 1 0 1 1 0 1 1 1 0 1 0 1 1 1 1 1 1 25
1 0 0 1 1 0 1 1 0 0 0 0 0 1 0 1 1 0 0 0 1 1 1 1 0 0 1 1 0 1 1 0 0 1 0 1 0 0 0 0 0 0 1 1 0 0 0 1 0 0 21
0 0 0 0 0 1 1 1 0 0 1 1 0 1 0 1 0 0 1 1 1 0 1 0 0 1 1 0 1 1 0 0 0 1 0 1 1 1 0 0 0 1 1 1 1 1 0 1 0 1 26
1 0 0 1 0 0 1 0 1 0 0 0 1 1 0 1 0 1 0 1 1 1 0 0 0 1 0 0 1 1 1 0 1 1 0 1 1 0 1 0 0 1 1 1 1 0 0 1 0 1 26
0 0 0 0 1 1 1 0 1 1 1 1 0 0 0 0 0 0 0 0 1 0 1 0 0 1 1 1 0 1 1 1 1 0 0 1 0 0 1 1 0 1 0 1 1 1 0 1 1 1 26
0 1 1 0 0 1 0 1 0 0 0 1 0 0 0 0 1 0 1 0 1 0 1 1 0 0 0 1 1 0 0 1 1 0 1 1 0 1 1 1 0 1 0 0 1 1 1 0 0 0 23
1 1 0 1 1 0 1 1 0 1 1 1 1 1 1 0 0 0 1 1 1 1 0 0 0 1 1 0 0 1 1 1 0 1 0 0 1 0 0 1 0 1 1 1 1 0 1 0 1 1 31
1 1 0 0 0 1 1 1 0 0 1 1 1 1 0 1 1 0 0 0 1 1 1 1 1 0 0 0 1 1 0 1 1 1 1 1 0 1 0 0 0 0 0 1 1 0 1 1 1 0 29
0 1 0 1 1 1 0 1 1 1 0 0 0 0 0 1 0 1 1 0 0 0 0 1 1 1 1 1 0 0 0 1 1 1 1 1 1 0 0 1 1 1 0 0 0 1 1 0 1 1 28
0 0 1 1 1 0 0 1 0 0 1 0 0 0 1 0 0 0 0 1 1 1 0 0 1 1 1 1 0 0 0 1 1 0 1 0 0 0 0 0 0 0 1 0 1 0 1 0 1 0 20
0 0 0 0 0 0 0 1 0 0 1 1 0 0 0 0 0 0 1 1 1 0 0 1 0 1 1 1 0 0 1 1 0 1 1 1 1 0 0 0 1 0 1 0 1 0 0 1 0 1 21
0 0 0 0 0 0 0 1 1 1 0 1 0 0 0 0 0 0 0 0 0 0 0 0 0 1 0 1 0 0 1 1 0 0 0 0 0 0 0 0 0 1 0 0 1 0 1 1 1 0 13
0 0 0 0 1 1 1 0 0 1 0 0 0 0 1 0 1 1 1 0 1 1 1 1 1 0 0 1 1 0 0 1 1 0 1 0 0 0 1 1 1 0 1 0 1 0 1 0 1 0 25
0 1 1 0 1 0 0 0 0 0 0 1 0 0 0 1 1 0 0 1 1 1 0 0 1 0 0 1 0 1 1 1 1 1 1 0 0 0 0 1 0 0 1 1 1 1 1 0 0 0 23
1 1 0 0 0 0 1 1 1 0 1 1 1 1 0 1 0 1 1 0 0 1 1 1 1 0 1 1 0 1 0 1 0 0 1 1 1 1 1 0 0 0 0 1 1 1 0 1 0 0 29
0 0 0 1 1 0 0 1 1 1 0 1 0 1 0 0 1 0 1 1 1 0 0 1 1 1 1 1 1 1 0 0 1 0 0 1 0 1 0 1 1 0 0 0 0 0 0 0 1 1 25
0 0 1 0 1 1 1 0 0 0 0 1 0 0 0 1 0 0 0 0 1 1 0 1 1 1 1 1 0 0 0 0 1 0 0 1 0 1 0 0 1 1 0 0 0 0 1 0 0 0 19
0 1 0 0 0 0 1 1 1 0 1 1 0 0 0 1 0 0 1 0 0 0 1 1 1 0 1 0 1 1 1 0 0 0 0 0 1 1 1 1 1 0 0 0 1 0 0 1 1 0 23
1 0 0 0 0 1 1 0 1 1 0 1 0 1 1 1 1 1 1 0 1 0 1 1 0 0 0 1 1 1 0 1 1 1 1 1 1 0 0 0 0 1 0 0 0 1 1 0 0 1 28
1 1 0 0 1 1 1 1 1 1 0 1 1 1 1 1 1 1 1 1 1 0 1 0 0 1 0 1 1 1 1 1 1 1 1 1 0 0 0 1 1 1 1 0 0 0 0 0 0 1 34
0 0 0 0 0 0 0 0 0 0 0 0 0 0 0 0 0 0 0 0 0 0 0 0 1 0 0 0 0 0 0 0 0 0 0 0 0 0 0 0 0 0 0 0 0 0 0 0 0 0 1
0 0 0 0 0 0 0 0 0 0 0 0 0 0 0 0 0 0 0 0 0 0 0 0 0 0 0 1 0 0 0 0 0 0 0 0 0 0 0 0 0 0 0 0 0 0 0 0 0 0 1
0 0 0 0 0 0 0 0 0 0 0 0 0 0 0 0 0 0 0 0 0 0 0 0 0 0 0 0 0 0 0 0 0 0 0 0 0 0 0 0 0 0 0 0 0 0 0 0 0 1 1
0 0 0 0 0 1 0 0 0 0 0 0 0 0 0 0 0 0 0 0 0 0 0 0 0 0 0 0 0 0 0 0 0 0 0 0 0 0 0 0 0 0 0 0 0 0 0 0 0 0 1
0 0 0 0 0 0 0 0 0 0 0 0 0 0 0 0 0 0 0 0 0 0 0 0 0 0 0 0 0 0 0 0 0 0 0 0 0 0 0 0 0 0 0 1 0 0 0 0 0 0 1
0 0 0 0 0 1 0 0 0 0 0 0 0 0 0 0 0 0 0 0 0 0 0 0 0 0 0 0 0 0 0 0 0 0 0 0 0 0 0 0 0 0 0 0 0 0 0 0 0 0 1
0 0 0 0 0 0 0 0 0 0 0 0 0 0 0 1 0 0 0 0 0 0 0 0 0 0 0 0 0 0 0 0 0 0 0 0 0 0 0 0 0 0 0 0 0 0 0 0 0 0 1
0 0 0 0 1 0 0 0 0 0 0 0 0 0 0 0 0 0 0 0 0 0 0 0 0 0 0 0 0 0 0 0 0 0 0 0 0 0 0 0 0 0 0 0 0 0 0 0 0 0 1
0 0 0 0 0 0 0 0 0 0 0 0 0 0 0 0 0 0 0 0 0 0 0 0 0 0 1 0 0 0 0 0 0 0 0 0 0 0 0 0 0 0 0 0 0 0 0 0 0 0 1
0 0 0 0 0 1 0 0 0 0 0 0 0 0 0 0 0 0 0 0 0 0 0 0 0 0 0 0 0 0 0 0 0 0 0 0 0 0 0 0 0 0 0 0 0 0 0 0 0 0 1
0 0 0 0 0 0 0 0 0 0 0 0 0 0 0 0 0 0 0 0 0 0 0 0 0 0 0 0 0 1 0 0 0 0 0 0 0 0 0 0 0 0 0 0 0 0 0 0 0 0 1
0 1 0 0 0 0 0 0 0 0 0 0 0 0 0 0 0 0 0 0 0 0 0 0 0 0 0 0 0 0 0 0 0 0 0 0 0 0 0 0 0 0 0 0 0 0 0 0 0 0 1
0 0 1 0 0 0 0 0 0 0 0 0 0 0 0 0 0 0 0 0 0 0 0 0 0 0 0 0 0 0 0 0 0 0 0 0 0 0 0 0 0 0 0 0 0 0 0 0 0 0 1
0 0 0 0 0 0 0 0 0 0 0 0 0 0 0 0 0 0 0 0 0 0 0 0 0 0 0 0 0 0 0 0 0 0 0 0 0 0 0 0 0 0 0 0 1 0 0 0 0 0 1
0 0 0 0 0 0 0 0 0 0 0 0 0 0 0 0 0 0 0 0 0 0 0 0 0 0 0 0 0 0 0 0 0 0 0 0 0 0 0 0 0 0 1 0 0 0 0 0 0 0 1
0 0 0 0 0 0 0 0 0 1 0 0 0 0 0 0 0 0 0 0 0 0 0 0 0 0 0 0 0 0 0 0 0 0 0 0 0 0 0 0 0 0 0 0 0 0 0 0 0 0 1
0 0 0 0 0 0 0 0 0 0 0 0 0 0 0 0 0 0 0 0 0 0 0 0 0 0 0 0 0 1 0 0 0 0 0 0 0 0 0 0 0 0 0 0 0 0 0 0 0 0 1
0 0 0 0 0 0 0 0 0 0 0 0 0 0 0 0 0 0 1 0 0 0 0 0 0 0 0 0 0 0 0 0 0 0 0 0 0 0 0 0 0 0 0 0 0 0 0 0 0 0 1
0 0 0 0 0 0 0 0 0 0 0 0 0 0 0 0 0 0 0 0 0 0 0 0 1 0 0 0 0 0 0 0 0 0 0 0 0 0 0 0 0 0 0 0 0 0 0 0 0 0 1
0 0 0 0 0 0 0 0 0 0 0 0 0 0 0 0 0 0 0 1 0 0 0 0 0 0 0 0 0 0 0 0 0 0 0 0 0 0 0 0 0 0 0 0 0 0 0 0 0 0 1
0 0 0 0 0 0 0 0 0 0 0 0 0 0 0 0 0 0 0 0 0 0 0 0 0 0 0 0 0 0 0 0 0 0 0 0 0 0 0 1 0 0 0 0 0 0 0 0 0 0 1
0 0 0 0 0 0 0 0 0 0 0 0 0 0 0 0 0 0 0 0 0 0 0 0 0 0 0 1 0 0 0 0 0 0 0 0 0 0 0 0 0 0 0 0 0 0 0 0 0 0 1
0 0 0 0 0 0 0 0 0 0 0 0 0 0 0 0 1 0 0 0 0 0 0 0 0 0 0 0 0 0 0 0 0 0 0 0 0 0 0 0 0 0 0 0 0 0 0 0 0 0 1
0 0 0 0 0 0 0 0 0 0 0 0 0 0 0 0 0 0 0 0 0 0 0 0 0 0 0 0 0 0 0 0 1 0 0 0 0 0 0 0 0 0 0 0 0 0 0 0 0 0 1
0 0 0 0 0 0 0 0 0 0 0 0 0 0 0 0 0 0 0 0 0 0 0 0 0 0 0 0 0 0 0 0 0 0 0 0 0 1 0 0 0 0 0 0 0 0 0 0 0 0 1
0 0 0 0 0 0 0 0 0 0 0 0 0 0 0 0 0 0 0 0 0 1 0 0 0 0 0 0 0 0 0 0 0 0 0 0 0 0 0 0 0 0 0 0 0 0 0 0 0 0 1
0 0 0 0 0 0 0 0 0 0 0 0 0 0 0 0 0 0 0 0 0 0 0 0 0 0 0 0 0 0 0 0 0 0 0 0 0 0 0 0 1 0 0 0 0 0 0 0 0 0 1
0 0 0 0 0 0 0 0 0 0 0 0 0 0 0 0 0 0 0 0 0 0 0 0 0 0 0 0 0 0 0 0 0 0 0 0 0 0 0 0 0 1 0 0 0 0 0 0 0 0 1
0 0 0 0 0 0 0 0 0 0 0 0 0 0 0 0 0 0 0 0 0 0 1 0 0 0 0 0 0 0 0 0 0 0 0 0 0 0 0 0 0 0 0 0 0 0 0 0 0 0 1
0 0 0 0 0 0 0 0 0 0 0 0 0 0 0 0 0 0 0 0 0 0 0 0 0 0 0 0 0 0 0 0 0 0 0 0 0 0 0 0 0 0 0 0 0 0 0 1 0 0 1
0 0 0 0 0 0 0 0 0 0 0 0 0 0 0 0 0 0 0 0 0 0 0 0 0 0 0 0 0 0 0 0 0 0 0 1 0 0 0 0 0 0 0 0 0 0 0 0 0 0 1
0 0 0 0 0 0 0 0 0 0 1 0 0 0 0 0 0 0 0 0 0 0 0 0 0 0 0 0 0 0 0 0 0 0 0 0 0 0 0 0 0 0 0 0 0 0 0 0 0 0 1
0 0 0 0 0 0 0 0 0 0 0 0 0 0 1 0 0 0 0 0 0 0 0 0 0 0 0 0 0 0 0 0 0 0 0 0 0 0 0 0 0 0 0 0 0 0 0 0 0 0 1
0 0 0 0 0 0 0 0 0 0 0 0 0 0 0 0 0 0 0 0 0 0 0 0 0 0 0 0 0 0 0 0 0 0 0 0 0 0 0 0 0 0 0 0 0 0 0 0 1 0 1
0 0 0 0 0 0 0 0 0 0 0 0 0 0 0 0 0 0 0 0 0 0 0 0 0 1 0 0 0 0 0 0 0 0 0 0 0 0 0 0 0 0 0 0 0 0 0 0 0 0 1
0 0 0 0 0 1 0 0 0 0 0 0 0 0 0 0 0 0 0 0 0 0 0 0 0 0 0 0 0 0 0 0 0 0 0 0 0 0 0 0 0 0 0 0 0 0 0 0 0 0 1
0 0 0 0 1 0 0 0 0 0 0 0 0 0 0 0 0 0 0 0 0 0 0 0 0 0 0 0 0 0 0 0 0 0 0 0 0 0 0 0 0 0 0 0 0 0 0 0 0 0 1
0 0 0 0 0 1 0 0 0 0 0 0 0 0 0 0 0 0 0 0 0 0 0 0 0 0 0 0 0 0 0 0 0 0 0 0 0 0 0 0 0 0 0 0 0 0 0 0 0 0 1
0 0 0 0 0 0 0 0 0 0 0 0 0 0 0 0 0 0 0 0 0 0 0 0 0 0 0 0 0 0 0 0 0 0 0 0 0 1 0 0 0 0 0 0 0 0 0 0 0 0 1
0 0 0 0 0 0 0 0 0 0 0 0 0 0 0 0 0 0 0 0 0 0 0 0 0 0 0 0 0 0 0 0 0 0 0 0 1 0 0 0 0 0 0 0 0 0 0 0 0 0 1
1 0 0 0 0 0 0 0 0 0 0 0 0 0 0 0 0 0 0 0 0 0 0 0 0 0 0 0 0 0 0 0 0 0 0 0 0 0 0 0 0 0 0 0 0 0 0 0 0 0 1
0 0 0 0 0 0 0 0 0 0 0 0 0 0 0 0 0 0 0 0 0 0 0 1 0 0 0 0 0 0 0 0 0 0 0 0 0 0 0 0 0 0 0 0 0 0 0 0 0 0 1
0 0 0 1 0 0 0 0 0 0 0 0 0 0 0 0 0 0 0 0 0 0 0 0 0 0 0 0 0 0 0 0 0 0 0 0 0 0 0 0 0 0 0 0 0 0 0 0 0 0 1
0 0 0 0 0 0 0 0 0 0 0 0 0 0 0 0 0 0 0 0 0 0 0 0 0 0 0 0 0 0 0 0 1 0 0 0 0 0 0 0 0 0 0 0 0 0 0 0 0 0 1
0 0 0 0 0 1 0 0 0 0 0 0 0 0 0 0 0 0 0 0 0 0 0 0 0 0 0 0 0 0 0 0 0 0 0 0 0 0 0 0 0 0 0 0 0 0 0 0 0 0 1
0 0 0 0 0 0 0 0 0 0 0 0 0 0 0 0 0 0 0 0 0 0 0 0 0 0 0 0 0 0 0 0 0 0 0 0 0 0 0 0 1 0 0 0 0 0 0 0 0 0 1
0 0 0 0 0 0 0 0 0 0 0 0 0 0 0 0 1 0 0 0 0 0 0 0 0 0 0 0 0 0 0 0 0 0 0 0 0 0 0 0 0 0 0 0 0 0 0 0 0 0 1
0 0 0 0 0 0 0 0 0 0 0 0 0 0 0 0 0 0 0 0 0 0 0 0 0 0 0 0 0 0 0 0 0 0 0 0 0 0 0 0 0 1 0 0 0 0 0 0 0 0 1
0 0 0 0 0 0 0 0 0 0 0 0 0 0 0 0 0 0 0 0 0 0 0 0 0 0 0 0 0 0 0 0 0 0 0 0 0 0 0 0 1 0 0 0 0 0 0 0 0 0 1
1 0 0 0 0 0 0 0 0 0 0 0 0 0 0 0 0 0 0 0 0 0 0 0 0 0 0 0 0 0 0 0 0 0 0 0 0 0 0 0 0 0 0 0 0 0 0 0 0 0 1
0 0 0 0 0 0 0 0 0 0 0 0 0 0 0 0 0 0 0 0 0 0 0 0 0 0 0 0 0 0 0 0 0 0 0 0 0 0 0 0 0 0 0 0 0 0 0 1 0 0 1
0 0 0 0 0 0 0 0 0 0 0 0 0 0 0 0 0 0 0 0 0 0 0 0 0 0 0 0 0 0 0 0 0 0 0 0 0 0 0 0 0 0 1 0 0 0 0 0 0 0 1
0 0 0 0 0 0 0 0 0 0 1 0 0 0 0 0 0 0 0 0 0 0 0 0 0 0 0 0 0 0 0 0 0 0 0 0 0 0 0 0 0 0 0 0 0 0 0 0 0 0 1
0 0 0 0 0 0 0 0 0 0 0 0 0 1 0 0 0 0 0 0 0 0 0 0 0 0 0 0 0 0 0 0 0 0 0 0 0 0 0 0 0 0 0 0 0 0 0 0 0 0 1
0 0 0 0 0 0 0 0 0 0 0 0 0 0 0 0 0 0 0 1 0 0 0 0 0 0 0 0 0 0 0 0 0 0 0 0 0 0 0 0 0 0 0 0 0 0 0 0 0 0 1
0 0 0 0 0 0 0 0 0 0 0 0 0 0 0 0 0 0 0 0 0 0 0 0 0 0 0 0 0 0 0 0 0 0 0 0 0 1 0 0 0 0 0 0 0 0 0 0 0 0 1
0 0 0 0 0 0 0 0 0 0 0 0 0 0 0 0 0 1 0 0 0 0 0 0 0 0 0 0 0 0 0 0 0 0 0 0 0 0 0 0 0 0 0 0 0 0 0 0 0 0 1
0 0 0 0 0 0 0 0 0 0 0 0 0 0 0 0 0 0 0 0 0 0 0 0 0 0 0 0 0 0 0 0 0 1 0 0 0 0 0 0 0 0 0 0 0 0 0 0 0 0 1
0 0 0 0 1 0 0 0 0 0 0 0 0 0 0 0 0 0 0 0 0 0 0 0 0 0 0 0 0 0 0 0 0 0 0 0 0 0 0 0 0 0 0 0 0 0 0 0 0 0 1
0 0 1 0 0 0 0 0 0 0 0 0 0 0 0 0 0 0 0 0 0 0 0 0 0 0 0 0 0 0 0 0 0 0 0 0 0 0 0 0 0 0 0 0 0 0 0 0 0 0 1
0 0 0 0 0 0 0 0 1 0 0 0 0 0 0 0 0 0 0 0 0 0 0 0 0 0 0 0 0 0 0 0 0 0 0 0 0 0 0 0 0 0 0 0 0 0 0 0 0 0 1
0 0 0 0 0 0 0 0 0 0 0 0 0 0 0 0 0 0 0 0 0 0 0 0 0 0 0 0 0 0 0 0 0 0 0 0 0 0 0 0 0 0 0 0 0 0 0 0 0 1 1
0 0 0 0 0 0 0 0 0 0 0 0 0 0 0 0 0 0 0 0 0 0 0 0 0 0 0 0 0 0 0 0 0 0 0 0 0 0 0 0 0 0 0 0 0 0 0 0 0 1 1
0 0 0 0 0 0 0 0 0 0 0 0 0 0 0 0 0 0 0 0 0 1 0 0 0 0 0 0 0 0 0 0 0 0 0 0 0 0 0 0 0 0 0 0 0 0 0 0 0 0 1
0 0 0 0 0 0 0 0 0 0 0 0 0 0 0 0 0 0 0 0 0 0 0 0 0 0 0 0 0 0 0 0 0 0 0 0 0 0 0 0 0 0 0 0 1 0 0 0 0 0 1
0 0 0 0 0 0 0 0 0 0 0 0 0 0 0 0 0 0 0 0 0 0 0 0 0 0 0 0 0 0 0 0 0 0 0 0 0 0 0 0 0 0 0 0 0 1 0 0 0 0 1
0 0 0 0 0 0 0 0 0 0 0 0 0 0 0 0 0 0 0 0 0 0 0 0 0 0 0 0 0 0 0 0 0 0 0 0 0 0 0 0 0 0 0 1 0 0 0 0 0 0 1
0 0 0 0 0 0 0 0 0 0 0 0 0 0 0 0 1 0 0 0 0 0 0 0 0 0 0 0 0 0 0 0 0 0 0 0 0 0 0 0 0 0 0 0 0 0 0 0 0 0 1
0 0 0 0 0 0 0 0 0 0 0 0 0 0 0 0 0 0 0 0 0 0 0 0 0 0 0 0 0 0 0 0 0 0 0 0 0 0 0 0 0 0 0 0 0 0 0 0 1 0 1
79 79 76 87 87 74 80 77 81 79 83 81 83 82 81 90 77 74 77 89 86 87 93 83 83 89 81 88 91 85 74 90 97 88 94 89 80 90 75 92 78 85 87 72 85 78 80 88 74 88 4166
