0 1 1 0 1 0 1 0 0 1 1 0 0 0 1 1 1 0 0 0 0 0 1 1 1 1 1 0 0 1 0 1 0 0 1 1 0 1 0 1 0 1 1 0 1 0 0 1 0 0 24
0 0 0 0 0 0 0 0 0 0 0 0 0 0 0 0 0 0 0 0 0 0 0 0 0 0 0 0 0 0 1 0 0 0 0 1 0 0 0 0 0 0 0 0 0 0 0 0 0 0 2
0 0 0 0 0 0 0 0 0 0 0 0 0 0 0 0 0 0 0 0 0 0 0 0 0 0 0 0 0 0 0 0 0 0 0 0 0 0 0 0 0 0 0 0 0 0 1 0 0 0 1
0 0 0 0 0 0 0 0 0 0 0 0 0 0 0 0 0 0 0 1 0 0 0 0 0 0 0 0 0 0 0 0 0 0 0 0 0 0 0 0 0 0 0 0 0 0 0 0 0 0 1
0 0 1 0 0 0 0 0 0 0 0 0 0 0 0 0 0 0 0 0 0 0 0 0 0 0 0 0 0 0 0 0 0 0 0 0 0 0 0 0 0 0 0 0 0 0 0 0 0 0 1
0 0 0 0 0 0 0 0 0 0 0 0 0 0 0 0 0 0 0 0 0 0 0 0 0 0 0 0 0 0 0 0 0 0 0 0 0 0 0 0 0 0 0 0 0 0 0 0 1 0 1
0 0 0 0 0 0 0 0 0 0 0 0 0 0 0 0 0 0 0 0 0 0 0 0 0 0 0 0 0 0 0 0 0 0 0 0 0 0 0 1 0 0 0 0 0 0 0 0 0 0 1
0 0 0 0 0 0 0 0 0 0 0 0 0 0 0 0 0 0 0 0 1 0 0 0 0 0 0 0 0 0 0 0 0 0 0 0 0 0 0 0 0 0 0 0 0 0 0 0 0 0 1
0 0 0 0 0 0 0 0 0 0 0 0 0 0 0 0 0 0 0 0 0 0 0 1 0 0 0 0 0 0 0 0 0 0 0 0 0 0 0 0 0 0 0 0 0 0 0 0 0 0 1
0 0 0 0 0 0 0 0 0 0 0 0 0 0 0 0 0 0 0 0 0 0 0 0 1 0 0 0 0 0 0 0 0 0 0 0 0 0 0 0 0 0 0 0 0 0 0 0 0 0 1
0 0 0 0 0 0 0 0 0 0 0 0 1 0 0 0 0 0 0 0 0 0 0 0 0 0 0 0 0 0 0 0 0 0 0 0 0 0 0 0 0 0 0 0 0 0 0 0 0 0 1
0 0 0 0 0 0 0 0 0 0 0 0 0 0 0 0 0 0 0 0 0 0 0 0 0 0 0 0 0 0 0 0 0 0 0 0 0 0 0 1 0 0 0 0 0 0 0 0 0 0 1
0 0 0 0 0 0 0 0 0 0 0 0 0 0 0 0 0 0 1 0 0 0 0 0 0 0 0 0 0 0 0 0 0 0 0 0 0 0 0 0 0 0 0 0 0 0 0 0 0 0 1
0 0 0 0 0 0 0 0 0 0 0 0 0 0 0 0 0 0 0 0 0 0 0 0 0 0 0 0 0 0 1 0 0 0 0 0 0 0 0 0 0 0 0 0 0 0 0 0 0 0 1
0 0 0 0 0 0 0 0 0 0 0 0 0 0 0 0 0 0 0 0 0 0 0 0 0 0 0 0 0 0 0 0 0 0 0 0 0 0 1 0 0 0 0 0 0 0 0 0 0 0 1
0 0 0 0 0 0 0 0 0 0 0 0 0 0 0 0 0 0 0 0 0 0 0 0 0 0 0 0 0 0 0 0 0 0 0 0 0 0 0 0 0 0 0 0 0 0 1 0 0 0 1
0 0 0 1 0 0 0 0 0 0 0 0 0 0 0 0 0 0 0 0 0 0 0 0 0 0 0 0 0 0 0 0 0 0 0 0 0 0 0 0 0 0 0 0 0 0 0 0 0 0 1
0 0 0 0 0 0 0 0 0 0 0 0 1 0 0 0 0 0 0 0 0 0 0 0 0 0 0 0 0 0 0 0 0 0 0 0 0 0 0 0 0 0 0 0 0 0 0 0 0 0 1
0 0 0 0 0 0 0 0 0 0 0 0 0 0 0 0 0 0 0 0 0 0 0 0 0 0 0 0 0 0 0 0 0 0 0 0 0 0 0 0 0 0 0 0 0 1 0 0 0 0 1
0 0 0 0 0 0 0 0 0 0 0 0 1 0 0 0 0 0 0 0 0 0 0 0 0 0 0 0 0 0 0 0 0 0 0 0 0 0 0 0 0 0 0 0 0 0 0 0 0 0 1
0 0 0 0 0 0 0 0 0 0 0 0 0 0 0 0 0 0 0 0 0 0 0 0 0 0 0 0 0 0 0 0 0 0 0 1 0 0 0 0 0 0 0 0 0 0 0 0 0 0 1
0 0 0 0 0 0 0 0 0 0 0 0 0 0 0 0 0 0 0 0 0 0 0 0 0 0 0 0 0 0 0 0 0 0 0 0 0 0 0 0 1 0 0 0 0 0 0 0 0 0 1
0 0 0 0 0 0 0 0 0 0 0 0 0 0 0 0 0 0 0 0 1 0 0 0 0 0 0 0 0 0 0 0 0 0 0 0 0 0 0 0 0 0 0 0 0 0 0 0 0 0 1
0 0 0 0 0 0 0 0 0 0 0 0 0 0 0 0 0 0 0 0 0 0 0 0 0 0 0 0 0 0 0 0 0 0 0 0 0 0 0 0 0 0 0 0 0 0 0 1 0 0 1
0 0 0 0 0 0 0 0 0 0 0 0 0 0 0 1 0 0 0 0 0 0 0 0 0 0 0 0 0 0 0 0 0 0 0 0 0 0 0 0 0 0 0 0 0 0 0 0 0 0 1
0 0 0 0 0 0 0 0 0 0 0 0 0 0 0 0 0 0 0 0 0 0 0 0 0 0 0 0 0 0 0 0 0 0 0 0 0 0 0 0 0 0 0 0 0 0 0 1 0 0 1
0 0 0 0 0 0 0 0 0 1 0 0 0 0 0 0 0 0 0 0 0 0 0 0 0 0 0 0 0 0 0 0 0 0 0 0 0 0 0 0 0 0 0 0 0 0 0 0 0 0 1
0 0 0 0 0 0 0 0 0 0 0 0 0 0 0 0 0 0 0 0 0 0 0 0 0 0 1 0 0 0 0 0 0 0 0 0 0 0 0 0 0 0 0 0 0 0 0 0 0 0 1
0 0 0 0 0 0 0 0 0 0 0 0 0 0 0 1 0 0 0 0 0 0 0 0 0 0 0 0 0 0 0 0 0 0 0 0 0 0 0 0 0 0 0 0 0 0 0 0 0 0 1
0 0 0 0 0 0 0 0 0 0 0 1 0 0 0 0 1 0 0 0 0 0 0 0 0 0 0 0 0 0 0 0 0 0 0 0 0 0 0 0 0 0 0 0 0 0 0 0 0 0 2
0 0 0 0 0 0 0 0 0 0 0 0 0 0 0 0 0 0 0 0 0 0 0 0 0 1 0 0 0 0 0 0 0 0 0 0 0 0 0 0 0 0 0 0 0 0 0 0 0 0 1
0 0 0 0 0 0 0 0 0 0 1 0 0 0 0 0 0 0 0 0 0 0 0 0 0 0 0 0 0 0 0 0 0 0 0 0 0 0 0 0 0 0 0 0 0 0 0 0 0 0 1
0 0 0 0 0 0 1 0 0 0 0 0 0 0 0 0 0 0 0 0 0 0 0 0 0 0 0 0 0 0 0 0 0 0 0 0 0 0 0 0 0 0 0 0 0 0 0 0 0 0 1
0 0 0 0 0 0 0 0 0 0 0 0 0 0 0 0 1 0 0 0 0 0 0 0 0 0 0 0 0 0 0 0 0 0 0 0 0 0 0 0 0 0 0 0 0 0 0 0 0 0 1
1 0 0 0 0 0 0 0 0 1 0 0 0 0 0 0 1 1 0 0 0 1 1 0 1 1 1 1 0 0 0 0 1 1 1 0 1 1 1 1 1 1 0 1 0 0 0 0 1 1 22
0 0 1 1 1 1 0 1 1 0 1 0 1 1 0 1 1 0 1 0 1 0 1 0 1 0 1 1 1 1 0 0 0 1 1 0 1 0 0 0 1 1 1 0 1 0 1 0 1 1 29
0 0 1 0 0 0 0 0 0 0 0 1 1 1 0 1 1 0 1 0 0 0 0 0 1 0 0 1 1 1 0 0 1 1 0 1 1 0 1 1 1 1 0 1 1 1 0 0 0 1 23
1 1 1 1 1 1 1 0 1 1 0 1 0 0 0 0 1 1 1 0 0 0 0 0 1 1 1 1 0 0 0 0 1 0 1 0 0 1 0 0 1 1 1 0 1 0 1 0 0 0 25
1 1 0 0 0 0 1 0 1 0 0 0 0 1 1 0 0 0 0 0 0 1 0 0 0 0 1 1 0 0 1 0 1 1 0 1 1 1 0 1 1 0 1 1 0 0 0 0 0 0 19
1 1 0 0 1 0 0 0 0 0 0 0 1 1 1 0 1 1 1 1 0 1 0 0 1 0 1 1 1 1 1 1 1 0 1 1 1 1 0 0 0 1 1 0 1 0 0 0 1 1 28
0 1 0 1 1 0 0 0 0 0 0 0 1 1 0 0 0 0 1 0 0 0 0 1 1 1 0 1 1 1 0 1 0 1 1 1 0 1 0 0 0 0 0 1 1 1 1 1 1 0 23
0 1 0 1 0 0 1 1 0 0 0 0 0 0 1 0 1 0 1 1 1 1 1 1 0 0 1 1 0 0 0 0 0 1 1 0 0 0 0 0 0 0 1 1 1 1 1 0 1 0 22
1 0 0 0 1 1 0 0 0 0 0 0 1 0 0 0 1 1 0 1 0 1 0 1 1 1 1 0 0 0 1 0 0 1 1 1 0 1 0 1 0 0 1 0 1 0 1 1 1 0 23
1 1 0 1 0 0 0 0 1 0 0 0 0 1 1 0 1 1 0 1 1 0 1 1 1 1 1 1 1 1 1 1 0 0 0 1 0 1 0 1 0 1 1 0 0 1 0 0 1 1 28
1 1 0 1 1 0 1 0 1 0 0 0 1 0 1 0 1 0 0 0 0 1 0 0 0 1 1 0 1 1 1 1 0 0 1 0 1 0 0 1 1 1 1 0 0 1 0 1 0 1 25
1 0 0 0 1 1 1 0 1 0 0 0 1 1 1 0 0 0 1 0 0 1 0 0 0 0 0 0 1 1 0 1 1 0 0 0 1 1 0 0 1 0 0 0 1 0 1 0 1 1 21
1 0 1 1 1 0 1 1 0 1 0 0 0 0 0 0 1 1 0 1 1 1 0 0 0 0 0 0 1 0 0 1 0 1 0 0 1 0 1 0 1 1 0 1 0 0 0 0 1 0 21
0 1 1 1 1 0 1 1 0 1 1 0 0 1 0 0 1 0 0 0 0 1 0 0 1 1 0 0 1 0 0 1 1 1 0 1 1 1 0 1 1 0 1 0 0 0 1 1 1 1 27
1 1 1 1 0 0 0 1 1 0 0 1 1 1 0 0 1 0 1 1 0 1 0 0 1 0 0 1 0 0 0 0 1 1 1 1 1 0 0 0 1 0 0 1 0 1 1 0 0 1 25
1 0 1 1 0 1 0 1 1 1 0 0 1 0 0 1 1 1 0 0 0 0 0 0 0 1 0 0 1 0 0 0 1 1 0 0 1 0 0 1 1 1 0 0 0 1 1 0 0 0 21
0 0 1 0 0 0 0 1 1 0 1 0 0 0 1 1 0 1 1 0 0 0 0 1 0 0 0 0 0 1 0 0 0 0 0 0 1 1 0 0 0 1 0 1 1 1 1 0 0 0 17
0 1 0 0 1 0 1 0 0 1 1 1 0 1 0 0 0 1 0 1 1 1 1 0 0 1 0 0 1 0 1 0 0 0 0 1 1 0 1 1 1 0 0 0 1 0 1 1 1 0 24
0 1 1 1 1 1 1 0 1 0 1 0 0 0 0 0 0 1 1 1 0 1 0 1 1 0 0 1 0 0 1 0 1 1 1 1 0 0 1 1 0 1 1 0 0 0 1 0 1 0 26
1 0 1 1 0 1 1 1 0 1 0 1 1 0 0 1 1 1 1 0 0 1 1 0 0 0 0 1 1 0 0 0 0 1 0 1 0 1 1 1 0 1 0 1 1 0 0 0 1 1 27
0 1 0 0 0 0 1 1 0 0 0 1 0 0 0 1 0 1 1 1 1 0 1 1 1 1 1 1 1 1 0 1 0 0 0 0 1 0 1 1 1 1 0 1 1 0 1 1 0 1 28
0 1 0 1 1 1 0 0 0 1 0 0 1 1 0 0 1 0 0 1 0 0 0 1 0 1 1 1 0 0 1 1 0 1 1 0 0 0 1 0 1 1 1 1 0 1 0 1 0 0 24
0 1 1 1 0 0 1 1 0 1 0 0 0 1 1 0 1 0 0 0 1 0 0 1 0 1 0 0 1 1 0 0 0 1 0 1 0 1 1 0 0 1 0 0 1 1 1 0 1 0 23
0 0 1 1 0 1 0 1 0 1 1 0 0 0 1 1 0 1 0 0 0 1 1 1 1 1 1 1 1 1 1 0 1 1 0 0 1 1 1 1 0 1 0 0 0 1 0 1 1 1 30
1 0 1 1 0 0 1 0 1 0 0 1 1 0 0 0 0 0 1 1 0 0 0 1 1 1 1 1 1 0 0 0 1 1 0 1 0 0 0 1 1 1 0 1 1 1 1 1 0 1 27
0 1 0 1 0 1 0 1 0 1 1 0 0 1 0 0 1 0 0 1 0 1 1 0 0 0 0 0 0 1 0 1 0 1 1 0 1 0 1 0 0 0 1 1 0 1 1 0 0 0 21
1 0 1 0 1 1 1 0 0 0 1 1 0 0 1 1 0 1 0 0 1 1 0 1 0 1 0 1 0 1 1 0 0 0 0 0 1 0 0 0 1 0 1 0 1 1 0 1 0 1 24
0 1 1 1 0 1 0 1 0 1 0 0 0 0 1 0 1 0 1 1 1 0 0 1 0 1 0 1 1 0 0 0 0 0 1 1 0 0 0 1 1 0 0 0 0 0 0 1 1 1 22
1 0 1 1 1 0 0 1 0 1 0 1 0 1 1 0 0 1 0 1 0 1 0 1 0 0 0 1 1 0 0 0 0 1 1 1 0 1 0 0 1 1 1 1 1 0 0 1 1 0 26
0 0 0 1 1 1 0 1 1 0 1 0 1 0 0 1 1 1 1 1 0 1 0 0 1 1 0 1 1 0 1 0 1 1 1 0 0 1 1 0 1 0 1 1 1 0 1 1 0 0 29
1 0 0 1 0 1 1 1 0 0 1 1 0 1 0 0 0 0 0 1 0 0 0 0 0 0 1 1 1 0 1 1 1 1 1 0 0 1 1 1 1 0 1 1 0 0 0 0 0 0 23
0 1 0 0 1 0 0 0 0 0 1 0 1 0 0 1 1 0 0 1 0 1 0 0 0 0 1 1 1 1 1 1 0 1 0 1 1 1 1 0 0 0 1 1 0 1 1 1 0 1 25
1 1 1 0 0 1 0 1 1 0 1 0 1 1 1 1 1 1 0 1 1 1 1 1 0 1 0 1 1 1 0 1 0 1 0 0 0 0 1 1 1 0 0 1 1 0 0 1 0 1 31
0 1 1 1 0 0 0 0 1 0 0 1 0 0 1 0 0 1 0 1 0 0 1 1 0 0 1 0 0 0 1 1 0 0 1 1 1 0 0 1 1 0 0 0 0 1 1 1 0 0 21
0 1 0 0 0 0 1 1 0 0 0 1 0 0 1 1 0 0 0 1 1 0 0 1 1 0 0 0 1 1 0 0 0 0 1 0 0 1 0 0 1 0 0 1 0 0 0 1 0 1 18
1 0 1 0 0 1 1 1 0 1 0 1 1 1 0 1 0 1 0 1 0 1 0 0 1 1 1 1 1 0 0 0 1 0 1 1 0 0 0 0 1 1 1 1 1 0 1 1 0 1 29
1 0 0 1 0 1 1 0 1 1 0 1 0 1 0 0 1 1 0 1 1 1 0 0 0 1 1 1 1 1 1 0 0 1 0 0 1 1 0 1 1 0 0 1 0 1 1 0 0 1 28
0 1 0 0 1 1 1 1 0 1 1 1 0 0 0 0 0 1 0 0 0 0 0 0 1 0 1 1 1 0 0 1 0 0 0 1 1 0 1 1 1 1 0 1 0 1 1 1 1 0 25
1 1 0 1 1 1 1 0 0 0 0 1 1 1 1 0 1 1 0 1 0 0 1 0 1 0 1 0 1 0 1 0 1 1 0 1 0 1 1 0 1 0 0 0 1 0 0 1 0 1 27
1 1 0 0 0 1 1 0 0 0 0 1 0 1 0 0 1 0 0 0 1 1 1 0 0 1 0 1 1 0 1 1 0 1 0 1 0 1 0 1 1 0 0 0 1 1 0 0 1 0 23
0 1 0 0 0 1 0 0 0 0 1 0 0 1 1 0 1 1 1 0 1 1 1 0 1 0 0 1 1 1 0 0 1 0 1 1 1 1 1 0 1 1 0 0 0 0 0 0 1 1 25
0 0 1 1 0 1 0 0 1 0 0 0 0 0 1 1 0 1 1 0 1 1 0 1 0 1 1 1 0 0 1 1 0 1 1 0 1 0 0 0 0 0 1 1 1 0 1 1 1 0 25
0 1 0 1 1 0 1 0 1 0 0 0 1 0 1 0 1 1 0 1 1 1 1 0 0 1 1 1 1 1 1 1 0 0 1 1 0 1 1 1 0 0 0 1 0 1 1 1 1 0 30
1 1 1 0 1 0 1 0 1 0 0 1 0 1 0 1 1 0 0 0 1 0 1 0 0 0 1 1 0 0 0 0 0 1 1 1 0 1 0 0 0 1 1 1 0 0 0 0 0 1 22
1 1 1 0 0 1 0 0 1 0 1 1 1 1 1 1 1 1 0 1 1 1 0 0 0 0 1 0 1 1 1 1 1 0 1 0 1 1 1 1 0 0 0 0 0 0 0 1 1 1 30
0 0 0 1 1 1 1 1 0 1 0 1 0 0 0 1 1 1 1 1 0 1 1 0 1 1 0 1 0 1 0 0 0 0 1 1 1 1 0 0 1 0 0 0 1 0 1 0 0 0 25
0 0 0 0 0 0 1 0 1 0 1 1 1 0 0 0 1 0 0 0 0 1 0 1 0 1 1 0 0 1 0 1 0 0 0 1 1 1 1 0 1 1 0 0 0 1 0 1 0 0 20
0 0 0 0 1 1 1 1 1 0 0 1 1 1 1 0 0 0 1 0 1 1 0 1 0 1 1 0 0 0 0 1 1 1 1 1 1 0 1 1 0 0 0 0 1 0 1 1 1 1 28
0 1 1 0 1 1 1 0 0 1 0 0 1 0 1 0 1 1 0 1 1 0 0 0 1 0 1 0 1 1 0 0 0 0 0 1 0 0 0 0 1 1 1 1 0 1 1 0 1 0 24
1 0 0 0 1 1 1 1 0 1 1 1 1 0 1 1 1 1 1 1 0 1 1 0 1 1 0 0 0 0 0 0 0 1 0 1 0 1 1 1 1 1 1 1 0 0 1 0 0 1 30
1 0 1 0 1 1 1 0 0 1 1 1 0 1 0 1 0 1 0 0 0 0 0 0 1 1 0 1 0 0 1 1 1 0 0 0 0 1 0 1 1 0 1 0 1 1 1 1 0 0 25
0 0 1 1 1 0 0 1 0 1 0 1 0 0 1 0 1 1 0 0 1 1 0 0 1 1 1 0 1 1 0 0 0 0 0 0 1 1 0 0 0 0 0 1 0 0 1 0 0 0 20
1 1 0 1 0 0 1 1 0 0 0 0 0 1 0 1 0 1 0 1 0 0 1 1 0 1 0 0 1 1 0 0 0 1 1 0 0 0 0 1 1 1 0 1 1 0 0 0 1 1 23
0 0 1 0 1 0 0 0 0 0 0 0 0 0 0 1 1 0 1 0 1 0 1 0 0 0 0 0 1 1 0 0 0 1 0 0 1 0 0 1 0 0 0 0 1 0 0 0 1 0 14
1 0 0 1 0 0 0 0 1 1 0 0 0 0 1 0 0 0 0 1 1 1 0 1 0 0 1 0 0 0 0 0 0 1 0 0 1 1 1 0 1 0 1 0 1 1 1 1 0 1 21
1 1 0 0 1 0 1 1 0 1 0 0 0 1 1 1 0 1 0 0 0 0 0 1 1 1 0 1 1 1 0 1 0 0 0 0 0 0 0 1 1 0 0 0 0 0 1 1 0 1 22
1 0 1 1 1 0 1 0 1 0 1 1 1 1 1 0 0 1 0 0 0 1 1 1 0 1 1 0 1 1 0 1 1 0 0 0 0 0 0 1 0 0 1 0 1 1 0 1 0 0 26
1 1 0 1 0 0 0 1 0 0 1 0 1 0 1 0 1 0 0 1 1 1 1 0 1 0 1 0 0 0 0 0 1 1 1 0 1 0 1 1 1 1 1 1 1 0 1 0 1 0 27
1 1 0 1 1 1 1 1 1 0 1 0 0 0 0 0 1 1 0 1 0 0 1 1 0 1 1 0 1 1 1 0 0 1 0 0 0 1 0 0 0 0 1 1 0 1 0 0 1 1 26
1 0 1 0 1 1 1 0 0 0 0 0 0 0 0 1 0 0 1 0 0 0 1 0 0 0 0 0 1 1 1 0 0 0 0 1 1 1 0 0 1 1 0 0 0 1 1 1 1 0 20
1 1 0 1 0 0 0 0 1 1 1 1 1 0 0 1 1 1 0 1 1 1 1 0 0 1 0 1 1 0 1 1 1 0 0 0 0 0 0 0 0 1 1 1 0 0 0 0 0 0 24
1 0 0 1 1 1 0 1 1 1 1 1 0 0 0 1 1 0 1 0 1 0 1 1 0 0 1 0 0 0 0 1 0 0 0 0 0 1 0 0 1 1 1 1 1 0 1 1 1 0 26
1 0 0 0 1 1 1 0 0 1 0 0 0 1 0 1 1 0 0 1 1 1 0 1 0 0 1 0 0 0 1 0 1 1 0 1 0 0 1 1 1 0 1 1 0 1 0 0 0 1 24
1 0 0 0 1 0 0 0 1 1 1 1 0 0 0 0 0 0 1 0 0 0 1 0 1 1 1 1 1 0 0 0 1 0 0 0 1 1 0 1 0 1 0 1 0 1 0 0 0 1 21
0 1 1 1 0 1 1 1 1 0 0 0 1 1 0 1 0 0 1 1 0 0 1 1 1 1 1 1 1 0 1 0 1 0 0 0 1 0 0 0 1 0 0 0 1 0 1 0 0 0 25
0 1 0 0 0 1 0 0 1 0 0 1 1 0 1 1 1 1 1 0 0 0 1 1 1 0 1 1 1 1 0 1 0 1 0 0 0 0 1 0 1 1 0 0 1 0 0 1 0 0 24
36 36 31 37 35 34 38 30 29 29 26 31 31 30 30 31 43 37 27 36 29 37 30 31 32 38 39 38 43 32 28 28 26 37 29 34 34 36 28 36 44 33 31 35 34 30 38 35 32 32 1666
