NameTTD		Time
1		7
2		6
3		5
4		2
5		8
6		2
7		3
8		4
9		9
10		6
11		3
12		7
13		5
14		9
15		3
16		8
17		2
18		10
19		8
20		6
21		4
22		2
23		8
24		5
25		8
26		5
27		7
28		8
29		2
30		3
31		4
32		6
33		4
34		9
35		1
36		6
37		2
38		7
39		1
40		1
41		7
42		5
43		4
44		8
45		5
46		3
47		9
48		2
49		5
50		6
51		7
52		4
53		6
54		1
55		8
56		9
57		5
58		2
59		8
60		3
61		8
62		7
63		5
64		8
65		1
66		9
67		7
68		10
69		4
70		3
71		5
72		5
73		8
74		3
75		6
76		7
77		7
78		5
79		7
80		2
81		10
82		9
83		4
84		4
85		7
86		8
87		5
88		10
89		9
90		5
91		6
92		7
93		6
94		8
95		6
96		2
97		1
98		9
99		6
100		9
