NameTTD		Time
1		8
2		4
3		1
4		3
5		6
6		10
7		8
8		8
9		3
10		3
11		7
12		6
13		7
14		4
15		3
16		3
17		5
18		4
19		6
20		3
21		9
22		6
23		5
24		8
25		2
26		3
27		2
28		6
29		8
30		5
31		8
32		5
33		10
34		2
35		9
36		5
37		3
38		3
39		9
40		4
41		4
42		2
43		8
44		4
45		9
46		7
47		7
48		9
49		7
50		5
51		10
52		9
53		4
54		7
55		2
56		6
57		4
58		9
59		6
60		5
61		4
62		2
63		7
64		9
65		5
66		4
67		7
68		3
69		9
70		8
71		5
72		8
73		3
74		7
75		8
76		4
77		7
78		3
79		9
80		5
81		4
82		8
83		6
84		3
85		3
86		3
87		7
88		8
89		8
90		8
91		3
92		2
93		2
94		5
95		5
96		9
97		6
98		1
99		6
100		5
