NameTTD		Time
1		2
2		9
3		2
4		4
5		10
6		8
7		3
8		2
9		4
10		7
11		7
12		4
13		7
14		1
15		9
16		4
17		1
18		3
19		2
20		7
21		3
22		5
23		10
24		7
25		8
26		2
27		10
28		3
29		9
30		3
31		10
32		2
33		5
34		5
35		10
36		2
37		9
38		4
39		7
40		1
41		9
42		3
43		8
44		8
45		9
46		7
47		8
48		9
49		3
50		6
51		2
52		10
53		8
54		2
55		8
56		8
57		7
58		10
59		10
60		8
61		2
62		4
63		7
64		7
65		9
66		3
67		3
68		1
69		7
70		3
71		7
72		8
73		8
74		8
75		7
76		8
77		9
78		5
79		4
80		7
81		4
82		6
83		1
84		4
85		8
86		4
87		6
88		4
89		10
90		8
91		4
92		4
93		4
94		5
95		3
96		3
97		9
98		8
99		7
100		5
