NameTTD		Time
1		8
2		5
3		9
4		9
5		6
6		3
7		2
8		2
9		5
10		6
11		6
12		3
13		2
14		6
15		7
16		8
17		3
18		7
19		6
20		5
21		4
22		6
23		1
24		7
25		7
26		9
27		6
28		9
29		6
30		6
31		9
32		2
33		4
34		3
35		6
36		7
37		2
38		3
39		4
40		10
41		4
42		1
43		8
44		4
45		3
46		3
47		6
48		4
49		7
50		9
51		6
52		6
53		4
54		6
55		9
56		1
57		8
58		10
59		4
60		2
61		6
62		3
63		3
64		1
65		2
66		8
67		3
68		3
69		6
70		9
71		7
72		3
73		6
74		10
75		6
76		6
77		3
78		4
79		2
80		4
81		8
82		7
83		2
84		9
85		2
86		5
87		6
88		6
89		4
90		6
91		3
92		7
93		5
94		3
95		6
96		7
97		1
98		6
99		9
100		9
