NameTTD		Time
1		3
2		4
3		8
4		7
5		4
6		5
7		4
8		2
9		3
10		7
11		9
12		8
13		8
14		6
15		6
16		6
17		7
18		1
19		2
20		4
21		5
22		8
23		5
24		4
25		7
26		9
27		9
28		3
29		5
30		8
31		9
32		9
33		4
34		6
35		7
36		4
37		10
38		9
39		5
40		4
41		3
42		2
43		10
44		10
45		10
46		4
47		7
48		10
49		2
50		8
51		8
52		3
53		4
54		9
55		8
56		8
57		6
58		5
59		9
60		5
61		10
62		4
63		1
64		7
65		5
66		5
67		2
68		6
69		4
70		2
71		6
72		1
73		7
74		3
75		7
76		1
77		4
78		6
79		9
80		1
81		3
82		8
83		4
84		8
85		1
86		3
87		1
88		6
89		6
90		9
91		3
92		9
93		6
94		5
95		2
96		1
97		5
98		4
99		2
100		6
