NameTTD		Time
1		9
2		8
3		10
4		10
5		9
6		1
7		7
8		4
9		1
10		3
11		8
12		4
13		2
14		9
15		2
16		2
17		8
18		10
19		5
20		2
21		10
22		7
23		4
24		2
25		6
26		6
27		5
28		9
29		7
30		6
31		7
32		2
33		2
34		2
35		4
36		9
37		7
38		1
39		6
40		5
41		4
42		10
43		4
44		4
45		6
46		7
47		3
48		7
49		7
50		4
51		2
52		8
53		7
54		1
55		10
56		6
57		8
58		10
59		4
60		3
61		6
62		4
63		9
64		7
65		8
66		8
67		5
68		5
69		5
70		7
71		9
72		6
73		4
74		3
75		2
76		8
77		5
78		9
79		6
80		5
81		9
82		10
83		4
84		8
85		9
86		9
87		10
88		7
89		10
90		5
91		9
92		4
93		10
94		2
95		7
96		6
97		7
98		10
99		3
100		8
