NameTTD		Time
1		4
2		9
3		3
4		5
5		7
6		6
7		7
8		1
9		7
10		4
11		5
12		6
13		5
14		1
15		5
16		4
17		8
18		8
19		4
20		10
21		6
22		3
23		3
24		4
25		5
26		8
27		5
28		1
29		5
30		4
31		4
32		10
33		10
34		7
35		10
36		4
37		3
38		5
39		6
40		3
41		7
42		4
43		4
44		9
45		8
46		10
47		2
48		10
49		10
50		8
51		1
52		6
53		1
54		2
55		3
56		1
57		3
58		9
59		3
60		2
61		7
62		2
63		4
64		6
65		5
66		5
67		8
68		6
69		5
70		6
71		5
72		5
73		7
74		1
75		8
76		7
77		3
78		4
79		6
80		4
81		7
82		9
83		3
84		10
85		4
86		6
87		10
88		8
89		6
90		2
91		8
92		4
93		8
94		2
95		2
96		7
97		4
98		10
99		5
100		3
