NameTTD		Time
1		5
2		5
3		4
4		9
5		3
6		10
7		3
8		2
9		2
10		4
11		7
12		1
13		10
14		10
15		2
16		9
17		8
18		6
19		3
20		4
21		5
22		10
23		8
24		8
25		3
26		9
27		5
28		2
29		7
30		9
31		4
32		10
33		3
34		9
35		8
36		1
37		3
38		8
39		10
40		6
41		6
42		6
43		6
44		7
45		3
46		7
47		9
48		6
49		8
50		8
51		5
52		8
53		3
54		4
55		10
56		7
57		8
58		4
59		5
60		6
61		8
62		4
63		4
64		5
65		3
66		7
67		3
68		7
69		3
70		5
71		1
72		7
73		7
74		9
75		5
76		8
77		3
78		2
79		7
80		9
81		4
82		2
83		9
84		3
85		7
86		8
87		7
88		7
89		4
90		3
91		7
92		8
93		2
94		3
95		2
96		8
97		3
98		2
99		8
100		3
