NameTTD		Time
1		9
2		9
3		8
4		6
5		3
6		6
7		4
8		5
9		2
10		8
11		7
12		9
13		2
14		6
15		3
16		4
17		7
18		1
19		7
20		1
21		10
22		10
23		2
24		4
25		6
26		3
27		8
28		10
29		1
30		8
31		2
32		1
33		4
34		4
35		8
36		4
37		6
38		3
39		4
40		8
41		5
42		2
43		5
44		5
45		10
46		6
47		4
48		4
49		3
50		7
51		5
52		8
53		6
54		7
55		3
56		2
57		9
58		8
59		1
60		10
61		8
62		9
63		6
64		1
65		9
66		3
67		3
68		3
69		8
70		4
71		3
72		10
73		3
74		3
75		7
76		3
77		6
78		2
79		6
80		6
81		9
82		4
83		4
84		9
85		2
86		10
87		3
88		8
89		6
90		9
91		6
92		4
93		5
94		3
95		3
96		5
97		9
98		2
99		8
100		4
