NameTTD		Time
1		7
2		2
3		1
4		8
5		8
6		9
7		1
8		2
9		3
10		1
11		2
12		5
13		1
14		1
15		2
16		9
17		8
18		6
19		7
20		9
21		3
22		1
23		5
24		1
25		6
26		10
27		3
28		2
29		6
30		4
31		6
32		9
33		2
34		6
35		5
36		8
37		2
38		3
39		9
40		7
41		7
42		7
43		3
44		7
45		8
46		5
47		3
48		5
49		7
50		7
51		5
52		6
53		7
54		10
55		8
56		7
57		6
58		2
59		7
60		2
61		8
62		5
63		8
64		2
65		2
66		6
67		9
68		7
69		8
70		7
71		4
72		4
73		3
74		7
75		8
76		7
77		8
78		3
79		2
80		5
81		3
82		1
83		8
84		7
85		4
86		5
87		6
88		9
89		3
90		7
91		7
92		3
93		1
94		2
95		2
96		8
97		5
98		6
99		8
100		7
