NameTTD		Time
1		3
2		10
3		4
4		8
5		1
6		5
7		6
8		4
9		3
10		6
11		4
12		10
13		2
14		2
15		6
16		8
17		1
18		5
19		6
20		7
21		1
22		7
23		6
24		6
25		4
26		2
27		9
28		5
29		4
30		3
31		2
32		9
33		4
34		5
35		10
36		6
37		2
38		7
39		10
40		9
41		4
42		2
43		3
44		4
45		7
46		2
47		2
48		4
49		6
50		5
51		1
52		6
53		8
54		9
55		6
56		4
57		6
58		1
59		5
60		2
61		10
62		9
63		1
64		4
65		3
66		6
67		4
68		7
69		6
70		2
71		4
72		9
73		5
74		8
75		2
76		8
77		4
78		4
79		6
80		4
81		9
82		3
83		9
84		1
85		8
86		7
87		1
88		6
89		8
90		3
91		2
92		3
93		7
94		7
95		5
96		10
97		9
98		8
99		1
100		3
