NameTTD		Time
1		6
2		9
3		6
4		2
5		3
6		2
7		2
8		7
9		8
10		2
11		4
12		2
13		9
14		8
15		1
16		4
17		10
18		5
19		8
20		9
21		4
22		7
23		2
24		10
25		2
26		8
27		8
28		3
29		3
30		3
31		3
32		2
33		5
34		7
35		5
36		3
37		7
38		4
39		6
40		2
41		8
42		6
43		2
44		3
45		10
46		1
47		1
48		4
49		10
50		3
51		3
52		5
53		4
54		9
55		6
56		3
57		5
58		2
59		8
60		6
61		10
62		6
63		5
64		5
65		9
66		5
67		4
68		4
69		8
70		3
71		5
72		4
73		2
74		8
75		2
76		9
77		4
78		6
79		9
80		7
81		7
82		5
83		5
84		2
85		1
86		9
87		6
88		8
89		7
90		8
91		3
92		2
93		4
94		3
95		3
96		4
97		7
98		8
99		4
100		3
