NameTTD		Time
1		6
2		6
3		7
4		5
5		10
6		6
7		3
8		10
9		3
10		6
11		2
12		9
13		5
14		3
15		2
16		4
17		4
18		8
19		2
20		6
21		3
22		3
23		6
24		5
25		6
26		2
27		6
28		8
29		2
30		2
31		8
32		6
33		7
34		9
35		1
36		2
37		3
38		7
39		6
40		4
41		7
42		2
43		2
44		1
45		9
46		6
47		10
48		6
49		9
50		2
51		3
52		5
53		7
54		2
55		9
56		4
57		2
58		9
59		5
60		1
61		4
62		4
63		4
64		4
65		9
66		5
67		4
68		2
69		6
70		6
71		6
72		9
73		8
74		3
75		3
76		9
77		4
78		4
79		3
80		5
81		7
82		8
83		4
84		9
85		7
86		9
87		2
88		6
89		4
90		3
91		8
92		10
93		6
94		5
95		7
96		7
97		8
98		7
99		4
100		2
