NameTTD		Time
1		6
2		4
3		9
4		5
5		3
6		9
7		9
8		8
9		8
10		5
11		2
12		6
13		9
14		6
15		4
16		9
17		6
18		5
19		8
20		7
21		10
22		10
23		7
24		1
25		10
26		2
27		2
28		9
29		2
30		6
31		7
32		5
33		8
34		4
35		8
36		7
37		2
38		7
39		4
40		6
41		3
42		9
43		3
44		5
45		4
46		2
47		7
48		3
49		1
50		6
51		8
52		2
53		6
54		6
55		2
56		3
57		6
58		3
59		4
60		2
61		3
62		3
63		9
64		4
65		10
66		6
67		8
68		2
69		4
70		5
71		1
72		6
73		8
74		1
75		9
76		4
77		9
78		3
79		6
80		5
81		2
82		10
83		8
84		2
85		3
86		8
87		7
88		9
89		4
90		5
91		7
92		6
93		7
94		7
95		10
96		3
97		6
98		3
99		4
100		2
