NameTTD		Time
1		7
2		7
3		5
4		5
5		3
6		7
7		2
8		9
9		7
10		5
11		9
12		9
13		10
14		3
15		7
16		7
17		6
18		3
19		8
20		3
21		1
22		6
23		1
24		4
25		4
26		10
27		4
28		6
29		5
30		9
31		7
32		6
33		2
34		6
35		10
36		1
37		8
38		4
39		2
40		4
41		3
42		4
43		3
44		4
45		3
46		7
47		5
48		9
49		1
50		2
51		6
52		3
53		3
54		7
55		4
56		3
57		5
58		2
59		9
60		5
61		3
62		4
63		2
64		1
65		8
66		7
67		4
68		3
69		3
70		2
71		9
72		1
73		4
74		9
75		5
76		9
77		7
78		10
79		2
80		9
81		8
82		2
83		5
84		2
85		4
86		4
87		4
88		9
89		2
90		2
91		5
92		5
93		6
94		10
95		2
96		3
97		7
98		5
99		8
100		9
