NameTTD		Time
1		1
2		9
3		1
4		10
5		7
6		4
7		8
8		2
9		2
10		4
11		6
12		5
13		9
14		4
15		4
16		3
17		2
18		3
19		1
20		7
21		8
22		6
23		2
24		10
25		9
26		10
27		2
28		8
29		4
30		2
31		7
32		9
33		5
34		1
35		2
36		8
37		6
38		2
39		4
40		6
41		3
42		7
43		2
44		9
45		3
46		7
47		7
48		9
49		3
50		7
51		10
52		4
53		7
54		9
55		8
56		6
57		3
58		8
59		7
60		8
61		3
62		6
63		9
64		7
65		3
66		8
67		4
68		7
69		6
70		4
71		5
72		6
73		3
74		1
75		6
76		4
77		4
78		4
79		4
80		2
81		3
82		7
83		8
84		5
85		8
86		6
87		4
88		5
89		3
90		2
91		2
92		2
93		8
94		2
95		2
96		4
97		4
98		8
99		5
100		6
