NameTTD		Time
1		8
2		7
3		2
4		3
5		5
6		5
7		5
8		6
9		9
10		3
11		2
12		3
13		2
14		8
15		6
16		7
17		5
18		3
19		10
20		3
21		5
22		10
23		6
24		10
25		8
26		8
27		6
28		1
29		4
30		9
31		5
32		2
33		5
34		9
35		3
36		8
37		4
38		8
39		3
40		10
41		7
42		8
43		2
44		8
45		4
46		7
47		2
48		4
49		5
50		3
51		1
52		9
53		8
54		4
55		5
56		5
57		3
58		9
59		3
60		6
61		7
62		4
63		9
64		8
65		5
66		3
67		10
68		7
69		3
70		4
71		3
72		9
73		6
74		10
75		5
76		2
77		2
78		8
79		4
80		3
81		9
82		1
83		9
84		4
85		7
86		9
87		10
88		2
89		4
90		10
91		3
92		4
93		4
94		4
95		9
96		5
97		8
98		4
99		6
100		6
