NameTTD		Time
1		4
2		1
3		5
4		2
5		4
6		9
7		4
8		5
9		9
10		6
11		6
12		4
13		9
14		5
15		9
16		3
17		2
18		8
19		7
20		10
21		6
22		3
23		7
24		3
25		1
26		2
27		5
28		7
29		9
30		8
31		9
32		8
33		5
34		6
35		4
36		2
37		6
38		3
39		3
40		3
41		3
42		6
43		8
44		8
45		9
46		8
47		8
48		10
49		9
50		8
51		4
52		3
53		9
54		9
55		3
56		4
57		2
58		8
59		1
60		3
61		5
62		7
63		9
64		9
65		4
66		4
67		9
68		6
69		7
70		5
71		6
72		2
73		6
74		9
75		5
76		4
77		4
78		8
79		4
80		6
81		4
82		6
83		10
84		2
85		3
86		6
87		6
88		6
89		3
90		5
91		4
92		2
93		2
94		9
95		2
96		6
97		9
98		2
99		9
100		8
