NameTTD		Time
1		9
2		6
3		5
4		5
5		7
6		10
7		8
8		9
9		4
10		3
11		9
12		4
13		3
14		4
15		2
16		7
17		5
18		4
19		7
20		10
21		4
22		3
23		4
24		5
25		7
26		6
27		4
28		4
29		2
30		9
31		8
32		8
33		8
34		6
35		6
36		4
37		4
38		6
39		4
40		6
41		5
42		5
43		5
44		7
45		8
46		8
47		10
48		6
49		4
50		2
51		6
52		3
53		3
54		9
55		1
56		4
57		4
58		2
59		8
60		2
61		5
62		5
63		9
64		5
65		8
66		3
67		7
68		8
69		6
70		6
71		9
72		2
73		8
74		5
75		10
76		10
77		1
78		2
79		2
80		2
81		8
82		3
83		5
84		9
85		2
86		6
87		7
88		2
89		2
90		4
91		3
92		8
93		5
94		10
95		3
96		2
97		7
98		6
99		5
100		4
