NameTTD		Time
1		4
2		9
3		9
4		7
5		2
6		3
7		10
8		4
9		6
10		6
11		2
12		4
13		4
14		5
15		8
16		9
17		2
18		9
19		9
20		2
21		7
22		9
23		6
24		9
25		2
26		8
27		5
28		7
29		2
30		7
31		10
32		8
33		4
34		4
35		8
36		8
37		9
38		2
39		8
40		2
41		8
42		6
43		5
44		9
45		8
46		7
47		8
48		5
49		1
50		6
51		2
52		2
53		8
54		5
55		2
56		4
57		7
58		2
59		5
60		9
61		2
62		4
63		6
64		4
65		1
66		8
67		5
68		8
69		8
70		3
71		10
72		4
73		3
74		7
75		4
76		10
77		1
78		7
79		1
80		9
81		7
82		2
83		9
84		9
85		10
86		8
87		3
88		6
89		1
90		2
91		3
92		6
93		8
94		5
95		4
96		3
97		9
98		6
99		9
100		5
