NameTTD		Time
1		10
2		8
3		3
4		7
5		5
6		3
7		7
8		7
9		5
10		3
11		4
12		9
13		6
14		9
15		9
16		4
17		2
18		9
19		8
20		5
21		1
22		8
23		3
24		9
25		6
26		8
27		6
28		4
29		9
30		5
31		5
32		4
33		4
34		9
35		10
36		4
37		6
38		2
39		3
40		3
41		7
42		9
43		1
44		2
45		7
46		6
47		4
48		9
49		8
50		7
51		4
52		6
53		5
54		7
55		9
56		2
57		6
58		8
59		4
60		6
61		4
62		5
63		8
64		2
65		7
66		4
67		8
68		8
69		9
70		9
71		8
72		5
73		3
74		10
75		10
76		7
77		6
78		7
79		2
80		2
81		5
82		4
83		1
84		7
85		8
86		1
87		7
88		9
89		2
90		9
91		2
92		8
93		1
94		2
95		8
96		2
97		10
98		8
99		10
100		7
