NameTTD		Time
1		8
2		4
3		7
4		4
5		7
6		5
7		9
8		7
9		8
10		4
11		10
12		2
13		2
14		4
15		6
16		2
17		4
18		3
19		8
20		7
21		8
22		8
23		5
24		6
25		3
26		2
27		2
28		2
29		9
30		5
31		6
32		4
33		8
34		10
35		8
36		2
37		7
38		4
39		8
40		10
41		2
42		5
43		1
44		8
45		6
46		2
47		6
48		8
49		1
50		6
51		7
52		3
53		5
54		5
55		2
56		4
57		7
58		9
59		2
60		3
61		5
62		6
63		2
64		6
65		8
66		4
67		9
68		2
69		1
70		9
71		9
72		7
73		6
74		3
75		6
76		10
77		9
78		9
79		7
80		2
81		9
82		5
83		5
84		3
85		10
86		6
87		9
88		7
89		6
90		4
91		5
92		6
93		5
94		6
95		7
96		8
97		2
98		5
99		8
100		9
