NameTTD		Time
1		1
2		1
3		6
4		3
5		10
6		8
7		1
8		6
9		5
10		8
11		6
12		2
13		2
14		5
15		2
16		3
17		2
18		8
19		7
20		7
21		9
22		1
23		2
24		7
25		5
26		2
27		6
28		3
29		10
30		6
31		5
32		6
33		10
34		4
35		2
36		9
37		8
38		9
39		2
40		4
41		5
42		9
43		9
44		3
45		5
46		3
47		10
48		4
49		9
50		7
51		7
52		5
53		7
54		5
55		2
56		5
57		5
58		5
59		9
60		3
61		3
62		5
63		7
64		2
65		8
66		5
67		6
68		8
69		1
70		7
71		8
72		8
73		6
74		8
75		5
76		6
77		9
78		6
79		5
80		7
81		6
82		2
83		7
84		2
85		8
86		9
87		2
88		9
89		9
90		4
91		2
92		2
93		5
94		4
95		3
96		6
97		9
98		6
99		3
100		3
