NameTTD		Time
1		2
2		1
3		4
4		2
5		6
6		2
7		8
8		10
9		7
10		5
11		2
12		3
13		2
14		8
15		4
16		9
17		6
18		7
19		5
20		3
21		10
22		10
23		7
24		3
25		8
26		1
27		7
28		5
29		8
30		7
31		8
32		9
33		5
34		4
35		4
36		8
37		2
38		10
39		3
40		3
41		9
42		8
43		2
44		6
45		1
46		9
47		7
48		4
49		6
50		4
51		8
52		8
53		7
54		6
55		4
56		1
57		4
58		6
59		6
60		10
61		2
62		1
63		7
64		9
65		7
66		9
67		2
68		6
69		3
70		2
71		8
72		7
73		7
74		3
75		5
76		8
77		5
78		4
79		4
80		6
81		7
82		6
83		4
84		8
85		8
86		7
87		2
88		5
89		2
90		9
91		4
92		7
93		10
94		6
95		5
96		4
97		5
98		4
99		4
100		2
