NameTTD		Time
1		8
2		8
3		2
4		7
5		6
6		6
7		2
8		7
9		6
10		5
11		9
12		9
13		8
14		6
15		7
16		4
17		5
18		10
19		3
20		9
21		8
22		9
23		4
24		6
25		2
26		8
27		5
28		7
29		9
30		4
31		6
32		5
33		6
34		6
35		7
36		2
37		7
38		5
39		2
40		1
41		7
42		7
43		3
44		8
45		5
46		2
47		2
48		2
49		4
50		7
51		9
52		7
53		7
54		9
55		6
56		9
57		1
58		7
59		5
60		8
61		6
62		8
63		6
64		2
65		4
66		10
67		8
68		3
69		4
70		4
71		5
72		8
73		5
74		6
75		5
76		3
77		1
78		4
79		8
80		5
81		4
82		2
83		9
84		3
85		4
86		5
87		7
88		6
89		10
90		5
91		4
92		9
93		8
94		5
95		6
96		5
97		7
98		6
99		9
100		6
