NameTTD		Time
1		9
2		7
3		10
4		4
5		1
6		4
7		8
8		5
9		4
10		7
11		5
12		4
13		9
14		4
15		5
16		2
17		7
18		6
19		7
20		8
21		5
22		4
23		7
24		5
25		9
26		7
27		8
28		9
29		2
30		7
31		9
32		3
33		3
34		3
35		5
36		8
37		5
38		8
39		9
40		3
41		3
42		2
43		5
44		4
45		10
46		3
47		7
48		6
49		9
50		7
51		7
52		3
53		4
54		2
55		9
56		2
57		2
58		10
59		8
60		8
61		9
62		7
63		8
64		2
65		5
66		7
67		3
68		10
69		7
70		10
71		8
72		2
73		1
74		9
75		6
76		3
77		8
78		3
79		5
80		8
81		7
82		7
83		10
84		7
85		6
86		2
87		4
88		5
89		3
90		5
91		2
92		5
93		7
94		2
95		2
96		3
97		6
98		2
99		3
100		8
