NameTTD		Time
1		7
2		1
3		9
4		6
5		8
6		7
7		6
8		6
9		2
10		9
11		10
12		9
13		6
14		2
15		3
16		6
17		2
18		2
19		7
20		4
21		2
22		3
23		6
24		1
25		8
26		4
27		2
28		2
29		5
30		9
31		10
32		4
33		8
34		5
35		4
36		7
37		5
38		1
39		4
40		2
41		5
42		7
43		4
44		7
45		4
46		8
47		1
48		3
49		8
50		2
51		8
52		5
53		4
54		7
55		4
56		5
57		9
58		8
59		8
60		10
61		2
62		4
63		3
64		7
65		5
66		9
67		4
68		8
69		7
70		5
71		7
72		1
73		8
74		7
75		9
76		2
77		5
78		9
79		3
80		10
81		1
82		4
83		1
84		9
85		9
86		5
87		5
88		3
89		7
90		3
91		2
92		4
93		1
94		4
95		6
96		9
97		5
98		2
99		5
100		6
