NameTTD		Time
1		8
2		4
3		9
4		9
5		7
6		3
7		5
8		3
9		9
10		5
11		6
12		8
13		9
14		6
15		3
16		3
17		2
18		2
19		2
20		9
21		6
22		1
23		9
24		10
25		6
26		4
27		9
28		5
29		1
30		5
31		9
32		10
33		7
34		2
35		4
36		9
37		2
38		5
39		9
40		3
41		2
42		4
43		8
44		3
45		8
46		8
47		5
48		10
49		2
50		5
51		1
52		8
53		5
54		4
55		5
56		8
57		8
58		6
59		7
60		7
61		9
62		6
63		6
64		6
65		6
66		6
67		6
68		6
69		1
70		3
71		6
72		5
73		9
74		8
75		7
76		4
77		5
78		3
79		2
80		3
81		8
82		5
83		4
84		2
85		7
86		6
87		2
88		3
89		7
90		5
91		10
92		7
93		5
94		8
95		1
96		8
97		2
98		9
99		3
100		6
