NameTTD		Time
1		3
2		4
3		9
4		9
5		1
6		4
7		3
8		2
9		6
10		6
11		6
12		6
13		6
14		8
15		9
16		5
17		2
18		10
19		6
20		2
21		7
22		3
23		8
24		4
25		10
26		7
27		8
28		3
29		7
30		8
31		4
32		4
33		6
34		3
35		4
36		9
37		1
38		10
39		9
40		9
41		8
42		8
43		2
44		4
45		9
46		2
47		9
48		9
49		5
50		7
51		1
52		3
53		7
54		10
55		6
56		5
57		3
58		7
59		6
60		5
61		3
62		4
63		4
64		2
65		7
66		6
67		6
68		6
69		4
70		6
71		6
72		7
73		8
74		10
75		2
76		7
77		1
78		9
79		8
80		2
81		10
82		2
83		9
84		2
85		8
86		10
87		10
88		5
89		5
90		2
91		3
92		9
93		1
94		4
95		4
96		10
97		4
98		9
99		6
100		7
