NameTTD		Time
1		6
2		7
3		5
4		9
5		10
6		9
7		7
8		7
9		8
10		7
11		9
12		4
13		3
14		7
15		6
16		5
17		9
18		4
19		4
20		2
21		5
22		7
23		8
24		2
25		8
26		8
27		7
28		6
29		5
30		6
31		4
32		5
33		3
34		9
35		10
36		1
37		4
38		6
39		7
40		4
41		8
42		8
43		5
44		4
45		2
46		5
47		1
48		6
49		7
50		5
51		9
52		9
53		5
54		8
55		7
56		6
57		9
58		7
59		8
60		10
61		8
62		7
63		1
64		3
65		9
66		9
67		6
68		7
69		1
70		1
71		2
72		6
73		9
74		8
75		7
76		4
77		3
78		5
79		6
80		10
81		1
82		9
83		4
84		4
85		6
86		5
87		9
88		3
89		3
90		9
91		3
92		8
93		3
94		9
95		9
96		9
97		2
98		3
99		8
100		9
