NameTTD		Time
1		7
2		2
3		2
4		4
5		7
6		6
7		5
8		6
9		4
10		4
11		4
12		9
13		10
14		4
15		7
16		2
17		6
18		2
19		9
20		8
21		2
22		1
23		10
24		8
25		9
26		5
27		4
28		2
29		9
30		8
31		2
32		9
33		6
34		6
35		3
36		5
37		3
38		9
39		3
40		9
41		4
42		4
43		6
44		8
45		2
46		1
47		7
48		4
49		3
50		9
51		7
52		5
53		3
54		2
55		1
56		8
57		6
58		2
59		7
60		8
61		5
62		2
63		9
64		8
65		6
66		3
67		7
68		8
69		5
70		7
71		6
72		10
73		5
74		4
75		5
76		10
77		8
78		7
79		6
80		7
81		6
82		8
83		3
84		3
85		6
86		6
87		9
88		6
89		2
90		6
91		4
92		9
93		6
94		6
95		8
96		7
97		6
98		9
99		8
100		3
