NameTTD		Time
1		6
2		6
3		2
4		8
5		9
6		9
7		9
8		9
9		1
10		2
11		6
12		9
13		2
14		6
15		6
16		5
17		5
18		5
19		8
20		5
21		2
22		4
23		8
24		5
25		6
26		5
27		2
28		2
29		2
30		5
31		5
32		7
33		3
34		9
35		7
36		9
37		6
38		4
39		1
40		4
41		5
42		6
43		5
44		8
45		5
46		9
47		4
48		5
49		4
50		3
51		2
52		3
53		8
54		9
55		8
56		7
57		3
58		5
59		5
60		6
61		6
62		8
63		7
64		10
65		10
66		2
67		5
68		2
69		9
70		2
71		7
72		8
73		1
74		5
75		2
76		6
77		5
78		5
79		4
80		8
81		5
82		3
83		7
84		2
85		8
86		6
87		6
88		7
89		3
90		4
91		9
92		6
93		5
94		3
95		10
96		6
97		9
98		8
99		8
100		8
