NameTTD		Time
1		3
2		2
3		1
4		1
5		1
6		9
7		1
8		5
9		6
10		3
11		8
12		4
13		5
14		10
15		2
16		6
17		3
18		6
19		4
20		3
21		3
22		1
23		3
24		5
25		5
26		2
27		10
28		3
29		10
30		9
31		8
32		2
33		8
34		3
35		1
36		5
37		5
38		5
39		4
40		2
41		1
42		1
43		7
44		4
45		9
46		4
47		10
48		6
49		5
50		6
51		5
52		4
53		7
54		7
55		6
56		7
57		4
58		1
59		8
60		2
61		8
62		4
63		2
64		4
65		2
66		6
67		9
68		5
69		6
70		6
71		3
72		10
73		3
74		3
75		4
76		6
77		2
78		9
79		9
80		7
81		9
82		3
83		3
84		2
85		9
86		1
87		8
88		6
89		3
90		5
91		8
92		3
93		2
94		5
95		3
96		8
97		8
98		7
99		3
100		7
