NameTTD		Time
1		7
2		1
3		2
4		6
5		2
6		4
7		2
8		4
9		6
10		4
11		5
12		8
13		7
14		7
15		6
16		5
17		4
18		4
19		9
20		7
21		10
22		7
23		9
24		1
25		5
26		9
27		3
28		4
29		6
30		5
31		9
32		9
33		9
34		8
35		9
36		5
37		4
38		6
39		2
40		9
41		9
42		6
43		8
44		10
45		8
46		5
47		2
48		4
49		5
50		2
51		7
52		8
53		8
54		6
55		2
56		8
57		3
58		3
59		8
60		3
61		10
62		8
63		6
64		5
65		4
66		4
67		8
68		3
69		6
70		9
71		8
72		5
73		3
74		5
75		3
76		4
77		7
78		6
79		7
80		3
81		8
82		8
83		5
84		6
85		6
86		2
87		7
88		1
89		8
90		2
91		7
92		2
93		9
94		8
95		6
96		3
97		9
98		8
99		7
100		5
