NameTTD		Time
1		3
2		8
3		1
4		7
5		7
6		4
7		3
8		6
9		5
10		5
11		8
12		1
13		2
14		7
15		8
16		9
17		5
18		8
19		2
20		6
21		2
22		2
23		3
24		3
25		1
26		3
27		3
28		4
29		7
30		4
31		4
32		1
33		1
34		10
35		4
36		5
37		9
38		7
39		8
40		9
41		9
42		2
43		4
44		1
45		10
46		6
47		5
48		8
49		5
50		2
51		10
52		8
53		2
54		1
55		6
56		5
57		4
58		6
59		4
60		9
61		4
62		5
63		7
64		10
65		5
66		9
67		5
68		4
69		2
70		2
71		9
72		9
73		9
74		2
75		6
76		1
77		7
78		2
79		6
80		4
81		10
82		7
83		8
84		8
85		7
86		9
87		5
88		8
89		7
90		8
91		9
92		1
93		4
94		10
95		3
96		6
97		3
98		9
99		9
100		8
