NameTTD		Time
1		10
2		4
3		9
4		6
5		4
6		8
7		5
8		8
9		5
10		8
11		2
12		8
13		6
14		4
15		5
16		4
17		4
18		10
19		6
20		2
21		10
22		4
23		5
24		9
25		3
26		2
27		8
28		5
29		7
30		6
31		10
32		7
33		8
34		9
35		6
36		3
37		3
38		7
39		8
40		3
41		8
42		2
43		7
44		9
45		4
46		9
47		10
48		1
49		5
50		2
51		7
52		3
53		7
54		6
55		9
56		6
57		5
58		7
59		1
60		9
61		3
62		9
63		10
64		1
65		4
66		4
67		7
68		7
69		4
70		4
71		4
72		4
73		4
74		4
75		9
76		6
77		8
78		7
79		1
80		4
81		4
82		9
83		7
84		3
85		9
86		4
87		4
88		6
89		10
90		8
91		4
92		2
93		3
94		5
95		8
96		3
97		7
98		4
99		9
100		8
