NameTTD		Time
1		5
2		4
3		9
4		7
5		4
6		10
7		5
8		3
9		4
10		1
11		5
12		7
13		10
14		3
15		2
16		4
17		3
18		4
19		5
20		4
21		5
22		1
23		4
24		8
25		6
26		6
27		2
28		8
29		5
30		7
31		4
32		9
33		4
34		5
35		9
36		8
37		8
38		5
39		3
40		4
41		1
42		8
43		9
44		7
45		6
46		1
47		8
48		6
49		7
50		8
51		3
52		2
53		3
54		9
55		9
56		10
57		4
58		2
59		4
60		4
61		8
62		5
63		6
64		8
65		5
66		5
67		4
68		2
69		5
70		3
71		6
72		5
73		10
74		9
75		3
76		2
77		9
78		9
79		3
80		7
81		8
82		4
83		8
84		8
85		4
86		10
87		7
88		3
89		9
90		10
91		9
92		7
93		4
94		6
95		9
96		7
97		1
98		5
99		7
100		10
