NameTTD		Time
1		9
2		5
3		5
4		1
5		10
6		3
7		6
8		9
9		5
10		3
11		6
12		9
13		9
14		3
15		7
16		7
17		10
18		1
19		4
20		8
21		8
22		7
23		4
24		9
25		3
26		2
27		8
28		8
29		7
30		7
31		2
32		1
33		2
34		3
35		5
36		5
37		5
38		1
39		8
40		2
41		2
42		6
43		4
44		4
45		4
46		4
47		6
48		9
49		9
50		2
51		7
52		9
53		3
54		4
55		4
56		3
57		5
58		4
59		4
60		8
61		7
62		9
63		5
64		10
65		9
66		4
67		2
68		3
69		7
70		2
71		5
72		9
73		5
74		1
75		8
76		2
77		7
78		1
79		6
80		10
81		9
82		2
83		2
84		4
85		1
86		5
87		3
88		4
89		7
90		7
91		7
92		6
93		2
94		3
95		8
96		3
97		4
98		6
99		6
100		8
