0 1 0 0 0 0 0 0 0 0 1
1 0 0 1 0 1 0 1 0 0 4
1 0 1 0 0 1 1 0 0 0 4
0 0 1 1 1 1 1 1 0 1 7
0 0 0 0 1 0 1 0 1 1 4
0 0 0 0 0 0 1 1 1 0 3
1 0 0 0 0 0 0 1 1 0 3
1 0 0 0 0 1 1 0 0 1 4
0 0 0 1 0 0 1 0 1 0 3
0 1 1 1 1 1 0 1 1 0 7
0 0 0 0 1 0 1 0 1 0 3
1 1 0 1 1 0 1 0 1 1 7
0 1 0 0 1 0 0 1 0 1 4
0 0 1 0 1 1 1 1 0 0 5
0 0 1 1 0 0 0 0 0 1 3
0 0 1 0 1 0 1 0 0 0 3
1 1 0 0 0 0 0 1 1 0 4
1 0 1 1 0 1 0 0 0 0 4
1 0 1 0 0 1 0 0 0 1 4
0 1 0 0 0 1 0 0 0 0 2
0 0 0 1 0 0 1 0 0 0 2
0 0 0 0 0 0 0 1 1 0 2
1 0 1 1 0 1 1 1 1 1 8
0 1 1 0 0 0 1 0 0 0 3
1 0 0 1 1 1 0 0 1 0 5
1 1 1 1 1 1 0 0 1 0 7
1 0 1 0 0 1 1 1 0 1 6
0 0 0 0 0 0 0 1 0 0 1
0 1 0 0 1 1 0 0 0 0 3
1 0 0 0 0 1 0 1 1 0 4
1 0 1 0 1 0 1 0 0 0 4
0 1 0 1 1 0 1 1 1 0 6
1 0 0 0 0 0 1 0 1 1 4
1 0 1 1 1 1 0 0 0 1 6
1 0 1 0 1 1 0 1 1 1 7
0 0 0 0 1 1 0 1 1 1 5
0 0 0 0 1 0 0 0 0 0 1
0 0 0 0 0 0 0 0 0 1 1
0 0 0 0 1 0 0 0 0 0 1
0 0 1 0 0 0 0 0 0 0 1
0 0 0 0 0 0 0 0 1 0 1
0 0 0 0 0 1 0 0 0 0 1
0 0 0 0 0 0 0 0 1 0 1
0 0 0 0 0 0 0 0 1 0 1
0 0 0 0 0 0 0 0 0 1 1
0 0 1 0 0 0 0 0 0 0 1
0 0 0 0 1 0 0 0 0 0 1
0 0 0 0 0 0 1 0 0 0 1
0 0 0 0 1 0 0 0 0 0 1
0 1 0 0 0 0 0 0 0 0 1
17 11 17 13 20 19 18 16 20 15 166
