1 0 1 0 1 1 0 1 0 1 1 1 0 0 0 0 0 0 1 1 1 1 1 0 1 1 1 0 0 1 0 1 0 0 0 0 0 1 1 0 0 0 0 0 1 1 1 1 1 1 26
0 0 0 1 1 0 0 0 0 0 1 0 0 1 1 0 1 0 1 0 1 1 1 1 1 1 0 0 0 0 0 1 0 1 0 0 1 1 1 0 0 0 0 0 1 0 1 1 1 1 23
1 1 1 1 1 0 1 0 0 0 1 1 0 1 0 0 0 1 1 0 1 1 1 1 1 1 1 1 1 0 0 1 0 0 0 0 1 1 1 0 0 0 0 1 0 1 1 1 1 1 30
1 1 1 1 1 0 1 1 0 0 1 0 0 1 0 0 1 0 1 1 1 1 1 0 1 1 0 0 1 0 1 1 0 0 0 0 1 0 1 0 0 0 0 0 1 1 1 1 1 1 28
0 1 1 1 1 0 0 1 1 1 1 1 0 1 1 0 0 0 1 1 0 1 1 1 1 0 0 1 0 0 0 1 0 0 0 0 1 1 0 0 0 0 0 0 1 1 1 1 1 1 27
0 0 1 0 1 0 0 0 1 1 1 0 0 1 1 0 0 0 1 0 0 1 1 1 1 1 1 1 0 0 0 1 0 0 0 0 1 0 1 0 0 0 0 0 1 1 1 1 1 1 24
1 1 1 0 0 0 0 1 0 1 1 1 0 1 1 1 1 0 1 1 0 1 1 0 1 0 0 0 0 0 0 0 0 0 0 0 1 1 1 0 0 0 0 0 1 1 1 1 1 1 25
1 1 1 0 1 0 0 1 0 1 1 1 0 1 1 0 1 0 0 1 1 1 1 0 1 0 1 1 1 1 0 0 0 0 0 0 1 0 0 0 0 0 0 0 0 1 1 1 1 1 26
1 1 0 0 1 0 1 1 1 0 1 0 0 0 0 0 0 0 1 1 0 1 1 0 1 1 1 1 1 1 0 1 0 0 0 0 0 0 0 0 0 0 0 0 0 1 1 1 1 1 23
1 1 1 0 1 0 0 1 1 0 1 1 0 1 1 0 0 0 0 0 1 1 0 1 1 0 1 1 0 0 0 1 0 1 0 0 1 0 0 0 0 0 0 1 1 1 1 1 1 1 26
0 0 1 0 0 0 1 0 0 0 1 0 1 1 1 0 0 0 1 1 1 1 1 0 1 0 0 1 0 0 0 1 0 1 0 0 1 0 1 0 0 0 0 1 1 1 1 1 1 1 24
1 1 0 1 0 0 0 1 0 0 1 1 1 1 0 0 1 0 0 0 1 1 1 0 1 1 1 1 0 0 0 1 0 1 0 0 1 1 1 0 0 0 0 0 0 0 1 1 1 1 25
1 1 0 0 1 0 0 0 0 1 1 1 0 1 0 0 0 0 0 1 0 1 1 1 0 0 0 1 0 0 0 1 0 1 0 0 1 1 1 0 0 0 0 0 1 1 1 1 1 1 23
0 0 1 0 0 0 0 1 0 1 1 1 1 1 0 0 1 0 1 0 1 1 1 0 1 1 0 1 0 0 0 0 0 0 0 0 1 1 1 0 0 1 1 0 1 1 1 1 1 1 26
0 0 0 0 1 0 1 0 1 0 1 1 0 1 0 0 0 0 1 0 1 1 1 0 1 1 1 1 1 1 0 1 0 1 0 0 0 1 1 0 0 0 1 0 1 1 0 1 1 1 26
1 1 1 0 1 0 0 1 0 1 1 1 0 1 1 0 0 1 1 1 0 1 1 0 1 1 1 1 0 1 0 0 0 1 0 0 0 1 1 0 0 0 1 0 0 1 1 1 1 1 29
0 1 0 0 1 0 0 0 0 1 1 0 0 0 1 0 0 0 0 1 1 1 1 1 1 1 1 0 0 0 0 0 1 0 0 0 1 1 0 0 0 0 0 0 1 1 1 1 1 1 22
1 0 1 0 1 0 0 1 0 1 1 1 0 0 0 0 0 0 0 1 1 1 1 1 1 1 1 1 0 0 0 1 0 0 0 0 1 1 1 0 0 0 0 0 0 1 1 1 1 1 25
0 1 0 0 1 0 1 1 1 1 0 0 0 1 0 0 1 0 0 1 0 1 1 0 1 1 0 1 0 0 0 0 0 0 0 0 1 0 0 0 0 0 0 0 1 0 1 1 1 1 20
0 1 0 0 1 0 0 0 0 0 1 1 0 1 1 0 0 0 1 1 1 1 1 1 1 0 0 1 1 0 0 1 0 0 0 0 1 1 0 0 0 0 0 0 1 1 1 1 1 1 24
1 1 1 0 1 0 0 1 0 0 1 1 0 1 0 0 1 0 0 1 1 1 0 0 1 0 0 1 0 0 1 0 0 1 0 0 1 0 0 0 0 0 0 1 0 1 1 1 1 1 23
1 0 0 1 1 0 0 1 0 1 1 1 0 1 0 0 0 0 0 0 1 1 1 1 1 1 1 1 0 0 0 1 0 0 0 0 1 1 0 0 0 0 0 0 0 1 1 1 1 1 24
1 1 0 0 0 0 1 0 1 1 1 1 0 1 0 0 0 0 1 1 1 1 1 0 1 0 0 1 1 0 0 1 1 1 0 0 1 0 1 0 1 0 0 1 0 1 1 1 1 1 28
0 0 0 1 1 0 0 1 0 1 1 0 0 1 0 0 0 0 1 0 1 1 1 1 0 1 0 0 0 1 0 1 0 1 0 0 0 0 0 0 0 1 0 0 1 1 1 1 1 1 22
1 1 1 0 0 1 0 1 1 0 1 1 0 1 0 0 0 0 0 1 0 1 1 1 1 1 1 1 0 0 0 1 0 1 0 0 0 0 0 0 0 0 1 1 1 0 1 1 1 1 26
1 1 0 0 1 0 0 0 1 1 1 1 0 1 1 0 0 0 1 1 0 1 1 1 1 1 0 0 0 1 0 1 0 1 0 0 0 1 1 0 0 0 0 1 0 1 1 1 1 1 27
1 1 0 1 1 0 1 1 0 1 1 1 0 0 0 0 1 0 1 1 0 1 1 0 1 0 1 1 0 0 1 0 0 0 0 0 1 1 1 0 0 0 0 1 0 1 1 1 1 1 27
0 1 1 1 1 0 0 0 0 0 1 1 0 1 0 0 1 0 1 1 1 1 1 1 1 0 1 0 0 1 0 0 0 1 0 0 1 1 1 0 0 0 0 1 1 1 1 1 1 1 28
1 1 0 0 1 0 1 0 1 0 1 0 0 0 0 0 0 0 1 1 1 0 1 1 1 1 0 1 0 0 0 0 0 0 1 0 1 0 1 0 0 0 0 0 1 1 1 1 1 1 23
1 1 1 0 1 0 1 0 0 0 1 1 0 1 1 0 0 0 1 1 1 1 1 0 1 0 1 1 0 0 0 1 0 1 0 0 1 0 1 0 0 0 0 0 0 0 1 1 1 1 25
0 1 1 0 1 0 1 0 0 0 1 1 0 1 0 0 1 0 1 0 1 1 1 0 1 1 0 1 0 0 0 1 0 1 0 0 1 1 1 0 0 0 0 0 0 1 1 1 1 1 25
1 1 1 1 1 0 0 1 0 1 1 0 0 1 1 0 0 0 0 1 1 1 1 0 1 0 1 1 0 1 0 0 0 0 0 0 1 1 1 0 0 0 0 1 1 0 1 1 1 1 27
1 1 0 0 1 0 1 1 0 0 1 1 0 0 1 0 1 0 1 0 1 1 0 1 1 0 1 1 0 1 0 0 0 0 1 0 1 1 0 0 0 0 0 0 1 1 1 1 1 1 26
1 0 0 0 1 0 0 1 1 1 1 1 0 1 0 0 1 0 1 0 1 1 0 1 1 1 1 0 1 0 0 1 0 1 0 0 1 1 0 0 0 0 1 1 1 0 1 1 1 1 28
1 1 0 1 0 0 1 1 0 0 1 1 0 1 0 1 1 0 0 1 1 1 1 0 0 0 0 1 1 0 0 1 0 0 0 0 0 1 1 0 0 1 1 1 1 1 1 1 1 1 28
0 1 1 1 1 0 0 0 1 1 1 1 0 1 1 0 0 0 1 1 0 1 1 1 1 0 1 0 0 1 0 0 0 1 0 0 1 0 0 0 0 1 0 0 1 1 1 1 1 1 27
1 1 1 1 1 0 0 1 0 1 1 1 0 1 1 0 0 0 1 0 1 1 1 1 0 1 0 1 0 0 0 0 0 0 1 0 1 1 1 0 1 0 0 0 1 1 1 1 1 1 29
0 1 0 1 1 0 1 0 0 1 1 1 0 1 0 0 0 0 0 0 1 1 1 1 0 0 1 1 0 1 0 1 1 0 0 0 1 1 1 0 0 0 0 0 0 1 1 1 1 1 25
0 1 1 1 1 1 0 1 1 1 1 1 0 0 0 0 0 0 0 1 1 1 1 1 1 1 0 1 0 1 0 0 0 0 0 0 0 1 1 0 0 0 0 0 1 1 1 1 1 1 27
1 0 1 1 1 0 0 0 0 0 1 1 0 0 0 0 1 0 1 0 1 1 1 1 0 0 1 1 0 0 0 0 1 1 0 0 1 1 1 0 0 0 0 0 1 1 1 1 1 1 25
0 1 0 0 0 0 1 1 0 0 1 1 0 1 0 1 0 0 0 1 0 1 1 1 1 0 1 1 0 0 0 0 0 0 0 0 0 1 1 0 0 0 1 0 0 1 1 1 1 1 22
1 1 0 0 1 0 1 1 1 1 1 1 0 1 0 0 0 0 1 1 1 1 1 1 1 1 0 1 0 1 0 0 0 1 0 0 1 0 0 0 0 0 0 1 0 1 1 1 1 1 28
1 1 1 0 0 0 1 1 0 1 1 1 0 0 1 0 0 0 0 1 1 1 1 1 1 0 0 1 1 1 1 0 0 0 0 0 1 0 0 0 0 1 0 0 0 1 1 1 1 1 26
1 1 1 1 1 0 1 0 0 0 0 1 0 1 0 0 1 0 1 0 1 1 1 1 1 0 1 1 0 1 0 0 0 0 0 0 0 1 0 0 0 0 0 1 1 1 1 1 1 1 26
1 1 1 1 1 0 0 1 1 1 1 1 0 1 1 0 0 0 0 0 1 1 1 1 1 1 1 1 0 0 0 0 0 1 0 0 1 1 0 0 0 0 0 0 1 1 1 1 1 1 29
0 0 1 1 0 0 0 1 0 0 1 0 0 0 0 0 0 0 1 1 0 1 1 0 1 1 1 1 0 0 0 1 0 0 0 0 0 1 1 0 0 0 0 0 1 1 1 1 1 1 21
0 0 1 1 1 0 0 1 0 0 1 1 0 1 1 0 0 0 1 1 1 1 0 1 1 0 0 0 0 0 0 0 0 0 0 0 1 0 0 0 0 0 0 0 0 1 0 1 1 1 19
0 0 1 0 0 0 0 1 1 0 1 1 0 1 1 0 0 0 1 1 1 1 1 1 1 1 0 1 0 0 0 1 0 0 0 0 1 1 0 0 1 0 0 0 1 1 1 1 1 1 26
1 1 1 1 0 0 0 1 0 1 1 1 0 0 0 0 1 0 1 0 1 1 1 1 1 1 0 1 0 1 0 1 0 1 0 0 0 0 1 0 1 0 0 0 1 1 1 1 1 1 28
1 1 0 0 1 0 1 0 1 0 1 0 0 1 1 0 1 0 0 1 1 1 1 1 1 0 0 0 0 0 0 1 0 1 0 0 1 1 0 0 0 0 0 0 0 0 1 1 1 1 23
0 1 0 1 1 0 1 0 0 0 1 1 0 1 1 0 0 0 1 0 1 1 1 1 1 1 1 1 0 1 1 1 0 0 0 0 1 1 1 0 0 0 0 1 0 1 1 1 1 1 29
1 1 1 1 1 0 0 0 1 0 1 1 0 1 1 0 0 0 0 1 0 1 1 0 1 0 1 0 1 1 1 0 0 1 1 0 1 0 1 0 0 0 1 0 1 0 0 1 1 1 27
1 0 0 1 1 1 1 0 1 0 1 1 0 1 0 0 0 0 1 0 0 1 1 1 1 1 1 1 0 0 0 1 0 0 0 0 1 0 0 0 0 0 0 1 0 1 1 1 1 1 25
1 1 0 0 1 0 0 1 1 0 1 1 0 1 1 0 0 1 1 0 1 1 1 1 1 0 1 0 0 0 0 0 0 0 0 0 1 1 1 0 0 0 1 1 1 0 1 1 1 1 27
0 1 1 0 0 0 1 0 0 1 1 0 0 1 0 0 0 0 1 1 1 1 1 1 1 0 1 0 0 0 0 1 0 1 0 0 1 1 0 0 0 0 0 0 1 1 1 1 1 1 24
1 0 1 0 1 0 1 0 1 1 0 0 0 1 1 0 1 0 1 1 1 1 1 1 1 0 0 1 1 1 0 0 0 0 0 0 1 0 1 0 0 0 0 0 1 1 1 1 1 1 27
1 1 0 0 1 0 0 1 0 0 1 1 0 1 0 0 0 0 0 1 0 1 1 1 1 1 1 0 0 0 0 1 0 0 0 0 1 1 1 0 0 0 1 0 1 1 1 1 1 1 25
1 1 0 0 0 0 0 1 0 0 1 1 0 1 0 0 1 0 0 1 1 1 1 0 0 0 1 0 1 0 0 0 0 1 0 0 1 1 1 0 0 0 1 0 0 0 1 1 1 1 22
0 0 0 0 0 0 1 1 0 1 1 1 1 1 1 0 0 0 0 1 0 1 1 1 1 0 1 1 0 0 0 1 0 1 0 0 1 1 1 0 0 0 0 0 1 1 1 1 1 1 26
1 1 1 0 1 0 1 1 0 0 1 0 0 0 1 0 0 0 1 1 0 1 0 1 1 1 1 1 1 1 0 1 0 0 0 0 1 0 1 0 0 0 0 0 0 1 0 1 1 1 25
1 1 0 1 1 0 0 0 0 0 1 0 0 1 0 0 0 0 0 1 0 1 1 1 0 1 1 1 1 0 0 1 0 0 0 0 0 1 0 0 0 0 0 0 1 1 1 1 1 1 22
1 1 1 1 1 0 0 1 0 0 1 0 0 0 0 0 1 0 1 0 1 1 1 1 1 1 1 1 0 0 1 1 0 1 0 0 1 1 1 0 1 0 0 0 1 1 1 1 1 1 30
1 0 0 1 1 1 0 1 0 0 1 1 0 1 1 0 0 0 0 1 1 1 1 0 1 1 1 0 0 0 0 0 0 0 0 0 1 1 0 0 0 0 1 0 0 1 1 1 1 1 24
0 0 1 1 1 0 1 0 0 0 1 1 0 1 0 1 0 0 1 0 1 1 1 0 1 0 0 1 1 0 0 0 0 0 0 0 1 0 0 0 0 0 0 0 1 1 1 1 1 1 22
0 1 1 0 0 0 1 1 0 0 1 1 0 1 1 0 0 0 0 1 1 1 1 0 1 1 1 0 0 0 0 1 0 0 0 0 1 1 1 0 0 0 0 0 1 1 1 1 1 1 25
1 1 0 1 1 1 0 0 0 0 1 1 0 1 0 1 1 0 1 0 0 1 1 0 1 1 1 1 1 0 0 1 0 1 0 0 1 0 1 0 0 0 0 0 0 1 1 1 1 1 27
0 0 1 1 0 0 0 0 1 0 1 0 0 1 0 1 1 0 0 1 0 0 1 1 1 0 1 1 0 0 0 1 0 1 0 0 1 0 0 0 0 0 0 0 0 0 1 1 1 1 20
1 1 0 1 1 0 0 0 1 1 1 1 1 1 0 1 0 1 1 1 1 1 1 1 1 1 0 1 1 0 0 1 0 0 1 0 1 1 0 0 0 0 0 1 1 1 1 1 1 0 32
1 0 1 0 0 0 0 1 1 0 1 1 0 1 1 0 0 0 1 0 1 1 1 0 0 0 0 0 0 1 0 0 0 0 0 0 0 0 1 0 0 0 0 0 1 1 1 1 1 1 20
0 1 0 1 1 0 0 0 0 1 1 1 0 1 0 0 1 0 1 0 0 1 1 1 1 1 1 0 0 1 0 0 0 1 0 0 1 1 1 0 0 0 0 0 1 1 1 1 1 1 26
1 1 0 0 0 0 0 1 0 1 1 0 0 0 0 0 0 0 0 0 1 1 0 1 1 0 0 1 0 1 1 1 0 0 0 0 1 1 0 0 0 0 0 0 1 1 1 1 1 1 21
0 1 1 0 1 0 0 0 1 1 1 0 0 1 0 0 1 0 0 1 1 1 1 0 1 1 1 1 0 1 0 0 0 0 0 0 1 1 1 0 0 1 0 0 1 1 1 1 1 1 27
0 1 0 1 0 0 0 1 1 1 1 1 0 0 0 0 0 0 0 1 0 1 1 1 0 1 0 1 0 0 1 1 0 1 0 0 1 1 1 0 0 0 1 0 1 1 1 1 1 1 26
0 1 0 1 1 0 0 1 0 1 1 0 0 1 0 0 1 0 0 1 1 1 1 1 1 0 1 0 0 1 1 0 0 0 0 0 1 1 1 0 1 0 0 0 0 1 1 1 1 1 26
1 0 0 0 1 0 0 0 0 1 1 1 0 1 0 0 1 0 1 1 0 1 1 1 1 1 1 0 0 0 0 1 0 1 0 0 0 0 1 0 0 1 1 1 0 1 1 1 1 1 26
1 1 1 0 1 0 0 1 0 1 1 0 0 0 1 0 0 0 1 0 1 1 0 1 1 1 1 1 0 0 1 1 0 0 0 0 1 1 0 0 0 0 0 0 0 1 1 1 1 1 25
1 0 1 1 1 0 0 1 0 0 1 0 0 1 0 0 0 0 1 1 1 1 0 1 1 0 0 0 1 0 0 1 0 1 0 0 1 0 1 0 0 0 0 1 0 1 0 1 1 1 23
0 1 0 0 0 0 1 1 1 1 1 0 0 0 0 0 0 0 1 0 1 1 1 0 1 0 0 1 0 0 0 0 0 1 0 0 1 1 0 0 0 0 0 0 0 1 1 1 1 1 20
1 0 0 0 1 0 0 0 0 0 1 1 0 1 1 0 0 0 0 1 1 1 0 1 1 1 0 0 1 1 0 0 1 1 0 0 1 1 1 0 0 0 1 0 0 1 1 1 1 1 25
1 1 0 1 0 0 1 1 0 0 1 0 0 1 1 0 0 0 0 1 1 1 1 0 1 1 1 0 0 0 0 0 0 0 0 0 1 1 1 0 0 0 0 1 0 1 1 1 1 1 24
1 0 1 0 1 0 0 1 0 0 1 0 0 1 0 0 1 0 1 0 1 1 1 1 1 0 0 0 1 0 0 0 1 0 0 0 1 0 0 0 0 0 0 0 1 1 1 1 1 1 22
1 0 0 1 1 0 0 0 0 0 1 1 0 1 0 0 0 0 0 1 1 1 1 1 1 0 1 0 0 1 0 0 0 0 0 0 1 1 0 1 0 0 0 0 1 0 1 1 1 1 22
1 1 1 0 1 0 0 0 0 1 1 1 0 0 1 1 0 0 1 1 1 1 1 1 1 0 1 0 0 1 0 0 0 1 0 0 1 0 1 0 0 0 0 0 1 1 1 1 1 1 27
0 1 0 0 1 0 0 1 1 0 1 1 1 0 0 0 0 0 1 0 1 1 1 1 1 0 1 1 0 1 0 1 0 0 0 0 1 0 1 0 0 0 0 1 1 1 1 1 1 1 26
0 1 1 1 1 0 0 0 0 1 0 1 0 1 1 0 0 0 1 1 1 1 1 0 1 0 1 0 0 1 1 1 0 1 0 0 1 0 0 1 0 0 1 0 1 1 1 1 1 1 28
1 1 1 0 0 0 0 0 1 0 1 1 0 1 1 0 0 0 0 1 1 1 1 0 1 1 0 0 0 0 0 0 0 0 0 0 1 1 0 0 1 0 0 0 1 0 1 1 1 1 22
1 1 1 0 1 0 1 1 0 0 1 1 0 1 1 0 0 1 0 1 0 1 1 1 0 1 0 1 0 1 0 1 0 1 0 0 0 0 0 0 0 0 1 0 1 1 1 1 1 1 27
1 1 1 0 0 0 1 1 1 0 1 1 0 0 0 0 1 0 0 1 1 1 1 0 1 0 0 1 0 0 0 1 0 1 0 0 1 0 1 0 0 0 0 1 1 1 1 1 1 1 26
0 1 0 0 1 0 0 0 0 1 1 1 0 1 0 0 0 0 0 1 0 1 1 0 1 0 1 0 1 0 0 1 0 0 0 0 1 1 1 0 1 1 0 0 1 1 1 1 1 1 24
0 0 1 1 1 0 1 0 0 0 1 1 0 1 1 0 0 0 1 1 0 1 1 0 1 0 0 0 1 0 0 0 0 0 0 0 1 1 1 0 0 1 0 0 1 1 1 1 1 1 24
1 1 1 1 1 1 0 0 0 0 1 0 0 1 1 0 0 0 1 1 0 1 1 0 1 1 0 0 0 1 0 0 0 0 0 0 0 1 1 0 0 0 0 0 1 1 1 1 1 1 24
0 1 0 1 0 0 1 1 0 1 1 1 0 1 0 0 0 0 0 1 1 1 1 0 1 1 0 0 0 0 0 1 0 1 0 0 1 0 0 0 0 1 0 1 1 1 1 1 1 1 25
1 1 1 0 0 0 0 0 1 1 1 1 0 1 0 0 0 0 1 0 0 1 1 1 1 1 1 1 0 1 0 1 0 0 0 0 1 1 0 0 1 0 0 0 1 1 1 1 1 1 27
0 1 0 0 0 0 0 1 1 0 1 1 0 0 0 0 1 0 0 0 1 1 1 0 1 1 0 1 0 0 1 1 0 1 1 0 1 1 0 0 0 0 1 1 1 1 1 1 1 1 26
1 1 1 1 1 0 0 1 1 1 1 1 0 1 0 0 0 0 0 1 0 1 1 0 0 0 1 0 1 0 0 1 0 0 1 0 1 1 0 0 0 0 0 0 1 1 1 1 1 1 26
0 1 0 0 1 0 0 0 0 0 1 0 0 1 0 0 0 1 0 0 1 1 1 1 1 0 0 1 0 1 0 1 0 1 0 0 0 0 1 0 0 1 1 0 1 1 1 1 1 1 23
1 1 1 1 1 0 0 0 1 0 1 0 0 0 0 0 1 0 1 0 1 1 1 0 1 1 0 1 1 0 0 1 0 1 1 0 1 0 1 0 1 0 0 0 0 1 1 1 1 1 27
0 1 0 0 1 0 0 0 1 0 1 1 0 0 0 0 1 0 0 1 1 1 1 1 1 1 0 1 1 0 0 0 0 0 0 0 0 1 0 0 0 0 0 0 0 1 0 1 1 1 20
0 1 0 0 1 0 0 0 1 1 1 1 0 1 0 0 0 0 1 0 1 1 1 1 1 0 1 0 0 0 0 1 0 0 0 0 1 1 0 0 0 1 0 1 0 1 1 1 1 1 24
0 1 0 1 0 0 1 0 1 0 1 1 0 1 0 0 0 0 1 0 1 1 1 1 1 1 1 1 0 0 0 0 0 0 0 0 0 1 1 0 0 0 0 0 1 1 1 1 1 1 24
0 0 1 0 0 0 1 1 0 0 1 0 0 1 0 0 0 0 1 1 1 1 1 1 1 1 1 0 1 0 0 1 0 0 0 0 0 1 0 0 0 0 0 1 0 1 1 1 1 1 23
1 1 0 1 1 0 0 1 0 1 1 1 0 0 1 0 0 0 0 1 1 1 1 1 1 1 1 1 0 0 0 1 1 0 0 0 0 1 1 0 0 0 0 0 0 1 1 1 1 1 27
1 1 0 0 1 0 1 0 0 1 1 0 0 1 1 0 0 0 0 0 0 1 1 1 1 0 0 1 0 1 0 0 0 0 0 0 1 0 1 0 0 0 0 1 0 1 1 1 1 1 22
1 1 1 1 1 0 1 1 1 0 1 1 0 1 1 0 0 0 0 1 0 1 1 1 1 1 0 0 0 0 0 0 0 0 0 0 1 0 0 0 0 0 0 0 1 1 1 1 1 1 25
0 0 0 0 1 0 0 1 1 0 0 1 0 1 0 0 1 0 1 0 0 1 1 0 1 0 1 1 0 0 0 0 0 0 0 0 1 1 0 1 0 1 0 0 1 0 1 1 1 1 21
1 1 0 0 1 0 1 0 0 1 1 1 0 0 0 0 0 0 1 1 1 1 1 0 1 1 0 1 0 1 1 0 0 1 1 1 1 0 1 0 0 0 0 1 1 1 1 1 1 1 29
1 1 0 0 1 0 0 0 0 1 1 1 0 1 0 1 1 0 1 0 1 1 1 0 1 1 0 1 0 1 1 0 0 1 0 0 1 0 0 0 0 1 0 1 1 0 1 1 1 1 27
0 1 1 1 1 0 1 1 1 1 0 0 0 1 0 0 0 0 0 0 1 1 0 1 1 1 0 1 1 0 0 0 0 1 0 0 1 1 0 0 1 0 0 0 0 1 1 1 1 1 25
0 0 1 0 0 0 0 1 0 0 1 1 0 1 0 0 0 1 0 1 1 1 1 1 1 1 1 0 0 1 0 0 0 0 0 0 1 0 0 0 0 0 0 1 0 1 1 1 1 1 22
1 1 0 0 1 0 0 1 1 1 1 0 0 1 0 0 1 1 0 0 1 1 1 0 1 0 1 1 1 1 0 0 0 0 0 0 1 1 0 0 0 0 0 0 0 1 1 1 1 1 25
1 1 0 0 0 0 1 1 1 1 1 1 0 1 1 1 1 0 1 1 1 1 1 1 1 1 1 1 0 0 0 0 0 0 0 0 1 1 0 0 0 1 0 1 0 1 1 1 1 1 31
0 1 1 0 1 1 1 1 0 1 0 1 0 1 1 0 1 0 1 1 1 1 1 0 1 0 0 0 0 1 0 0 0 0 0 0 1 1 1 0 0 1 0 0 0 1 1 1 1 1 27
0 1 0 0 1 0 0 0 1 0 1 1 0 1 0 0 1 0 0 1 1 1 0 0 1 0 0 1 0 0 0 0 0 1 0 0 0 0 0 0 0 1 0 0 0 1 1 1 1 1 19
0 1 1 1 1 0 0 0 0 1 1 0 0 0 1 0 0 0 1 1 1 1 1 0 1 1 1 1 1 0 0 0 0 0 0 0 0 1 1 0 0 0 0 1 1 1 1 1 1 1 26
0 0 1 0 1 0 1 0 0 0 1 0 1 1 1 0 1 0 0 1 0 1 1 1 1 0 1 1 1 1 1 1 0 0 0 0 1 1 0 0 0 0 0 0 1 1 1 1 1 1 27
0 1 1 1 1 0 1 1 0 0 1 1 0 0 0 0 1 1 1 0 1 1 0 1 1 0 0 1 0 0 0 1 0 0 0 0 1 1 1 0 0 0 0 0 1 1 1 1 1 1 26
1 1 1 1 1 0 1 0 0 1 1 1 0 1 1 0 1 0 0 1 1 1 0 0 1 1 1 1 0 1 0 0 0 0 0 0 0 1 1 0 0 0 0 0 1 1 1 1 1 1 28
1 1 0 1 1 1 0 0 0 1 1 1 0 1 0 0 1 0 0 1 1 1 1 1 1 0 0 0 0 0 0 0 0 0 0 0 0 1 1 0 0 0 0 0 0 1 1 1 1 1 23
1 0 1 1 1 0 0 0 0 1 1 1 0 1 1 0 0 0 0 1 1 1 0 0 1 0 1 1 0 1 0 0 0 1 0 0 0 1 0 0 0 0 1 0 0 1 1 1 1 1 24
0 1 0 1 1 0 0 1 0 1 1 1 0 1 0 0 0 0 0 0 0 1 1 0 1 0 1 1 1 1 1 1 0 1 0 0 1 0 1 0 0 0 0 0 0 0 1 1 1 1 24
0 1 1 1 1 0 0 1 0 1 1 1 0 1 1 0 0 0 1 0 1 1 1 1 1 1 1 1 1 0 1 1 1 0 0 0 0 1 0 0 0 1 0 0 0 1 1 1 1 1 30
1 0 0 1 0 0 0 1 0 0 1 1 0 1 1 1 0 1 1 0 1 1 1 1 1 1 1 1 0 0 0 0 0 0 0 0 0 0 0 0 0 0 0 0 1 1 1 1 1 1 24
0 1 1 0 1 0 0 1 0 1 1 0 0 1 0 0 0 0 1 1 1 1 0 0 1 0 0 0 0 1 0 1 0 0 0 0 1 0 1 0 0 0 0 0 1 0 1 1 1 1 21
0 0 1 0 1 0 1 0 0 1 1 1 0 1 1 0 1 0 0 1 0 1 1 1 1 0 0 1 0 1 0 0 0 1 0 0 0 1 1 0 0 0 0 0 1 0 1 1 1 1 24
0 0 1 0 0 0 0 1 0 1 1 1 0 0 0 0 0 0 1 0 1 1 1 1 1 1 0 1 1 0 0 1 0 0 0 0 1 1 0 0 0 0 0 1 1 1 0 1 1 1 23
1 1 1 1 1 0 0 0 1 1 1 1 0 1 1 0 1 0 1 1 1 1 1 1 0 1 0 1 0 0 0 0 0 0 0 0 0 1 1 0 0 0 0 0 1 1 1 1 0 1 27
1 1 1 1 1 0 1 1 1 0 1 1 0 1 0 0 0 0 1 1 0 1 1 1 1 0 1 0 1 1 1 1 0 0 1 0 1 0 1 0 0 0 0 1 0 1 1 1 1 1 31
1 0 1 1 0 0 0 1 0 1 1 0 0 1 0 0 0 0 0 1 0 1 0 0 0 0 1 1 0 1 0 1 0 1 0 0 0 0 1 1 0 0 0 0 1 1 1 1 1 1 22
1 1 1 0 0 0 0 1 0 1 1 0 0 0 0 0 1 0 1 1 0 1 1 1 0 1 1 1 0 0 1 1 0 0 0 0 1 1 1 0 1 1 0 0 0 1 1 1 1 1 27
1 1 1 0 1 0 0 1 0 1 1 1 0 0 0 0 1 0 0 1 1 1 0 1 1 0 1 0 0 0 0 0 0 0 0 0 0 0 1 0 0 1 0 0 0 1 1 1 1 1 22
1 1 0 0 1 0 0 0 1 1 1 1 0 1 1 0 0 0 1 1 0 1 1 1 1 0 1 1 0 1 0 1 0 1 0 0 1 1 1 0 0 0 0 1 0 1 1 1 1 1 29
1 1 1 0 1 0 0 0 1 0 1 1 0 1 0 0 0 0 0 0 0 1 1 1 1 1 1 1 0 1 0 1 0 1 0 0 1 1 0 0 0 0 1 0 1 1 1 1 1 1 27
0 0 1 0 1 0 1 1 1 1 1 0 0 1 1 0 0 0 0 1 0 1 1 1 0 0 0 0 1 0 0 1 0 1 0 0 1 1 1 0 0 0 0 1 1 1 1 1 1 1 26
1 0 0 0 1 0 1 0 1 1 1 1 0 1 0 0 1 0 1 1 1 1 1 1 1 0 0 1 0 0 0 0 0 1 0 0 1 1 1 0 0 0 0 0 0 1 1 1 1 1 26
0 1 1 0 1 0 0 0 1 1 1 0 0 1 1 0 0 0 1 0 0 1 0 1 1 0 1 1 0 0 0 0 0 0 0 0 1 0 1 0 0 0 0 0 0 1 1 1 1 1 21
1 1 1 0 1 0 0 1 0 1 1 1 0 1 1 0 0 0 0 1 0 1 1 1 1 0 1 0 0 1 1 1 0 0 0 0 0 0 1 1 0 0 0 0 1 1 1 1 1 1 27
1 0 0 1 1 0 1 0 1 1 1 1 0 0 0 0 0 0 1 1 1 1 1 0 1 0 0 0 0 1 0 0 0 1 0 0 1 0 1 0 0 0 0 0 0 1 1 1 1 1 23
1 1 1 1 1 0 0 0 1 1 1 1 0 1 0 1 0 0 1 0 1 1 1 1 1 0 1 1 1 1 0 0 0 0 0 0 1 0 1 0 0 0 0 1 0 1 1 1 1 1 29
1 1 1 1 0 0 0 1 1 0 1 1 0 0 1 1 0 0 1 1 1 1 0 1 1 0 0 1 0 0 0 1 0 0 0 0 0 1 0 0 0 0 0 1 1 0 1 1 1 1 25
0 1 1 1 1 0 1 0 1 1 1 1 0 1 0 0 1 0 1 1 0 1 1 1 1 1 0 0 0 1 0 0 0 0 0 0 0 0 0 0 0 1 0 1 1 1 1 1 1 1 27
1 1 0 0 1 0 1 1 1 1 1 0 0 1 1 0 1 0 1 1 0 1 1 1 1 1 1 0 0 0 0 1 0 0 0 0 1 1 1 0 0 0 1 0 1 1 1 1 1 1 30
1 0 1 0 1 0 0 0 0 1 1 0 0 1 1 0 0 0 0 1 1 1 1 1 1 1 0 1 0 0 0 0 0 0 0 0 0 1 0 0 0 0 0 1 1 0 1 1 1 1 22
0 1 1 1 1 1 1 0 1 0 1 0 0 0 0 0 0 0 1 0 0 1 1 1 1 0 1 0 0 1 0 0 0 1 0 0 0 0 0 0 0 0 0 0 0 1 1 1 1 1 21
0 1 1 0 0 0 1 1 1 1 1 0 0 0 0 0 0 0 1 1 1 1 1 1 1 1 0 0 0 1 0 1 0 1 0 0 0 0 1 0 0 1 0 1 0 1 1 1 1 1 26
0 0 1 0 1 0 0 0 0 0 1 0 0 0 0 0 0 0 1 0 1 1 0 1 1 0 1 1 1 0 1 1 0 0 0 0 1 0 0 0 0 0 0 1 1 1 1 1 1 1 21
1 1 1 0 1 0 1 0 0 1 1 1 0 1 0 0 0 0 0 0 0 1 1 1 1 1 1 1 0 0 0 1 0 0 0 0 1 1 0 0 0 0 0 0 0 0 1 1 1 1 23
0 1 1 0 0 0 1 0 0 1 1 1 0 1 0 0 0 0 1 1 1 1 0 0 1 1 0 0 0 0 0 1 0 0 0 0 0 1 1 0 1 0 0 0 1 1 1 1 1 1 23
0 0 0 0 1 0 1 0 0 1 1 0 0 1 0 1 0 0 1 0 0 1 1 1 1 1 0 1 0 1 0 0 0 0 0 0 1 1 1 1 0 0 0 0 0 1 1 1 1 1 23
0 1 0 0 1 0 0 0 1 0 1 1 0 1 0 0 0 0 1 1 1 1 1 1 1 1 1 1 0 0 1 0 0 0 0 0 1 0 1 0 1 0 0 0 1 1 1 1 1 1 26
0 0 0 0 1 0 0 0 0 1 1 1 0 1 1 0 1 0 1 0 0 1 0 1 1 0 1 0 1 0 0 1 0 1 0 0 1 1 0 0 0 0 0 0 1 1 1 1 1 1 23
0 0 1 0 1 1 0 0 1 0 1 0 0 1 0 0 1 0 0 1 0 1 1 0 1 0 0 1 0 1 0 0 0 1 0 0 0 1 0 1 0 0 0 0 1 1 1 1 1 1 22
0 1 0 0 1 0 0 0 1 0 1 1 0 1 0 0 1 0 1 1 1 1 1 0 1 0 1 1 0 0 0 0 0 0 0 0 1 1 1 0 1 0 0 0 1 1 1 1 1 1 25
1 1 1 0 1 0 0 0 0 0 1 1 0 1 1 0 0 0 1 0 1 1 1 1 1 1 0 1 1 1 0 1 0 0 0 0 1 1 0 0 0 0 0 0 1 1 1 1 1 1 27
0 1 0 0 1 0 0 0 0 0 1 1 0 1 0 0 0 0 1 1 0 1 1 1 1 1 1 0 0 0 1 0 0 0 0 0 1 1 0 0 0 0 0 0 0 1 1 1 1 1 21
0 1 0 0 0 1 1 1 0 0 1 1 0 1 1 0 0 0 1 0 0 1 1 0 1 0 1 0 1 0 0 0 0 0 0 0 1 1 1 0 0 0 0 1 1 1 1 1 1 1 24
1 1 0 0 1 0 1 0 0 0 1 1 0 1 0 0 0 0 0 0 1 1 1 0 1 0 0 0 0 1 0 0 0 0 0 0 0 0 0 0 0 1 0 0 0 1 1 1 1 1 18
1 1 1 0 1 0 1 1 0 1 0 1 0 1 0 0 0 0 0 1 1 1 1 0 1 0 1 1 1 1 0 1 1 1 0 0 1 0 0 0 0 0 0 0 0 1 1 1 1 1 27
1 1 1 1 1 0 1 0 0 0 1 1 0 0 0 0 0 0 0 1 1 1 1 0 1 0 1 1 0 1 0 0 0 1 0 0 1 1 1 0 0 0 0 0 1 1 1 1 1 1 26
0 1 1 0 1 0 0 1 1 0 1 1 0 1 0 0 0 0 1 0 1 1 0 0 1 1 1 1 0 0 0 0 0 0 0 0 1 1 0 0 0 0 0 0 0 1 1 1 1 1 22
1 1 0 1 1 0 0 0 0 1 1 0 1 0 1 0 0 0 0 1 1 1 1 1 1 0 1 1 1 1 0 1 0 1 0 0 1 1 0 0 0 0 0 1 1 1 1 1 1 1 29
0 1 1 0 1 0 0 1 1 0 1 1 0 1 0 0 0 0 1 1 1 1 1 1 1 0 0 1 0 0 0 0 0 0 1 0 1 1 1 0 0 0 0 1 1 0 1 1 1 1 26
1 0 1 1 1 0 1 0 0 1 1 1 0 1 0 0 1 0 0 0 1 1 1 0 0 1 1 1 1 1 0 1 0 0 0 0 1 1 1 0 0 1 0 0 1 1 1 1 1 1 29
0 0 1 0 1 0 0 0 0 1 1 1 0 1 0 0 0 0 0 0 1 1 1 1 1 1 1 1 0 0 0 1 0 0 0 0 0 1 1 0 0 0 0 1 0 1 1 1 1 1 23
0 1 1 0 1 1 1 0 1 1 1 1 0 1 0 0 0 0 1 0 0 1 0 1 1 0 0 1 0 0 0 0 0 1 0 0 0 1 0 0 0 0 0 0 1 0 1 1 1 1 22
1 0 1 0 1 0 1 0 0 1 1 1 0 1 0 0 1 0 1 1 1 1 1 1 0 1 1 1 0 0 1 0 1 0 0 0 1 1 1 0 0 0 1 1 1 1 1 1 1 1 31
0 1 1 0 1 0 1 1 1 0 1 1 0 1 0 0 0 1 0 0 1 1 1 0 0 0 0 1 0 0 0 0 0 0 0 0 0 1 1 0 0 0 0 0 1 1 1 1 1 1 22
0 1 1 0 1 0 0 1 0 1 1 0 0 0 1 0 1 0 1 1 1 0 1 1 1 1 1 1 0 0 0 1 0 0 0 0 1 1 0 0 0 1 0 0 1 1 1 1 1 1 27
1 1 0 1 0 0 0 0 0 1 1 0 0 1 1 0 1 0 1 1 0 1 0 0 1 0 0 0 0 1 0 0 0 0 0 0 0 1 0 0 0 0 0 0 1 1 1 1 1 1 20
1 0 1 0 1 0 0 1 0 1 1 0 0 0 1 1 0 0 0 1 1 1 1 0 1 1 1 1 0 1 0 0 0 0 0 0 1 1 1 0 0 1 0 0 1 0 1 1 1 1 26
1 0 0 0 1 1 1 1 0 0 1 1 0 1 0 0 0 0 1 1 1 1 0 0 1 1 1 1 0 0 0 0 0 0 0 0 0 0 1 0 0 0 0 0 1 1 1 1 1 1 23
1 1 1 1 1 0 1 1 0 0 1 1 0 1 0 0 0 0 1 1 0 1 1 1 1 1 0 1 0 0 0 1 0 1 0 0 1 0 0 0 0 0 0 0 0 1 1 1 1 1 26
0 1 1 0 1 0 0 0 1 1 1 1 0 1 1 0 0 0 0 1 1 1 0 1 1 0 0 0 0 1 0 1 0 1 0 0 0 1 0 0 0 0 0 0 1 1 1 1 1 1 24
0 1 0 1 0 0 1 0 0 1 1 1 0 1 0 1 0 0 1 1 0 1 0 1 1 0 0 0 0 1 0 0 0 0 0 0 1 1 1 0 0 0 0 0 0 1 1 1 1 1 22
0 1 0 1 1 0 0 0 0 1 1 1 0 1 0 0 0 0 1 1 0 1 1 0 1 0 1 1 1 0 0 1 0 1 0 0 1 0 0 0 0 1 0 0 1 1 1 1 1 1 25
1 1 1 0 1 0 1 0 1 0 1 1 0 1 0 0 1 0 0 0 0 1 1 0 0 1 0 0 0 1 0 1 0 1 0 0 0 1 1 0 0 0 1 0 1 0 1 1 1 1 24
1 1 1 1 1 0 0 0 1 1 0 1 0 1 0 0 0 0 0 0 1 1 1 0 1 0 1 0 0 0 0 0 0 0 0 0 1 0 0 0 0 0 1 0 0 1 1 1 1 1 21
1 1 0 0 1 1 0 0 1 0 1 1 0 1 0 0 0 0 1 1 1 1 1 1 1 0 0 1 0 0 0 0 0 0 0 0 1 1 0 0 0 1 0 1 1 1 1 1 1 1 26
0 0 0 0 0 0 1 1 0 1 1 0 0 0 0 0 0 0 1 1 0 1 1 0 1 1 1 1 0 0 0 0 0 1 0 0 1 1 1 0 0 0 1 0 1 1 1 1 1 1 23
0 1 0 1 1 0 1 1 0 0 1 1 0 1 0 0 1 0 1 0 1 1 1 0 1 1 1 0 0 0 0 0 0 1 0 0 1 1 1 0 0 0 0 0 1 1 1 1 1 1 26
1 0 0 0 1 0 1 1 0 0 1 0 0 1 0 0 1 0 1 0 1 1 1 1 1 0 0 1 0 1 0 0 0 0 0 0 1 1 0 0 0 0 0 0 0 1 1 1 1 1 22
0 1 1 1 1 0 0 0 1 1 1 1 0 0 0 0 1 0 1 1 1 1 1 0 1 1 1 0 0 1 1 0 0 0 0 0 1 1 1 0 0 0 0 1 1 1 1 1 1 1 29
1 1 1 1 1 0 0 0 1 1 1 1 0 1 1 0 1 0 1 0 1 1 1 0 0 1 1 1 0 0 0 0 0 0 0 0 1 1 0 0 0 1 1 0 1 1 1 1 1 1 29
0 1 1 1 1 0 0 1 0 1 1 0 0 1 0 0 0 0 0 0 0 1 0 1 1 1 0 1 0 0 0 0 0 1 0 0 1 1 1 0 0 0 0 1 0 0 1 1 1 1 22
0 1 1 1 1 0 1 0 1 0 1 0 0 1 0 0 0 0 0 0 0 1 1 0 1 0 1 0 0 0 0 1 0 1 0 0 0 1 0 0 0 0 0 1 0 0 1 1 1 1 20
0 1 0 0 0 1 0 1 1 1 1 0 0 0 0 0 1 0 0 0 0 1 1 1 1 0 0 0 0 0 0 1 0 0 0 0 1 1 0 0 1 0 0 0 1 1 1 1 1 1 21
0 1 0 0 1 0 0 1 0 0 0 0 0 1 1 0 0 0 0 0 0 1 1 0 1 0 1 1 0 0 0 1 0 0 0 0 1 0 0 0 0 0 1 1 0 1 1 1 1 1 19
1 1 0 0 1 0 0 1 0 0 1 1 0 1 1 0 0 0 1 0 0 0 1 1 1 0 1 0 1 0 0 1 0 0 0 0 1 0 0 0 0 0 0 0 1 1 1 1 1 1 22
1 0 1 0 1 0 1 1 1 1 1 0 0 1 0 0 1 0 1 0 0 1 1 0 1 1 1 0 0 0 0 0 0 1 0 0 0 0 0 0 0 0 0 0 0 1 1 1 1 1 22
0 1 1 0 1 0 0 1 0 0 1 0 0 1 0 0 1 0 0 0 0 1 1 1 1 0 1 1 0 0 1 0 0 0 0 0 1 1 1 0 0 0 0 0 1 1 1 1 1 1 23
0 1 0 0 1 0 1 1 1 1 1 1 0 1 0 1 1 0 0 1 1 1 1 1 1 1 0 1 0 1 0 1 0 0 0 0 1 1 1 0 0 1 0 0 0 1 1 1 1 1 30
1 0 0 0 1 0 0 0 0 0 1 0 0 1 0 0 0 0 1 1 1 1 1 1 1 0 1 1 1 0 0 0 0 0 0 0 1 0 0 0 0 0 0 1 1 1 1 1 1 1 22
1 0 1 1 1 0 0 1 0 1 1 1 0 1 0 0 0 0 0 1 0 1 1 1 1 1 0 1 0 1 0 1 0 0 0 0 0 1 1 0 0 1 1 0 1 1 1 1 1 1 28
1 0 1 0 1 0 0 1 1 1 1 1 0 1 0 0 1 0 1 1 0 1 1 0 1 0 1 1 1 1 0 1 0 0 0 0 0 1 1 0 0 0 0 0 1 1 1 1 1 1 28
0 1 1 1 0 1 0 1 1 1 0 1 0 1 1 0 0 0 1 0 0 1 1 1 1 1 1 0 0 0 0 0 0 0 0 0 0 1 0 0 0 0 0 0 1 0 1 1 1 1 23
1 0 1 0 1 0 0 1 0 1 1 0 0 1 0 0 0 0 1 1 0 1 1 0 1 1 1 0 1 0 0 1 0 0 0 0 0 1 1 0 0 0 0 0 1 1 1 1 1 1 24
0 0 1 0 0 0 0 0 0 1 1 1 0 1 1 0 0 0 1 1 1 1 1 1 1 0 0 1 0 1 1 1 0 0 0 0 1 1 0 0 0 0 1 1 1 0 1 1 1 1 26
0 1 1 1 1 0 1 0 1 1 1 0 0 1 0 0 1 0 1 1 1 0 1 0 1 0 1 1 1 1 0 1 0 1 0 0 1 1 1 0 0 0 0 0 1 1 1 1 1 1 30
0 1 1 0 0 0 1 0 0 1 1 0 0 1 0 0 0 0 1 0 1 1 0 0 1 0 1 1 0 0 0 1 0 0 0 0 1 1 0 0 0 0 0 0 1 1 1 1 1 1 21
0 1 1 1 1 0 0 0 0 0 1 1 0 0 1 0 0 0 1 0 1 1 1 1 1 1 0 0 0 0 0 0 0 0 0 0 1 1 1 0 0 1 0 0 0 1 1 1 1 1 23
1 1 0 1 0 0 0 0 0 0 1 1 0 1 1 0 1 0 1 1 1 1 1 1 1 1 1 1 0 0 0 0 0 0 0 0 1 1 0 0 0 0 0 1 0 1 1 1 1 1 26
0 0 0 1 1 0 1 1 0 0 1 0 0 1 0 0 1 0 0 0 1 1 1 1 1 0 1 1 0 0 0 0 0 0 0 0 0 1 1 0 0 0 0 0 1 1 1 1 1 1 22
1 1 0 0 0 0 0 1 0 1 1 1 0 1 0 0 0 0 0 0 0 1 1 0 1 0 0 1 1 0 0 0 0 0 0 1 1 0 0 0 0 0 0 1 0 1 1 1 1 1 20
1 1 1 1 1 0 0 1 0 1 1 1 0 1 0 0 1 0 0 0 1 1 1 1 1 1 0 1 1 0 0 1 0 1 0 1 0 1 1 0 0 0 0 0 1 0 1 1 1 1 29
0 0 1 1 0 0 0 0 0 1 1 1 0 1 0 0 0 0 0 0 1 1 0 1 1 0 1 1 0 0 1 0 0 1 0 0 1 1 0 0 0 0 0 0 1 1 1 1 1 1 22
0 0 1 0 1 0 0 1 0 1 0 1 0 1 1 0 1 0 1 1 1 1 1 1 1 0 1 0 0 1 0 1 0 1 0 0 1 1 1 0 0 0 0 1 1 1 1 1 1 1 29
0 1 0 0 1 0 1 0 0 1 1 1 0 1 1 0 0 0 0 1 1 1 1 0 1 0 0 1 1 0 0 0 0 1 0 0 1 1 0 0 0 0 0 0 1 1 1 1 1 1 24
0 0 1 0 1 0 0 1 0 0 1 1 0 1 0 0 1 1 1 0 1 1 1 0 1 0 1 1 0 0 0 0 0 0 0 0 1 1 0 0 0 0 0 0 1 1 1 1 1 1 23
1 0 1 1 0 0 0 1 1 1 1 1 0 1 1 0 0 0 1 0 1 1 1 1 1 0 1 1 0 1 0 1 0 0 0 0 0 0 0 0 0 0 0 1 1 1 1 1 1 1 27
1 1 0 0 0 0 1 1 1 0 1 1 1 1 0 0 0 0 1 1 1 1 0 1 1 0 0 1 0 0 0 0 0 0 0 0 1 1 1 0 0 0 0 0 0 1 1 1 1 1 24
1 0 1 0 1 0 1 0 1 1 1 0 0 1 0 0 1 0 1 1 1 1 1 0 1 0 1 1 0 0 1 1 0 0 0 0 0 1 1 0 1 1 1 0 1 1 1 1 1 1 30
0 1 1 0 1 0 0 1 0 0 1 1 0 0 0 0 0 1 1 1 0 1 1 0 1 0 1 1 1 1 0 1 1 0 0 0 1 1 1 0 0 0 0 1 0 1 1 1 1 1 27
1 1 1 1 1 0 0 0 0 0 1 1 0 1 0 0 1 0 0 1 1 1 1 1 1 0 1 1 1 1 0 0 0 0 0 0 1 1 1 0 0 0 0 0 1 0 1 1 1 1 27
1 1 0 1 1 0 1 0 0 0 1 1 0 0 0 0 0 0 0 0 1 1 1 0 1 1 0 0 1 0 0 1 0 0 0 0 1 0 0 1 0 1 0 0 1 1 1 1 1 1 23
0 1 0 0 1 0 1 0 1 1 1 1 0 0 0 0 1 0 1 0 1 1 1 0 1 0 0 0 0 1 0 1 0 1 0 0 1 1 1 0 0 0 0 1 0 1 1 1 1 1 25
0 1 1 0 1 0 1 0 0 1 1 1 0 1 1 0 0 0 1 0 1 1 1 1 1 1 1 0 0 0 0 1 0 0 0 0 1 0 1 0 0 0 0 1 1 1 1 1 1 1 27
1 1 0 0 1 0 0 1 0 1 1 0 0 1 1 0 1 0 1 1 0 1 1 1 1 0 0 1 1 1 0 0 0 0 0 0 1 1 1 0 0 0 1 0 1 1 1 1 1 1 28
1 1 1 1 1 0 0 1 0 1 1 1 0 1 0 0 0 0 1 0 0 1 0 0 1 1 0 1 1 1 0 0 0 0 0 0 1 0 0 0 0 0 0 1 1 1 1 1 1 1 25
1 1 0 1 1 0 0 1 0 1 1 1 0 1 0 0 1 0 1 1 0 1 1 1 0 1 0 0 0 0 0 1 0 0 0 0 0 1 1 0 0 0 0 0 1 1 1 1 1 1 25
1 1 1 1 1 0 0 1 0 1 1 1 0 0 0 0 0 0 1 1 1 1 1 0 1 0 1 1 0 1 0 0 0 1 0 0 1 0 1 0 0 0 0 0 1 1 1 1 1 1 27
1 1 1 0 1 0 0 0 1 1 1 1 0 1 1 0 0 0 1 0 1 1 1 1 1 0 0 0 0 0 0 0 0 0 0 0 1 1 0 0 0 0 0 1 1 1 1 1 1 1 25
1 1 1 1 1 0 0 0 0 1 1 1 0 1 0 0 0 0 0 0 1 0 1 1 0 0 1 0 0 1 0 0 0 0 0 0 0 0 1 0 0 0 0 1 1 1 1 1 1 1 22
1 1 0 0 0 0 0 1 0 0 1 1 0 1 1 0 0 0 1 1 1 1 1 1 1 1 1 1 0 0 0 1 0 0 0 0 1 0 1 0 0 1 0 0 1 1 1 1 1 1 27
1 1 1 0 1 0 0 1 0 1 1 1 0 0 1 0 0 0 1 0 0 1 1 1 1 1 1 0 0 1 0 0 0 0 0 0 1 1 1 0 0 1 0 0 0 1 1 1 1 1 26
1 1 1 1 1 0 1 0 0 0 1 0 0 0 0 1 1 0 0 0 1 1 0 1 1 0 1 1 0 1 0 0 0 0 0 0 1 1 0 0 0 0 0 0 0 1 1 1 1 1 23
0 0 1 0 0 0 0 0 0 1 1 1 1 0 0 0 0 0 1 0 0 1 1 1 0 0 1 1 0 0 0 0 0 1 0 0 1 1 1 0 0 0 1 0 0 1 0 1 1 1 20
0 1 0 0 1 0 0 1 1 1 1 1 0 1 0 0 0 0 0 1 1 1 1 1 1 0 0 1 1 0 0 1 0 1 0 0 1 0 0 0 0 0 0 0 1 1 1 1 1 1 25
0 0 0 1 1 0 0 1 0 0 1 0 0 1 0 0 0 0 1 1 0 1 1 1 1 1 0 1 0 0 0 1 0 0 0 0 1 1 0 0 0 0 0 1 1 1 1 1 1 1 23
1 1 1 0 1 0 1 0 0 1 1 1 0 1 0 0 0 0 0 0 0 1 0 1 1 1 0 0 0 0 0 0 0 0 0 0 1 0 1 1 0 0 0 1 1 1 1 1 1 1 23
1 0 1 1 1 0 0 0 1 1 1 1 0 1 1 0 0 0 0 1 1 1 1 1 1 1 1 1 1 0 0 1 0 0 0 0 1 1 0 0 0 0 1 1 1 0 1 1 1 1 30
0 0 1 0 1 0 0 0 0 0 0 1 1 0 1 1 1 0 0 1 0 1 1 1 1 1 1 1 0 0 0 1 0 0 0 0 1 0 1 0 0 1 0 0 1 1 1 1 1 1 25
1 1 0 0 1 0 0 0 0 0 1 1 0 1 0 0 1 0 1 1 1 1 1 1 1 1 0 1 0 1 0 0 0 0 0 0 1 0 1 0 0 1 0 0 1 0 1 1 1 1 25
0 1 1 1 1 0 0 1 0 0 1 1 0 1 1 0 0 0 1 1 0 1 1 0 0 1 1 1 0 0 0 1 1 0 0 0 0 1 0 0 0 1 0 1 0 1 0 1 1 1 25
1 0 0 0 0 0 1 1 1 1 1 1 0 1 1 0 0 0 1 1 1 1 1 1 1 0 1 1 0 0 0 0 0 0 0 0 0 0 1 1 1 0 0 0 1 1 1 1 1 1 27
1 0 0 0 1 0 0 0 0 1 1 1 0 1 0 0 0 0 0 0 1 1 1 0 1 1 0 0 0 1 0 1 0 0 0 0 0 1 0 0 0 0 0 0 1 1 1 1 1 1 20
1 0 0 0 1 0 0 1 0 1 1 1 0 1 0 0 0 0 1 1 1 1 1 1 1 0 1 1 0 1 0 1 0 0 0 0 1 1 0 1 0 0 0 0 1 1 1 1 1 1 27
0 0 0 1 1 0 0 1 1 1 1 1 0 1 0 0 0 0 1 0 1 1 1 1 1 0 0 1 0 1 0 0 0 0 0 0 1 1 0 0 1 0 0 0 1 1 1 1 1 1 25
1 1 1 0 0 0 0 0 0 1 1 1 0 1 1 0 1 1 1 1 0 1 0 0 0 0 1 1 0 1 1 0 0 0 0 0 1 1 0 0 0 1 0 0 0 1 1 1 1 1 25
0 1 0 1 1 1 0 0 0 0 1 1 0 1 0 0 0 0 1 1 0 1 1 0 1 0 1 1 0 1 0 0 0 0 0 0 1 0 0 0 0 0 0 1 0 1 1 1 1 1 22
0 1 1 0 1 0 0 0 1 0 1 1 0 1 0 0 1 1 1 0 1 1 1 1 1 0 1 1 0 0 0 1 0 0 0 0 1 1 0 0 1 0 0 1 1 1 1 1 1 1 28
1 1 1 0 1 0 1 1 0 0 1 1 0 1 1 0 0 0 1 1 1 1 1 1 1 0 1 1 0 0 1 1 0 0 0 0 0 1 1 0 1 1 0 0 1 1 1 1 1 1 31
1 0 1 1 1 0 0 1 0 1 1 1 0 1 0 0 1 0 0 0 1 1 1 1 1 0 1 0 0 1 1 1 0 0 0 0 1 1 0 0 0 0 1 0 1 1 0 1 1 1 27
0 1 0 0 1 0 0 1 1 0 1 0 0 1 0 0 0 0 1 1 1 1 0 1 1 0 1 0 0 0 0 1 0 1 0 1 0 1 0 0 0 0 0 0 1 1 0 1 1 1 22
1 0 1 1 1 0 0 1 1 0 1 1 0 1 0 0 0 0 1 0 1 1 1 1 1 1 1 0 0 0 1 1 0 0 0 0 1 1 1 0 1 0 0 0 1 1 1 1 1 1 29
1 1 1 1 1 0 1 1 0 0 1 1 0 1 1 0 1 0 0 1 1 1 0 1 1 0 1 1 0 1 0 0 0 0 0 0 1 1 1 0 0 0 0 1 1 1 1 1 1 1 30
1 1 0 0 1 0 0 1 0 0 1 0 0 1 0 0 0 0 0 1 1 1 1 1 1 1 0 1 0 0 0 1 0 1 0 0 1 0 0 0 0 1 0 1 1 1 1 1 1 1 25
1 1 0 1 1 0 0 1 0 1 1 0 0 1 0 0 1 0 0 1 1 1 1 1 1 0 0 0 0 1 0 0 0 1 0 0 1 0 0 0 1 0 0 0 0 1 1 1 1 1 24
1 0 1 0 1 0 0 1 0 0 1 1 0 0 1 0 0 0 1 1 1 1 1 0 1 1 0 1 0 0 1 1 0 0 0 0 0 1 1 0 0 0 0 0 0 1 1 1 1 1 24
0 1 0 1 0 0 0 1 1 0 1 1 0 1 0 0 1 1 1 1 0 1 1 1 1 0 0 1 0 0 0 1 0 1 0 0 0 1 0 0 0 0 0 0 1 1 1 1 1 1 25
1 1 0 1 1 0 0 1 1 1 1 0 0 1 1 0 1 0 1 1 1 1 1 0 1 1 1 1 0 1 0 0 0 1 0 0 1 1 0 0 0 0 0 0 0 1 1 1 1 1 29
0 1 1 0 1 0 1 1 0 0 1 0 0 0 1 0 1 0 1 0 1 1 1 1 1 1 1 1 1 0 0 1 1 1 0 0 0 0 0 0 0 0 0 1 1 1 1 1 1 1 28
140 176 143 103 194 18 89 132 91 136 237 177 11 196 92 19 88 16 151 150 165 244 211 156 224 119 145 165 61 98 35 126 13 88 11 4 180 165 133 11 23 42 35 74 160 216 239 250 249 249 6250
