1 1 0 0 0 0 0 0 0 0 2
0 1 0 1 0 0 0 0 0 0 2
1 1 0 1 0 0 0 0 0 0 3
1 1 0 0 0 0 0 0 0 0 2
1 0 0 0 0 0 0 0 0 0 1
1 1 0 0 0 0 0 0 0 0 2
1 1 0 0 0 0 0 0 0 0 2
1 1 0 0 0 0 0 1 0 0 3
1 1 0 0 0 0 0 0 0 0 2
1 1 0 0 0 0 0 0 0 0 2
1 1 0 0 0 0 0 0 0 0 2
1 1 1 0 0 0 0 0 0 0 3
1 0 0 0 0 0 0 0 0 0 1
1 1 0 0 0 0 0 0 0 0 2
1 1 0 0 0 0 0 0 0 0 2
1 1 0 0 0 0 0 0 0 0 2
1 0 1 0 0 0 0 0 0 0 2
1 1 1 0 0 0 0 0 0 0 3
1 0 0 0 0 0 0 0 0 0 1
1 0 1 0 0 0 0 0 0 0 2
1 1 0 0 0 0 0 0 0 0 2
1 1 0 0 0 0 0 0 0 0 2
1 0 0 0 0 0 0 1 0 0 2
1 0 0 0 0 0 0 0 0 0 1
0 1 0 1 0 0 0 0 0 1 3
1 1 1 0 0 0 0 1 0 0 4
1 1 0 1 0 0 0 0 0 0 3
0 1 0 1 0 0 0 0 0 0 2
1 1 1 1 0 0 0 0 0 0 4
1 1 0 0 0 0 0 0 0 0 2
0 1 1 0 0 0 0 0 0 0 2
1 1 0 0 0 0 0 1 0 0 3
1 1 0 0 0 0 0 0 0 0 2
1 1 1 0 0 0 0 0 0 0 3
1 1 0 0 0 0 0 0 0 0 2
1 0 0 0 0 0 0 0 0 0 1
1 0 0 1 0 0 0 0 0 0 2
1 1 0 0 0 0 0 0 0 0 2
0 1 0 0 0 0 0 0 0 0 1
1 1 0 0 0 0 0 1 0 0 3
1 0 0 1 0 0 0 0 0 0 2
1 1 0 0 0 0 0 0 0 0 2
1 0 0 1 0 0 0 0 0 0 2
0 1 0 0 0 0 0 0 0 0 1
1 1 0 0 0 0 0 0 0 0 2
1 1 0 0 0 0 0 0 0 0 2
1 1 0 0 0 0 0 0 0 0 2
1 1 0 0 0 0 0 0 0 0 2
1 1 0 0 0 0 0 0 0 0 2
1 1 0 0 0 0 0 0 0 0 2
0 1 0 0 0 0 0 0 0 0 1
1 1 0 0 0 0 0 0 0 0 2
1 0 0 0 0 0 0 0 0 0 1
1 0 0 0 0 0 0 0 0 0 1
1 1 0 0 0 0 0 0 0 0 2
1 1 1 1 0 0 0 0 0 0 4
1 1 0 0 0 0 0 0 0 0 2
1 0 0 0 0 0 0 0 0 0 1
0 1 0 0 0 0 0 0 0 0 1
1 1 0 0 0 0 0 0 0 0 2
1 0 0 0 0 0 0 0 0 0 1
1 1 0 0 0 0 0 0 0 0 2
1 1 0 0 0 0 0 0 0 0 2
1 1 0 1 0 0 0 0 0 0 3
1 1 0 0 0 0 0 0 0 0 2
1 1 0 0 0 0 0 0 0 0 2
0 0 0 0 0 0 0 0 0 1 1
1 1 0 0 0 1 0 0 0 0 3
0 1 0 0 0 0 0 0 0 0 1
1 1 0 0 0 0 0 0 0 0 2
1 1 0 0 0 0 0 0 0 0 2
1 1 0 1 0 0 0 0 0 0 3
1 1 0 0 0 0 0 0 0 0 2
1 1 0 0 0 0 0 0 0 0 2
1 1 0 0 0 0 0 0 0 0 2
1 0 1 0 0 0 0 0 0 0 2
1 1 0 0 0 0 0 1 0 0 3
1 0 1 0 0 0 0 0 0 0 2
1 1 0 0 0 0 0 0 0 0 2
1 0 1 0 0 0 0 0 0 0 2
1 1 0 0 0 0 0 0 0 0 2
1 1 0 0 0 0 0 0 0 0 2
1 0 0 0 0 0 0 0 0 0 1
1 1 1 0 0 0 0 0 0 0 3
1 1 0 0 0 0 0 0 1 0 3
1 0 0 0 0 0 0 0 0 0 1
1 0 0 0 0 0 0 0 0 0 1
1 1 0 0 0 0 1 0 0 0 3
0 1 0 0 0 0 0 0 0 0 1
1 1 0 0 0 0 0 0 0 0 2
1 1 0 1 0 0 0 0 0 0 3
1 0 1 0 0 0 0 0 0 0 2
1 1 0 0 0 0 0 0 0 0 2
0 1 0 0 0 0 0 0 0 0 1
0 1 0 0 0 0 0 0 0 0 1
1 0 0 0 0 0 0 0 0 0 1
1 1 0 0 0 0 0 0 0 0 2
0 1 0 0 0 0 0 0 0 0 1
1 0 0 1 0 0 0 0 0 0 2
0 1 0 0 1 0 0 0 0 0 2
85 75 14 14 1 1 1 6 1 2 200
