0 0 0 0 0 0 0 0 0 0 0 0 0 0 0 0 0 0 0 0 0 0 0 0 0 0 0 0 0 0 0 0 0 0 0 0 0 0 0 0 1 0 0 0 0 0 0 0 0 0 1
0 0 0 0 0 0 0 0 0 0 0 0 0 0 0 0 0 0 0 0 0 0 0 0 0 0 0 1 0 0 0 0 0 0 0 0 0 0 0 0 0 0 0 0 0 0 0 0 0 0 1
0 0 0 0 0 0 0 0 0 0 0 0 0 0 0 0 0 0 0 0 1 0 0 0 0 0 0 0 0 0 0 0 0 0 0 0 0 0 0 0 0 0 0 0 0 0 0 0 0 0 1
0 0 0 0 0 0 0 0 1 0 0 0 0 0 0 0 0 0 0 0 0 0 0 0 0 0 0 0 0 0 0 0 0 0 0 0 0 0 0 0 0 0 0 0 0 0 0 0 0 0 1
0 0 0 0 0 0 0 0 0 1 0 0 0 0 0 0 0 0 0 0 0 0 0 0 0 0 0 0 0 0 0 0 0 0 0 0 0 0 0 0 0 0 0 0 0 0 0 0 0 0 1
1 0 0 0 0 0 0 0 0 0 0 0 0 0 0 0 0 0 0 0 0 0 0 0 0 0 0 0 0 0 0 0 0 0 0 0 0 0 0 0 0 0 0 0 0 0 0 0 0 0 1
0 0 0 0 0 0 0 0 0 1 0 0 0 0 0 0 0 0 0 0 0 0 0 0 0 0 0 0 0 0 0 0 0 0 0 0 0 0 0 0 0 0 0 0 0 0 0 0 0 0 1
0 0 0 0 0 0 0 0 0 0 0 0 0 1 0 0 0 0 0 0 0 0 0 0 0 0 0 0 0 0 0 0 0 0 0 0 0 0 0 0 0 0 0 0 0 0 0 0 0 0 1
0 0 0 0 0 0 0 0 0 0 0 0 0 0 0 0 0 0 0 0 0 0 0 0 0 0 0 0 0 0 0 0 0 0 0 0 0 0 0 1 0 0 0 0 0 0 0 0 0 0 1
0 0 0 0 0 0 0 0 0 0 0 0 0 0 0 0 0 1 0 0 0 0 0 0 0 0 0 0 0 0 0 0 0 0 0 0 0 0 0 0 0 0 0 0 0 0 0 0 0 0 1
0 0 0 0 0 0 0 0 0 0 0 0 0 0 0 0 0 0 0 0 0 0 0 0 0 0 0 0 0 0 0 0 0 0 1 0 0 0 0 0 0 0 0 0 0 0 0 0 0 0 1
0 0 0 0 0 0 0 0 0 0 0 0 0 0 0 0 0 0 0 0 0 0 0 0 0 0 0 0 0 0 0 0 0 0 0 0 0 0 0 0 0 0 1 0 0 0 0 0 0 0 1
0 0 0 0 0 0 0 0 0 0 0 0 1 0 0 0 0 0 0 0 0 0 0 0 0 0 0 0 0 0 0 0 0 0 0 0 0 0 0 0 0 0 0 0 0 0 0 0 0 0 1
0 0 1 1 0 0 0 0 0 0 0 0 0 1 0 0 0 1 0 0 0 0 0 1 0 1 0 0 1 0 0 0 0 0 0 0 0 0 0 0 0 0 0 1 0 0 0 0 0 0 8
0 1 0 1 0 0 0 0 0 0 0 0 0 1 0 0 1 1 0 0 0 1 0 0 1 1 1 0 1 0 0 0 0 0 1 1 0 0 0 1 0 0 0 0 0 0 0 0 0 0 13
0 1 1 0 0 1 1 0 0 0 0 1 0 1 0 1 0 0 0 0 0 0 1 0 1 0 0 1 1 0 0 1 0 0 1 1 0 1 1 1 0 0 0 1 0 0 0 0 0 0 18
1 0 0 1 1 1 1 0 0 0 0 1 0 1 0 1 0 1 0 0 0 1 0 1 1 1 1 1 1 0 0 0 1 0 1 0 0 0 0 0 0 0 0 1 1 1 1 0 0 1 23
1 0 0 1 1 1 0 0 0 0 1 1 0 0 0 1 1 1 0 1 1 1 0 0 0 1 0 0 1 0 0 0 0 1 0 1 0 0 0 0 0 0 0 0 0 0 0 0 0 1 17
1 0 0 0 0 1 1 1 1 0 1 0 0 0 0 0 0 1 1 1 1 0 1 0 0 0 1 1 1 1 0 1 1 1 0 1 0 1 0 0 0 0 0 1 0 1 1 0 1 1 25
0 1 0 0 1 0 1 1 0 0 0 1 0 0 0 1 0 1 1 1 1 0 0 0 1 0 1 0 0 1 0 1 1 0 1 0 1 1 1 0 0 1 0 0 1 0 0 0 0 1 22
0 0 1 1 1 0 0 0 1 0 0 0 0 0 0 0 0 0 1 0 1 1 1 0 1 0 1 1 1 0 1 0 1 1 1 0 1 1 1 0 0 0 0 0 1 1 1 0 0 1 23
0 0 0 1 0 0 1 0 0 0 1 0 0 0 0 1 0 1 0 1 0 0 1 1 1 0 0 1 1 1 0 1 0 0 0 0 1 1 1 1 0 0 1 0 0 0 1 0 0 0 19
1 1 0 0 0 0 0 0 1 0 1 0 1 1 1 0 0 0 0 0 0 1 1 1 0 1 1 0 1 0 0 0 1 0 1 1 0 0 0 1 1 1 0 1 1 0 0 1 1 1 24
1 0 1 1 0 1 1 0 0 0 0 0 0 1 0 0 0 0 0 1 0 1 0 1 0 0 0 0 0 1 0 0 0 0 1 1 1 0 1 0 0 1 0 1 1 0 0 0 1 1 19
0 1 0 1 1 1 0 0 1 0 1 1 1 0 0 1 0 0 0 1 1 1 1 0 1 0 0 0 1 1 0 1 0 1 1 0 0 0 1 0 0 1 0 0 0 1 0 1 0 1 24
1 1 0 0 1 0 0 0 0 0 0 0 1 1 1 1 0 1 1 1 0 1 1 1 0 0 0 1 0 1 0 0 0 1 1 1 1 0 1 0 0 0 1 1 0 0 0 0 0 0 22
1 1 0 0 1 0 0 0 1 0 0 0 1 0 0 0 0 0 1 1 0 1 1 1 0 0 0 1 0 0 1 0 1 0 1 1 1 0 0 0 0 1 1 1 1 0 1 0 0 1 22
1 0 0 1 0 1 0 0 1 1 1 0 1 0 1 0 1 1 1 1 1 1 0 0 1 0 1 1 0 0 1 0 1 1 0 0 0 1 0 1 1 1 0 0 0 0 0 1 0 0 25
1 1 0 1 1 1 1 0 0 1 0 1 1 0 0 0 1 0 1 0 1 0 0 1 1 0 0 1 0 0 0 1 0 0 1 0 0 1 1 1 0 0 1 0 0 0 1 0 0 0 22
1 1 1 0 1 1 1 0 0 0 1 0 0 1 1 0 1 1 0 0 0 0 1 1 0 0 0 1 1 1 1 1 1 1 1 0 0 0 1 1 1 0 0 1 1 0 0 1 0 1 28
1 0 0 1 1 1 0 1 1 1 0 0 0 1 1 1 1 1 1 0 0 0 1 1 1 1 0 1 1 1 0 0 1 0 0 1 0 1 1 1 1 1 0 0 1 0 1 1 1 0 31
0 0 0 1 0 1 0 1 0 0 1 1 1 1 0 0 0 1 1 1 0 1 0 0 0 0 1 1 0 1 1 1 0 1 1 0 0 1 1 1 1 0 1 1 0 0 1 0 0 1 26
0 0 0 0 1 1 1 1 1 1 0 1 1 0 0 0 0 0 1 1 0 0 0 1 0 1 1 0 1 1 0 1 0 0 1 1 0 0 1 1 1 1 1 0 1 1 1 0 0 1 27
1 0 0 1 1 0 0 1 1 0 0 1 1 0 0 0 1 1 1 1 0 1 0 1 0 1 0 0 0 0 0 0 1 0 1 1 0 1 0 1 1 0 1 0 0 0 1 0 0 1 23
0 1 0 0 0 0 0 1 1 1 1 1 0 0 0 1 0 0 0 1 0 1 1 1 0 0 1 1 0 1 1 1 1 0 0 1 1 1 0 1 0 0 1 0 0 0 1 1 1 1 26
0 1 1 0 1 0 0 0 1 0 1 0 0 1 0 1 0 1 1 1 1 1 1 1 0 1 1 1 1 1 0 1 1 1 1 1 0 1 1 0 0 0 0 1 1 1 1 1 0 1 32
0 0 1 0 0 1 0 1 0 1 0 0 0 1 0 0 0 0 1 1 0 1 1 0 1 0 0 0 0 1 1 1 0 1 0 0 0 0 0 0 0 1 0 0 0 1 0 0 1 0 17
0 0 0 1 1 1 1 1 1 1 0 0 0 0 0 1 1 0 1 0 0 1 1 0 0 1 0 0 0 1 0 1 0 1 0 0 1 1 1 1 1 1 0 0 0 1 0 0 0 1 24
0 1 0 1 0 1 1 0 1 0 1 0 0 1 1 1 1 1 0 1 0 1 1 1 1 1 1 1 1 0 0 1 0 1 1 1 0 0 0 1 1 0 0 0 0 0 1 0 1 0 28
1 1 1 1 0 0 1 0 1 1 0 1 0 0 1 0 0 1 1 0 0 0 1 0 1 1 0 0 0 1 1 1 1 1 1 0 1 1 1 1 1 1 0 1 0 0 0 0 1 0 28
0 1 1 1 0 1 0 1 1 1 0 0 1 1 0 0 1 1 1 1 0 0 1 0 1 1 0 0 0 0 1 0 1 0 1 0 0 1 1 1 0 0 1 1 0 1 1 1 1 0 28
1 0 0 1 1 1 0 0 1 1 1 1 0 0 0 1 0 0 0 0 1 1 1 1 1 1 1 1 0 1 0 1 0 1 0 0 0 0 1 0 0 0 0 0 1 0 1 0 1 0 24
1 1 1 1 1 1 0 0 1 0 0 1 1 1 0 0 0 1 1 0 0 0 0 0 0 1 1 0 1 1 0 1 0 0 1 1 1 0 1 1 0 0 0 0 0 0 0 1 1 0 24
1 0 1 1 1 1 0 1 0 1 0 1 0 0 1 0 1 0 0 1 0 0 1 0 1 1 1 0 1 1 0 0 0 1 0 1 0 1 1 1 0 1 0 1 0 1 0 1 1 0 27
0 1 0 0 0 0 1 1 0 1 0 1 1 0 1 0 0 1 1 0 0 1 0 0 1 1 0 1 0 1 0 0 0 1 0 1 1 1 0 0 1 0 1 0 1 1 0 1 1 0 24
0 0 1 1 0 0 0 0 1 1 1 0 1 1 1 1 1 1 1 1 1 1 1 0 0 1 1 0 0 0 1 1 0 1 1 0 1 1 0 1 0 0 1 1 1 1 1 0 1 1 32
1 1 1 1 1 1 1 0 0 1 0 1 0 0 1 0 1 1 0 0 0 1 0 0 1 0 1 1 1 1 1 1 1 1 0 1 1 0 1 0 1 0 1 1 0 0 0 0 0 1 29
1 1 0 1 1 1 0 1 1 1 0 1 0 0 0 1 1 0 1 1 1 1 0 0 1 0 0 1 0 0 1 0 1 0 1 0 1 1 1 1 0 1 1 1 0 0 1 0 0 0 28
1 1 1 1 0 1 1 0 1 0 0 1 0 0 0 1 0 0 0 0 1 1 1 0 0 0 0 0 0 0 0 1 1 1 1 1 0 0 0 0 0 1 0 0 0 0 0 0 1 0 19
1 1 0 1 1 1 1 0 1 1 0 0 0 1 1 0 1 1 0 1 0 1 0 0 1 1 0 0 1 1 1 0 1 0 0 1 1 0 1 0 0 0 0 0 1 0 1 1 0 1 27
0 0 1 1 0 0 1 0 0 0 1 1 1 1 0 0 1 1 0 1 1 1 1 1 0 0 0 0 1 1 1 0 1 0 0 1 0 0 1 0 1 1 1 0 0 0 0 1 1 1 26
1 0 1 0 1 0 0 0 1 0 0 1 1 1 1 0 1 1 0 0 0 0 1 1 0 1 1 1 0 0 0 1 0 1 0 1 1 1 0 0 0 0 1 0 1 0 1 1 1 0 25
1 1 0 0 1 0 0 1 0 1 1 0 1 0 0 0 0 0 0 1 0 0 0 1 1 1 1 0 0 0 0 0 0 0 1 0 1 1 1 1 0 0 0 0 0 1 0 1 0 1 20
0 0 0 1 1 1 1 0 1 0 1 1 1 0 0 1 0 0 1 0 1 0 0 1 1 1 1 0 1 1 1 1 1 1 1 1 0 0 1 1 0 1 1 1 1 1 1 0 0 1 32
1 0 1 1 0 0 0 1 1 0 0 0 1 0 0 1 0 0 0 0 1 0 1 0 0 0 1 1 0 0 1 1 0 1 0 1 0 0 0 0 0 0 1 0 1 1 0 0 1 1 20
0 1 1 1 1 1 1 0 1 1 1 0 0 0 1 0 0 0 0 0 0 1 1 1 1 0 0 0 0 1 0 1 1 1 1 0 0 1 1 0 1 0 0 0 0 1 1 0 0 0 24
0 1 1 1 0 1 0 1 1 1 0 1 1 1 0 0 0 0 0 0 0 0 1 1 0 1 1 1 1 0 0 0 0 1 0 1 0 0 0 1 1 0 0 1 1 0 0 1 0 0 23
1 0 1 0 1 1 1 1 1 1 0 0 0 1 1 1 0 0 1 1 1 1 0 0 0 0 1 0 0 0 1 1 0 0 1 1 1 1 1 1 0 1 0 1 1 1 1 1 1 1 32
0 0 1 0 0 0 1 0 0 1 0 0 1 0 1 1 0 1 1 0 1 0 1 0 1 1 0 1 0 1 0 0 0 1 1 1 0 1 1 0 1 0 0 1 1 1 0 0 0 1 24
0 0 1 1 1 1 1 1 1 1 1 0 1 0 1 0 0 1 0 1 1 0 1 0 0 0 0 1 1 1 0 1 1 1 1 0 1 0 1 0 1 1 0 1 1 1 1 1 1 0 32
1 1 0 1 0 1 0 0 1 1 1 1 1 0 1 1 0 0 0 0 1 0 0 1 0 1 1 1 0 1 0 1 1 1 0 0 0 1 1 1 1 1 0 0 1 0 0 1 1 0 28
0 1 1 1 1 0 0 1 0 0 0 0 1 0 1 1 1 1 1 1 1 1 0 1 1 0 0 1 0 0 0 1 0 0 1 0 1 0 1 0 1 1 0 0 1 1 1 0 1 0 27
1 1 0 0 0 1 0 0 1 0 1 1 0 1 1 1 0 0 1 1 1 0 0 0 1 1 1 0 0 1 1 1 1 0 0 1 0 0 0 1 1 0 0 1 0 0 1 0 0 0 24
1 1 0 1 0 0 1 1 1 0 1 0 0 1 1 1 1 0 0 0 1 0 0 0 1 1 1 1 1 0 1 0 0 1 0 0 1 0 0 0 1 1 1 1 1 1 0 1 1 0 28
1 1 0 1 0 1 1 0 1 0 1 0 1 1 0 0 0 1 1 1 1 1 0 1 0 1 0 1 0 0 1 0 1 1 0 1 1 1 0 0 1 0 1 1 1 1 0 1 1 0 30
1 1 0 1 1 0 0 1 1 0 1 1 0 1 1 0 0 0 1 0 1 1 0 1 1 1 0 1 0 0 0 1 1 1 0 1 1 0 1 0 1 1 1 1 0 0 1 0 0 1 29
1 1 0 0 0 0 1 0 0 1 0 1 0 1 1 1 0 0 0 0 1 1 0 1 1 0 1 0 1 1 1 0 1 1 1 1 1 1 0 1 1 1 1 0 1 1 1 1 0 0 30
1 0 1 0 1 1 0 1 0 1 0 1 0 0 1 1 1 0 0 0 1 1 1 0 1 0 1 1 1 1 1 1 0 0 1 0 1 1 0 0 0 1 1 0 0 1 1 1 0 0 28
0 0 1 1 0 0 1 0 0 1 1 1 0 1 0 1 1 0 0 1 0 0 0 0 1 0 0 0 0 0 0 0 0 0 1 0 0 1 1 1 0 0 0 0 0 1 1 1 1 1 20
1 1 1 0 1 1 1 0 1 0 0 0 0 0 1 0 1 0 0 0 1 1 0 1 1 0 0 0 0 0 0 0 0 1 1 0 1 0 0 1 0 1 1 0 0 0 0 1 1 1 22
0 1 0 1 1 0 1 0 0 0 1 0 1 0 1 1 1 1 1 1 1 0 0 0 0 0 0 0 1 0 0 0 0 0 1 1 1 1 0 0 0 0 1 0 1 0 1 0 1 0 22
1 1 0 0 1 0 0 1 1 0 1 1 0 0 0 0 1 1 0 0 0 1 0 1 0 1 0 0 0 0 0 0 0 1 1 1 1 0 1 1 0 0 1 0 1 0 0 1 0 0 21
1 1 1 0 1 0 1 0 0 0 1 0 0 0 1 0 1 1 1 0 0 1 1 0 0 0 1 1 1 1 0 0 0 0 0 0 0 0 1 1 1 1 1 0 0 0 1 1 1 0 24
0 0 1 0 0 0 1 1 0 1 0 1 0 0 1 1 0 0 1 0 0 0 1 0 1 1 0 1 0 0 0 1 0 0 0 0 0 1 0 0 1 0 0 1 0 0 0 1 0 1 18
0 1 1 0 0 1 1 1 0 0 0 0 0 1 1 1 1 1 0 1 0 0 0 1 1 0 0 0 0 0 0 1 1 0 0 1 1 1 1 0 0 0 0 1 0 1 0 0 0 0 21
1 0 1 0 0 1 0 1 1 1 0 0 1 1 1 1 0 0 0 0 1 0 0 0 1 1 0 1 1 1 1 0 1 0 0 1 1 0 1 0 1 1 0 1 0 0 1 0 1 0 26
1 0 0 0 0 1 0 0 0 1 1 0 0 0 1 1 0 1 0 0 1 0 1 1 0 0 0 1 0 1 1 1 1 1 0 0 0 0 1 0 0 0 1 1 1 0 1 0 1 0 22
1 1 0 0 0 1 0 1 1 0 0 0 1 0 1 1 0 0 1 0 1 0 1 0 0 1 0 0 0 1 0 0 1 1 0 1 0 0 0 0 1 0 0 0 1 1 0 1 1 0 21
0 1 0 1 1 1 1 1 0 0 0 1 1 1 1 1 0 0 0 0 1 0 0 1 1 1 1 0 0 1 0 1 0 1 1 1 1 1 0 0 1 1 0 0 1 1 1 1 1 1 31
1 0 0 0 0 1 1 1 1 0 1 0 1 1 1 0 1 0 1 0 0 0 1 1 0 1 1 0 0 0 0 0 1 0 0 1 1 1 1 0 1 0 1 0 0 1 1 0 0 0 24
0 0 0 1 0 0 1 0 1 1 1 0 1 1 0 0 1 1 0 1 1 0 0 1 0 1 1 0 0 0 0 0 0 0 0 1 1 0 1 1 1 1 0 1 0 1 0 1 0 0 23
1 0 0 1 1 0 1 0 0 1 1 0 1 0 1 0 1 0 1 0 0 0 1 0 1 0 1 0 1 0 1 1 0 1 1 1 0 0 1 0 0 1 0 1 0 1 0 0 0 1 24
0 0 0 0 0 0 1 1 0 0 0 0 0 0 1 0 0 0 1 0 0 0 0 1 1 1 1 1 1 1 1 0 1 1 1 0 0 0 0 1 1 1 1 0 0 1 0 0 1 0 21
1 0 0 1 1 0 1 1 1 0 1 1 0 1 1 1 1 1 1 0 1 1 0 1 0 0 1 0 1 0 0 0 1 1 0 1 0 1 1 0 0 1 1 0 1 1 0 1 0 1 30
1 0 1 1 1 1 1 1 1 1 1 1 1 0 0 0 0 0 1 1 1 1 0 0 1 1 1 0 1 1 0 0 1 0 0 1 0 1 1 1 1 0 0 1 1 0 0 1 0 1 31
1 0 1 1 1 0 0 1 1 1 1 0 1 1 0 0 0 0 0 0 1 1 1 0 0 0 1 0 1 1 1 0 1 0 1 0 1 0 1 0 1 0 1 1 1 1 0 0 1 1 28
1 0 0 0 1 1 0 0 1 0 1 0 1 0 0 0 1 1 0 1 1 0 1 1 0 1 1 0 1 1 1 0 1 1 0 1 1 1 0 1 1 0 1 1 1 1 1 0 0 1 30
0 0 1 1 1 1 1 1 1 0 0 0 1 0 1 0 1 0 0 1 1 1 0 1 0 0 1 0 1 0 1 0 0 1 0 0 1 1 0 1 1 0 1 0 0 1 0 0 1 1 26
0 0 1 0 1 1 1 0 0 1 0 0 1 1 1 0 0 0 1 1 0 0 1 1 1 1 1 1 1 0 0 1 1 0 0 0 0 1 1 1 1 0 0 1 1 0 0 1 0 0 26
0 1 0 1 1 1 0 0 1 0 0 0 0 0 0 1 1 0 1 1 1 1 1 1 1 0 1 0 1 1 0 1 0 0 0 1 1 0 1 1 1 1 0 0 0 1 0 1 1 1 28
0 0 1 0 1 0 1 1 1 1 0 1 1 1 1 0 0 0 1 0 0 1 0 1 1 0 0 0 0 0 0 0 0 1 0 0 0 0 0 1 1 1 1 0 0 1 1 1 1 0 23
1 0 1 0 0 0 0 0 1 0 0 0 0 1 1 1 0 1 0 0 0 1 1 1 1 1 0 0 1 0 0 0 0 0 0 0 0 1 1 0 0 1 1 1 0 0 0 0 0 0 18
1 1 1 1 0 0 1 0 0 0 1 0 0 1 1 1 0 0 0 0 1 0 1 0 1 0 0 0 1 0 1 0 1 0 1 1 1 1 0 0 0 0 0 0 0 0 1 1 1 1 23
1 1 1 0 0 1 1 1 0 0 1 1 1 1 0 0 1 1 1 1 0 0 1 0 1 0 0 0 0 0 1 0 1 0 0 0 0 1 1 1 1 1 1 1 1 0 0 1 1 1 29
1 1 0 0 0 0 0 0 1 1 0 0 0 1 0 0 1 1 0 0 1 1 1 0 0 0 0 0 0 0 0 1 0 1 1 0 1 1 0 1 1 0 0 0 1 1 1 1 1 0 22
1 1 1 1 0 1 0 0 1 0 1 1 1 1 1 1 0 1 0 0 0 1 0 1 0 1 1 1 0 1 1 0 0 0 1 0 1 1 0 1 1 0 1 1 0 1 0 1 1 0 30
1 1 1 0 0 1 0 0 1 0 1 1 1 1 0 0 1 1 1 1 0 1 0 0 0 1 1 1 1 0 1 1 1 1 1 1 0 0 1 1 1 0 1 0 1 0 1 0 0 0 30
1 1 1 1 1 1 0 0 0 1 1 0 1 0 1 0 1 0 0 1 1 1 0 1 1 1 0 1 1 0 0 0 1 1 0 1 0 1 1 1 0 1 0 1 0 0 1 1 1 0 30
1 0 1 1 1 1 1 1 1 0 0 0 1 0 0 0 1 1 0 0 1 1 0 0 0 1 1 1 0 1 1 0 0 0 0 0 0 1 1 1 0 1 1 0 1 1 0 1 1 1 28
1 1 1 1 1 0 0 1 0 0 0 0 1 1 1 1 0 0 1 0 1 0 1 1 0 0 0 1 1 0 1 1 1 1 1 1 0 1 1 1 0 1 1 1 1 0 0 0 1 0 30
1 1 1 0 1 0 1 0 0 0 0 0 1 1 1 0 0 0 0 1 1 1 1 1 0 0 1 1 0 0 0 1 0 1 0 1 0 0 1 0 1 1 0 0 1 1 1 0 0 0 24
1 0 1 1 0 0 0 0 1 1 1 1 0 0 1 1 1 0 1 0 0 0 1 1 1 0 0 0 0 1 1 0 0 1 1 0 1 0 0 0 1 0 0 1 1 0 0 1 0 0 23
1 0 1 1 1 1 1 0 0 0 0 0 0 1 0 0 1 0 1 0 1 1 0 0 1 0 1 1 0 0 1 1 1 1 0 0 1 1 1 1 0 0 1 1 0 1 0 0 1 1 27
0 1 1 0 1 1 1 0 0 1 0 0 0 0 0 1 1 1 0 0 1 1 0 0 0 0 0 1 0 0 1 1 1 0 0 0 1 0 1 0 0 1 0 1 0 1 1 1 1 0 23
1 0 0 0 1 0 0 0 1 1 0 1 1 0 0 0 1 1 1 0 1 0 1 1 1 0 0 1 1 0 1 0 1 1 0 1 0 0 0 1 1 1 1 1 1 0 0 0 1 1 27
1 0 0 1 1 1 0 1 1 1 1 0 0 1 0 0 0 0 1 1 0 1 1 1 1 0 1 0 0 0 0 0 1 0 1 1 0 1 1 1 1 1 0 0 0 0 0 0 1 0 25
1 0 1 1 1 0 1 0 0 0 0 0 0 1 0 1 1 0 1 0 0 0 0 0 1 0 0 0 0 0 0 1 0 0 0 0 1 0 0 0 0 1 0 0 0 0 0 1 1 0 15
0 1 0 1 1 1 1 1 0 1 1 0 0 1 1 0 0 0 1 1 1 0 1 0 1 0 1 1 0 1 1 0 1 0 0 0 0 0 1 0 1 0 1 1 1 1 0 0 0 0 26
0 0 0 1 1 1 0 0 0 1 1 0 0 0 0 1 1 0 1 0 1 1 0 0 0 1 0 0 1 1 0 1 1 1 0 0 0 1 1 0 0 1 0 0 1 1 1 0 1 0 23
0 0 0 0 0 1 1 0 0 1 0 0 0 0 0 1 0 0 0 0 0 1 1 0 1 1 0 0 0 0 1 1 1 1 0 0 1 1 1 0 1 1 1 0 0 0 1 0 1 0 20
0 0 0 1 1 0 1 0 0 1 1 1 1 0 0 0 0 1 1 0 0 0 0 0 0 1 1 0 0 0 1 0 0 0 0 1 1 0 0 1 1 0 1 0 1 0 0 1 1 0 20
1 0 0 0 0 0 0 1 0 0 1 0 0 1 1 0 1 0 1 1 1 1 0 1 0 1 0 0 1 0 1 0 0 0 0 1 0 1 1 0 0 1 1 0 1 0 1 0 0 0 21
0 0 1 0 0 1 1 0 0 1 1 0 0 1 0 1 1 1 1 1 0 1 0 1 1 1 0 0 1 1 0 0 0 0 1 0 0 1 0 1 0 0 1 1 0 0 1 1 1 1 26
0 1 1 1 0 0 1 0 1 0 1 1 0 1 0 0 1 1 1 1 1 1 1 0 0 1 1 1 0 0 0 1 1 1 0 1 1 1 0 1 1 0 1 0 1 1 1 1 0 1 32
1 0 1 0 1 1 1 0 0 0 1 0 0 1 1 1 1 0 0 1 1 1 0 0 0 1 0 0 0 0 1 1 1 1 0 1 1 0 0 0 1 0 1 0 0 0 0 0 0 1 23
1 0 1 0 0 0 1 1 0 0 0 0 0 0 1 0 1 0 0 1 1 0 0 1 1 0 1 1 1 0 0 0 0 0 1 0 1 0 0 1 1 0 1 0 0 0 0 1 0 1 20
0 1 1 0 0 1 1 1 0 1 1 0 1 0 1 0 0 0 1 1 1 1 0 1 0 1 0 1 1 0 1 0 1 1 1 1 1 0 0 0 1 0 1 1 1 1 1 0 1 1 31
0 0 1 0 0 1 0 1 0 0 1 0 1 0 1 0 1 0 0 1 0 1 1 1 0 0 0 0 1 1 1 1 0 0 0 0 1 1 0 1 1 0 0 1 0 0 1 1 1 1 24
1 1 1 0 0 1 1 1 0 1 1 0 1 1 1 1 0 0 1 0 1 1 0 1 0 0 1 1 0 0 0 1 0 0 1 1 1 0 1 1 1 0 1 0 1 1 0 0 1 1 30
0 0 0 0 0 0 0 0 1 1 0 0 1 1 1 1 0 0 0 1 0 0 0 1 1 0 1 1 0 1 1 0 0 1 0 1 1 1 0 0 0 1 1 0 1 1 0 1 0 1 23
0 0 1 0 0 0 0 0 0 1 0 0 1 1 0 0 1 1 1 0 0 0 0 1 0 1 1 1 1 1 1 0 1 0 1 0 0 0 0 1 1 1 1 0 1 1 0 1 1 1 25
1 0 1 1 1 0 1 1 0 1 0 0 1 0 1 1 0 0 1 0 1 1 0 0 1 0 1 0 1 0 1 1 1 1 1 0 1 1 0 0 0 1 0 0 0 1 1 1 0 1 28
0 0 1 0 0 0 0 0 0 0 1 0 1 1 0 0 0 0 0 0 0 0 0 1 1 0 0 0 0 0 0 0 0 0 1 0 1 0 1 1 0 0 0 0 1 0 0 0 1 1 13
1 0 1 0 1 0 1 0 0 1 1 1 0 0 1 0 1 0 0 0 1 0 0 1 1 1 0 0 1 0 1 1 0 1 1 0 0 1 1 0 0 0 1 1 1 1 1 1 1 1 28
1 0 0 1 1 1 0 0 1 0 0 1 1 1 1 0 1 1 1 0 1 1 1 1 0 1 0 0 1 0 1 1 0 1 1 0 0 1 1 1 0 1 0 0 1 0 1 0 1 0 29
0 1 1 1 0 0 1 0 1 0 0 1 1 0 1 1 0 1 1 0 1 0 1 0 0 1 1 0 1 1 0 0 0 0 1 0 1 0 0 0 1 0 0 0 0 0 1 1 1 1 24
1 1 0 1 1 0 0 0 1 0 0 1 1 1 0 0 1 0 1 0 1 0 1 0 1 0 1 0 1 1 0 1 0 0 1 0 1 0 0 1 0 0 1 0 1 1 0 1 1 1 26
1 1 1 0 1 0 1 0 1 1 1 1 0 1 1 0 1 0 1 1 0 0 1 0 0 1 0 0 1 0 0 0 0 1 1 0 0 0 1 0 0 0 1 1 1 0 0 0 1 0 24
1 1 1 0 0 1 0 1 0 0 1 1 1 1 1 0 0 1 0 1 0 0 1 0 1 0 1 1 1 0 1 0 1 1 1 0 0 1 0 1 1 0 0 0 0 0 0 0 0 1 25
0 1 1 1 1 0 1 1 0 0 1 1 1 0 0 1 0 0 1 1 0 1 0 1 1 1 1 1 0 1 1 1 1 1 1 0 1 0 0 1 1 0 1 0 0 0 0 0 0 0 28
1 1 0 1 0 0 1 1 0 0 0 1 0 1 1 1 1 0 1 0 0 1 1 1 1 1 0 1 1 0 1 1 0 0 0 1 0 1 0 0 0 0 0 0 0 1 1 1 0 0 25
0 1 0 0 1 0 1 0 1 1 1 1 0 0 1 0 0 0 0 0 1 1 0 1 1 1 1 1 1 1 0 0 1 1 1 0 1 0 1 1 1 0 1 1 1 1 0 1 0 1 30
0 1 1 1 0 1 0 1 1 0 1 0 1 0 1 0 1 0 1 1 1 1 1 0 0 1 1 0 0 0 0 1 0 0 0 1 0 1 1 1 0 0 0 0 1 0 0 1 0 1 25
0 1 0 0 0 1 0 1 0 1 0 1 1 1 0 0 1 1 1 0 0 0 1 0 0 1 0 0 0 0 0 0 0 0 1 1 0 1 1 1 1 0 0 1 1 0 0 1 1 1 23
1 1 1 0 1 0 1 0 0 1 0 0 0 1 0 0 0 0 0 1 1 1 0 1 1 1 1 1 0 1 1 0 1 1 0 0 1 0 0 1 0 0 1 1 0 1 0 0 1 0 25
1 0 1 0 1 0 0 1 1 0 0 0 1 0 1 0 1 1 1 0 1 1 1 0 1 1 0 1 1 1 1 0 1 0 1 0 1 0 1 0 1 0 0 0 1 0 1 1 0 1 28
0 0 1 0 0 1 1 0 1 1 0 0 0 0 0 0 0 1 0 1 1 0 0 1 1 1 0 1 0 1 1 0 1 1 1 0 1 1 0 1 0 0 1 0 0 0 1 1 1 1 25
0 0 0 1 1 1 1 0 1 1 0 1 0 0 1 1 1 0 1 1 0 0 1 1 0 0 0 0 0 1 0 1 0 1 0 1 1 0 1 0 0 0 0 1 0 1 0 0 0 0 22
0 0 0 0 0 1 1 1 1 1 0 1 1 0 0 1 1 1 1 1 0 0 0 1 1 0 0 1 0 1 1 0 1 1 0 0 0 1 1 1 0 0 1 0 1 1 0 0 0 1 26
0 0 1 0 0 1 1 0 1 1 1 0 1 1 1 0 1 0 0 0 0 0 1 1 1 0 0 1 1 1 0 0 0 0 0 1 0 1 0 1 0 1 1 1 1 1 0 0 0 1 25
0 1 0 1 1 1 0 0 1 1 1 1 0 1 1 0 0 0 0 0 0 0 0 0 1 0 1 0 0 0 1 1 0 1 0 1 0 0 1 1 0 1 0 0 1 1 0 1 1 1 24
1 1 0 0 1 1 0 0 0 0 1 0 1 0 1 0 0 0 1 1 1 1 0 0 1 0 0 1 1 0 1 1 1 0 0 1 0 1 1 1 0 1 0 0 0 1 0 1 0 1 25
1 0 1 1 1 0 1 0 1 0 1 1 1 1 1 1 0 1 0 0 1 1 0 0 1 1 0 0 1 1 1 1 0 0 1 0 0 0 1 0 0 1 1 1 0 1 1 1 1 0 30
0 1 0 1 0 0 1 1 0 1 1 0 0 0 0 0 1 1 1 0 1 0 0 0 1 0 1 1 0 0 1 1 1 1 1 0 0 1 1 0 1 1 0 1 1 0 1 0 0 1 26
1 1 0 1 0 0 0 0 0 0 1 1 1 0 1 0 1 0 0 1 1 0 1 0 0 1 1 1 1 1 1 0 0 1 1 0 1 0 0 0 1 1 0 0 0 0 1 1 0 1 25
1 0 0 1 0 0 1 1 1 1 1 1 1 1 0 0 1 1 1 1 1 1 0 1 0 0 1 1 1 1 0 1 1 1 0 1 1 0 0 0 1 0 0 0 1 0 1 1 0 0 30
1 0 0 0 1 0 1 0 1 1 1 0 1 1 0 1 0 1 1 0 1 0 1 0 0 1 1 1 1 0 0 1 1 1 0 1 0 1 1 0 1 0 0 0 0 0 0 1 1 0 26
0 1 0 1 0 1 0 0 0 1 1 0 0 1 0 0 0 0 1 1 1 1 1 1 1 1 0 0 0 0 0 1 0 1 1 0 1 0 0 0 1 0 0 1 0 0 1 0 1 1 23
0 0 1 1 0 1 1 1 1 0 1 1 0 0 0 1 1 0 1 0 0 1 0 0 1 1 0 0 0 0 0 0 0 1 0 0 0 0 0 0 0 1 0 1 1 0 0 1 1 0 20
1 1 0 0 1 1 1 1 0 0 1 0 0 0 1 1 0 1 1 1 0 1 0 1 0 0 1 0 0 1 0 1 1 1 0 0 0 0 0 1 1 1 0 1 0 0 0 1 0 0 24
1 0 1 0 0 1 1 1 1 0 0 1 0 0 1 1 0 0 0 0 1 0 1 1 1 1 1 0 1 1 1 1 1 0 1 0 0 1 1 1 1 1 0 0 0 1 0 1 1 0 29
1 0 0 1 0 0 1 1 0 0 1 1 0 0 1 0 1 1 1 0 1 1 1 0 1 0 1 0 0 1 0 1 1 0 0 1 1 0 0 1 1 0 0 1 0 0 0 0 1 0 24
0 0 1 1 0 1 1 0 1 0 0 1 1 1 1 0 1 0 0 1 0 1 0 1 0 1 1 0 1 0 0 1 0 0 0 1 1 1 0 1 0 0 1 1 0 0 1 0 1 1 26
1 1 0 1 0 1 0 1 1 0 0 1 1 0 1 1 0 0 1 0 0 0 0 1 1 0 0 0 1 0 0 1 0 0 1 1 0 0 0 0 0 0 0 1 0 0 1 1 0 0 20
1 1 1 0 1 1 1 1 1 0 1 0 0 1 0 1 1 0 0 1 0 1 0 0 0 0 0 0 0 0 1 1 1 0 0 0 1 0 1 1 1 0 0 1 0 0 1 1 0 1 25
0 1 1 1 0 1 1 0 0 0 1 0 1 1 1 1 1 0 1 1 1 1 1 1 1 0 0 1 1 1 0 0 1 1 1 1 0 0 0 0 0 1 1 0 0 0 0 1 0 1 29
0 0 0 0 1 1 0 0 0 1 1 1 1 0 1 1 0 0 0 0 0 1 1 1 1 0 1 1 1 1 1 1 1 0 1 0 0 1 0 0 1 1 1 0 0 1 0 0 1 0 26
1 1 1 0 0 0 0 1 1 0 1 0 0 0 1 1 0 1 0 0 0 0 0 1 0 0 1 1 1 1 0 0 1 1 0 0 1 1 0 0 0 0 1 1 0 0 0 1 1 0 22
1 0 0 0 0 1 1 1 0 0 1 0 0 0 1 1 0 1 0 0 1 1 0 0 0 1 0 1 0 1 1 0 0 0 0 0 0 0 1 0 1 0 1 0 0 0 0 0 0 1 18
1 0 1 0 1 1 1 0 0 1 0 1 1 0 1 0 1 1 1 1 1 0 0 1 1 0 1 1 1 1 0 0 1 0 0 0 1 0 1 0 0 1 0 1 1 0 1 0 1 0 28
1 1 0 0 1 1 0 1 0 1 0 0 0 1 1 0 0 0 1 0 0 1 1 0 1 1 0 1 0 1 0 1 0 1 0 1 0 0 0 0 0 0 1 0 0 0 0 1 0 1 21
0 1 1 0 0 1 1 1 1 0 1 1 1 0 0 0 1 0 0 0 1 1 0 1 0 0 0 0 1 0 0 1 1 1 1 0 1 1 0 0 0 0 1 1 0 0 1 1 0 0 24
1 1 1 1 1 1 1 1 0 1 0 1 1 0 0 0 1 1 0 1 1 1 0 0 0 0 1 0 0 1 0 1 1 0 0 1 0 0 1 0 1 0 0 1 1 1 1 1 0 0 28
0 0 0 1 0 0 0 0 0 0 1 1 1 1 1 0 1 0 1 1 1 0 1 1 1 1 1 1 1 1 0 1 1 1 0 1 0 0 0 0 0 1 0 1 1 1 0 0 0 1 27
1 1 0 1 1 1 0 1 1 1 0 1 0 0 0 0 0 1 0 0 1 0 1 0 1 0 1 0 0 1 0 0 1 1 1 1 0 1 1 0 0 0 0 1 0 1 0 1 1 0 25
0 0 1 1 1 0 1 0 0 1 0 0 0 0 0 0 0 0 0 1 1 1 0 0 0 1 0 1 0 0 1 0 0 0 1 1 0 1 0 1 0 0 0 1 1 1 1 0 1 1 21
0 1 0 1 0 0 0 0 0 1 0 1 0 0 0 1 1 0 0 1 0 1 1 1 0 0 1 1 1 1 1 0 0 1 1 1 1 0 0 0 0 0 0 1 0 1 0 1 1 0 23
0 1 1 1 1 1 1 0 0 1 1 0 0 0 1 0 0 0 0 0 0 0 1 1 0 0 1 0 1 1 0 0 0 1 0 0 0 1 1 0 0 0 0 1 0 0 1 1 1 1 22
0 1 0 0 1 1 0 1 0 0 1 1 0 0 1 0 1 1 1 0 0 0 1 0 1 0 1 0 0 0 1 1 0 0 0 1 1 0 0 0 0 0 1 0 0 1 0 0 0 0 19
1 0 0 0 1 0 1 1 0 0 1 1 1 0 0 0 0 0 0 1 1 1 0 1 1 1 0 0 0 0 0 0 0 1 0 0 0 0 1 0 1 0 1 0 1 0 0 0 1 1 20
0 1 0 1 0 0 0 1 1 0 1 1 1 1 1 0 1 0 0 1 0 1 0 0 1 1 1 0 0 0 0 0 1 0 0 1 0 0 0 0 1 1 0 0 0 0 0 1 0 0 20
1 0 1 0 0 0 0 1 0 1 1 0 0 1 0 0 1 1 1 0 1 0 0 1 1 1 0 1 0 0 0 1 1 0 0 0 1 0 1 0 0 1 0 1 0 0 1 1 1 1 24
1 1 1 0 0 0 1 0 0 0 1 1 0 1 1 1 0 0 0 1 0 0 0 0 1 0 0 0 1 0 0 1 0 1 0 0 1 0 1 0 0 1 0 1 0 0 0 0 0 1 19
1 1 1 0 1 0 1 1 0 0 1 0 0 0 1 0 1 0 0 0 1 0 0 0 1 0 0 0 0 1 1 0 0 0 0 1 0 0 1 0 0 0 0 0 1 1 0 1 1 1 20
0 0 1 1 0 0 1 1 0 0 0 1 0 0 1 1 0 0 0 0 0 0 1 1 0 0 1 1 1 1 1 0 1 0 1 1 0 0 1 0 1 1 0 1 0 1 0 0 1 0 23
1 0 0 0 1 0 1 0 1 0 1 0 1 1 0 1 0 1 0 0 1 0 0 1 0 0 1 1 0 0 1 1 1 0 1 0 1 0 0 1 1 1 0 1 1 0 0 0 1 1 25
0 0 1 0 0 0 1 1 0 1 0 0 1 0 0 0 0 0 1 0 0 1 1 0 1 0 1 0 1 0 0 0 0 0 1 1 1 1 0 0 1 1 1 0 1 0 1 1 1 1 23
1 0 1 1 1 1 1 1 1 1 1 1 0 0 0 0 0 1 1 1 0 1 1 1 0 0 0 0 1 0 0 0 1 1 1 0 1 0 1 1 0 0 0 1 1 1 1 0 0 0 28
1 1 0 0 0 1 1 0 0 1 0 0 0 0 0 0 0 1 0 1 1 0 0 1 0 0 1 0 0 1 1 0 0 0 1 1 0 1 1 1 1 1 0 0 0 0 0 0 1 0 20
1 0 1 1 0 0 1 1 1 0 1 1 0 0 1 0 0 0 0 0 1 1 0 1 0 0 1 1 1 1 0 1 1 1 0 1 0 1 1 1 1 1 0 0 1 1 1 0 0 1 29
1 1 1 1 1 1 1 0 1 0 1 0 1 0 0 0 0 0 0 0 0 1 0 0 1 0 0 0 1 0 0 1 0 0 0 0 0 0 0 1 1 0 0 1 0 1 1 1 1 1 22
1 0 1 0 0 1 0 1 0 1 1 0 0 0 1 0 1 0 1 1 0 0 1 1 0 0 0 1 0 0 1 1 0 1 0 1 1 0 1 1 1 0 1 0 0 0 0 0 0 0 22
1 0 1 1 1 0 0 1 1 1 1 0 1 0 1 0 1 0 1 1 1 0 1 1 1 0 1 0 0 0 0 0 1 1 1 1 1 1 0 1 1 0 1 0 1 0 1 0 0 0 29
0 0 1 0 0 1 0 0 0 0 1 1 0 1 1 0 0 1 0 1 0 0 0 1 1 0 0 1 0 1 1 0 1 0 1 1 1 1 0 1 1 1 0 0 0 0 0 0 1 1 23
0 0 1 0 0 1 0 0 1 0 1 0 1 0 1 0 0 1 0 0 0 0 0 1 0 1 1 0 0 1 0 1 0 0 1 0 0 0 0 1 0 1 0 0 0 0 0 0 1 1 17
0 1 1 1 0 1 1 1 0 1 1 1 1 0 1 1 0 1 1 0 0 0 0 1 1 1 0 0 0 0 1 1 0 1 0 1 0 1 1 1 1 1 0 1 1 1 0 0 1 1 31
1 1 1 0 0 1 0 1 0 1 1 0 1 0 0 1 1 1 0 1 0 1 0 1 1 0 1 1 1 0 0 0 1 0 1 1 1 0 1 0 1 0 1 1 1 0 0 1 0 0 28
1 0 1 1 1 0 0 1 0 0 1 0 1 0 1 0 1 0 1 1 1 0 1 1 1 0 0 1 0 1 1 0 1 1 1 0 1 0 1 0 0 0 0 1 1 1 0 1 0 1 28
1 1 0 0 0 0 0 1 0 1 0 0 1 0 1 0 0 1 0 0 1 0 1 1 1 0 0 0 1 1 1 1 0 1 1 0 0 0 1 1 0 1 0 1 0 0 1 1 0 0 23
0 0 0 0 1 1 1 0 0 1 0 0 0 0 1 1 1 1 1 1 0 0 1 0 1 1 1 1 1 1 0 0 1 1 0 1 0 1 0 1 0 0 0 0 0 1 1 1 1 0 26
1 0 1 1 1 0 1 0 0 1 0 1 0 0 0 1 0 1 0 1 0 0 1 1 0 1 1 1 1 0 1 0 0 1 0 1 1 1 0 1 1 1 0 1 1 0 0 0 0 0 26
0 0 0 1 0 1 1 1 0 1 0 0 0 0 1 1 0 1 1 1 1 1 1 0 1 0 1 1 0 0 1 0 1 0 1 0 0 1 0 1 1 1 0 1 1 1 1 1 0 0 28
1 1 0 0 0 1 1 1 1 1 1 0 1 1 0 0 1 0 0 1 0 1 0 1 0 0 1 1 1 0 1 1 1 1 1 1 0 1 0 1 0 1 1 0 1 1 0 1 0 0 30
1 0 1 0 0 1 1 1 1 1 0 0 0 0 0 0 1 0 1 1 1 0 1 0 0 0 1 0 0 1 1 1 1 0 1 0 0 0 1 0 0 1 1 1 1 0 1 0 0 0 24
1 1 1 0 1 0 1 1 0 1 1 1 0 1 1 1 0 1 0 1 1 0 1 0 0 0 1 1 0 0 0 0 1 0 1 0 0 1 1 1 0 1 0 0 1 1 0 1 1 0 28
1 1 1 0 0 0 1 0 1 0 1 0 0 1 0 1 0 1 0 1 1 0 1 0 1 1 1 0 1 0 0 0 1 1 0 1 1 0 0 0 0 0 1 0 0 0 1 0 0 0 22
1 0 1 0 1 1 1 0 0 1 1 1 0 0 0 0 0 0 1 1 0 1 1 1 0 1 0 1 1 0 0 1 0 0 0 1 0 1 1 0 1 0 1 0 1 1 0 1 1 1 27
0 1 1 0 0 1 0 1 1 1 1 1 1 1 1 0 1 0 1 0 1 1 0 0 0 0 1 0 0 1 0 0 0 1 1 1 0 1 1 1 1 0 1 0 1 0 0 0 1 0 27
1 1 1 0 1 1 1 0 1 1 1 0 0 0 1 1 1 1 1 0 0 0 0 0 1 0 0 0 0 1 1 1 1 1 1 0 1 0 0 1 0 0 1 1 1 1 1 1 1 0 30
0 0 1 0 1 1 1 1 0 1 1 0 0 0 1 1 1 1 0 1 1 1 0 1 1 1 0 1 1 1 0 0 0 1 1 0 1 1 0 1 0 0 0 0 1 1 0 0 0 0 27
1 0 0 0 1 1 0 1 1 1 0 0 0 0 1 1 1 1 1 1 0 1 1 1 0 0 1 1 0 0 0 1 1 1 1 1 1 0 0 1 1 1 1 1 0 1 0 0 0 1 30
1 1 1 1 1 0 0 1 0 0 0 0 0 1 1 0 1 1 1 1 0 0 0 1 1 0 1 0 0 1 0 0 0 1 0 0 1 1 1 1 1 1 0 1 0 0 1 1 0 0 26
1 0 0 0 1 0 1 0 1 0 0 0 1 0 1 1 1 1 1 1 1 0 1 0 1 0 1 0 1 1 0 1 1 1 0 0 1 0 0 1 0 1 1 1 0 0 0 0 1 0 26
1 1 0 1 1 1 1 0 0 1 1 0 0 1 0 0 1 0 0 0 0 0 1 1 1 1 0 1 0 0 0 1 1 0 0 1 1 1 1 0 1 0 0 1 0 1 0 0 0 1 25
1 0 0 1 1 1 1 1 0 0 1 0 0 0 0 0 0 1 0 0 1 0 0 0 1 1 0 1 1 1 0 1 0 1 0 1 0 1 0 0 0 0 0 1 0 1 0 0 0 0 20
0 0 0 1 0 1 1 0 1 1 0 0 0 0 1 0 1 1 0 1 0 0 0 0 1 1 1 1 0 1 0 1 1 0 1 0 1 0 0 0 0 1 1 0 1 1 1 0 1 1 25
0 1 1 1 0 0 1 1 0 0 1 1 1 0 0 0 0 0 0 0 1 1 1 0 0 1 1 1 0 1 1 1 0 1 0 0 0 1 0 1 0 1 1 0 0 0 0 0 1 1 24
1 1 0 0 0 0 1 1 1 1 0 1 0 0 1 0 0 0 0 1 1 1 0 0 1 0 0 1 1 0 1 0 0 0 0 1 0 0 0 0 0 1 1 0 0 1 0 0 1 0 20
0 0 0 0 0 1 1 1 1 0 1 0 0 1 0 0 1 0 0 1 1 0 0 0 1 1 1 1 1 0 0 1 0 0 0 1 1 0 0 0 1 1 1 1 0 0 1 1 0 0 23
1 0 1 0 0 0 0 1 1 1 1 0 0 1 0 0 0 0 1 0 0 1 0 1 1 0 1 0 1 1 0 0 1 1 0 0 1 0 1 0 0 0 0 1 0 1 0 1 1 0 22
0 0 1 0 0 1 1 1 0 1 0 1 0 1 1 0 1 0 1 1 1 0 0 0 1 0 0 1 0 0 1 1 0 0 1 1 0 0 0 0 0 0 1 1 0 1 0 0 1 0 22
0 0 0 1 0 0 1 0 0 1 0 1 1 0 0 1 0 0 0 1 1 0 1 1 0 0 0 1 1 1 0 0 0 1 0 1 0 1 0 1 0 0 0 0 0 0 1 0 1 1 20
0 1 1 1 1 1 1 0 0 0 1 0 1 1 1 0 1 0 0 1 1 0 0 1 0 0 1 1 1 1 0 0 1 1 0 0 1 0 0 1 0 1 0 1 0 0 1 0 1 0 26
0 0 0 1 1 1 0 1 1 0 1 1 1 0 1 0 0 0 0 0 0 0 1 0 1 1 1 1 0 1 1 0 0 0 1 0 0 0 1 1 1 1 1 1 1 0 1 0 0 0 25
0 0 0 0 0 1 1 1 0 0 1 1 1 0 1 1 0 0 1 1 0 1 1 1 0 1 1 0 1 0 1 0 1 0 0 0 1 1 1 0 1 1 1 0 1 1 0 1 1 0 28
0 0 0 1 0 0 0 0 0 0 1 0 0 1 0 1 0 1 1 0 0 0 0 1 0 1 1 1 0 1 0 0 1 1 1 1 0 0 1 1 1 0 1 1 1 0 1 1 1 0 24
0 0 1 0 1 0 0 1 0 0 0 0 1 0 0 1 0 0 0 1 0 0 1 1 0 0 1 1 0 1 0 1 0 1 1 0 0 0 0 0 1 1 0 1 1 0 0 1 0 0 19
1 0 1 1 0 0 0 1 0 1 0 0 1 1 0 0 1 0 0 0 1 0 1 0 0 1 1 0 1 0 1 0 1 0 0 1 0 1 0 0 1 0 1 0 1 1 1 0 0 0 22
0 0 1 1 1 0 0 1 1 1 0 1 1 1 0 1 0 1 1 1 0 1 0 0 0 0 1 0 0 0 1 1 0 0 1 0 0 1 1 1 1 0 1 1 1 0 1 0 1 1 28
1 0 1 1 1 1 1 0 0 0 1 0 0 1 0 1 0 1 0 1 0 1 1 1 1 0 0 1 1 1 1 0 1 0 0 0 0 1 0 0 1 0 1 1 0 1 0 1 0 0 26
0 0 0 0 0 0 0 1 0 0 0 0 1 1 0 0 1 1 1 0 0 0 1 1 1 0 1 1 1 1 0 0 0 1 0 0 1 1 0 1 0 1 1 1 0 1 1 0 0 1 23
1 0 0 0 0 0 1 0 0 0 1 1 0 0 0 0 0 0 0 0 0 0 1 0 0 1 0 1 0 1 0 1 1 1 0 1 1 1 0 0 1 0 0 1 0 0 1 0 0 1 18
0 0 0 1 1 0 0 1 0 1 0 1 0 0 0 1 0 1 1 0 1 1 1 1 1 0 1 0 0 1 1 0 0 0 1 0 1 0 0 1 1 0 0 1 0 0 1 0 1 0 23
1 0 1 1 0 0 1 0 0 0 1 0 0 0 0 0 1 1 0 1 0 1 1 1 0 0 0 0 0 0 0 1 1 1 0 1 1 0 1 0 0 0 1 1 1 1 1 1 0 1 24
0 1 0 1 1 1 0 1 1 0 0 1 0 1 1 1 0 0 0 0 0 1 0 1 1 0 1 0 1 1 1 0 0 0 1 1 1 1 1 1 1 0 0 1 1 0 0 1 0 1 28
1 0 1 0 1 0 0 1 1 1 0 0 0 1 1 1 1 0 0 0 1 1 1 0 1 1 1 1 1 0 0 1 0 0 0 0 0 0 0 0 1 0 0 0 1 0 1 0 1 0 23
0 1 0 1 0 0 0 1 1 1 0 0 0 1 0 1 0 0 0 0 0 1 1 1 0 0 0 0 0 0 1 0 1 0 1 0 0 0 1 0 0 1 1 1 0 1 0 1 0 1 20
0 1 0 1 0 1 0 1 0 0 1 0 0 1 1 0 1 0 0 0 0 1 0 1 0 0 0 0 0 1 1 1 0 1 1 0 0 0 0 1 0 1 1 0 1 1 0 0 1 1 22
1 1 0 0 1 1 1 0 1 1 0 0 0 1 1 0 0 0 0 1 1 1 0 0 1 1 1 1 1 1 0 0 1 0 1 0 0 0 0 1 1 0 1 0 1 0 0 1 0 0 25
0 1 1 1 1 0 1 1 1 0 1 0 1 0 1 1 0 0 0 1 1 1 0 0 0 1 1 0 1 1 1 1 1 0 1 1 1 0 0 0 0 0 0 1 1 0 0 1 1 1 29
0 0 0 1 0 1 1 1 0 0 0 0 0 1 1 0 0 1 0 0 1 0 1 0 1 0 0 0 1 0 1 0 0 1 0 1 0 0 1 1 0 1 1 0 1 0 1 1 1 0 22
1 0 0 1 0 1 0 1 0 0 1 0 1 0 1 0 0 1 0 1 0 0 0 0 1 0 0 1 0 0 0 1 1 1 1 0 1 1 0 0 0 1 0 0 1 1 0 0 0 1 21
0 1 0 1 0 0 1 0 1 1 0 0 1 0 0 1 0 1 1 0 0 1 1 0 1 1 1 1 0 1 0 1 1 1 1 1 0 0 0 1 0 0 1 1 0 0 0 0 1 1 26
1 1 0 0 0 0 1 0 0 0 0 1 0 1 1 1 0 0 0 0 1 0 1 1 1 1 0 1 1 1 0 1 0 1 1 1 0 1 0 1 0 0 0 1 0 1 1 1 1 0 26
1 1 0 0 1 0 1 0 0 0 1 1 1 0 1 0 1 0 0 0 0 0 0 1 1 0 0 0 1 1 1 0 0 0 1 0 1 1 1 1 0 0 0 1 0 1 0 1 0 0 22
0 0 0 0 0 0 0 1 1 0 1 1 1 1 0 1 1 0 0 1 0 0 0 1 1 0 1 1 0 1 1 0 1 1 0 1 1 0 0 0 0 1 1 1 0 1 1 0 1 0 25
1 0 0 0 1 1 1 1 1 0 0 1 0 0 1 1 0 1 0 1 1 0 1 0 1 1 1 0 0 1 0 1 0 1 1 0 1 0 1 0 0 1 0 1 0 0 0 0 1 1 26
0 1 1 0 1 1 1 0 0 1 1 0 0 1 1 0 1 1 0 1 0 0 1 0 0 0 1 1 1 1 1 1 1 0 1 0 0 0 0 1 0 0 0 0 1 0 0 0 1 0 24
1 1 1 0 0 0 0 1 1 1 1 0 0 0 0 1 0 0 0 1 1 0 0 0 0 1 0 0 0 0 1 1 0 0 0 0 1 1 1 0 1 1 0 0 1 1 0 1 1 1 23
1 0 0 1 0 0 0 1 0 1 0 0 1 0 1 0 0 1 1 1 1 1 0 0 1 0 1 0 0 1 0 1 0 1 0 0 1 0 1 1 0 0 0 1 1 1 1 1 1 0 25
0 0 1 0 0 0 1 0 1 0 0 1 0 1 1 1 0 0 1 0 0 1 0 1 0 0 0 1 0 0 1 0 1 1 0 0 1 1 1 1 0 0 0 1 1 0 1 0 0 1 22
0 1 0 0 1 0 1 0 1 0 1 0 1 0 0 1 1 1 1 0 1 0 0 0 1 0 1 0 1 0 0 0 0 0 1 0 0 0 0 0 1 1 1 0 0 1 1 0 0 1 21
0 1 0 0 1 0 1 1 0 1 1 0 1 1 1 0 0 1 0 1 1 0 1 1 1 1 0 0 1 0 0 1 0 0 0 1 1 1 0 0 0 0 1 0 1 1 1 0 0 1 26
1 1 1 1 1 1 0 1 1 0 1 0 1 0 0 1 0 0 0 1 1 1 1 1 1 1 1 0 1 1 0 0 0 0 0 0 0 0 0 1 0 1 1 0 0 1 0 1 0 0 26
0 0 1 1 1 1 1 1 0 1 0 1 1 1 0 1 0 0 0 1 1 1 0 0 0 0 0 1 1 1 1 1 1 0 1 1 0 0 0 1 1 1 1 1 0 0 0 1 1 1 30
0 0 1 0 0 0 0 0 0 0 0 0 0 0 0 0 0 1 0 1 1 0 1 1 1 1 1 0 0 1 0 1 1 1 1 0 0 0 1 1 1 1 0 1 0 1 1 1 0 1 23
1 1 1 0 1 1 1 0 0 1 1 1 0 0 0 1 0 1 0 1 1 0 1 0 0 1 0 0 1 0 0 1 1 0 0 0 1 0 0 1 1 1 1 1 1 0 0 0 1 1 27
1 1 0 0 1 1 0 1 1 1 0 0 0 0 1 1 0 1 1 0 0 0 0 0 0 0 1 0 0 0 0 1 0 1 1 0 1 0 0 0 1 1 0 1 0 1 0 0 1 1 22
0 1 1 1 1 0 0 0 1 0 1 0 0 1 1 0 1 0 0 1 1 1 0 1 0 1 0 0 1 1 0 0 1 1 0 0 0 1 1 0 0 1 0 1 1 1 0 1 1 0 26
1 0 1 1 1 0 1 0 1 1 0 1 0 0 0 0 0 1 1 0 1 0 1 0 0 0 0 0 0 0 0 1 1 0 1 0 1 1 1 0 0 0 1 1 0 0 1 0 1 0 22
1 1 0 0 1 1 0 0 1 1 1 1 0 1 0 1 1 1 1 1 1 1 1 0 1 1 0 1 0 1 1 0 1 0 1 1 1 1 0 1 1 1 0 0 1 1 1 0 0 1 34
1 1 0 0 1 1 1 0 1 1 0 1 1 0 0 1 1 0 1 1 0 1 0 0 1 1 1 1 0 1 1 1 0 1 0 0 1 0 1 1 0 0 1 0 1 1 1 1 0 0 30
0 1 1 0 1 1 0 0 0 0 1 0 0 1 1 1 1 0 1 0 0 0 0 0 1 1 1 1 1 0 1 1 1 0 0 0 0 1 1 1 1 0 0 0 0 0 1 1 0 1 25
0 0 1 0 1 0 1 0 0 1 1 1 1 1 0 1 0 1 1 1 0 0 0 0 0 0 0 0 1 1 0 0 1 0 1 1 1 0 0 1 1 1 1 1 1 1 1 0 0 1 27
1 1 1 0 1 1 0 0 1 0 0 0 1 0 0 1 1 1 1 1 0 0 0 0 1 0 1 0 0 0 1 0 0 1 0 0 1 0 0 0 0 0 0 0 1 1 0 0 1 1 21
0 1 1 1 1 0 0 0 0 0 0 1 0 1 0 1 1 0 1 0 0 1 0 1 0 0 1 0 1 1 1 1 1 0 0 0 0 1 1 1 1 0 1 1 0 1 0 1 0 1 26
0 1 1 0 0 1 0 0 1 1 1 1 1 1 0 0 0 1 0 1 1 0 0 1 0 0 0 1 0 1 0 1 0 0 0 0 0 0 1 0 1 1 1 0 0 0 1 0 1 0 22
0 1 1 1 0 1 1 0 1 1 1 0 0 0 0 0 0 1 1 0 1 0 1 0 1 1 0 1 0 1 1 1 1 1 1 0 0 0 0 0 0 1 1 1 0 1 0 1 1 0 27
1 0 0 0 1 1 1 1 0 1 0 0 1 1 1 0 0 1 0 0 1 1 0 0 0 1 0 1 1 0 0 0 1 1 0 0 1 1 0 0 0 0 1 1 0 1 1 0 0 0 23
1 0 0 0 0 1 1 0 1 1 1 0 0 0 0 1 1 0 1 1 0 0 0 1 1 1 1 0 1 1 1 1 1 1 0 0 0 1 0 1 0 1 1 1 0 1 1 0 0 0 27
1 0 0 0 1 0 0 0 1 0 0 0 0 0 1 0 0 1 1 1 1 0 1 0 0 0 0 1 1 1 1 0 0 0 1 1 1 1 1 1 0 1 0 1 0 0 1 1 0 1 24
0 1 1 0 1 0 1 0 1 1 1 0 0 0 0 0 1 1 1 1 1 1 0 0 0 1 1 1 1 1 1 0 1 1 1 0 0 1 1 1 1 0 0 1 1 1 0 0 0 1 30
0 0 0 1 0 0 1 0 0 1 1 1 1 0 0 1 0 1 1 1 0 0 0 1 0 1 1 0 0 1 1 0 1 1 1 1 1 0 1 1 1 0 0 1 0 1 1 0 1 1 28
1 1 0 0 0 1 0 0 1 0 1 0 0 1 1 0 1 0 0 0 1 1 0 1 1 0 0 0 0 1 1 1 0 0 1 0 0 1 1 0 1 0 0 0 0 0 0 0 0 0 19
1 1 0 1 0 1 0 0 0 1 1 1 0 0 0 0 0 1 1 0 1 1 1 0 1 0 0 0 0 1 1 1 1 0 0 1 0 0 1 0 1 0 1 0 0 1 0 1 0 0 23
0 1 0 1 0 1 1 1 1 1 0 0 1 1 0 1 0 1 0 1 0 1 0 0 0 0 1 1 0 1 1 1 1 1 0 0 0 0 0 0 1 1 1 0 0 1 0 1 0 1 26
0 1 1 1 0 1 1 0 1 0 1 1 1 0 1 0 1 0 1 0 1 1 0 1 1 0 1 0 0 0 0 0 0 0 1 1 1 1 0 0 1 0 0 0 0 1 1 0 0 0 24
0 0 0 0 0 0 0 0 1 0 0 1 1 1 1 1 1 1 1 1 1 1 1 1 1 0 1 1 1 0 0 0 0 0 0 1 0 1 0 1 0 0 0 0 0 0 1 0 0 0 22
0 1 1 0 0 1 0 0 0 1 1 1 0 1 0 0 1 0 0 1 1 0 1 1 1 0 0 0 0 0 0 1 0 1 1 1 0 1 0 0 0 1 1 1 0 0 1 0 1 0 23
1 1 1 0 1 0 0 0 0 0 1 1 1 0 0 1 0 1 0 1 0 0 1 1 0 1 0 1 1 0 0 1 1 1 1 1 1 1 1 1 0 1 1 0 1 1 1 1 0 0 30
1 1 0 1 0 0 1 1 1 0 0 0 0 0 1 0 0 0 0 1 0 0 0 1 1 1 0 0 1 1 0 0 0 0 0 0 1 1 0 1 0 1 1 1 0 0 0 1 0 1 21
0 1 1 1 1 0 0 0 0 1 0 0 1 1 0 0 1 0 1 0 0 1 1 0 1 1 0 0 1 1 1 1 0 1 0 0 0 0 1 1 0 1 1 0 1 1 1 0 1 1 27
0 1 0 1 1 1 1 0 0 0 0 1 0 0 0 1 0 0 1 0 1 0 0 0 1 0 0 0 1 0 1 0 1 0 0 1 0 0 0 0 1 0 0 1 0 1 0 0 0 1 18
1 1 0 0 1 1 1 0 1 0 1 0 1 0 0 1 0 0 1 0 1 1 1 0 0 1 0 1 1 0 0 1 1 1 0 0 0 1 0 0 0 0 0 0 1 1 1 0 1 0 24
1 1 0 1 1 0 0 1 0 1 0 1 1 0 0 1 1 0 0 1 1 0 0 1 1 0 1 0 1 1 1 0 0 0 1 1 1 0 1 1 0 0 0 1 1 1 0 0 0 0 26
1 1 1 1 0 1 0 0 0 0 1 0 1 1 0 1 1 0 0 1 0 0 0 0 1 0 0 1 1 0 0 0 1 1 1 1 1 0 0 0 0 1 0 1 1 0 0 1 0 1 24
0 0 0 1 0 1 0 0 0 0 1 1 1 1 0 0 1 0 1 1 1 0 1 0 0 0 1 1 0 1 0 0 0 0 0 0 1 1 0 0 0 0 0 1 0 0 1 0 0 0 18
0 0 1 0 1 0 0 1 0 1 0 0 0 0 1 0 0 1 1 0 1 1 0 0 1 0 1 0 0 0 0 0 0 0 1 1 1 1 1 0 1 0 0 0 1 0 0 1 0 1 20
1 0 0 1 0 1 0 0 0 0 0 1 0 0 1 1 0 1 1 1 1 1 1 0 0 0 0 0 1 0 0 0 0 0 1 1 1 1 1 1 0 0 1 1 0 0 0 0 0 1 22
0 1 0 0 1 0 0 1 0 1 1 0 1 0 0 1 0 0 1 1 0 1 0 1 1 1 1 1 0 0 0 0 1 1 1 0 1 0 0 1 1 0 1 1 0 0 0 1 1 0 25
0 0 1 1 0 0 1 0 1 1 0 0 0 1 0 1 0 1 0 0 0 0 1 1 0 0 0 0 0 1 0 1 0 0 1 1 0 0 0 1 0 1 0 1 0 1 1 1 0 0 20
1 1 0 0 0 0 0 0 1 1 1 0 1 0 0 0 0 0 1 1 0 0 0 0 0 0 0 0 0 1 0 1 1 0 0 1 0 0 1 0 1 1 0 0 1 0 0 0 1 1 18
0 0 0 1 1 0 0 0 0 0 0 0 1 1 0 0 1 1 0 0 0 1 1 1 0 0 1 0 0 0 1 1 1 1 1 1 0 1 1 0 1 1 1 1 1 1 0 0 1 1 26
1 1 1 0 1 1 1 0 0 0 1 1 0 0 1 0 1 0 1 1 1 1 1 1 1 1 1 0 1 1 0 0 0 0 0 0 0 0 1 1 1 0 0 1 0 0 1 0 1 0 27
1 0 0 1 1 1 0 0 0 1 1 1 0 0 1 1 0 1 0 0 1 0 1 1 1 0 1 0 0 1 1 0 0 0 0 0 0 1 0 0 0 1 1 0 0 1 1 1 1 0 24
1 1 0 1 1 1 0 1 1 1 1 0 1 1 0 0 0 0 1 0 1 0 0 1 1 0 1 1 1 1 0 0 0 0 1 1 1 1 1 0 0 1 1 0 0 1 0 0 1 0 28
1 1 0 1 1 0 1 0 0 0 1 1 1 1 1 0 0 0 1 1 0 0 1 0 0 1 0 1 0 1 0 1 1 0 1 1 1 1 0 1 1 0 0 0 0 1 0 1 0 1 27
0 1 0 1 1 0 1 0 0 1 1 1 1 1 0 1 1 1 1 0 0 0 1 0 0 0 1 0 1 1 0 1 0 1 0 0 0 1 0 0 1 1 1 1 0 1 1 1 1 1 29
1 1 0 1 1 1 0 0 1 1 1 0 1 1 0 0 0 1 0 0 1 0 1 0 0 1 0 1 1 0 1 1 1 1 1 1 1 0 0 1 0 0 1 0 1 0 1 1 1 0 29
1 1 0 1 0 0 0 1 0 0 0 1 1 1 1 1 1 0 1 1 0 0 0 0 0 0 1 1 1 0 0 0 0 1 1 1 0 1 0 1 0 0 1 0 0 0 0 0 0 1 22
0 1 1 1 0 0 0 0 1 1 0 0 1 0 1 0 1 0 1 0 1 1 1 0 1 0 1 0 1 1 1 1 1 1 0 1 0 0 0 1 1 0 0 1 1 0 0 1 1 1 28
1 1 0 0 1 0 1 1 1 1 1 0 1 0 0 0 1 1 0 0 1 1 1 1 0 0 0 1 1 1 1 1 0 1 1 1 0 0 0 0 1 0 0 1 1 1 1 0 1 0 29
0 0 1 1 0 1 0 0 0 0 0 0 1 1 1 0 0 0 0 1 0 1 0 1 1 0 0 1 0 1 1 0 1 0 0 0 1 0 1 1 0 1 1 1 0 0 0 1 1 1 23
1 1 0 0 0 0 0 0 0 1 0 0 1 0 0 1 0 1 1 1 0 1 1 0 0 0 0 0 0 1 1 1 1 0 1 1 1 1 0 0 1 0 1 0 1 0 0 1 0 0 22
1 0 0 1 0 1 0 1 0 0 1 0 1 0 1 0 0 1 0 0 1 1 1 0 0 1 0 0 0 0 0 1 1 0 0 0 0 0 1 1 1 0 0 1 1 0 0 1 1 1 22
0 1 1 1 1 1 1 0 1 0 0 1 1 1 1 0 1 0 1 1 0 0 1 1 0 0 0 1 1 1 0 0 0 0 1 1 0 0 0 0 0 1 0 1 0 0 1 0 1 0 25
1 1 1 1 1 0 0 1 1 1 0 1 1 0 0 0 1 0 1 0 1 1 0 0 1 1 1 0 0 1 1 0 1 0 0 0 0 0 0 0 0 0 1 1 0 0 1 1 1 1 26
0 0 1 1 1 0 0 0 1 1 1 1 1 1 1 1 1 0 0 1 0 1 1 1 1 1 1 1 1 1 1 0 1 1 1 0 1 1 0 1 1 0 1 1 0 1 1 1 0 0 35
0 1 1 1 0 0 0 0 1 0 1 0 0 0 1 1 0 0 1 1 1 0 1 0 1 1 0 1 0 1 0 0 0 1 1 0 1 0 0 1 1 0 1 0 0 0 1 1 1 1 25
1 0 1 1 0 0 0 0 0 0 0 0 1 0 1 0 0 0 0 0 0 0 1 0 0 0 1 1 0 1 0 1 1 1 1 0 1 0 0 1 0 1 1 1 1 1 1 0 1 1 23
1 1 0 1 1 1 0 1 0 0 1 0 0 0 1 1 0 1 0 0 0 1 0 0 0 0 0 0 0 0 0 0 1 1 1 0 1 1 1 1 0 1 1 0 0 1 1 1 0 0 23
1 1 0 1 1 0 1 0 0 1 1 1 1 0 0 1 1 0 0 1 1 0 0 0 0 0 0 0 0 0 0 1 1 0 1 1 1 1 0 1 0 1 1 1 1 1 1 0 1 1 28
0 0 0 0 0 1 0 0 0 0 0 1 1 1 0 0 1 1 0 0 0 0 0 1 1 0 1 0 0 0 0 0 1 1 0 0 1 0 0 1 1 1 0 1 1 0 0 1 0 0 18
1 0 1 0 0 1 0 0 0 0 1 0 0 0 1 1 0 1 0 1 0 0 0 1 0 1 1 0 1 1 0 0 1 1 1 1 0 1 1 1 1 0 1 0 0 1 1 0 0 1 25
1 0 1 1 1 0 0 0 0 1 1 0 1 0 0 0 1 0 0 0 0 0 0 1 0 0 1 0 0 1 1 0 1 1 0 0 1 1 1 0 0 1 1 1 1 1 0 0 0 1 23
0 1 1 0 0 0 0 0 1 0 1 0 0 0 1 0 0 1 0 1 0 1 1 0 0 0 0 0 1 0 1 1 0 1 0 1 0 0 1 0 1 0 0 0 0 0 1 1 1 0 19
0 1 1 1 0 1 1 1 0 0 0 1 0 1 0 1 0 1 1 0 1 1 1 1 1 0 1 0 0 1 0 1 1 0 0 0 0 1 1 0 1 0 0 1 0 0 1 0 1 1 27
0 0 0 0 0 1 1 0 1 1 1 1 0 0 0 0 1 0 0 1 1 1 1 0 0 0 0 1 1 0 1 1 1 0 1 0 0 0 1 1 1 0 0 0 1 1 1 0 1 1 25
0 0 1 1 1 1 1 0 1 0 1 1 0 0 1 0 1 1 1 1 0 0 1 0 0 1 1 0 1 0 1 1 1 0 1 0 1 1 0 0 1 0 0 1 0 0 0 0 0 1 26
0 1 1 1 1 0 0 1 0 0 1 1 1 1 1 1 1 0 1 1 1 1 0 0 1 1 1 1 1 1 1 1 1 0 0 1 1 0 1 1 0 0 0 1 1 0 0 0 0 0 31
0 1 1 0 1 0 0 0 0 0 0 0 1 1 0 0 1 0 1 0 1 1 0 0 1 0 0 1 0 0 0 1 0 1 0 0 1 0 0 1 0 1 0 1 0 1 1 0 1 0 20
0 1 0 0 0 1 1 1 1 0 0 1 0 1 1 1 1 1 0 1 0 1 0 1 0 1 1 0 1 0 1 0 0 1 1 0 1 1 1 0 1 0 0 1 1 0 0 1 1 1 29
0 0 1 0 1 1 0 0 0 0 1 0 1 0 0 0 1 1 0 1 0 1 0 1 0 0 0 1 1 1 1 1 0 1 0 1 1 1 0 1 1 1 1 0 0 1 0 0 1 0 25
1 0 1 1 0 1 0 1 0 0 0 0 0 1 1 1 1 1 0 0 0 1 0 0 1 0 0 0 1 0 0 1 0 1 0 0 1 0 1 0 1 1 1 1 1 1 1 1 1 0 26
1 1 0 0 1 0 1 0 0 0 1 1 0 0 1 0 0 0 0 1 0 1 1 1 1 1 0 0 0 1 0 0 0 1 0 1 1 0 1 1 0 1 1 0 0 1 1 0 1 0 24
0 1 1 1 1 0 0 1 0 0 0 0 0 0 0 1 0 1 1 0 1 1 1 1 1 1 0 1 1 0 0 0 1 1 0 1 1 1 1 0 0 0 1 1 0 0 0 0 0 1 25
1 1 1 0 1 0 1 0 1 0 0 1 1 1 1 1 0 1 0 0 0 0 1 1 0 0 0 1 0 1 1 1 0 1 1 0 1 1 0 0 0 1 1 0 0 0 1 0 0 0 25
0 1 1 1 0 1 0 1 0 0 1 1 0 0 0 1 0 1 1 1 0 1 1 0 1 0 0 1 1 0 0 0 1 0 0 1 1 0 1 0 0 1 1 1 1 1 0 0 1 1 27
1 1 0 0 0 0 0 0 1 1 0 0 0 1 0 0 0 0 1 1 1 0 1 0 0 1 1 1 0 0 1 0 1 1 0 0 1 0 0 0 0 0 1 0 1 1 1 0 0 1 21
0 1 1 1 0 0 1 1 1 1 0 1 0 0 1 1 0 0 1 1 1 1 0 1 0 1 0 0 1 1 0 1 1 0 0 1 1 0 0 0 0 1 1 1 0 0 1 1 0 1 28
1 0 0 0 0 1 0 0 0 1 1 1 0 1 0 0 1 1 0 0 0 0 0 1 0 1 0 0 0 1 0 0 1 0 0 0 0 0 0 0 1 0 1 1 1 1 0 0 0 0 17
0 1 1 1 0 0 0 0 0 1 0 1 0 0 0 0 0 1 1 0 0 1 0 0 1 1 1 0 1 0 1 0 0 1 0 1 0 1 0 1 0 0 0 0 1 0 1 1 0 1 21
1 1 0 0 1 0 0 1 1 0 1 1 1 1 0 1 0 0 1 1 0 0 0 0 1 0 1 0 0 0 1 0 1 1 0 1 0 0 1 0 0 0 0 1 1 1 0 1 0 1 24
1 1 0 1 0 0 0 1 1 0 1 1 1 1 1 0 1 0 0 0 0 1 0 0 1 0 0 1 1 0 1 0 0 0 1 1 0 1 1 0 1 1 0 0 0 0 1 1 1 0 25
0 1 1 0 1 1 0 1 0 0 1 0 1 1 1 0 1 0 1 0 1 0 1 1 1 1 1 1 1 1 1 1 1 1 0 0 0 0 0 0 0 1 1 0 1 0 0 1 1 0 29
1 1 0 1 0 1 0 1 0 1 0 0 1 0 0 1 1 1 1 0 0 0 1 1 0 1 1 0 1 0 0 0 0 0 0 0 1 1 0 0 0 1 0 0 0 1 0 1 0 1 22
0 1 1 1 0 1 1 1 0 0 1 0 0 1 1 0 1 1 0 0 0 0 1 1 0 1 1 1 1 1 1 1 1 0 1 1 0 0 0 0 0 1 1 0 0 0 0 1 1 1 28
0 0 0 0 0 1 1 1 1 1 1 1 0 1 1 1 1 1 0 0 1 1 0 0 1 1 0 1 0 0 0 0 0 1 0 1 1 1 0 0 0 1 0 1 1 0 1 0 1 1 27
1 0 0 0 1 0 1 0 1 1 0 1 1 0 0 1 0 0 0 0 1 1 0 0 1 1 1 0 0 1 1 1 0 1 0 1 1 0 1 1 1 1 0 1 1 1 1 1 0 0 28
0 1 1 1 0 0 0 0 0 0 1 0 1 1 1 0 1 0 1 0 0 1 0 1 1 1 1 0 1 0 0 1 0 1 1 1 0 1 1 1 1 1 1 0 0 0 0 0 1 0 26
1 1 0 1 1 0 1 0 0 1 0 0 0 0 1 1 0 0 1 0 0 0 1 1 1 1 0 0 1 0 0 1 0 0 1 0 0 0 1 0 1 0 0 0 0 0 1 0 0 0 19
0 0 0 1 1 0 1 1 0 0 0 1 1 0 0 1 0 0 0 1 0 0 0 0 0 0 0 1 0 1 1 0 0 0 1 1 1 1 1 1 0 0 0 1 1 1 0 1 0 1 22
1 0 0 1 0 1 0 1 0 1 1 1 1 0 0 0 1 0 0 0 1 1 0 1 0 0 0 0 1 1 1 0 0 1 0 0 1 1 0 1 0 1 1 1 0 1 0 0 0 1 24
0 0 1 0 1 0 1 0 0 0 1 1 0 1 1 1 0 1 0 0 1 1 1 0 1 0 1 1 0 1 1 1 1 0 1 1 1 1 0 1 0 0 0 1 0 0 1 1 0 1 28
0 0 0 0 1 1 1 1 0 0 0 1 1 1 1 1 1 0 0 0 0 0 0 0 1 0 0 0 1 1 1 0 0 0 1 0 0 1 0 1 1 0 1 1 1 1 1 1 0 0 24
0 0 1 1 1 0 1 0 1 0 0 1 0 1 0 0 1 0 1 0 0 0 1 1 1 1 0 0 0 1 0 0 0 0 0 1 1 0 0 0 0 1 1 1 0 1 1 1 1 0 23
0 0 1 1 1 0 0 0 0 1 1 0 1 0 0 1 0 0 0 1 1 1 1 1 1 0 0 1 0 0 1 0 1 1 1 1 1 0 1 1 0 1 1 0 1 1 0 0 0 1 27
1 0 1 1 1 0 1 1 0 0 1 0 1 1 0 0 0 1 1 0 1 0 0 0 1 1 0 0 1 0 0 0 0 1 1 1 1 0 0 1 1 0 1 1 1 1 1 0 0 0 26
0 0 0 0 0 1 1 0 1 0 1 1 1 0 0 0 0 0 0 0 0 1 1 1 0 1 0 0 0 1 1 1 0 1 1 0 0 1 1 1 1 1 0 0 0 0 0 1 0 1 22
0 1 0 1 0 0 0 1 1 1 1 0 1 1 1 1 1 0 1 0 0 1 1 0 0 1 1 1 1 0 1 1 1 1 0 0 0 0 1 0 0 0 0 1 0 1 1 0 1 1 28
1 1 0 0 1 1 0 1 1 1 0 0 0 1 0 1 0 0 0 1 1 1 1 1 1 1 1 1 1 0 0 0 0 0 0 0 1 0 0 1 1 0 1 1 1 1 1 0 0 0 27
0 1 0 0 1 0 1 1 0 0 0 0 0 1 1 0 0 1 0 1 0 0 1 0 1 0 1 1 0 1 1 0 1 1 0 1 0 1 1 1 1 1 0 0 1 0 1 1 0 0 25
1 0 1 1 1 0 0 0 1 0 0 1 1 1 0 1 0 1 0 0 0 1 0 1 1 1 1 1 1 0 1 0 0 0 1 0 0 0 0 0 0 0 1 0 1 1 0 0 1 0 23
0 0 0 0 0 0 1 0 1 1 1 1 1 0 0 0 1 1 1 0 1 1 1 0 0 1 1 0 0 0 1 0 0 0 0 0 1 0 0 1 1 1 0 1 0 1 0 1 0 0 22
0 0 0 0 0 1 1 1 1 1 1 1 1 0 0 0 0 0 0 0 0 0 0 0 0 0 0 0 0 0 0 0 0 0 0 0 0 0 0 0 0 0 0 0 0 0 0 0 0 0 8
0 0 0 0 0 0 0 0 0 0 0 0 0 0 0 0 0 0 0 0 0 0 0 0 0 0 0 0 0 0 0 0 0 0 0 1 0 0 0 0 0 0 0 0 0 0 0 0 0 0 1
0 0 0 0 0 0 0 0 0 0 0 0 0 0 0 0 0 0 0 0 0 0 0 0 0 0 0 0 0 0 0 0 0 0 0 0 0 0 0 0 0 0 1 0 0 0 0 0 0 0 1
0 0 0 0 0 0 0 0 0 0 0 0 0 0 0 0 0 0 0 0 0 0 0 0 0 0 1 0 0 0 0 0 0 0 0 0 0 0 0 0 0 0 0 0 0 0 0 0 0 0 1
0 0 0 0 0 0 0 0 0 0 0 0 0 0 0 0 0 0 0 0 0 0 0 0 0 0 0 0 0 0 0 0 0 0 0 0 0 0 0 0 0 0 0 0 0 0 1 0 0 0 1
0 0 0 0 0 0 0 0 0 0 0 0 0 0 0 0 0 0 0 0 0 0 0 0 0 0 1 0 0 0 0 0 0 0 0 0 0 0 0 0 0 0 0 0 0 0 0 0 1 0 2
0 0 0 0 0 0 0 0 0 0 0 0 0 0 0 1 0 0 0 0 0 0 0 0 0 0 0 0 0 0 0 0 0 0 0 0 0 0 0 0 0 0 0 0 0 0 0 0 0 0 1
0 0 0 0 0 0 0 0 0 0 0 0 0 0 0 0 0 0 0 0 0 0 0 0 0 0 0 0 0 0 0 0 0 0 0 0 0 0 0 0 1 0 0 0 0 0 0 0 0 0 1
0 0 0 0 0 0 0 0 0 0 0 0 0 0 0 0 0 0 0 0 0 0 1 0 0 0 0 0 0 0 0 0 0 0 0 0 0 0 0 0 0 0 0 0 0 0 0 0 0 0 1
0 0 0 0 0 0 0 0 0 0 0 0 0 0 1 0 0 0 0 0 0 0 0 0 0 0 0 0 0 0 0 0 0 0 0 0 0 0 0 0 0 0 0 0 0 0 0 0 0 0 1
0 0 0 0 0 0 0 0 0 0 0 0 0 0 0 0 0 0 0 0 0 0 0 0 0 0 0 0 0 0 0 0 0 0 0 0 0 0 0 0 0 0 0 0 1 0 0 0 0 0 1
0 0 0 0 0 0 0 0 0 0 0 0 0 0 0 0 0 0 1 0 0 0 0 0 0 0 0 0 0 0 0 0 0 0 0 0 0 0 0 0 0 0 0 0 0 0 0 0 0 0 1
0 0 0 0 0 0 0 0 0 0 0 0 0 0 0 0 0 0 0 1 0 0 0 0 0 0 0 0 0 0 0 0 0 0 0 0 0 0 0 0 0 0 0 0 0 0 0 0 0 0 1
0 0 0 0 0 0 0 0 0 0 0 0 0 0 0 0 0 0 0 0 0 0 0 0 0 0 0 0 0 0 0 0 0 0 0 0 0 0 0 0 0 0 0 0 0 0 0 1 0 0 1
0 0 0 0 0 0 0 0 0 0 0 1 0 0 0 0 0 0 0 0 0 0 0 0 0 0 0 0 0 0 0 0 0 0 0 0 0 0 0 0 0 0 0 0 0 0 0 0 0 0 1
0 0 0 0 0 0 0 0 0 0 0 0 0 0 0 0 1 0 0 0 0 0 0 0 0 0 0 0 0 0 0 0 0 0 0 0 0 0 0 0 0 0 0 0 0 0 0 0 0 0 1
0 0 0 0 0 0 0 0 0 0 0 0 0 0 0 0 0 0 0 0 0 0 1 0 0 0 0 0 0 0 0 0 0 0 0 0 0 0 0 0 0 0 0 0 0 0 0 0 0 0 1
0 0 0 0 0 0 0 0 0 0 0 0 0 0 0 0 0 0 0 0 0 0 0 0 0 0 0 0 0 0 0 0 0 0 0 0 0 0 0 0 0 0 0 0 0 1 0 0 0 0 1
0 0 0 0 0 0 0 0 0 0 0 0 0 0 0 0 0 0 0 0 0 0 0 0 0 0 0 0 0 0 0 0 0 0 0 1 0 0 0 0 0 0 0 0 0 0 0 0 0 0 1
0 0 0 0 0 0 0 0 0 1 0 0 0 0 0 0 0 0 0 0 0 0 0 0 0 0 0 0 0 0 0 0 0 0 0 0 0 0 0 0 0 0 0 0 0 0 0 0 0 0 1
0 0 0 0 0 0 0 0 0 0 0 0 0 0 0 0 0 0 0 0 0 0 0 0 0 0 0 0 0 0 0 0 0 0 0 0 0 0 0 0 0 0 0 0 0 1 0 0 0 0 1
0 0 0 0 0 0 0 0 0 0 0 0 0 0 0 0 0 0 0 0 0 0 0 0 0 0 0 0 0 0 0 1 0 0 0 0 0 0 0 0 0 0 0 0 0 0 0 0 0 0 1
0 0 0 0 0 0 0 0 0 0 0 0 0 0 0 0 0 0 0 0 0 0 0 0 0 0 0 0 0 0 0 0 1 0 0 0 0 0 0 0 0 0 0 0 0 0 0 0 0 0 1
0 0 0 0 1 0 0 0 0 0 0 0 0 0 0 0 0 0 0 0 0 0 0 0 0 0 0 0 0 0 0 0 0 0 0 0 0 0 0 0 0 0 0 0 0 0 0 0 0 0 1
0 0 0 0 0 0 0 0 0 0 0 0 0 0 0 0 0 0 0 0 0 0 0 0 0 0 0 0 0 0 0 0 0 0 0 0 1 0 0 0 0 0 0 0 0 0 0 0 0 0 1
0 0 0 0 0 0 0 0 0 0 0 0 0 0 0 0 0 0 0 0 0 0 0 0 0 0 0 0 0 0 0 0 0 0 1 0 0 0 0 0 0 0 0 0 0 0 0 0 0 0 1
0 0 0 0 0 0 0 0 0 0 0 0 0 0 0 0 0 0 0 0 0 0 0 0 0 0 0 0 0 0 0 0 0 0 0 0 0 0 0 0 0 0 0 0 0 0 0 0 1 0 1
0 0 0 0 0 0 0 0 0 0 0 0 0 0 0 0 0 1 0 0 0 0 0 0 0 0 0 0 0 0 0 0 0 0 0 0 0 0 0 0 0 0 0 0 0 0 0 0 0 0 1
0 0 0 0 0 0 0 0 0 0 0 0 0 0 0 0 0 0 0 0 0 0 0 0 1 0 0 0 0 0 0 0 0 0 0 0 0 0 0 0 0 0 0 0 0 0 0 0 0 0 1
0 0 0 0 0 0 0 0 0 0 0 0 0 0 0 0 0 0 0 0 0 0 0 0 0 0 0 0 0 1 0 0 0 0 0 0 0 0 0 0 0 0 0 0 0 0 0 0 0 0 1
0 0 0 0 0 0 0 0 0 0 0 0 0 0 0 0 0 0 0 0 0 0 0 0 0 0 0 0 0 0 0 0 0 0 0 0 0 0 0 0 0 0 0 0 0 0 0 0 1 0 1
0 0 0 0 0 0 0 0 0 0 0 0 0 0 0 0 0 0 0 0 0 0 0 0 0 0 0 1 0 0 0 0 0 0 0 0 0 0 0 0 0 0 0 0 0 0 0 0 0 0 1
0 0 0 0 0 0 0 0 0 0 0 0 0 0 0 0 0 0 0 0 0 0 0 0 0 0 0 0 0 0 0 0 0 0 0 0 0 0 0 0 0 1 0 0 0 0 0 0 0 0 1
0 0 0 0 0 0 0 0 0 0 0 0 0 0 0 0 0 0 0 0 0 0 0 0 0 0 0 0 0 0 0 0 0 0 0 0 0 0 0 1 0 0 0 0 0 0 0 0 0 0 1
0 0 0 0 0 0 0 0 0 0 0 0 0 0 0 0 0 0 0 0 0 0 0 0 0 0 0 0 0 0 0 0 0 0 0 0 0 0 0 0 1 0 0 0 0 0 0 0 0 0 1
0 0 0 1 0 0 0 0 0 0 0 0 0 0 1 0 0 0 0 0 0 0 0 0 0 0 0 0 0 0 0 0 0 0 0 0 0 0 0 0 0 0 0 0 0 0 0 0 0 0 2
0 0 0 0 0 0 0 0 0 1 0 0 0 0 0 0 0 0 0 0 0 0 0 0 0 0 0 0 0 0 0 0 0 0 0 0 0 0 0 0 0 0 0 0 0 0 0 0 0 0 1
0 0 0 0 0 0 0 0 0 0 0 0 0 0 0 0 0 0 0 0 0 0 0 0 0 0 0 0 0 0 0 0 0 0 0 0 0 0 0 0 0 0 0 1 0 0 0 0 0 0 1
0 0 0 0 0 0 0 0 0 0 0 0 0 0 0 0 0 0 0 0 0 0 0 0 0 0 0 0 0 0 0 0 0 0 0 0 0 1 0 0 0 0 0 0 0 0 0 0 0 0 1
0 0 0 0 0 0 0 0 0 0 0 0 0 0 0 0 0 0 0 0 0 0 0 0 0 1 0 0 0 0 0 0 0 0 0 0 0 0 0 0 0 0 0 0 0 0 0 0 0 0 1
0 0 0 0 0 0 0 0 0 0 0 0 0 0 0 0 0 0 0 0 0 0 0 0 0 0 0 0 0 0 0 0 0 0 0 1 0 0 0 0 0 0 0 0 0 0 0 0 0 0 1
0 0 0 0 0 0 0 0 0 0 0 0 0 0 0 0 0 0 1 0 0 0 0 0 0 0 0 0 0 0 0 0 0 0 0 0 0 0 0 0 0 0 0 0 0 0 0 0 0 0 1
0 0 0 0 0 0 0 0 0 0 0 0 0 0 0 0 0 0 0 0 0 0 0 0 0 0 0 0 0 0 0 0 0 0 0 0 0 0 0 0 0 0 0 0 0 0 1 0 0 0 1
0 0 0 0 0 0 0 0 0 0 0 0 0 0 0 0 0 0 0 0 0 0 0 0 0 0 1 0 0 0 0 0 0 0 0 0 0 0 0 0 0 0 0 0 0 0 0 0 0 0 1
0 0 0 0 0 0 0 0 0 0 0 0 0 0 1 0 0 0 0 0 0 0 0 0 0 0 0 0 0 0 0 0 0 0 0 0 0 0 0 0 0 0 0 0 0 0 0 0 0 0 1
0 0 0 0 1 0 0 0 0 0 0 0 0 0 0 0 0 0 0 0 0 0 0 0 0 0 0 0 0 0 0 0 0 0 0 0 0 0 0 0 0 0 0 0 0 0 0 0 0 0 1
0 0 0 0 0 0 0 0 0 1 0 0 0 0 0 0 0 0 0 0 0 0 0 0 0 0 0 0 0 0 0 0 0 0 0 0 0 0 0 0 0 0 0 0 0 0 0 0 0 0 1
0 0 0 0 0 0 0 0 0 0 0 0 0 0 0 0 0 0 0 0 0 0 0 0 0 0 0 0 0 0 0 0 0 0 0 0 0 0 0 0 0 0 0 0 0 0 0 0 1 0 1
0 0 0 0 0 0 1 0 0 0 0 0 0 0 0 0 0 0 0 0 0 0 0 0 0 0 0 0 0 0 0 0 0 0 0 0 0 0 0 0 0 0 0 0 0 0 0 0 0 0 1
0 0 0 0 0 0 0 0 0 0 0 0 0 0 0 0 0 0 0 0 0 0 0 0 0 0 0 0 0 0 0 0 0 0 0 0 0 0 0 0 0 0 0 0 0 0 0 0 1 0 1
0 0 0 0 1 0 0 0 0 0 0 0 0 0 0 0 0 0 0 0 0 0 0 0 0 0 0 0 0 0 0 0 0 0 0 0 0 0 0 0 0 0 0 0 0 0 0 0 0 0 1
0 0 0 0 0 0 0 0 0 0 0 0 0 0 0 0 0 0 0 0 0 0 0 0 0 0 0 0 0 0 0 0 0 0 0 0 0 0 0 0 0 0 0 1 0 0 0 0 0 0 1
0 0 1 0 0 0 0 0 0 0 0 0 0 0 0 0 0 0 0 0 0 0 0 0 0 0 0 0 0 0 0 0 0 0 0 0 0 0 0 0 0 0 0 0 0 0 0 0 0 0 1
0 0 0 0 0 0 0 0 0 0 0 0 0 1 0 0 0 0 0 0 0 0 0 0 0 0 0 0 0 0 0 0 0 0 0 0 0 0 0 0 0 0 0 0 0 0 0 0 0 0 1
0 0 0 0 1 0 0 0 0 0 0 0 0 0 0 0 0 0 0 0 0 0 0 0 0 0 0 0 0 0 0 0 0 0 0 0 0 0 0 0 0 0 0 0 0 0 0 0 0 0 1
0 1 0 0 0 0 0 0 0 0 0 0 0 0 0 0 0 0 0 0 0 0 0 0 0 0 0 0 0 0 0 0 0 0 0 0 0 0 0 0 0 0 0 0 0 0 0 0 0 0 1
0 0 0 0 0 0 0 0 0 0 0 0 0 0 0 0 0 0 0 0 0 0 0 0 0 0 1 0 0 0 0 0 0 0 0 0 0 0 0 0 0 0 0 0 0 0 0 0 0 0 1
0 0 0 0 0 0 0 0 0 0 0 0 0 0 0 0 0 0 0 0 0 0 0 0 0 0 0 0 0 0 0 0 0 0 0 0 0 0 0 0 0 0 0 0 1 0 0 0 0 0 1
0 0 0 0 0 0 0 0 0 0 0 0 0 0 0 0 0 0 0 0 0 0 0 0 0 0 0 0 0 0 0 0 0 0 0 0 0 0 0 0 0 1 0 0 0 0 0 0 0 0 1
0 0 0 0 0 0 0 0 0 0 0 0 0 0 0 0 0 0 0 0 0 0 0 0 0 1 0 0 0 0 0 0 0 0 0 0 0 0 0 0 0 0 0 0 0 0 0 0 0 0 1
0 0 0 0 0 0 0 0 0 0 0 0 0 0 0 0 0 0 0 0 0 0 0 0 0 0 0 0 0 0 0 0 0 0 1 0 0 0 0 0 0 0 0 0 0 0 0 0 0 0 1
0 0 0 1 0 0 0 0 0 0 0 0 0 0 0 0 0 0 0 0 0 0 0 0 0 0 0 0 0 0 0 0 0 0 0 0 0 0 0 0 0 0 0 0 0 0 0 0 0 0 1
0 0 0 0 0 0 0 0 0 0 0 0 0 0 0 0 0 0 0 0 0 0 0 0 0 0 0 0 0 0 0 0 0 0 0 0 0 0 0 0 1 0 0 0 0 0 0 0 0 0 1
1 0 0 0 0 0 0 0 0 0 0 0 0 0 0 0 0 0 0 0 0 0 0 0 0 0 0 0 0 0 0 0 0 0 0 0 0 0 0 0 0 0 0 0 0 0 0 0 0 0 1
0 0 0 0 0 0 0 0 0 0 0 0 0 0 0 0 0 0 0 0 1 0 0 0 0 0 0 0 0 0 0 0 0 0 0 0 0 0 0 0 0 0 0 0 0 0 0 0 0 0 1
0 0 0 0 0 0 0 0 0 0 0 0 0 0 0 0 0 1 0 0 0 0 0 0 0 0 0 0 0 0 0 0 0 0 0 0 0 0 0 0 0 0 0 0 0 0 0 0 0 0 1
0 0 0 0 0 0 0 0 0 0 0 0 0 0 1 0 0 0 0 0 0 0 0 0 0 0 0 0 0 0 0 0 0 0 0 0 0 0 0 0 0 0 0 0 0 0 0 0 0 0 1
0 0 0 0 0 0 0 0 0 0 0 0 0 0 0 1 0 0 0 0 0 0 0 0 0 0 0 0 0 0 0 0 0 0 0 0 0 0 0 0 0 0 0 0 0 0 0 0 0 0 1
0 0 1 0 0 0 0 0 0 0 0 0 0 0 0 0 0 0 0 0 0 0 0 0 0 0 0 0 0 0 0 0 0 0 0 0 0 0 0 0 0 0 0 0 0 0 0 0 0 0 1
0 0 0 0 0 0 0 0 0 0 0 0 0 0 0 0 0 0 0 0 0 0 0 0 0 0 0 0 0 0 0 0 0 0 1 0 0 0 0 0 0 0 0 0 0 0 0 0 0 0 1
0 0 0 0 0 0 0 0 0 0 0 0 0 0 0 0 0 0 0 0 0 0 0 0 0 0 0 0 0 0 0 0 0 0 0 0 0 0 0 0 0 0 1 0 0 0 0 0 0 0 1
0 0 0 0 0 0 0 0 0 0 0 0 0 0 0 0 0 0 0 0 0 0 0 0 0 0 0 0 0 0 0 0 0 0 0 0 0 0 0 0 0 0 0 0 0 0 0 0 1 0 1
0 0 0 0 0 0 0 0 0 0 0 0 0 0 0 0 0 0 0 0 0 0 0 0 0 0 0 0 0 0 0 0 0 0 0 0 0 0 0 0 0 0 0 0 0 0 0 1 0 0 1
0 0 0 0 0 0 0 0 0 0 0 1 0 0 0 0 0 0 0 0 0 0 0 0 0 0 0 0 0 0 0 0 0 0 0 0 0 0 0 0 0 0 0 0 0 0 0 0 0 0 1
0 0 0 0 0 0 0 0 1 0 0 0 0 0 0 0 0 0 0 0 0 0 0 0 0 0 0 0 0 0 0 0 0 0 0 0 0 0 0 0 0 0 0 0 0 0 0 0 0 0 1
0 0 0 0 0 0 0 0 0 0 1 0 0 0 0 0 0 0 0 0 0 0 0 0 0 0 0 0 0 0 0 0 0 0 0 0 0 0 0 0 0 0 0 0 0 0 0 0 0 0 1
0 0 0 0 0 0 0 0 0 0 0 0 0 0 0 0 0 0 0 1 0 0 0 0 0 0 0 0 0 0 0 0 0 0 0 0 0 0 0 0 0 0 0 0 0 0 0 0 0 0 1
0 0 0 0 0 0 0 0 0 0 0 0 0 0 0 0 0 0 0 0 0 0 0 0 0 0 0 0 0 0 0 0 0 0 0 0 0 1 0 0 0 0 0 0 0 0 0 0 0 0 1
0 0 0 0 0 0 0 0 0 0 0 0 1 0 0 0 0 0 0 0 0 0 0 0 0 0 0 0 0 0 0 0 0 0 0 0 0 0 0 0 0 0 0 0 0 0 0 0 0 0 1
0 0 1 0 0 0 0 0 0 0 0 0 0 0 0 0 0 0 0 0 0 0 0 0 0 0 0 0 0 0 0 0 0 0 0 0 0 0 0 0 0 0 0 0 0 0 0 0 0 0 1
0 0 0 0 0 0 0 0 0 0 0 0 0 0 0 0 0 0 0 0 0 0 0 0 0 0 1 0 0 0 0 0 0 0 0 0 0 0 0 0 0 0 0 0 0 0 0 0 0 0 1
0 0 0 0 0 0 0 0 0 0 0 0 0 0 0 0 0 0 0 0 0 0 0 0 0 0 0 0 0 0 0 0 0 0 0 0 0 0 0 0 0 0 0 0 0 0 1 0 0 0 1
0 0 0 0 0 0 0 1 0 0 0 0 0 0 0 0 0 0 0 0 0 0 0 0 0 0 0 0 0 0 0 0 0 0 0 0 0 0 0 0 0 0 0 0 0 0 0 0 0 0 1
0 0 0 0 0 0 0 0 0 0 0 0 0 0 0 0 0 0 0 0 0 0 0 0 0 0 0 0 0 0 0 0 0 0 0 0 0 0 0 0 0 0 0 0 0 0 0 0 0 1 1
0 0 0 0 0 0 0 0 0 0 0 0 0 0 0 0 0 0 0 0 0 0 0 0 0 0 0 0 0 0 0 1 0 0 0 0 0 0 0 0 0 0 0 0 0 0 0 0 0 0 1
0 0 0 0 0 0 0 0 0 0 0 0 0 0 0 0 0 0 1 0 0 0 0 0 0 0 0 0 0 0 0 0 0 0 0 0 0 0 0 0 0 0 0 0 0 0 0 0 0 0 1
0 0 0 0 0 0 0 0 0 0 0 0 0 0 0 0 0 0 0 0 0 0 0 0 0 0 0 0 0 0 0 0 0 0 0 0 0 0 0 0 0 1 0 0 0 0 0 0 0 0 1
0 0 0 0 0 0 0 0 0 0 0 0 0 0 0 0 0 0 0 0 0 0 0 0 0 0 0 0 0 0 0 0 0 0 0 0 0 0 0 0 0 0 1 0 0 0 0 0 0 0 1
0 0 0 0 0 0 0 0 0 0 0 1 0 0 0 0 0 0 0 0 0 0 0 0 0 0 0 0 0 0 0 0 0 0 0 0 0 0 0 0 0 0 0 0 0 0 0 0 0 0 1
0 0 0 1 0 0 0 0 0 0 0 0 0 0 0 0 0 0 0 0 0 0 0 0 0 0 0 0 0 0 0 0 0 0 0 0 0 0 0 0 0 0 0 0 0 0 0 0 0 0 1
0 0 0 0 1 0 0 0 0 0 0 0 0 0 0 0 0 0 0 0 0 0 0 0 0 0 0 0 0 0 0 0 0 0 0 0 0 0 0 0 0 0 0 0 0 0 0 0 0 0 1
0 0 0 0 0 0 0 0 0 0 0 0 0 0 0 0 0 0 0 0 0 0 0 0 0 0 0 0 0 0 0 0 0 0 0 0 0 0 0 1 0 0 0 0 0 0 0 0 0 0 1
0 0 0 0 0 0 0 0 0 0 1 0 0 0 0 0 0 0 0 0 0 0 0 0 0 0 0 0 0 0 0 0 0 0 0 0 0 0 0 0 0 0 0 0 0 0 0 0 0 0 1
0 0 0 0 0 0 0 0 0 0 0 0 0 0 0 0 0 0 0 0 0 0 0 0 0 0 0 0 0 0 0 0 0 0 0 0 0 0 0 1 0 0 0 0 0 0 0 0 0 0 1
0 0 0 0 0 0 0 0 0 0 0 0 0 0 0 0 0 0 0 0 0 0 1 0 0 0 0 0 0 0 0 0 0 0 0 0 0 0 0 0 0 0 0 0 0 0 0 0 0 0 1
0 0 0 0 0 0 0 0 0 0 0 0 0 0 0 0 0 0 0 0 0 0 0 0 0 0 0 0 0 0 0 0 0 0 0 0 0 0 1 0 0 0 0 0 0 0 0 0 0 0 1
0 0 0 0 0 0 0 0 1 0 0 0 0 0 0 0 0 0 0 0 0 0 0 0 0 0 0 0 0 0 0 0 0 0 0 0 0 0 0 0 0 0 0 0 0 0 0 0 0 0 1
0 0 0 0 0 0 0 0 0 0 0 0 0 0 0 1 0 0 0 0 0 0 0 0 0 0 0 0 0 0 0 0 0 0 0 0 0 0 0 0 0 0 0 0 0 0 0 0 0 0 1
0 0 0 0 0 0 0 0 0 1 0 0 0 0 0 0 0 0 0 0 0 0 0 0 0 0 0 0 0 0 0 0 0 0 0 0 0 0 0 0 0 0 0 0 0 0 0 0 0 0 1
0 0 0 0 0 0 0 0 0 0 0 0 0 0 0 0 0 0 0 0 0 0 0 0 0 0 1 0 0 0 0 0 0 0 0 0 0 0 0 0 0 0 0 0 0 0 0 0 0 0 1
0 0 0 0 0 0 0 0 0 0 0 0 0 0 0 0 0 0 0 0 0 0 0 0 0 0 0 0 0 0 0 0 0 0 0 0 0 0 0 0 0 1 0 0 0 0 0 0 0 0 1
0 0 0 0 0 0 0 0 0 0 0 0 0 0 0 0 0 0 0 0 0 0 0 0 0 0 0 0 0 0 1 0 0 0 0 0 0 0 0 0 0 0 0 0 0 0 0 0 0 0 1
0 0 0 0 0 0 0 0 1 0 0 0 0 0 0 0 0 0 0 0 0 0 0 0 0 0 0 0 0 0 0 0 0 0 0 0 0 0 0 0 0 0 0 0 0 0 0 0 0 0 1
0 0 0 0 0 0 0 0 0 0 0 0 1 0 0 0 0 0 0 0 0 0 0 0 0 0 0 0 0 0 0 0 0 0 0 0 0 0 0 0 0 0 0 0 0 0 0 0 0 0 1
0 0 0 0 0 0 0 0 0 0 0 0 0 0 0 0 0 0 1 0 0 0 0 0 0 0 0 0 0 0 0 0 0 0 0 0 0 0 0 0 0 0 0 0 0 0 0 0 0 0 1
0 0 0 0 0 0 0 0 0 0 0 0 0 0 0 0 0 0 0 0 0 0 0 0 0 0 0 0 0 0 0 0 0 1 0 0 0 0 0 0 0 0 0 0 0 0 0 0 0 0 1
0 0 0 0 0 0 0 0 0 0 0 0 0 0 0 0 0 0 0 0 0 0 0 0 0 0 0 0 0 0 0 0 0 0 0 0 0 0 0 0 1 0 0 0 0 0 0 0 0 0 1
1 0 0 0 0 0 0 0 0 0 0 0 0 0 0 0 0 0 0 0 0 0 0 0 0 0 0 0 0 0 0 0 0 0 0 0 0 0 0 0 0 0 0 0 0 0 0 0 0 0 1
0 0 0 0 0 0 0 0 0 0 0 0 0 0 0 0 0 0 0 0 0 0 0 0 0 1 0 0 0 0 0 0 0 0 0 0 0 0 0 0 0 0 0 0 0 0 0 0 0 0 1
0 0 0 0 0 0 0 0 0 0 0 0 0 0 0 0 0 0 0 0 0 0 0 0 0 0 0 0 0 0 0 0 0 0 0 0 0 0 0 0 0 0 0 0 0 0 0 0 0 1 1
0 0 0 0 0 0 0 0 0 0 0 0 0 0 0 0 0 0 0 0 0 0 0 0 0 0 0 0 0 0 0 0 0 0 0 0 0 0 0 0 0 0 1 0 0 0 0 0 0 0 1
0 0 0 0 0 0 0 0 0 0 0 0 0 0 0 0 0 0 0 0 0 1 0 0 0 0 0 0 0 0 0 0 0 0 0 0 0 0 0 0 0 0 0 0 0 0 0 0 0 0 1
0 0 0 0 0 0 0 0 0 0 0 0 0 0 0 0 0 0 0 0 0 0 0 0 0 0 0 0 0 0 0 0 0 0 0 0 0 0 0 0 1 0 0 0 0 0 0 0 0 0 1
0 0 0 0 0 0 0 0 0 0 0 0 0 0 0 0 0 0 0 0 0 0 0 0 0 0 0 0 0 0 0 0 0 0 0 0 0 0 0 0 0 0 1 0 0 0 0 0 0 0 1
0 0 0 0 0 0 0 0 0 0 0 0 0 0 0 0 0 0 0 0 0 0 0 0 0 0 0 0 0 0 0 0 1 0 0 0 0 0 0 0 0 0 0 0 0 0 0 0 0 0 1
0 0 0 0 0 0 0 0 0 0 0 0 0 0 0 0 0 0 0 0 1 0 0 0 0 0 0 0 0 0 0 0 0 0 0 0 0 0 0 0 0 0 0 0 0 0 0 0 0 0 1
0 0 0 0 0 0 0 0 0 0 0 0 0 0 0 0 0 0 0 1 0 0 0 0 0 0 0 0 0 0 0 0 0 0 0 0 0 0 0 0 0 0 0 0 0 0 0 0 0 0 1
0 0 0 0 0 0 0 0 0 0 0 0 0 0 0 0 0 0 0 0 0 0 0 0 0 0 0 0 0 0 0 0 0 0 0 0 1 0 0 0 0 0 0 0 0 0 0 0 0 0 1
0 0 0 0 0 0 0 0 0 0 0 0 0 0 0 0 0 0 0 0 0 0 0 0 0 0 0 0 0 0 0 0 0 0 0 0 0 0 0 0 0 1 0 0 0 0 0 0 0 0 1
0 0 0 0 0 0 0 0 0 0 0 0 0 0 0 0 0 0 0 0 0 0 0 1 0 0 0 0 0 0 0 0 0 0 0 0 0 0 0 0 0 0 0 0 0 0 0 0 0 0 1
0 0 0 0 0 0 0 0 0 0 0 0 0 0 0 0 0 0 0 0 0 0 0 0 1 0 0 0 0 0 0 0 0 0 0 0 0 0 0 0 0 0 0 0 0 0 0 0 0 0 1
0 0 0 0 0 0 0 0 0 0 0 0 0 0 0 0 0 0 0 0 0 0 0 0 0 0 0 0 0 0 0 0 0 0 0 0 0 0 0 0 0 0 0 0 1 0 0 0 0 0 1
0 1 0 0 0 0 0 0 0 0 0 0 0 0 0 0 0 0 0 0 0 0 0 0 0 0 0 0 0 0 0 0 0 0 0 0 0 0 0 0 0 0 0 0 0 0 0 0 0 0 1
0 0 0 0 0 0 0 0 0 0 0 0 0 0 0 0 0 0 0 0 0 0 0 0 0 0 0 0 0 0 0 0 0 0 0 0 0 0 0 0 0 0 0 0 1 0 0 0 0 0 1
0 0 0 0 0 0 0 0 0 0 0 0 0 0 0 0 0 0 0 0 0 1 0 0 0 0 0 0 0 0 0 0 0 0 0 0 0 0 0 0 0 0 0 0 0 0 0 0 0 0 1
0 0 0 0 0 0 0 0 0 0 0 0 0 0 0 0 0 0 0 0 0 0 0 0 0 0 0 0 0 0 0 0 0 0 0 0 0 0 0 0 0 0 0 1 0 0 0 0 0 0 1
0 0 0 0 0 0 0 0 0 0 0 0 0 0 0 0 0 0 0 1 0 0 0 0 0 0 0 0 0 0 0 0 0 0 0 0 0 0 0 0 0 0 0 0 0 0 0 0 0 0 1
0 0 0 0 0 0 0 0 0 0 0 0 0 0 0 1 0 0 0 0 0 0 0 0 0 0 0 0 0 0 0 0 0 0 0 0 0 0 0 0 0 0 0 0 0 0 0 0 0 0 1
0 0 0 0 0 0 0 0 1 0 0 0 0 0 0 0 0 0 0 0 0 0 0 0 0 0 0 0 0 0 0 0 0 0 0 0 0 0 0 0 0 0 0 0 0 0 0 0 0 0 1
0 0 0 0 0 0 0 0 0 0 0 0 0 0 0 0 0 0 0 0 0 0 0 0 0 0 0 0 0 0 0 0 0 0 0 0 0 0 0 0 0 0 0 0 0 1 0 0 0 0 1
0 0 0 0 0 0 0 0 0 0 0 0 0 0 0 0 0 0 0 0 0 0 0 0 0 0 0 0 0 0 0 0 0 0 0 0 0 0 0 0 0 0 0 0 0 0 0 1 0 0 1
0 0 0 0 0 0 0 0 0 0 0 0 0 0 0 0 0 0 0 0 0 0 0 0 0 0 0 0 0 0 0 0 0 0 0 0 1 0 0 0 0 0 0 0 0 0 0 0 0 0 1
0 0 0 0 0 0 0 0 0 0 0 0 0 0 0 0 0 0 0 0 0 0 0 0 0 0 0 0 0 0 0 0 0 0 0 0 0 0 0 0 0 0 1 0 0 0 0 0 0 0 1
0 0 0 0 0 0 0 0 0 0 0 0 0 0 0 0 1 0 0 0 0 0 0 0 0 0 0 0 0 0 0 0 0 0 0 0 0 0 0 0 0 0 0 0 0 0 0 0 0 0 1
0 0 0 0 0 0 0 0 0 0 0 0 0 0 0 0 0 0 0 0 0 0 0 0 0 0 0 1 0 0 0 0 0 0 0 0 0 0 0 0 0 0 0 0 0 0 0 0 0 0 1
0 0 0 0 0 0 0 0 0 0 0 0 0 0 0 0 0 0 0 0 0 0 0 0 0 0 0 0 0 1 0 0 0 0 0 0 0 0 0 0 0 0 0 0 0 0 0 0 0 0 1
0 0 0 0 0 0 0 0 0 0 0 0 1 0 0 0 0 0 0 0 0 0 0 0 0 0 0 0 0 0 0 0 0 0 0 0 0 0 0 0 0 0 0 0 0 0 0 0 0 0 1
0 0 0 0 0 0 0 0 0 0 0 0 0 0 0 0 0 0 0 0 0 0 0 0 0 0 0 0 0 0 0 0 1 0 0 0 0 0 0 0 0 0 0 0 0 0 0 0 0 0 1
0 0 0 0 0 0 0 0 0 1 0 0 0 0 0 0 0 0 0 0 0 0 0 0 0 0 0 0 0 0 0 0 0 0 0 0 0 0 0 0 0 0 0 0 0 0 0 0 0 0 1
0 0 0 0 0 0 0 0 0 0 0 1 0 0 0 0 0 0 0 0 0 0 0 0 0 0 0 0 0 0 0 0 0 0 0 0 0 0 0 0 0 0 0 0 0 0 0 0 0 0 1
0 0 0 0 0 0 0 0 0 0 0 0 0 0 0 0 0 0 0 0 0 0 0 0 0 0 0 0 0 0 0 0 0 0 0 0 0 0 1 0 0 0 0 0 0 0 0 0 0 0 1
0 0 0 0 0 0 0 0 0 0 0 0 0 0 0 0 0 0 0 0 0 0 0 0 0 0 0 0 0 0 0 0 0 0 0 0 0 0 0 0 1 0 0 0 0 0 0 0 0 0 1
0 0 0 0 0 0 0 0 0 0 0 0 0 0 0 0 0 0 0 0 1 0 0 0 0 0 0 0 0 0 0 0 0 0 0 0 0 0 0 0 0 0 0 0 0 0 0 0 0 0 1
0 0 0 0 0 1 0 0 0 0 0 0 0 0 0 0 0 0 0 0 0 0 0 0 0 0 0 0 0 0 0 0 0 0 0 0 0 0 0 0 0 0 0 0 0 0 0 0 0 0 1
0 0 0 0 0 0 0 0 1 0 0 0 0 0 0 0 0 0 0 0 0 0 0 0 0 0 0 0 0 0 0 0 0 0 0 0 0 0 0 0 0 0 0 0 0 0 0 0 0 0 1
0 0 0 0 0 0 0 0 0 0 0 0 1 0 0 0 0 0 0 0 0 0 0 0 0 0 0 0 0 0 0 0 0 0 0 0 0 0 0 0 0 0 0 0 0 0 0 0 0 0 1
0 0 0 0 0 0 0 0 0 0 0 0 0 0 0 0 0 0 1 0 0 0 0 0 0 0 0 0 0 0 0 0 0 0 0 0 0 0 0 0 0 0 0 0 0 0 0 0 0 0 1
0 0 0 0 0 0 0 1 0 0 0 0 0 0 0 0 0 0 0 0 0 0 0 0 0 0 0 0 0 0 0 0 0 0 0 0 0 0 0 0 0 0 0 0 0 0 0 0 0 0 1
0 0 0 0 0 0 0 0 0 0 0 0 0 0 0 0 0 0 0 0 0 0 0 0 0 0 0 0 0 0 0 0 0 0 0 1 0 0 0 0 0 0 0 0 0 0 0 0 0 0 1
0 0 0 0 0 0 0 0 0 0 0 0 0 0 0 0 0 0 0 0 0 0 0 0 0 0 0 0 0 0 0 0 0 0 0 0 0 0 0 0 0 0 1 0 0 0 0 0 0 0 1
0 0 0 0 0 0 0 0 0 0 0 1 0 0 0 0 0 0 0 0 0 0 0 0 0 0 0 0 0 0 0 0 0 0 0 0 0 0 0 0 0 0 0 0 0 0 0 0 0 0 1
0 0 0 0 0 0 0 0 0 0 0 0 0 0 0 0 0 0 0 0 0 0 0 0 1 0 0 0 0 0 0 0 0 0 0 0 0 0 0 0 0 0 0 0 0 0 0 0 0 0 1
0 0 0 0 0 0 0 0 0 0 0 0 0 0 0 0 0 0 0 0 0 0 0 0 0 0 0 0 0 0 0 0 0 0 0 0 0 0 0 0 0 0 0 0 0 0 0 0 0 1 1
0 0 0 0 0 0 0 1 0 0 0 0 0 0 0 0 0 0 0 0 0 0 0 0 0 0 0 0 0 0 0 0 0 0 0 0 0 0 0 0 0 0 0 0 0 0 0 0 0 0 1
0 0 0 0 0 0 1 0 0 0 0 0 0 0 0 0 0 0 0 0 0 0 0 0 0 0 0 0 0 0 0 0 0 0 0 0 0 0 0 0 0 0 0 0 0 0 0 0 0 0 1
0 0 0 0 0 0 0 0 0 0 0 0 0 0 0 0 0 0 0 0 1 0 0 0 0 0 0 0 0 0 0 0 0 0 0 0 0 0 0 0 0 0 0 0 0 0 0 0 0 0 1
178 172 171 175 174 170 176 154 162 165 183 154 169 155 172 154 155 154 166 168 172 170 166 169 184 156 177 162 166 173 155 164 171 173 168 165 168 159 163 173 166 157 168 178 158 166 159 163 172 165 8333
