0 0 1 1 1 0 1 1 1 0 0 0 0 0 1 1 1 0 1 1 1 1 1 1 0 1 0 0 1 1 0 0 0 0 0 0 1 0 1 1 0 1 0 1 1 1 0 0 0 0 0 1 0 0 0 1 0 1 0 0 0 0 0 0 1 0 1 1 1 1 0 1 0 1 1 1 1 0 0 1 0 0 1 1 0 0 0 1 1 1 1 1 1 0 1 0 0 1 0 1 50
0 0 0 0 1 1 0 1 1 1 0 0 0 1 0 1 1 1 0 1 0 0 1 0 0 0 0 0 1 1 1 1 1 0 0 1 0 1 1 1 1 0 1 1 0 1 1 1 0 0 0 0 0 1 1 1 0 0 0 0 1 0 0 0 0 0 0 1 1 0 1 1 1 0 1 0 1 0 0 0 1 0 1 1 0 1 1 0 0 1 0 0 0 1 0 1 1 1 0 0 47
0 0 0 0 1 0 1 0 1 1 0 0 1 1 0 1 0 0 0 1 1 1 0 1 0 1 0 1 1 1 1 1 0 0 1 0 1 0 1 0 1 0 0 1 1 0 1 0 1 0 0 1 0 0 0 1 0 1 0 0 0 1 1 1 0 0 1 1 1 1 1 1 0 0 1 1 1 0 1 1 1 0 1 1 1 0 0 1 0 1 0 0 0 1 0 1 0 1 0 1 52
0 0 1 1 0 0 0 1 0 0 1 0 0 0 1 0 1 1 1 0 1 1 0 1 1 1 1 1 0 1 0 1 0 1 1 1 0 1 1 1 1 1 1 0 1 1 1 1 1 1 0 0 1 0 1 1 0 0 1 1 1 1 0 1 0 1 1 0 1 0 0 1 1 1 0 1 0 1 0 0 1 0 1 0 1 1 0 1 0 0 1 1 1 1 0 0 1 0 1 1 60
0 0 1 0 0 1 0 1 1 0 1 0 1 1 1 1 1 1 0 1 1 1 1 1 1 0 1 0 0 0 0 0 1 0 0 0 0 0 1 1 1 0 1 0 0 1 1 0 1 0 1 1 0 0 0 0 0 0 1 1 1 1 0 1 0 1 0 1 0 0 1 0 0 0 0 0 1 0 0 0 0 0 1 1 1 0 1 0 1 1 1 0 0 1 0 0 0 1 0 1 47
1 0 0 0 1 1 1 0 1 0 0 0 0 1 0 1 1 1 0 1 0 0 1 1 0 1 0 0 0 1 1 0 1 0 1 0 1 0 0 1 0 0 1 0 1 1 1 1 0 1 0 0 1 1 1 0 0 0 1 0 1 0 1 0 0 1 0 0 0 0 1 1 1 0 1 0 0 1 0 1 1 0 1 1 0 1 1 1 0 0 1 1 0 0 1 0 0 1 0 0 48
1 0 1 1 1 1 0 0 0 1 0 0 0 0 1 1 0 0 1 1 1 0 0 1 1 0 1 1 1 1 0 0 0 1 1 0 1 1 1 1 1 0 0 1 1 1 1 0 1 0 1 1 0 0 0 0 1 0 0 0 1 0 0 0 1 0 1 0 0 0 1 0 0 0 1 1 1 0 1 0 1 0 1 0 0 0 0 0 1 0 1 0 0 0 0 0 0 1 1 0 46
1 1 0 1 1 0 0 1 1 0 0 0 1 0 0 1 0 1 0 0 0 1 0 0 0 0 0 1 1 1 0 0 1 1 1 1 1 1 1 0 1 0 0 0 0 0 1 0 0 1 0 1 0 1 0 1 1 0 0 1 0 1 0 0 1 1 0 0 0 0 1 0 1 0 0 0 1 0 1 1 0 1 1 1 1 0 1 1 0 0 0 0 0 0 0 0 0 1 0 0 43
1 0 1 0 0 1 0 1 0 1 0 0 0 1 1 1 1 1 1 0 1 0 0 0 1 1 0 0 1 0 0 0 1 1 1 1 1 1 1 0 1 0 0 0 0 1 0 0 1 1 1 0 1 0 1 1 1 1 1 1 0 1 1 1 0 0 0 1 0 1 1 0 1 0 0 0 1 0 1 1 0 1 1 0 1 1 0 1 0 1 0 0 0 0 1 1 0 0 0 0 52
1 0 0 0 0 0 0 1 1 0 1 0 0 1 0 1 0 0 1 1 0 0 0 1 0 1 0 1 1 0 1 0 0 0 1 0 0 1 1 1 0 0 1 1 1 0 0 0 1 0 1 1 0 0 0 0 0 0 1 1 0 1 0 0 1 0 1 0 0 0 1 0 1 0 0 1 0 0 1 1 0 1 0 0 0 1 0 0 0 0 1 1 0 1 0 0 0 1 1 1 41
1 1 0 1 1 1 0 1 0 1 0 1 1 0 0 1 1 0 0 1 1 0 1 0 1 0 0 1 0 0 1 0 0 1 1 0 1 0 1 1 0 1 0 0 0 1 0 0 0 1 0 1 0 1 0 1 1 1 0 0 1 1 1 1 1 0 0 0 1 1 1 1 1 0 1 1 0 1 1 0 1 1 0 1 0 1 1 0 1 0 1 0 0 0 1 1 0 1 0 1 55
1 1 1 0 1 0 1 1 1 0 1 1 0 1 0 1 0 0 0 1 0 0 1 0 1 0 0 1 1 0 1 0 1 0 1 1 0 0 0 1 1 1 1 0 1 0 0 1 1 1 1 0 0 1 1 1 0 0 1 1 0 0 1 1 1 1 1 0 1 0 1 0 1 0 1 0 0 1 0 1 1 1 1 0 1 1 0 1 0 0 1 1 0 1 0 1 0 1 1 0 57
1 0 1 0 1 0 0 0 1 0 0 0 0 0 0 0 1 1 1 0 1 0 0 0 0 0 1 0 1 1 0 1 0 1 1 1 1 0 0 1 1 1 0 1 0 0 1 1 0 1 0 0 1 1 1 0 1 0 0 1 1 0 0 1 0 1 1 0 0 0 1 1 1 0 1 1 1 0 1 0 0 0 0 0 0 0 1 1 0 0 0 1 0 0 1 1 0 1 0 0 45
1 1 0 0 1 1 0 1 1 1 0 0 0 0 1 1 1 0 1 0 1 0 1 1 1 1 0 0 0 0 1 1 0 0 0 1 0 1 0 1 1 1 1 1 0 0 1 1 1 1 0 1 1 0 0 0 0 1 1 0 1 1 0 1 0 0 1 1 0 0 0 1 0 0 1 0 0 0 1 1 1 1 1 1 0 1 1 1 0 1 1 1 1 1 0 0 0 1 1 1 57
0 1 1 0 1 1 1 0 1 0 0 1 1 0 0 0 1 0 1 0 0 1 1 1 0 1 1 0 1 0 1 0 1 1 0 1 0 0 0 0 0 0 0 1 1 0 0 0 1 0 0 1 1 0 1 0 1 1 0 1 0 1 0 1 0 1 0 0 0 0 1 1 1 0 0 0 0 0 1 0 1 0 0 1 1 0 1 0 1 1 0 1 1 0 1 1 0 0 0 0 46
0 0 0 1 0 0 1 0 1 0 0 1 0 0 0 1 0 0 0 0 1 1 0 1 1 0 1 0 1 1 1 0 0 1 0 1 0 0 1 0 0 0 1 0 1 0 0 0 0 1 0 1 0 1 0 1 1 0 1 1 0 1 1 0 1 1 1 0 0 1 1 1 1 0 1 0 0 1 0 0 0 1 1 0 0 1 0 0 1 1 0 0 1 0 1 1 1 1 0 0 46
0 0 0 0 1 1 0 1 1 1 1 1 1 1 0 1 1 0 0 1 0 0 0 1 0 1 0 1 1 1 1 0 1 0 0 0 0 0 1 0 1 1 0 1 1 1 1 1 0 1 1 0 0 0 1 0 1 1 1 0 0 1 0 0 1 0 1 1 0 0 1 0 1 0 0 1 0 1 1 0 0 0 1 1 1 0 0 0 0 1 0 0 1 1 0 0 0 0 0 1 49
0 0 1 1 1 0 1 1 1 1 0 1 1 0 0 1 0 1 1 0 1 0 1 1 1 1 0 1 0 1 0 1 0 0 1 1 1 0 1 0 0 1 1 1 0 0 0 0 1 1 0 0 1 0 1 0 1 1 0 1 1 1 0 1 1 0 1 0 1 1 1 1 0 1 1 0 0 1 1 1 0 1 1 1 1 1 1 1 0 0 1 0 0 1 1 1 1 0 0 1 61
0 1 0 1 1 0 1 0 0 1 0 0 0 0 1 1 1 1 1 0 1 1 1 1 0 0 1 0 0 0 1 0 1 1 0 0 1 0 1 1 1 1 0 1 0 0 1 0 0 1 1 1 0 1 0 0 0 0 0 0 1 0 1 1 1 1 1 0 1 0 1 0 1 0 0 1 1 0 0 1 1 0 1 1 1 1 0 0 1 0 0 0 0 0 0 0 0 1 0 0 48
0 0 0 0 1 1 1 1 0 0 1 0 0 1 0 0 0 0 1 1 1 1 1 1 1 1 0 1 0 0 1 0 1 0 1 0 1 1 0 1 1 0 1 1 1 1 1 1 0 0 0 0 0 0 1 1 0 1 0 1 1 0 0 1 0 0 1 0 0 1 0 0 1 0 0 1 1 0 0 0 1 0 0 0 0 1 0 0 1 1 0 0 1 1 0 0 0 0 1 1 47
1 0 0 1 1 0 1 0 1 0 0 1 1 0 1 1 0 1 0 0 0 0 1 0 1 1 0 1 1 0 1 0 1 0 0 1 1 1 0 1 1 1 0 0 0 0 1 0 1 1 1 1 0 0 0 1 0 0 0 1 1 1 1 1 1 0 1 1 0 0 1 0 1 1 0 1 0 0 0 1 1 1 0 0 1 0 0 1 1 1 1 0 1 1 0 1 1 1 0 1 55
0 1 1 0 1 0 0 0 0 0 0 0 1 0 0 0 1 1 0 0 1 1 1 1 0 0 1 0 1 0 0 1 1 1 1 0 1 1 1 1 1 1 1 1 0 0 1 0 0 0 0 0 1 1 0 0 0 0 0 1 0 0 1 0 1 0 1 0 1 1 1 0 0 1 1 0 0 0 0 0 1 1 1 1 0 0 1 1 1 1 1 1 1 1 1 1 1 0 1 1 53
1 1 0 1 1 0 1 0 1 1 0 0 0 0 1 0 0 0 1 0 1 1 0 0 1 1 1 0 1 0 0 1 0 0 1 1 0 0 0 0 0 1 0 1 1 0 1 1 0 0 0 1 1 1 0 1 0 1 1 0 0 1 0 1 1 0 0 1 1 1 1 1 1 1 1 0 0 0 0 1 1 1 0 0 0 1 0 1 1 0 0 0 1 1 1 1 0 1 1 1 53
0 1 1 1 0 1 0 0 1 0 1 0 1 1 1 0 0 1 0 0 1 0 0 0 1 0 1 0 0 0 0 1 1 0 0 1 1 0 0 0 1 0 1 1 1 1 1 1 0 1 0 1 0 1 1 1 0 1 1 1 0 1 1 0 0 0 1 1 0 0 1 0 0 1 1 0 0 0 1 0 0 0 1 0 1 0 1 0 1 0 0 0 1 0 1 0 1 0 1 0 48
0 1 1 0 0 0 1 0 1 1 1 1 0 0 1 0 1 1 1 0 0 0 0 1 1 0 0 0 0 1 0 1 0 0 0 1 1 1 0 0 1 0 0 1 0 1 1 0 1 1 0 0 1 0 0 0 0 1 1 1 1 0 0 1 1 1 1 0 1 0 1 1 1 1 1 0 1 0 1 1 1 0 1 0 1 1 1 0 1 0 0 0 0 1 0 0 1 0 0 0 50
0 1 1 1 1 0 1 1 1 1 0 1 0 0 1 0 0 1 0 1 1 1 1 1 0 0 1 0 0 1 0 0 1 0 0 1 1 1 0 0 1 1 0 1 0 0 0 1 1 1 0 0 0 0 0 1 0 0 1 1 0 1 1 1 1 1 1 1 1 0 0 0 1 1 0 0 1 0 0 1 0 1 1 0 0 1 1 1 1 1 0 0 1 1 1 0 1 1 1 0 56
1 0 1 0 0 0 0 0 0 0 1 0 1 1 1 0 0 1 1 1 1 0 1 1 0 1 1 0 0 1 1 0 0 1 1 1 1 0 0 0 1 1 1 0 0 1 1 0 0 0 1 0 0 1 0 1 0 1 1 1 1 1 1 0 0 0 0 0 0 1 1 1 1 1 1 1 0 1 0 0 0 1 1 0 1 1 1 1 1 0 1 0 0 0 0 0 1 0 1 1 53
0 0 1 1 0 1 1 1 0 0 0 1 1 0 1 0 1 0 0 0 0 0 1 0 1 1 1 0 1 1 1 0 0 0 0 1 1 0 1 0 1 1 0 0 0 1 0 0 1 0 1 1 0 0 1 0 1 0 1 0 0 1 1 1 0 0 0 0 0 0 0 1 1 1 0 1 0 1 1 1 0 1 1 0 1 0 0 1 1 1 1 1 0 1 0 1 1 0 0 1 50
1 1 1 0 1 0 1 1 0 1 0 0 1 0 0 1 1 1 1 1 0 0 0 1 1 0 1 0 0 1 0 1 1 0 0 0 0 0 1 0 1 1 0 1 0 1 1 0 1 0 1 0 1 1 0 0 1 0 0 1 1 0 0 1 0 0 0 0 0 1 0 0 0 0 1 0 0 1 0 1 0 0 0 0 1 0 0 1 1 1 1 1 0 1 0 1 0 0 1 1 47
0 1 0 0 0 1 1 0 1 0 1 0 1 0 0 0 0 0 1 1 1 0 0 1 1 1 1 1 0 1 0 0 0 1 0 1 1 0 1 0 1 0 0 0 1 0 0 0 1 1 0 1 0 1 1 0 0 0 1 1 0 1 0 1 0 0 1 1 1 0 0 0 1 0 0 1 1 0 1 0 1 0 1 0 0 1 0 1 1 1 0 1 0 0 1 0 0 1 1 1 48
1 0 1 1 1 0 1 1 0 0 1 1 1 0 1 0 0 1 1 0 1 1 1 0 0 0 0 0 0 1 1 1 1 1 0 1 1 0 0 1 1 1 0 1 1 1 1 0 1 0 0 0 0 1 0 1 1 0 1 1 1 1 1 0 0 0 1 0 0 1 1 1 1 0 0 1 1 0 1 1 0 0 1 0 0 1 0 1 0 1 0 1 1 0 0 0 1 0 1 0 55
1 1 1 0 0 0 0 0 0 0 1 0 1 1 1 0 1 1 1 1 0 0 1 1 1 0 0 1 0 0 0 1 1 0 1 1 1 1 1 0 0 1 0 1 1 1 1 0 0 0 0 1 0 1 1 0 1 1 1 1 1 0 0 1 0 0 0 0 1 1 0 1 1 1 0 1 1 0 1 1 1 0 1 0 1 1 0 0 1 0 0 1 1 0 0 1 1 0 1 1 56
1 1 0 1 1 1 0 0 1 1 0 1 0 1 0 1 1 1 0 1 0 1 0 1 0 1 1 1 1 1 0 1 1 0 0 1 1 0 0 0 0 1 0 1 1 0 0 1 1 1 0 1 1 0 0 1 0 0 0 0 0 0 1 1 1 1 0 0 0 0 1 0 0 1 0 1 0 0 1 1 0 1 0 1 0 0 0 1 0 0 0 0 0 0 0 1 0 0 1 1 48
0 1 0 0 0 1 0 0 0 1 1 1 1 1 0 0 0 1 0 1 0 1 1 0 0 1 1 0 1 1 1 1 0 0 1 1 0 0 1 1 0 0 1 0 1 0 0 1 0 1 1 0 1 0 0 0 1 1 0 1 0 1 0 1 1 1 0 0 1 1 0 0 1 1 0 1 0 0 0 1 0 1 0 1 0 1 1 0 1 0 0 0 1 1 0 1 0 1 0 0 49
0 0 1 0 1 1 0 1 0 1 1 0 1 0 1 1 0 1 0 1 0 1 1 0 1 1 0 0 1 1 1 1 1 0 0 1 1 1 1 1 1 0 1 0 1 1 0 0 1 0 0 1 1 1 0 1 1 1 0 1 1 0 1 1 0 1 0 0 1 1 1 0 0 1 1 0 0 1 0 1 0 1 1 0 0 0 1 1 0 0 1 0 1 1 0 0 1 1 1 1 59
0 1 1 1 0 1 0 0 1 0 1 1 0 1 0 0 0 0 1 0 0 0 0 0 0 1 0 0 0 1 1 0 1 1 0 1 0 1 1 0 0 1 0 0 0 0 0 1 1 0 0 1 1 0 1 1 1 0 0 0 1 0 1 0 1 0 0 0 0 0 0 1 0 1 0 1 1 0 1 0 0 0 0 1 1 1 1 1 0 0 1 1 0 0 1 0 1 0 0 0 42
1 1 1 1 0 1 0 1 0 1 0 0 0 0 0 1 0 0 1 1 0 0 0 1 1 0 1 1 1 0 1 0 1 0 1 0 1 1 1 0 1 1 1 1 0 0 0 0 0 1 1 0 0 1 1 0 0 0 0 0 0 0 1 0 0 0 1 0 1 0 0 0 0 1 0 1 1 0 0 1 0 0 1 0 0 1 1 1 1 0 0 0 1 0 0 0 0 1 1 0 44
1 1 0 1 0 1 1 1 1 0 0 0 0 1 0 0 0 0 0 1 0 1 1 1 1 0 1 1 0 1 0 0 1 1 0 0 1 0 0 1 0 1 1 0 0 1 1 1 0 0 1 1 0 0 1 1 0 0 1 1 1 1 0 0 0 0 1 1 0 0 0 1 0 1 0 1 0 0 1 1 1 0 1 1 0 0 1 1 1 0 0 1 1 0 0 1 1 1 0 0 51
0 1 1 0 0 1 0 0 1 0 0 0 0 0 1 1 0 0 0 0 1 1 1 1 1 1 1 1 0 1 1 1 0 1 0 0 0 0 1 1 1 0 1 0 0 1 0 1 0 0 1 0 1 1 1 1 0 0 0 1 1 0 0 1 1 1 1 1 0 1 0 0 1 0 0 1 1 0 1 0 1 0 0 0 0 0 1 1 0 0 1 0 1 1 1 1 1 1 1 0 52
1 0 0 1 0 0 1 0 1 0 1 0 1 1 0 0 0 0 1 0 1 1 0 1 0 1 1 1 0 0 1 1 0 1 0 0 1 1 1 0 1 1 1 1 1 1 0 1 0 1 1 0 1 0 1 0 1 1 1 0 1 1 1 0 1 1 0 1 0 1 0 0 1 1 1 0 1 0 0 0 1 0 1 1 1 0 0 1 1 1 1 0 1 1 0 1 1 0 1 1 59
1 1 1 0 1 0 1 1 0 0 1 1 1 0 0 0 0 1 1 1 1 0 0 1 0 1 1 1 0 0 0 1 0 1 0 1 1 0 0 0 1 0 0 0 0 0 1 1 1 0 1 0 1 1 0 1 0 1 0 0 1 0 1 0 0 1 1 0 0 0 1 1 0 1 1 0 1 1 1 0 1 1 1 0 0 1 0 0 1 1 0 1 0 1 1 0 1 0 1 1 53
0 1 0 0 0 0 0 0 0 1 0 0 1 0 0 0 0 1 0 0 0 1 0 1 1 0 0 1 1 1 0 1 0 0 1 0 0 0 0 0 0 1 1 1 0 1 0 0 0 0 0 1 0 0 1 0 0 1 0 1 1 0 1 0 0 1 0 0 0 1 0 0 1 0 1 0 1 0 0 0 1 1 1 0 1 0 1 1 0 1 1 0 1 0 0 0 1 1 0 1 39
1 1 1 1 1 1 0 1 1 0 1 1 1 1 1 0 1 0 1 1 0 1 1 1 0 1 0 1 1 1 1 0 0 1 1 0 0 0 0 0 0 1 0 0 1 1 0 1 0 0 0 1 1 0 1 0 1 0 1 1 0 0 0 1 1 1 0 0 0 1 1 1 0 1 0 0 0 0 1 0 0 0 0 1 1 0 1 0 1 1 0 0 0 0 1 1 1 1 1 0 54
1 1 1 0 1 1 1 0 1 0 0 0 1 0 0 1 0 1 0 0 0 0 1 1 1 1 1 0 0 0 0 1 1 1 1 0 0 0 0 0 0 0 1 1 1 0 1 0 0 0 0 1 0 0 0 0 1 0 1 0 0 0 0 0 0 0 0 1 0 1 1 1 1 0 0 1 1 0 1 0 0 0 1 1 1 1 0 0 1 0 0 0 1 1 1 0 1 0 0 0 43
1 1 1 0 0 0 1 0 0 1 1 1 0 1 0 1 1 0 1 1 1 1 1 1 1 1 1 1 0 1 0 1 0 0 0 0 0 1 0 1 0 0 1 0 1 1 1 1 1 1 0 0 1 1 0 0 0 0 1 0 1 0 0 1 0 1 0 0 1 0 0 0 1 0 1 1 1 1 0 1 0 1 0 1 0 0 0 0 1 0 1 0 0 0 0 1 0 1 1 0 51
0 1 0 0 0 1 1 0 1 1 0 0 0 1 0 0 0 1 1 0 1 1 1 0 0 1 1 0 1 1 0 0 1 1 0 1 1 0 1 0 0 1 0 0 1 0 1 0 1 1 0 0 1 0 1 0 0 1 0 0 1 1 1 0 1 0 1 0 1 0 1 1 0 0 1 1 0 0 1 1 1 0 1 0 1 0 1 1 1 1 0 0 0 1 0 1 0 0 0 1 50
0 0 1 1 1 0 1 0 0 0 1 1 1 1 1 1 1 0 0 1 1 0 1 0 0 0 0 0 1 1 0 1 0 0 0 1 1 1 1 1 1 1 1 0 0 1 0 1 1 1 1 1 0 1 0 0 0 0 0 0 0 0 1 0 1 1 1 1 0 1 0 0 0 0 0 1 0 1 1 0 0 1 1 0 1 1 1 0 1 1 0 0 0 0 0 0 0 0 0 1 49
1 1 1 0 1 0 1 1 1 0 0 1 0 1 0 1 0 0 0 1 1 0 1 1 0 0 0 0 1 1 1 0 1 0 1 0 1 1 0 0 0 0 1 1 1 1 0 1 1 1 1 1 0 0 1 1 0 1 1 1 0 0 0 1 1 1 1 1 1 1 1 0 0 0 1 0 0 1 1 0 1 1 0 1 0 0 1 1 1 0 0 1 1 0 0 0 1 0 1 1 57
1 1 0 0 0 0 1 1 0 0 1 1 0 1 1 1 0 1 0 0 1 0 0 1 0 1 0 0 0 1 0 1 1 1 1 0 1 0 1 0 0 0 1 1 0 1 0 0 0 0 0 0 0 1 1 1 0 1 1 0 1 0 1 0 0 1 0 0 0 1 0 0 1 0 0 1 1 0 1 1 0 1 0 1 0 1 0 1 0 0 0 1 1 0 0 1 0 1 1 1 47
0 0 1 1 1 0 0 1 0 1 0 1 0 1 0 0 0 0 1 1 0 1 0 0 1 1 1 1 1 1 1 1 0 1 1 0 0 0 0 1 0 0 0 0 1 0 1 1 0 1 0 0 1 0 0 0 1 0 1 0 0 1 0 0 0 0 1 0 1 1 1 0 0 0 1 1 0 1 1 0 1 0 0 1 1 0 1 0 1 1 0 1 0 1 1 0 0 0 1 1 48
1 0 1 1 0 0 1 1 0 0 0 1 0 0 0 0 1 0 0 0 0 0 1 1 0 1 0 0 0 1 0 1 0 0 1 1 0 0 1 0 0 1 0 0 0 0 0 0 1 1 0 0 0 0 0 1 1 0 0 1 0 1 0 0 1 1 1 1 0 1 0 0 0 1 0 0 0 0 0 1 1 1 0 0 0 0 0 1 1 1 0 1 0 0 0 1 1 0 0 1 38
0 1 0 0 0 1 1 1 0 1 1 1 0 1 1 1 1 0 0 1 1 0 1 1 0 1 0 1 1 1 0 1 1 0 0 0 1 1 1 1 1 0 0 1 0 1 0 1 1 0 1 1 1 1 1 1 0 0 1 0 0 0 1 1 1 1 1 0 0 1 0 0 1 0 0 0 0 0 0 0 0 0 1 1 1 0 0 1 0 1 0 1 0 0 1 0 0 1 1 1 54
1 1 1 1 1 1 1 1 1 0 0 0 0 0 1 0 1 0 1 1 1 1 0 1 1 0 1 0 1 1 1 0 1 1 0 1 1 1 1 0 0 1 1 1 0 1 0 1 0 0 1 0 0 0 1 0 0 1 1 0 0 1 1 0 1 1 0 0 1 0 1 1 1 1 1 0 1 1 0 0 0 1 1 1 1 1 1 0 0 0 0 0 0 1 1 0 1 0 1 0 58
1 0 1 0 0 1 1 1 0 1 0 0 1 1 1 1 0 1 0 1 0 1 1 0 0 0 0 1 1 0 1 1 1 1 0 0 0 0 0 0 1 0 0 1 1 1 1 0 0 1 0 0 1 1 0 1 1 1 0 1 1 1 0 0 0 0 0 0 1 1 1 0 1 1 1 0 0 0 0 0 1 0 0 0 1 1 0 0 0 0 1 1 0 1 0 0 0 0 0 1 47
1 0 1 1 0 0 1 1 0 0 1 1 0 0 0 1 0 0 1 1 1 0 0 0 0 1 0 0 0 1 1 0 0 0 1 1 0 1 0 0 1 1 1 1 0 0 1 0 1 1 0 1 1 1 0 0 1 1 1 1 1 0 1 0 0 0 0 1 1 0 1 1 1 1 1 1 1 1 1 1 1 0 0 1 1 0 0 0 0 1 0 0 0 1 0 0 1 0 0 0 51
0 0 0 0 1 1 0 1 0 0 0 0 1 0 1 0 0 1 1 0 1 1 0 0 1 1 0 0 1 0 0 0 1 0 0 0 0 0 1 0 1 1 0 0 1 0 1 1 0 1 1 0 0 0 0 1 1 0 1 0 1 0 0 0 0 0 1 1 1 0 1 0 1 1 1 1 0 0 1 0 1 0 0 1 1 0 0 0 1 0 0 1 1 1 1 1 0 0 0 0 43
1 1 1 1 0 1 0 1 0 0 1 1 0 1 0 0 1 0 0 0 1 0 1 1 0 0 1 0 1 0 1 0 0 1 0 0 0 0 0 0 0 0 1 1 0 0 0 0 1 1 1 0 0 1 1 0 1 0 0 1 0 1 1 0 0 0 1 1 1 1 0 0 1 0 0 0 1 1 0 1 0 1 1 1 0 1 0 1 1 0 1 0 0 1 0 0 1 0 0 0 45
1 0 1 0 1 0 1 1 1 0 0 0 1 0 1 0 0 1 0 1 0 0 0 0 1 1 1 1 1 1 1 1 0 0 0 0 0 1 0 1 1 1 0 1 0 0 1 0 1 1 1 1 0 0 1 0 0 0 1 0 0 1 1 0 1 0 0 0 1 1 0 0 1 0 0 1 0 0 1 1 0 1 0 0 1 0 1 0 1 1 0 1 0 0 0 0 1 1 0 0 47
0 1 0 0 1 1 0 1 0 1 1 1 0 1 0 0 0 0 0 1 1 1 0 1 0 0 0 1 1 1 0 0 1 1 1 0 0 1 1 0 1 1 1 0 1 0 1 0 0 0 0 1 1 1 0 0 1 1 0 1 0 1 0 1 1 1 0 1 0 1 1 0 1 1 1 0 0 0 0 0 1 1 1 0 1 0 1 1 1 1 1 0 0 0 0 0 1 1 1 0 53
0 0 1 0 1 1 0 1 1 1 0 1 0 1 1 0 0 0 1 0 0 1 1 0 1 1 1 0 0 1 0 0 1 0 1 1 1 0 1 1 1 0 0 0 0 1 1 1 0 1 0 1 1 0 0 0 0 0 0 0 0 1 1 1 0 0 1 0 0 1 0 0 1 0 1 1 1 0 1 1 0 1 1 1 1 0 0 1 0 0 1 0 0 0 0 0 0 0 1 1 48
0 1 1 1 0 1 0 1 0 0 1 1 1 0 0 1 1 0 0 1 1 0 1 1 1 0 0 1 0 0 1 0 1 1 1 1 1 1 1 1 0 1 1 0 1 0 0 1 1 1 0 1 1 1 1 0 1 1 0 0 1 0 0 0 1 1 1 1 0 1 1 1 1 0 1 0 0 1 1 1 0 0 1 0 0 1 0 0 0 0 1 1 1 1 1 1 0 0 0 1 59
0 1 0 0 1 1 0 0 0 0 0 0 0 0 0 1 1 0 0 1 1 1 0 1 0 0 0 1 0 1 0 1 1 1 1 0 0 1 0 0 0 1 1 1 0 1 1 1 0 0 1 0 1 1 0 1 0 1 1 0 1 0 1 1 1 1 1 1 1 1 1 0 1 0 1 1 1 0 0 0 1 0 0 0 0 1 1 0 1 0 0 0 0 0 1 0 1 0 1 0 49
0 0 0 0 0 1 1 1 1 0 0 1 0 0 1 1 0 0 1 0 1 0 1 1 1 0 1 0 1 1 0 1 0 1 0 0 0 1 1 1 0 1 0 0 0 1 1 0 1 1 1 0 1 1 1 0 0 1 0 1 0 0 0 0 1 1 1 1 0 0 1 1 1 1 1 0 0 1 1 0 0 0 1 1 0 1 1 0 0 0 1 0 1 1 0 0 1 1 1 0 52
0 1 1 1 1 0 0 1 1 1 0 0 1 1 0 1 0 1 1 1 0 1 1 0 1 1 1 0 0 0 0 0 1 1 0 1 1 1 0 0 1 1 1 0 1 0 1 1 1 0 1 1 1 0 1 0 0 0 1 0 0 0 0 0 1 1 0 1 1 1 0 0 1 0 0 0 0 1 1 0 0 1 1 1 0 0 1 1 1 0 1 0 1 0 0 1 1 0 1 1 55
0 0 1 1 0 0 0 0 1 1 0 1 1 0 1 1 1 1 0 0 1 0 1 1 0 1 0 0 1 0 1 1 0 1 1 0 0 0 1 1 1 0 0 1 0 0 0 0 0 0 0 1 0 0 1 0 1 0 0 1 0 1 1 1 1 1 0 1 1 1 1 0 1 1 1 1 1 1 1 1 1 1 0 0 0 1 1 1 1 0 1 1 0 1 1 1 1 0 1 1 58
0 1 0 1 1 1 1 0 1 0 0 0 0 0 1 0 1 0 1 0 0 0 1 0 1 0 0 1 0 1 0 0 1 0 0 0 1 0 0 1 1 1 1 1 1 0 1 0 0 0 1 1 1 0 1 1 1 1 1 1 0 1 0 0 1 0 0 1 1 1 1 1 1 1 1 0 0 0 1 0 0 1 1 0 0 1 0 0 0 1 0 0 0 0 0 1 0 0 1 1 49
0 1 0 0 0 0 0 0 1 1 1 1 0 0 1 1 0 0 0 1 1 1 1 1 1 1 0 0 0 1 0 0 0 0 0 0 0 0 1 0 1 1 0 0 0 1 1 0 0 1 1 1 1 1 1 1 0 0 0 1 1 1 1 0 1 1 0 0 0 0 1 0 0 1 0 1 0 0 0 1 0 1 1 0 0 0 1 0 1 1 1 1 1 0 1 1 1 0 1 0 49
0 0 0 0 0 1 0 0 1 1 1 0 1 1 1 1 1 1 1 1 0 1 0 0 0 0 0 0 0 0 1 0 1 1 0 1 1 1 0 1 1 0 1 1 1 0 1 1 1 1 1 1 0 1 0 0 1 0 1 0 1 0 0 1 0 0 0 1 1 0 1 0 1 0 1 0 1 1 1 0 1 1 0 1 1 0 0 0 1 0 1 0 0 1 1 1 0 0 0 0 52
1 0 0 0 1 0 0 0 1 1 0 0 1 1 0 0 1 1 0 1 0 0 0 0 1 1 1 0 1 0 0 0 1 0 0 1 0 0 1 1 1 0 0 0 1 1 0 0 1 1 1 1 1 1 1 1 0 0 0 1 1 0 1 1 0 0 1 1 0 1 0 1 1 0 0 1 1 0 0 0 1 0 0 0 1 0 1 0 0 0 1 1 1 1 1 0 0 1 0 0 48
0 1 0 0 0 1 0 1 0 1 0 1 0 1 0 1 0 0 1 1 1 0 0 0 1 1 1 0 0 0 1 0 1 0 1 1 0 1 1 1 0 0 1 1 0 0 0 1 0 1 1 0 1 0 0 0 0 0 0 0 1 1 0 1 1 1 0 0 1 0 0 1 1 0 1 1 1 1 1 1 1 0 0 1 1 1 1 0 0 0 1 1 1 1 1 1 1 0 0 0 52
0 0 1 0 0 1 1 1 1 0 1 1 1 0 1 0 1 1 1 1 0 1 1 1 0 0 0 0 0 0 0 1 0 0 1 1 0 1 1 0 0 0 1 1 0 0 0 0 0 0 1 1 1 1 0 1 1 0 0 1 0 0 1 1 0 1 0 0 0 1 0 0 1 1 1 0 0 0 0 0 0 0 1 0 0 1 1 0 1 0 1 0 0 1 0 0 0 0 1 1 45
1 1 0 1 1 1 0 1 1 0 1 0 0 1 1 1 0 0 1 1 0 1 1 1 1 1 1 0 0 1 0 1 1 0 1 0 1 0 1 1 1 0 0 0 0 1 0 0 0 1 1 0 0 1 0 0 1 0 1 0 1 1 0 0 0 0 0 0 0 0 1 1 0 0 1 0 0 0 0 1 0 1 1 0 1 1 1 1 1 0 0 1 0 0 1 0 0 0 1 1 50
1 1 1 1 0 0 1 0 0 1 1 1 1 0 1 1 1 1 0 0 0 0 1 0 1 1 1 0 0 1 1 0 0 0 1 1 1 1 1 1 1 0 1 0 1 1 0 1 1 0 1 1 1 0 0 1 0 1 0 1 1 1 1 1 1 0 1 0 1 0 0 0 0 0 0 0 0 0 1 0 0 1 0 1 1 0 1 0 0 1 1 1 1 1 0 0 0 1 0 0 55
0 1 0 0 0 0 1 1 0 0 1 0 1 1 1 0 1 1 0 0 1 1 1 0 1 0 1 1 1 1 1 0 0 1 1 1 1 0 0 0 0 0 0 1 1 0 0 0 1 1 1 0 0 0 0 0 0 1 0 0 1 1 1 1 1 0 1 0 0 1 1 1 1 1 1 1 0 1 1 0 0 0 0 1 1 0 1 0 0 0 1 1 0 0 1 0 0 1 1 0 51
0 0 1 0 1 0 1 0 0 0 0 1 0 0 1 1 0 1 0 0 0 0 1 1 0 0 1 0 0 0 1 1 1 0 0 0 1 1 0 1 1 1 0 1 1 0 1 1 0 0 1 1 1 1 1 1 1 0 0 0 1 1 0 1 0 0 0 1 0 1 1 1 1 0 1 0 0 1 0 0 1 0 0 0 1 0 0 0 0 1 0 0 1 1 1 0 1 1 0 0 47
1 0 1 0 0 0 0 1 0 1 0 0 0 1 1 1 1 0 1 1 1 0 0 0 0 0 0 1 1 0 0 1 0 0 1 0 0 0 0 0 0 0 0 1 0 1 0 0 0 0 1 0 1 0 1 1 1 1 1 0 1 0 1 0 0 1 1 1 1 1 0 0 0 1 0 1 0 0 1 1 1 0 0 0 0 0 1 0 0 1 1 0 1 0 0 1 1 0 0 1 43
1 1 1 1 1 0 0 1 0 0 1 1 1 1 1 0 0 0 0 0 0 1 0 1 1 0 0 0 1 0 1 0 0 0 1 1 1 1 1 1 1 0 1 0 1 1 1 0 0 0 1 0 1 0 0 0 0 0 0 1 0 1 0 0 0 0 0 0 0 1 0 1 1 0 1 0 0 0 0 0 0 1 1 0 0 1 0 1 0 0 1 0 0 1 0 0 1 0 0 0 42
1 0 0 1 0 0 0 0 0 1 0 1 1 1 0 1 0 0 1 1 0 1 1 1 0 0 1 1 0 1 0 1 1 0 0 0 1 1 0 1 0 0 1 1 0 0 0 0 1 0 0 0 1 1 0 1 1 1 0 1 1 0 1 1 1 1 1 0 1 0 1 1 0 0 1 1 1 0 1 0 1 1 0 1 1 0 1 0 0 0 0 1 0 0 0 1 0 0 0 0 49
1 1 1 1 0 0 0 1 0 0 1 1 0 1 0 0 1 0 1 0 1 0 1 1 1 1 0 1 1 1 1 0 1 1 0 0 0 0 0 0 0 0 1 0 0 1 0 0 1 1 1 0 0 0 0 0 1 1 1 1 0 1 0 0 1 0 0 0 0 0 0 0 1 0 1 1 0 1 0 0 0 1 0 0 1 0 0 1 1 1 0 1 0 1 1 0 1 1 0 1 47
1 0 0 1 1 1 1 0 0 1 1 0 1 0 1 0 1 1 0 1 0 1 1 1 0 0 1 0 1 1 1 0 0 1 1 0 1 1 1 0 1 1 0 1 1 1 0 0 0 0 0 1 0 1 1 1 0 0 0 0 0 1 1 1 1 0 0 0 0 0 0 0 1 1 0 1 1 1 0 0 0 0 0 1 1 0 1 0 0 0 1 1 0 0 0 0 0 0 0 1 48
1 0 1 1 0 1 1 1 0 1 1 0 0 0 0 1 0 1 0 1 0 1 0 0 0 1 1 0 0 0 1 1 1 1 1 0 0 0 1 1 0 1 0 1 0 0 0 1 1 1 1 0 0 0 1 0 0 1 1 0 0 1 1 1 1 1 1 0 0 0 1 0 0 1 0 1 0 0 0 1 0 1 0 0 1 1 0 1 1 1 0 1 1 0 1 0 1 0 0 0 50
0 1 0 1 1 1 1 0 0 0 0 0 1 1 0 0 1 0 0 1 0 0 1 0 1 1 0 0 1 0 0 0 1 0 0 1 0 1 1 1 1 1 0 1 0 1 0 0 1 0 1 1 0 1 1 1 0 1 0 0 0 1 0 0 1 0 1 1 1 1 0 0 0 1 0 0 0 0 0 1 0 0 1 1 1 0 1 1 1 0 0 0 0 0 1 0 0 0 1 0 45
0 1 0 0 0 1 0 1 1 1 0 0 0 0 0 1 0 0 0 0 0 1 1 0 1 1 1 0 1 1 1 0 0 0 0 0 0 1 0 1 0 0 1 0 0 0 0 1 0 1 0 0 1 0 1 1 0 0 0 1 1 0 0 1 1 1 1 0 0 1 1 0 1 0 1 0 1 1 1 1 0 0 1 0 0 0 1 0 0 0 0 1 0 1 1 0 1 0 0 0 42
1 0 0 1 1 1 1 1 0 1 0 0 1 0 1 1 1 0 0 1 0 0 0 1 0 1 0 1 1 0 0 0 1 1 1 1 0 1 0 1 0 1 0 1 0 1 0 1 1 0 0 1 1 1 1 0 1 0 0 1 1 1 0 1 0 0 0 1 1 0 1 0 0 0 1 1 1 0 0 1 1 0 1 0 0 0 1 1 0 0 1 1 1 0 1 1 1 0 0 0 53
1 1 0 0 1 0 0 1 0 0 1 1 0 1 0 0 0 1 0 1 0 0 1 1 0 1 1 1 1 0 1 0 1 1 0 1 0 1 1 1 0 0 0 1 1 1 0 1 0 0 0 1 1 0 0 1 0 1 0 0 1 1 1 1 1 0 1 1 1 0 0 0 1 0 0 1 0 1 1 0 1 0 1 0 1 1 0 0 0 0 1 1 0 1 0 0 0 1 0 0 50
0 0 1 1 0 0 0 0 0 1 1 0 0 0 0 1 1 0 0 1 0 1 0 0 0 0 0 0 0 0 0 0 0 1 0 0 0 0 0 0 1 0 0 0 1 1 0 1 0 0 1 1 1 1 1 1 1 0 0 0 1 1 0 1 0 1 1 1 0 0 0 0 0 0 0 1 0 0 1 1 1 0 0 1 0 1 0 0 1 1 0 0 1 0 1 0 1 0 1 0 38
1 0 0 0 1 1 0 1 1 1 0 0 1 0 0 0 1 1 0 0 1 0 0 1 0 1 1 1 0 0 1 0 0 1 1 0 0 1 0 0 0 1 0 1 1 0 1 0 1 0 0 1 0 0 1 0 1 1 0 0 0 1 1 0 0 1 0 0 0 0 0 0 0 0 1 0 0 1 1 0 1 0 0 0 1 1 1 1 0 0 0 0 0 1 1 1 1 0 0 1 43
1 0 0 1 1 0 1 0 0 0 1 0 1 1 1 1 1 1 0 0 1 1 0 0 0 1 0 0 0 1 1 0 0 0 0 0 1 0 1 0 0 0 0 0 1 1 1 1 0 0 0 0 0 0 1 0 1 1 0 1 1 0 1 1 0 0 1 0 1 1 1 0 1 1 1 0 1 1 1 0 0 1 0 0 1 0 1 1 1 1 0 0 0 0 0 1 1 1 0 1 49
0 0 1 0 1 1 0 0 0 1 0 1 0 1 1 0 1 1 1 0 1 1 1 0 0 0 1 1 1 0 0 0 0 0 0 1 1 1 1 0 0 1 0 1 1 1 0 0 1 1 1 1 0 1 1 1 1 0 1 1 0 0 1 1 0 0 0 0 1 0 0 0 0 0 0 1 0 0 0 1 0 0 1 1 1 1 1 0 0 0 1 0 1 0 1 0 1 1 0 1 50
0 1 0 0 0 1 0 1 0 0 1 1 0 1 0 1 1 0 0 0 0 0 0 1 1 1 1 0 1 1 0 0 0 1 0 1 1 0 1 1 0 1 1 0 0 0 1 0 1 0 0 1 0 0 1 1 0 0 0 0 0 0 1 1 0 0 1 1 1 1 1 0 1 1 0 0 0 1 1 1 1 1 1 1 1 1 0 0 1 0 0 0 0 0 0 1 1 1 1 1 50
1 0 0 0 1 0 1 0 0 1 0 0 1 0 0 0 1 0 1 1 1 1 1 1 1 1 1 0 0 1 0 0 1 0 1 1 0 0 1 0 1 1 0 1 0 1 0 1 0 0 0 1 1 1 1 0 0 1 1 0 0 1 1 0 0 0 0 1 1 0 0 0 0 0 0 1 1 1 0 1 0 1 1 0 1 1 0 1 0 1 0 0 1 0 1 1 0 1 0 0 49
1 1 1 1 1 1 1 1 0 1 0 0 0 1 0 1 1 0 1 1 0 1 0 1 1 1 1 1 0 0 0 0 1 0 0 0 1 0 1 1 1 1 0 1 1 1 0 1 1 0 1 0 0 1 1 0 1 0 1 1 1 1 1 0 0 1 0 1 0 1 1 0 1 1 1 0 0 0 1 0 0 0 1 0 0 1 0 0 0 0 1 1 0 1 0 1 1 1 1 1 58
1 0 0 0 0 1 1 1 0 1 1 1 0 1 1 1 0 1 0 1 0 0 0 0 0 0 1 1 1 0 0 0 1 0 0 1 0 1 0 1 0 1 1 0 1 0 1 1 1 0 0 0 1 0 1 0 1 0 1 1 0 1 1 0 1 1 0 1 0 1 0 0 0 1 0 1 1 0 0 1 1 0 1 0 0 1 0 1 0 1 0 1 1 1 0 1 0 1 1 1 52
0 0 1 0 0 0 1 1 0 1 1 0 0 1 1 1 0 1 1 0 1 0 0 1 1 0 0 0 0 0 1 0 1 1 0 1 0 0 1 0 0 0 1 1 1 0 0 0 1 0 0 1 1 0 0 1 1 1 1 0 1 0 0 0 1 1 0 1 0 1 1 0 0 0 1 0 0 1 1 1 0 1 1 1 0 1 1 1 0 1 1 1 1 1 0 1 1 0 1 0 52
1 0 1 1 0 0 0 1 0 0 0 0 0 0 1 1 1 1 0 1 1 1 1 1 1 1 0 1 1 0 0 1 0 1 1 1 0 0 1 1 0 0 1 1 1 1 1 0 1 1 1 1 1 1 0 0 1 1 0 0 1 0 1 0 1 0 1 1 0 1 1 1 0 1 0 1 1 0 0 1 1 0 1 0 1 1 1 0 0 0 0 1 1 0 1 0 1 0 1 0 58
1 1 1 1 1 1 0 1 1 1 0 0 0 0 1 0 0 0 0 0 0 0 0 1 1 1 1 0 0 1 0 1 0 1 1 0 0 0 0 0 0 0 0 1 0 0 0 1 1 0 1 0 1 0 0 0 0 0 0 1 1 1 1 0 1 0 0 1 0 0 1 1 0 1 1 1 1 1 0 1 0 1 0 1 1 1 1 0 0 0 0 1 1 0 0 0 1 1 0 0 46
0 0 0 1 1 1 0 0 0 1 0 1 0 1 1 0 0 1 1 1 0 0 1 0 0 1 1 0 0 0 1 1 1 1 0 0 0 1 0 1 1 1 1 0 0 1 0 1 0 0 1 0 1 1 1 1 1 1 1 1 0 1 1 0 1 1 1 0 0 0 1 0 1 0 1 1 0 1 1 0 0 1 1 0 0 1 1 1 1 0 0 0 1 1 0 1 0 1 1 1 56
0 1 0 1 1 0 1 0 1 0 0 0 1 0 0 0 0 0 0 1 0 0 0 0 0 1 1 0 0 1 0 1 1 0 0 0 0 1 0 1 0 0 0 0 0 1 0 0 0 0 1 0 1 1 0 1 0 1 1 1 1 0 0 0 1 0 1 1 1 1 0 1 1 0 0 0 0 1 1 0 1 0 1 1 0 0 0 0 0 1 0 0 0 1 1 1 0 1 1 1 42
0 0 0 1 1 1 1 0 0 0 1 0 1 1 1 1 1 1 1 1 1 0 1 1 1 0 1 1 1 0 0 1 1 1 1 0 1 1 0 0 1 1 1 1 1 1 0 1 0 0 1 0 0 1 0 0 0 0 1 0 0 1 0 1 0 1 0 0 0 0 1 1 0 0 0 1 0 0 1 1 1 0 1 0 1 0 1 0 1 0 0 0 1 1 0 0 1 1 1 0 54
1 0 1 1 0 0 1 0 1 0 0 0 1 0 1 0 1 1 1 1 0 1 1 0 0 0 0 1 1 0 1 0 0 1 0 0 0 0 1 0 1 0 1 1 1 1 1 0 1 0 0 0 1 0 0 0 0 0 0 1 1 0 1 1 1 1 1 0 0 1 1 1 0 1 1 1 1 1 1 1 0 0 1 1 1 0 1 1 1 0 1 0 1 0 0 0 1 1 0 1 54
1 1 1 1 1 0 0 1 0 0 1 1 1 1 1 1 0 1 0 1 0 1 1 1 1 0 0 0 1 0 0 1 0 0 1 0 1 0 0 1 1 1 1 1 0 1 0 1 1 1 0 0 0 1 1 1 1 1 0 1 1 1 1 1 1 1 0 1 1 0 1 1 1 1 0 0 1 1 0 1 1 1 0 0 1 0 0 0 1 1 0 0 1 0 0 1 0 1 0 1 61
1 0 1 1 1 1 1 1 0 1 1 1 1 1 1 1 1 0 1 0 0 1 0 1 1 0 0 0 1 1 1 1 0 0 1 0 1 0 0 0 1 0 0 1 1 0 0 0 1 0 0 1 0 0 0 1 1 0 0 1 1 1 0 1 1 1 0 0 0 0 0 0 0 0 1 1 0 0 0 1 0 0 0 1 0 0 1 0 1 0 1 0 1 1 1 0 0 0 1 0 49
0 0 0 1 0 0 0 0 1 0 0 0 0 1 1 0 1 1 0 0 0 1 0 0 0 0 0 1 1 0 1 1 0 1 1 0 0 1 1 1 0 1 1 1 1 0 0 1 0 1 1 1 0 0 1 1 0 0 0 1 0 0 1 1 0 1 1 1 0 0 1 0 1 0 0 0 1 0 0 1 0 1 1 1 1 1 0 1 1 1 1 0 1 0 0 1 1 1 1 1 51
0 0 0 1 1 1 0 0 0 1 0 0 1 1 1 1 1 1 0 1 1 1 1 1 1 1 1 1 0 1 0 0 1 1 1 1 0 0 1 1 1 1 0 1 0 0 1 1 1 1 1 1 0 1 0 1 0 1 0 1 0 1 0 1 1 0 0 0 1 1 0 0 0 0 0 1 1 1 0 0 1 1 0 1 0 1 1 0 0 0 0 0 1 0 0 1 0 1 1 0 56
0 0 1 1 1 0 1 0 1 1 1 1 0 0 0 0 1 1 1 1 0 1 0 0 1 1 0 1 0 0 1 0 1 1 0 1 0 1 0 1 1 1 0 1 0 0 0 1 1 1 1 1 0 0 1 0 0 0 1 0 0 0 0 1 0 0 1 1 1 0 0 0 0 0 0 1 1 0 1 1 0 0 0 1 0 1 1 1 1 0 1 1 0 0 0 1 0 0 1 0 49
1 1 0 0 1 0 1 0 1 1 1 0 1 1 1 0 1 1 0 0 0 0 1 0 0 1 0 1 1 1 1 0 0 0 1 0 1 1 1 1 0 1 0 0 0 1 0 0 1 0 1 1 1 0 1 0 1 0 1 0 0 1 0 1 1 1 0 0 0 1 1 1 0 1 1 0 0 0 0 1 1 1 0 1 0 0 1 0 1 0 0 1 0 0 0 1 1 0 1 0 51
1 0 0 1 0 1 0 0 0 1 0 1 0 0 1 1 1 1 0 0 1 1 1 0 1 0 1 0 0 0 0 0 0 1 0 1 0 0 0 1 0 0 1 0 0 0 1 0 1 0 0 0 0 1 1 0 1 1 0 0 1 0 0 0 1 0 1 0 0 1 0 1 1 1 0 1 0 0 0 1 1 0 1 1 0 1 0 0 0 1 1 0 0 0 1 1 1 1 1 0 44
1 0 1 1 0 0 0 1 1 1 1 1 1 0 0 0 1 1 0 1 1 1 0 1 0 0 1 1 1 1 0 0 0 1 1 1 0 0 0 0 1 1 0 0 0 0 1 0 1 1 0 1 1 0 0 0 1 1 1 0 0 0 1 1 0 0 0 0 1 0 1 1 0 1 0 1 1 1 0 0 1 1 0 0 1 1 0 0 0 1 0 0 1 1 1 1 1 1 0 0 52
0 1 0 0 0 0 0 1 1 1 1 0 1 1 0 0 1 1 1 0 0 0 0 0 1 1 1 0 0 0 0 0 1 0 0 1 1 1 0 0 0 0 1 0 1 1 0 0 0 0 1 1 1 1 0 1 1 0 1 0 1 1 0 0 1 0 0 1 0 0 1 0 0 0 1 0 0 0 1 1 0 0 1 1 1 1 1 1 1 0 0 1 0 0 1 0 0 1 1 0 46
0 0 0 1 1 1 1 0 1 1 1 0 1 1 1 0 0 0 0 1 0 1 1 1 0 0 0 1 1 0 1 0 1 0 0 1 1 1 1 0 1 0 1 1 1 1 1 1 0 0 1 1 1 0 1 0 0 0 0 0 1 1 0 0 0 0 0 0 0 0 0 1 0 1 1 0 0 1 0 1 0 1 1 1 0 0 0 1 1 0 0 1 0 1 1 0 0 0 0 1 49
0 0 1 0 1 1 1 0 0 1 1 0 1 0 0 1 1 0 1 0 1 1 1 0 1 1 0 0 1 1 1 0 0 1 0 0 0 0 1 0 0 0 0 1 0 1 1 0 1 1 0 0 1 1 0 0 0 0 0 0 0 1 1 0 1 0 0 0 1 1 0 1 0 1 0 0 0 0 0 0 0 1 1 0 0 1 1 0 0 1 1 1 1 0 0 0 1 0 1 1 45
1 1 1 0 1 1 0 0 1 0 0 1 0 0 0 0 0 0 0 0 0 0 1 1 1 1 1 0 0 0 0 1 0 0 0 1 1 0 1 0 1 1 0 0 1 1 1 1 0 0 1 0 0 0 1 0 1 0 1 0 0 0 0 0 0 1 1 1 1 1 0 1 0 0 0 0 0 1 0 1 0 0 1 0 0 1 1 0 0 0 0 0 1 0 0 1 0 0 0 1 40
1 1 0 1 1 1 1 0 0 0 1 1 0 0 1 0 1 1 1 0 0 1 0 1 0 1 0 0 0 0 1 1 1 1 0 0 0 0 0 0 1 1 0 1 0 1 1 1 0 0 0 0 0 1 0 0 0 1 1 0 0 0 1 0 1 1 1 1 1 1 1 0 1 0 0 0 1 1 0 0 0 1 0 0 1 0 0 0 1 0 0 1 1 1 1 1 1 1 1 1 51
0 1 1 1 1 0 1 1 1 0 1 0 1 0 1 1 0 1 1 0 1 0 0 0 0 0 1 0 0 0 0 0 1 1 1 0 0 0 1 1 0 1 0 1 1 1 1 1 0 1 1 1 1 1 1 0 1 1 1 1 1 1 0 1 0 1 0 0 1 0 1 0 0 1 0 0 0 0 1 1 1 1 0 0 0 1 0 0 0 0 1 0 0 1 1 1 0 1 1 0 54
0 0 0 1 1 1 0 0 0 0 1 0 1 0 1 1 1 1 1 1 1 1 1 1 1 1 0 0 1 0 0 1 1 1 1 0 1 1 0 1 0 1 1 0 0 0 0 1 1 0 1 0 1 0 0 0 0 0 1 1 0 1 0 1 0 0 1 1 1 1 0 0 0 1 1 0 1 1 1 0 1 0 0 1 0 1 1 0 1 1 1 1 1 0 0 1 0 1 0 0 55
0 1 0 0 0 1 0 1 0 1 0 0 0 1 0 0 1 1 0 0 0 1 1 0 0 1 1 0 1 0 0 1 1 0 1 1 0 0 1 0 1 1 1 1 1 1 0 1 0 1 0 0 0 0 0 1 0 1 0 1 0 0 1 1 1 1 1 0 1 1 1 1 1 1 1 1 0 1 1 0 0 0 0 0 0 1 1 1 1 1 0 0 1 0 0 1 0 0 0 1 51
0 1 0 0 0 1 0 1 1 1 0 0 1 1 0 1 0 0 1 1 1 0 1 0 1 1 1 1 1 0 0 0 0 0 1 0 1 1 1 1 1 0 0 0 1 1 0 0 1 1 0 0 1 0 0 0 1 1 1 1 1 0 0 1 1 1 0 0 1 1 0 0 1 0 1 0 0 0 1 1 0 0 1 0 1 0 0 0 0 0 0 0 0 1 0 1 0 0 0 1 47
1 1 1 0 1 1 1 0 0 1 0 1 0 0 0 1 1 0 1 1 1 0 0 1 0 0 1 0 0 1 0 1 1 0 1 0 1 1 1 1 1 0 0 1 1 0 1 1 0 0 0 0 1 0 0 1 1 0 1 0 1 1 1 0 1 1 1 1 0 1 0 0 1 0 0 0 1 1 1 1 0 1 0 1 0 0 1 0 1 1 0 1 1 1 1 1 1 0 1 0 57
1 1 0 0 1 1 0 1 1 0 1 0 0 1 0 1 0 1 1 1 0 1 0 0 1 1 1 1 1 1 0 0 0 0 0 1 0 0 1 1 0 1 1 0 1 1 0 1 0 1 1 1 1 0 1 1 1 1 1 1 1 1 0 1 0 1 0 0 1 1 1 0 0 1 1 1 0 0 1 0 0 1 1 0 0 1 1 0 0 0 1 0 1 1 1 1 1 1 0 0 59
0 1 1 0 0 0 1 0 0 0 1 1 0 1 1 1 1 1 1 1 0 1 0 1 0 1 0 0 0 0 0 1 0 1 1 1 1 0 1 0 0 1 1 0 1 1 0 0 0 0 0 1 0 0 1 1 1 1 1 0 1 1 1 1 1 0 1 1 1 1 0 0 0 1 1 0 1 0 1 0 1 1 0 1 1 0 1 1 1 1 0 1 0 1 0 0 0 1 1 1 57
0 1 1 1 1 1 0 0 0 1 1 1 0 1 1 1 1 0 1 1 1 0 0 0 0 1 0 1 0 0 1 0 1 0 0 0 0 0 0 1 1 0 0 0 1 1 0 1 0 1 1 0 1 0 1 0 0 0 1 0 0 1 1 1 1 1 0 0 1 0 0 0 1 1 1 1 1 0 0 0 1 1 1 0 1 1 1 0 0 1 0 0 1 0 0 1 1 1 1 0 52
0 0 0 0 1 1 0 1 1 0 0 1 1 1 1 0 1 0 1 1 1 0 0 1 0 0 1 1 1 0 0 0 0 0 1 0 0 1 1 0 0 1 0 0 0 0 0 0 0 0 1 1 0 1 0 0 0 1 1 1 0 1 0 1 0 0 1 0 1 0 1 1 1 0 0 0 1 1 1 0 1 0 0 0 1 0 0 0 0 1 1 1 0 1 0 0 0 1 1 1 45
0 0 0 1 1 0 0 1 1 0 0 0 0 0 1 0 0 1 1 1 1 0 1 1 0 0 1 0 1 1 0 0 1 0 0 0 1 0 0 1 0 0 1 1 1 1 1 0 1 1 1 1 1 0 0 1 0 1 1 0 0 1 0 0 0 0 0 1 1 1 1 1 0 1 0 1 1 0 1 1 0 1 1 1 0 1 0 1 0 1 0 0 1 0 0 1 1 0 1 0 51
0 0 1 1 1 1 0 0 1 1 1 1 1 1 1 1 0 1 0 0 1 1 0 1 0 0 1 1 0 0 1 1 1 1 1 0 1 0 0 1 1 0 0 0 1 1 1 0 0 1 0 0 1 1 1 1 1 1 0 1 1 1 1 0 0 1 0 0 0 0 1 0 1 1 1 0 0 0 0 0 0 0 1 1 0 0 0 1 0 1 1 1 0 0 1 1 1 1 0 0 55
0 0 1 0 1 0 0 1 1 1 1 0 1 1 0 0 0 0 0 1 1 0 1 1 0 0 0 0 1 1 0 1 1 1 0 1 1 0 0 1 0 1 1 0 0 0 0 0 1 0 0 1 0 1 0 0 1 1 1 1 1 1 1 1 1 0 1 0 0 1 1 1 0 1 1 0 1 0 1 0 1 0 0 1 0 1 1 0 1 0 1 0 1 1 1 1 1 1 0 0 54
1 1 0 1 0 1 1 1 1 0 0 1 1 1 1 1 1 1 1 0 1 0 0 1 0 0 0 1 0 1 0 1 0 1 0 1 0 1 0 0 0 1 0 1 0 0 1 1 1 1 1 1 0 1 0 1 0 1 1 1 1 0 1 0 1 0 1 1 1 1 1 0 1 1 1 0 0 1 1 0 0 1 0 0 0 0 1 1 0 0 0 1 0 0 0 0 0 0 1 0 54
0 0 1 0 1 1 0 1 1 0 0 1 0 1 1 1 1 1 1 1 1 0 0 0 0 0 1 1 1 1 0 0 1 1 0 1 0 0 0 0 0 1 0 0 1 1 1 1 1 1 0 1 1 0 1 0 0 0 1 1 1 1 1 0 0 1 0 0 0 0 1 1 0 0 0 0 0 0 1 0 0 1 0 0 0 1 1 1 0 0 1 0 0 0 1 1 1 1 0 0 49
0 0 0 0 0 1 0 0 1 1 0 0 0 0 1 1 1 1 1 0 1 1 1 0 1 1 1 0 0 0 1 1 1 1 0 0 0 0 0 0 1 1 0 0 1 1 0 0 1 0 1 0 1 0 1 1 0 0 0 0 0 0 0 1 0 1 0 1 1 1 1 0 0 0 0 0 1 1 1 1 0 0 1 0 1 1 0 1 0 0 1 1 1 0 1 1 0 1 1 0 48
0 1 1 0 0 0 0 1 0 1 1 1 1 0 0 0 0 1 0 0 1 1 1 0 0 0 0 1 1 0 1 1 1 1 1 1 0 0 0 0 0 0 1 1 1 0 0 1 1 0 1 1 1 0 1 1 1 1 0 1 0 0 0 0 1 1 1 1 0 1 1 0 0 1 1 1 1 0 1 1 1 0 1 0 0 1 1 1 0 1 1 0 1 0 0 0 0 1 1 1 55
0 1 0 1 1 1 0 1 1 0 0 0 0 0 0 1 0 0 0 0 1 0 0 0 0 0 0 0 1 1 0 1 0 0 0 0 1 0 1 0 0 1 0 1 0 1 1 1 0 1 1 0 1 1 1 0 1 0 0 0 0 1 1 1 0 1 0 0 0 0 1 1 1 0 1 1 1 0 0 0 1 0 1 0 1 0 1 0 1 1 0 0 0 1 0 1 1 0 0 1 44
1 0 1 1 0 0 1 0 1 1 0 0 0 0 1 1 0 1 1 1 1 1 1 0 0 0 1 1 0 1 0 0 0 0 0 1 0 1 1 1 1 1 0 0 1 1 0 1 1 1 1 0 1 1 1 1 1 0 1 1 0 1 0 0 0 1 0 1 0 1 0 0 0 1 0 0 1 0 1 1 0 1 1 0 0 0 1 0 1 0 0 1 0 0 1 0 1 0 1 0 52
0 1 0 0 1 1 1 0 0 1 1 0 0 1 0 1 0 0 1 0 1 1 0 1 1 0 1 0 0 0 1 1 0 1 1 1 1 1 0 0 1 0 1 1 0 1 0 1 1 0 1 1 0 1 0 0 0 1 0 1 1 0 1 0 0 0 1 0 1 1 1 0 0 1 0 0 0 1 0 1 0 1 0 1 1 1 0 0 1 1 1 1 0 0 0 1 1 1 1 0 53
1 0 1 1 0 1 1 0 1 0 0 1 0 1 1 0 1 1 1 0 1 1 0 0 0 1 1 1 0 0 0 1 0 0 1 0 1 1 1 1 1 0 0 1 0 1 0 0 0 0 1 1 0 1 0 1 1 0 0 0 1 1 0 1 1 1 1 0 0 1 1 1 0 0 1 0 1 1 0 1 1 1 1 1 0 1 0 1 1 1 1 1 0 0 1 1 0 1 1 1 59
0 0 0 0 1 0 0 1 1 0 0 1 1 0 1 0 0 0 1 1 1 0 0 1 1 1 1 1 0 1 1 1 1 1 0 0 1 1 0 1 1 0 1 1 0 0 1 0 0 1 1 1 0 1 1 1 1 0 1 0 0 1 0 1 1 1 1 0 1 0 0 0 0 1 0 0 0 1 0 0 0 0 1 1 1 1 1 1 1 0 0 0 0 0 1 0 0 0 1 0 51
0 1 0 1 1 0 1 1 1 1 1 0 0 1 1 0 0 0 0 0 0 0 0 0 0 1 1 0 1 0 1 1 0 0 0 0 1 0 1 0 1 1 0 0 0 1 0 1 1 0 1 0 0 0 0 0 0 0 1 1 0 1 1 1 0 0 1 1 0 1 0 0 1 0 0 1 1 1 0 0 1 1 1 0 0 0 0 0 1 0 1 0 0 1 1 1 1 1 1 0 46
0 0 0 0 1 1 1 0 0 1 1 0 1 1 0 1 1 1 0 0 1 0 1 1 0 0 1 0 0 0 1 1 0 1 0 0 1 0 0 0 1 1 0 0 0 0 0 0 0 1 0 0 1 1 1 0 0 1 0 0 0 1 0 1 1 1 0 0 1 0 0 0 0 1 1 0 1 1 1 0 0 0 0 0 1 0 0 1 0 1 1 1 0 0 1 0 0 0 1 1 43
0 1 0 1 0 0 0 1 1 0 1 1 0 1 0 1 0 0 1 0 1 1 1 1 0 0 1 0 1 0 0 1 0 0 0 0 1 1 1 1 1 0 0 1 0 0 0 1 0 1 0 1 1 0 1 1 0 0 0 1 1 1 0 1 1 0 1 0 1 0 0 0 0 0 0 1 1 1 0 0 0 0 0 1 0 1 0 0 1 0 0 0 0 1 1 1 1 1 1 1 48
0 1 0 1 1 0 0 1 1 0 1 1 0 1 0 0 1 1 1 0 1 0 1 1 1 0 0 0 0 1 0 1 1 0 1 1 0 1 1 1 1 1 0 0 0 0 1 1 1 1 1 0 0 0 1 0 0 0 0 1 1 0 1 0 0 1 0 0 0 0 0 0 1 1 0 0 1 0 1 0 0 0 1 0 1 1 1 0 0 1 0 0 1 0 0 0 0 1 0 1 47
0 1 1 1 1 1 0 0 0 0 1 0 1 0 1 0 1 0 0 1 1 0 0 0 1 0 1 0 1 0 0 0 1 0 0 1 1 1 0 1 1 0 0 1 0 0 0 0 1 1 1 1 1 0 1 1 0 1 1 0 0 0 1 1 1 0 1 0 0 0 1 0 0 1 0 1 1 1 0 0 0 0 1 1 1 1 0 1 1 0 1 0 1 1 1 1 1 0 1 0 52
1 1 0 0 1 1 0 1 0 1 0 0 1 1 0 1 0 0 1 0 1 0 0 0 1 1 1 0 1 1 1 1 0 0 0 1 1 1 1 1 0 1 0 0 0 0 0 0 0 0 1 1 0 1 0 0 1 0 1 1 1 0 1 0 1 0 1 1 1 0 1 1 1 0 0 0 0 1 0 0 1 0 1 1 1 1 1 1 0 1 0 0 0 1 0 1 0 1 0 0 51
1 0 1 1 1 0 1 1 1 0 0 1 1 1 0 0 1 1 1 1 1 1 0 1 0 1 0 0 1 0 0 1 0 1 1 1 1 1 0 0 0 1 1 1 0 0 1 1 1 1 0 1 1 1 0 1 1 0 0 1 0 0 1 1 0 0 1 0 1 1 1 1 1 1 0 1 0 1 0 0 1 1 1 1 1 0 0 0 1 1 1 1 0 0 0 0 1 1 0 1 61
0 0 1 1 0 1 0 0 1 1 0 1 1 1 1 0 1 0 0 0 0 0 0 1 0 0 1 1 0 0 1 0 1 1 0 1 0 0 1 1 1 0 1 1 1 0 1 1 0 0 1 1 0 0 1 0 0 1 0 0 0 1 1 1 1 1 0 1 0 1 0 0 1 0 0 1 1 0 1 1 0 0 1 0 1 1 0 0 1 0 0 0 0 0 1 1 0 0 0 0 47
0 1 1 0 0 1 1 0 1 1 0 1 1 1 1 0 1 1 1 1 1 1 1 0 0 0 1 1 1 1 0 0 0 0 1 0 0 0 0 1 0 1 0 0 1 0 0 0 0 1 0 0 0 1 0 1 1 1 0 1 0 0 1 0 0 0 0 1 1 0 0 0 0 1 0 0 0 1 0 1 1 1 0 0 0 0 0 0 1 1 1 0 1 0 1 0 0 1 0 1 46
0 1 1 0 1 1 1 1 0 0 0 1 0 1 1 1 0 1 1 0 1 0 0 1 1 0 1 0 0 0 0 0 1 0 1 1 1 1 0 1 1 0 1 1 1 0 1 1 1 1 1 0 0 1 0 0 1 1 1 0 1 0 1 1 0 0 1 1 1 0 1 1 0 1 0 0 0 1 1 1 0 1 1 1 1 1 0 1 0 0 1 1 1 1 0 0 0 0 1 0 58
1 0 1 1 0 0 1 1 0 0 1 0 1 1 1 0 0 1 0 0 1 0 0 0 1 1 1 1 1 0 1 1 0 0 1 0 0 0 0 0 1 1 0 0 1 1 0 0 1 0 1 1 1 1 0 1 1 1 0 0 1 0 0 0 0 1 1 1 1 1 1 0 1 0 0 0 0 1 0 1 1 1 1 1 0 1 0 1 1 1 1 1 0 0 1 1 0 1 1 0 55
1 1 1 1 1 1 1 1 1 1 0 1 1 1 1 1 0 1 1 1 1 1 1 1 1 0 0 0 1 0 0 1 0 1 0 0 0 1 0 1 1 1 1 0 1 0 0 0 1 1 1 1 1 1 0 0 1 1 0 0 1 0 1 0 0 0 1 1 1 0 0 1 1 1 0 0 0 0 0 1 1 1 0 1 0 0 0 1 1 1 0 0 1 1 0 0 0 1 1 0 59
0 0 1 1 0 1 0 1 0 1 1 1 1 0 0 0 1 0 0 1 1 1 0 0 1 0 1 1 1 0 0 0 0 1 0 0 1 1 1 1 1 1 1 1 0 0 1 1 0 1 0 0 1 1 0 1 1 0 0 0 0 0 0 0 0 0 1 0 0 0 1 1 0 1 1 0 0 0 0 1 1 0 1 1 0 1 0 0 1 0 1 0 1 1 0 1 0 0 1 0 48
1 1 1 0 0 1 0 0 1 0 0 1 0 0 1 1 1 0 1 1 1 0 0 0 0 0 0 0 0 0 0 0 1 0 0 1 1 0 1 1 1 1 1 0 0 1 0 0 0 1 1 1 1 0 1 0 1 0 1 0 1 1 1 1 0 0 0 0 0 0 1 0 1 1 0 0 0 1 1 0 0 1 0 1 0 0 0 1 1 1 1 1 1 0 0 0 1 0 1 1 48
0 1 0 0 0 1 1 1 0 1 0 0 0 1 1 1 0 1 0 0 1 1 0 0 0 0 1 0 0 0 0 1 0 1 1 1 1 0 1 0 0 1 0 0 0 1 1 1 1 0 1 0 1 0 1 1 0 1 0 1 1 1 0 0 1 1 0 0 0 0 0 0 1 0 1 1 0 1 1 0 0 0 0 0 0 0 0 1 1 1 1 0 1 1 0 1 0 1 1 1 48
0 1 1 1 1 0 0 1 0 1 1 0 1 0 0 1 1 0 1 1 1 1 1 1 1 0 0 0 0 0 1 0 0 0 0 0 0 1 0 0 0 1 1 0 1 0 1 0 1 1 0 1 1 0 0 1 0 1 0 1 1 0 0 0 0 1 0 0 0 0 0 1 1 0 0 0 0 0 1 0 1 0 1 1 1 1 0 0 0 0 0 1 1 0 0 0 1 1 0 1 45
0 0 0 1 0 1 1 0 0 0 0 1 1 0 1 1 0 0 1 1 0 0 0 0 0 0 0 1 1 1 0 1 1 1 1 0 1 1 0 1 1 1 0 0 1 1 1 1 1 1 1 0 0 1 0 0 1 0 0 0 0 0 1 0 0 1 0 0 0 1 0 0 0 1 0 0 0 1 1 0 1 1 1 0 1 1 1 1 0 0 0 0 0 1 1 1 1 1 1 1 50
0 0 1 0 1 1 1 1 1 1 0 1 1 1 0 0 0 1 1 1 1 0 0 0 1 1 0 1 0 1 1 1 1 1 1 0 0 1 0 0 0 0 0 0 0 0 1 1 0 1 0 0 1 1 1 1 1 1 1 1 1 1 0 0 1 0 1 0 1 1 0 0 0 1 1 1 1 1 1 1 0 0 1 1 0 1 0 1 0 0 1 0 1 1 1 1 0 1 1 0 59
1 0 0 1 0 1 1 0 0 0 0 1 0 0 0 0 1 1 1 1 1 1 0 0 0 0 0 0 0 0 1 1 0 1 0 1 0 1 1 0 1 1 0 0 1 0 0 0 1 0 0 1 0 0 1 1 1 1 1 1 0 0 1 0 0 0 1 1 0 0 1 0 1 1 1 1 0 0 1 0 0 1 1 1 1 1 0 0 0 0 0 0 0 1 0 0 0 0 0 1 44
0 1 0 1 0 1 0 1 0 0 1 1 0 0 0 1 0 1 1 1 0 0 0 1 1 0 1 1 1 0 1 0 1 1 1 1 0 1 0 1 1 1 1 1 0 0 0 0 0 0 0 0 1 1 0 0 0 0 0 1 0 0 0 0 0 1 0 0 0 0 1 0 0 1 1 1 1 0 1 1 1 1 1 1 0 0 1 1 1 0 0 0 1 0 0 1 0 1 1 1 49
1 0 0 1 1 0 1 1 1 0 0 1 0 1 0 1 0 0 1 1 1 0 0 0 1 1 1 0 0 1 0 0 1 0 1 1 0 1 0 0 0 1 1 0 1 0 1 0 1 1 1 0 1 0 1 1 0 0 0 1 1 0 0 1 0 1 0 0 1 0 1 0 1 1 1 1 1 0 0 1 0 0 1 0 1 1 0 1 1 0 1 1 0 1 1 1 0 0 0 0 52
1 1 1 1 0 1 0 1 0 1 1 1 0 1 1 1 1 0 0 1 0 1 1 0 0 1 0 1 1 1 1 0 0 1 1 0 0 0 0 0 1 0 1 0 0 1 0 1 0 1 0 0 1 0 0 0 0 0 0 1 0 1 1 0 0 1 0 0 0 1 0 0 0 1 1 1 0 0 0 0 0 1 1 1 1 1 1 0 0 0 0 0 1 1 1 1 1 1 1 1 51
0 0 1 1 1 1 0 0 1 0 0 1 1 1 0 0 1 1 1 1 1 0 0 1 0 0 1 1 0 1 0 0 0 1 0 1 0 1 1 0 0 0 1 0 1 0 1 1 1 1 1 0 1 0 0 1 1 0 0 0 0 1 1 0 1 1 0 0 1 0 1 1 0 1 1 1 0 1 1 1 0 0 1 1 1 1 0 1 0 0 1 0 0 0 1 1 0 0 0 1 53
1 0 0 1 1 1 1 1 0 0 1 0 1 0 1 0 1 0 1 1 1 0 0 1 0 0 1 0 1 1 0 1 1 0 0 0 1 1 0 1 0 0 0 1 0 1 1 0 0 0 1 1 0 0 0 1 0 0 0 1 1 0 1 0 0 1 0 0 1 1 1 0 0 1 0 1 0 0 0 0 0 1 0 1 1 1 1 1 1 0 0 1 0 0 0 1 1 1 0 0 48
0 1 1 0 1 1 0 0 1 1 1 0 1 0 0 1 1 0 0 1 1 0 1 0 0 1 1 0 0 1 0 1 0 0 0 0 1 0 1 0 0 1 0 0 0 0 0 1 0 0 1 1 1 0 1 1 1 1 1 0 0 1 0 0 0 1 1 0 1 0 0 1 1 0 1 0 1 0 0 0 1 0 0 0 1 0 0 1 0 1 1 0 0 1 0 0 0 0 1 1 45
1 1 0 1 1 0 1 0 0 1 0 0 1 1 0 0 1 0 0 0 1 1 1 0 0 1 1 0 0 1 1 0 1 1 0 1 1 0 1 0 1 1 0 1 1 1 0 1 1 0 0 0 0 0 0 0 0 1 1 1 1 0 0 0 1 1 1 0 1 0 1 1 1 1 1 1 0 1 0 1 0 0 0 1 0 0 0 1 1 1 0 0 1 0 1 1 1 1 1 0 54
0 1 1 1 1 0 0 0 1 1 1 1 1 1 1 0 1 1 1 1 1 1 0 0 1 0 0 0 1 1 1 0 1 0 0 0 0 0 1 1 0 0 1 0 1 0 0 1 0 0 1 0 1 0 0 0 0 0 1 1 1 0 0 1 1 1 0 0 1 1 0 1 0 0 0 0 0 0 0 1 1 1 1 0 0 1 0 1 1 0 0 0 0 1 0 0 0 0 1 1 48
0 0 1 0 0 1 1 1 1 0 1 0 0 1 0 0 1 1 1 1 1 0 0 1 0 1 1 1 1 0 0 1 1 1 1 0 0 1 1 0 1 0 0 0 0 1 0 1 0 0 0 0 1 1 0 0 0 0 1 1 1 0 0 1 0 0 1 0 0 1 1 1 1 1 1 1 1 1 1 0 1 1 0 0 0 0 1 0 0 0 0 0 0 1 0 1 1 1 0 0 50
0 0 1 0 0 1 0 0 0 1 0 1 0 1 1 0 0 1 0 1 0 0 1 0 1 0 0 1 1 1 0 1 1 0 1 0 1 1 0 1 0 1 0 1 0 0 0 1 1 1 1 0 0 0 1 0 0 0 1 0 0 1 0 1 0 1 1 0 1 1 0 0 1 0 1 0 0 0 1 1 0 1 1 0 1 0 0 0 0 1 0 0 1 0 0 0 0 1 0 0 43
1 1 1 1 1 0 0 1 1 1 0 1 0 0 1 1 1 1 0 0 0 0 1 1 1 0 0 0 1 0 0 1 1 0 0 0 0 0 0 1 0 1 1 1 0 1 1 0 1 0 1 1 1 0 0 0 0 1 1 0 0 0 0 0 1 1 1 1 1 0 0 1 0 1 1 1 0 0 1 1 0 1 0 0 1 0 1 0 1 1 1 0 0 0 0 1 1 1 0 1 52
1 0 0 0 0 1 0 1 0 1 1 0 1 0 0 0 0 1 1 0 0 1 1 0 1 0 0 1 1 0 1 0 0 0 0 0 1 1 0 1 0 1 1 0 1 0 1 1 0 1 1 1 1 0 1 0 1 0 1 1 0 0 0 0 1 0 0 1 0 0 1 0 1 0 1 0 0 1 0 0 0 0 1 1 1 1 0 1 0 0 0 0 1 0 0 0 1 1 1 1 46
1 0 0 1 1 0 1 1 1 1 0 1 1 1 1 1 0 1 1 1 1 1 1 0 0 1 1 0 1 0 1 1 1 1 0 0 1 1 0 1 1 0 0 0 1 0 0 0 0 1 1 1 0 1 0 0 1 1 0 1 1 0 1 0 1 1 0 1 0 1 1 0 1 0 0 1 1 1 0 0 1 0 0 1 0 1 1 1 0 1 1 1 0 0 1 0 1 1 1 1 61
0 1 0 1 1 0 0 1 0 1 1 0 1 1 1 0 1 1 1 0 0 0 1 1 0 0 1 1 1 1 0 0 0 0 1 1 1 0 0 1 0 1 0 1 0 0 1 0 1 0 0 1 0 1 1 1 1 0 0 1 0 1 0 0 0 0 1 0 1 0 1 1 0 1 0 1 0 0 0 1 0 1 0 1 0 0 1 1 0 1 0 0 0 0 0 1 1 1 1 0 49
1 0 1 0 1 0 0 1 0 0 0 1 0 0 0 0 1 0 0 0 1 1 1 1 1 1 0 0 0 0 0 0 1 1 1 0 0 0 0 0 1 0 0 0 1 0 1 0 0 0 1 1 1 1 1 1 0 0 1 0 0 1 1 0 0 0 0 0 1 1 0 0 1 1 0 1 1 0 1 1 0 1 0 0 1 1 0 0 1 0 1 1 0 0 1 1 0 0 0 1 44
0 0 0 0 0 0 1 1 1 1 0 0 0 1 0 0 1 0 0 0 1 1 0 1 0 0 1 1 0 0 1 0 1 1 0 1 1 1 1 1 0 0 1 1 0 1 1 1 1 0 0 1 0 0 0 1 1 1 0 0 1 0 1 1 1 1 0 1 1 1 0 1 0 0 1 0 1 1 1 1 0 1 1 1 1 0 1 0 0 1 0 0 0 0 1 0 1 1 1 0 53
1 1 1 0 1 1 0 1 1 1 0 0 1 1 0 0 0 0 1 1 0 1 1 1 1 1 1 0 0 1 0 0 0 0 1 0 1 1 1 0 1 0 1 0 0 0 0 0 1 1 1 0 0 0 1 1 0 0 0 1 1 1 1 1 0 0 1 0 0 1 0 0 1 1 0 0 0 0 1 1 0 0 0 1 1 0 0 0 0 0 0 1 0 0 1 1 0 0 1 0 47
1 0 1 1 0 0 0 0 0 1 1 1 0 0 0 0 1 0 0 1 1 0 0 0 0 1 0 1 1 1 0 1 0 1 0 1 0 0 0 0 0 1 1 1 1 1 1 0 1 0 0 1 1 0 1 1 1 0 1 0 0 0 0 1 1 0 0 0 1 1 1 0 0 0 0 1 0 0 1 0 0 0 0 0 1 0 0 1 1 1 1 0 0 1 0 1 1 1 0 0 45
0 1 0 1 0 1 0 1 1 0 0 0 0 0 0 1 0 0 1 1 0 1 0 0 1 1 1 0 1 0 1 0 1 1 0 0 0 0 0 1 1 1 0 0 0 1 0 0 0 1 0 0 0 0 1 1 0 1 0 1 0 1 0 1 1 0 0 0 1 0 1 1 0 1 0 0 0 0 0 0 0 1 1 1 1 0 1 0 0 0 1 1 0 0 0 0 1 1 0 0 41
1 0 1 0 1 0 0 1 1 0 1 0 1 1 1 1 1 1 1 1 1 0 1 1 1 0 0 0 1 1 1 1 0 1 0 0 0 0 0 1 1 0 0 1 1 1 1 1 1 0 1 1 1 1 1 1 1 0 1 1 0 0 0 0 0 0 0 1 0 1 1 1 0 1 1 0 1 1 0 0 1 1 0 1 1 0 0 0 1 0 1 0 0 1 0 1 1 0 1 1 59
1 1 1 1 0 0 0 0 0 1 1 1 0 0 0 0 0 1 0 1 1 0 1 1 0 0 1 1 0 1 0 1 0 1 0 1 1 1 1 1 0 1 0 1 0 1 1 1 0 1 0 1 1 1 0 0 1 0 1 1 1 0 1 0 0 1 1 0 1 0 1 0 0 0 1 0 0 0 0 0 1 0 0 0 1 0 1 1 0 1 1 1 1 1 0 1 1 0 1 1 54
1 1 0 0 0 0 0 0 0 1 1 0 0 1 1 0 1 0 1 0 1 1 0 0 0 1 1 1 0 0 0 0 0 0 1 0 1 1 1 1 0 1 0 0 1 1 1 1 1 1 1 0 0 0 0 0 1 1 1 0 1 0 1 1 0 0 1 1 1 0 1 1 1 0 1 1 0 0 0 1 0 1 1 1 0 0 0 1 0 1 1 0 1 1 0 0 1 1 0 0 51
1 0 0 0 1 0 0 1 0 1 1 0 1 0 0 0 0 0 1 0 1 0 1 1 1 1 0 1 0 0 0 0 1 0 1 1 1 0 1 1 0 0 1 1 0 1 1 0 1 0 1 0 1 0 0 0 1 1 0 0 0 1 0 0 1 0 0 0 1 1 0 0 0 0 1 0 1 0 1 1 1 0 1 1 0 0 1 0 1 0 0 0 1 1 1 0 0 0 0 0 44
1 1 1 1 1 0 0 0 1 1 0 1 1 0 0 0 0 0 1 1 0 0 1 1 1 1 1 1 1 0 1 0 0 1 1 0 0 0 1 1 1 1 1 1 0 0 1 1 0 1 1 0 1 0 0 0 1 1 1 1 0 1 1 0 1 1 0 0 1 1 1 1 1 0 0 1 0 0 1 1 0 1 0 1 1 1 1 0 0 1 0 0 0 0 0 1 1 1 0 1 58
0 1 0 0 0 0 0 0 0 0 1 0 1 1 1 1 0 1 0 1 1 0 1 1 0 0 0 0 0 0 1 0 0 0 0 0 0 1 1 0 1 0 1 0 0 0 1 0 0 0 0 0 0 0 1 1 1 1 0 1 0 0 0 0 0 1 1 1 0 0 1 1 0 1 0 0 1 0 0 0 1 0 1 0 0 0 1 0 0 1 1 1 1 0 0 1 0 1 1 0 39
0 0 0 0 0 0 1 0 0 0 0 1 0 1 0 1 0 1 1 1 1 0 0 0 0 1 1 0 0 0 1 0 1 1 0 0 0 0 0 0 0 1 1 0 1 0 1 1 1 0 0 0 0 0 0 1 1 0 0 0 1 1 0 0 0 0 0 0 1 0 0 0 0 1 0 1 0 0 1 0 1 1 0 0 0 1 0 1 0 1 1 1 0 1 0 0 0 0 1 0 36
1 0 0 1 0 0 1 1 1 1 0 1 0 1 1 0 0 1 0 1 1 1 0 1 0 1 1 1 1 0 1 0 1 1 0 0 1 1 1 0 1 1 1 0 1 1 0 0 1 0 1 1 0 1 1 0 1 0 1 0 0 0 1 1 0 1 1 1 1 1 0 0 1 1 0 0 1 1 0 0 0 1 0 1 0 1 1 0 0 0 0 0 1 1 0 1 1 1 0 1 57
1 1 1 0 1 0 0 1 0 0 0 1 1 1 1 0 0 1 0 1 0 0 0 1 1 0 0 1 1 0 0 0 1 1 1 0 1 1 0 0 1 1 0 0 0 0 0 1 0 0 0 0 0 0 1 1 0 0 0 0 1 0 0 0 0 1 1 1 1 1 1 0 1 1 0 0 1 1 1 1 1 1 1 0 1 0 0 1 0 1 1 0 0 1 0 1 0 1 0 0 48
0 1 0 1 1 1 0 1 1 0 1 0 0 0 0 0 0 0 1 0 1 1 1 1 1 0 0 0 0 1 1 0 0 1 1 0 0 1 1 0 0 1 0 1 0 1 1 0 1 1 0 1 0 1 1 0 0 1 1 0 1 1 1 0 0 1 1 0 1 0 1 0 0 1 1 1 0 0 1 0 1 0 0 0 0 0 1 0 0 0 1 1 1 1 1 0 0 1 1 0 50
1 1 0 1 0 0 0 1 1 1 1 1 0 1 1 0 0 0 1 0 0 0 1 0 1 1 0 0 0 0 1 0 1 0 0 1 1 1 0 1 0 1 0 1 0 1 0 0 1 1 1 0 1 1 0 0 0 1 1 0 0 0 0 0 1 1 1 0 1 1 0 1 1 1 1 0 1 0 1 1 0 0 1 1 1 1 1 0 1 0 0 1 1 1 1 1 0 1 1 1 56
1 1 1 0 1 1 1 0 1 0 1 0 1 0 1 1 1 1 0 1 1 0 0 1 0 1 1 1 1 0 1 0 0 1 0 1 0 1 0 1 1 0 1 0 0 1 0 1 1 1 1 1 0 0 0 0 0 0 0 1 1 0 1 0 1 0 0 0 0 0 0 0 1 0 1 0 1 0 0 1 0 1 0 0 0 1 0 0 1 1 1 1 0 1 0 1 1 1 1 0 52
1 1 1 0 0 1 0 1 1 0 0 0 1 1 0 1 1 0 1 0 0 1 1 1 1 0 1 1 0 1 0 0 0 1 0 0 0 1 1 0 0 0 0 1 1 0 0 1 1 0 1 0 0 1 0 1 0 1 0 1 0 0 1 0 0 0 0 0 1 1 0 1 0 1 0 1 0 1 0 0 0 0 1 0 1 1 1 1 1 0 1 0 1 0 0 0 1 0 0 1 47
1 0 0 1 0 0 0 1 1 0 0 1 1 0 0 1 0 0 1 0 1 1 1 1 0 1 0 1 0 0 0 0 0 1 0 0 1 1 1 0 1 0 1 1 1 0 1 0 1 0 1 1 0 1 0 1 1 0 1 0 1 1 1 0 1 0 0 1 0 1 1 1 0 1 0 0 1 0 0 0 1 0 0 1 0 1 1 0 0 0 0 0 0 1 0 1 0 0 1 0 47
1 1 0 0 1 1 0 0 0 1 0 1 1 1 0 1 1 1 0 0 1 1 1 0 0 1 0 0 1 1 0 1 0 1 0 1 1 1 0 1 0 1 0 1 0 1 1 0 1 1 1 0 0 0 0 1 1 0 1 0 1 1 0 1 0 1 1 1 0 0 1 0 1 1 1 1 0 0 0 1 0 0 0 0 0 1 0 0 0 0 0 1 1 0 0 0 0 0 1 1 50
0 0 1 0 1 1 1 0 0 0 1 0 0 1 1 1 1 0 1 0 1 0 1 1 1 0 1 0 1 0 1 0 1 1 1 1 1 1 1 0 1 1 1 0 1 0 1 1 0 1 0 1 1 0 0 0 1 1 0 0 0 0 0 0 0 1 1 1 1 1 1 1 1 1 1 0 1 1 1 0 1 0 1 0 0 1 0 0 1 1 1 0 0 0 1 0 0 1 1 0 57
1 0 1 1 0 0 0 1 0 1 0 1 0 0 0 1 1 1 0 0 1 1 0 1 0 1 0 0 1 1 1 0 1 0 0 1 1 0 0 0 1 0 1 0 0 1 0 1 1 1 1 1 1 0 0 1 0 1 0 0 0 0 0 0 0 0 1 0 0 1 0 0 1 0 1 1 1 0 0 0 1 1 1 1 1 1 1 1 1 1 0 0 0 1 0 1 0 0 1 0 49
1 0 0 0 0 1 0 1 0 1 0 1 1 0 1 0 0 1 0 0 1 0 0 0 1 1 0 0 0 0 0 0 1 0 0 1 0 0 1 1 0 1 1 0 0 1 0 1 1 0 0 1 1 0 1 0 0 1 1 1 1 0 0 1 0 0 1 1 0 0 0 0 0 1 0 0 0 0 0 1 0 1 1 1 1 1 0 1 1 1 1 1 1 1 0 0 0 0 0 1 45
0 1 1 0 1 0 1 0 1 0 0 0 0 1 1 0 1 0 0 1 1 0 0 1 1 0 0 1 1 1 0 0 0 0 0 1 0 0 1 0 1 0 0 1 1 0 1 0 0 1 0 1 1 1 0 0 1 1 0 0 0 0 1 0 1 0 1 0 0 1 0 1 1 1 1 0 0 0 1 0 0 1 0 1 0 1 1 0 0 1 1 1 0 1 0 0 1 0 1 0 46
1 1 0 1 1 1 0 0 0 0 0 0 1 1 1 0 1 0 1 0 1 0 0 0 1 1 0 0 1 0 0 1 0 0 1 0 1 0 0 0 1 0 0 0 0 0 0 0 0 1 1 0 0 1 0 0 0 1 0 1 0 1 0 1 0 0 0 1 0 0 1 1 0 1 1 1 1 1 1 1 1 1 0 0 0 1 0 0 0 0 1 1 1 0 0 0 1 1 1 1 45
1 1 1 1 1 0 1 0 1 1 1 1 0 1 1 1 1 0 0 0 0 0 1 0 1 0 1 0 1 0 0 1 0 1 1 0 1 0 1 1 0 1 1 0 0 1 1 0 1 1 0 1 0 1 0 0 0 0 0 1 0 1 1 1 1 1 1 0 1 0 0 1 0 0 0 1 0 0 1 1 0 0 1 1 0 1 1 0 0 0 0 0 0 0 0 0 1 0 0 0 49
1 1 0 1 1 0 1 1 1 0 1 1 0 1 0 1 1 1 0 0 0 0 1 1 1 0 1 0 0 1 1 0 0 1 0 1 1 0 1 0 1 1 1 0 1 0 1 0 1 0 1 0 1 0 0 0 1 0 1 1 0 1 1 0 0 1 1 0 1 0 0 1 1 1 0 0 0 0 0 1 1 0 0 0 0 1 1 1 0 0 0 0 1 1 1 1 0 0 0 0 51
1 1 1 1 0 0 0 1 0 1 0 0 0 0 0 1 1 1 1 1 0 0 0 0 1 0 1 1 1 0 0 0 0 1 1 1 0 0 0 1 1 0 1 1 0 1 1 0 0 1 1 1 1 1 0 1 0 1 1 0 1 1 1 0 1 0 0 0 0 0 1 1 0 1 0 0 1 0 0 0 0 0 0 0 1 0 0 0 1 1 1 0 0 0 1 0 0 1 1 1 48
1 0 0 1 0 1 0 1 1 1 1 1 1 1 0 1 1 1 0 0 1 1 1 0 1 0 1 0 0 0 0 1 0 0 1 1 0 0 0 1 0 1 1 1 0 1 0 1 0 1 0 1 0 0 0 0 0 0 1 1 0 1 0 0 0 1 0 0 0 1 0 1 0 1 0 1 0 0 1 1 1 1 0 1 1 1 1 0 1 1 0 1 1 0 0 1 0 1 0 1 52
0 1 0 0 0 1 1 1 0 0 0 0 1 1 0 0 1 0 0 1 1 1 1 0 0 1 0 1 1 1 1 0 1 0 0 0 0 1 0 0 0 1 0 0 0 1 0 1 1 0 1 1 1 1 0 0 0 1 1 0 1 1 1 1 0 1 1 0 1 0 0 0 0 0 0 0 1 0 0 0 0 1 1 0 0 1 0 0 0 0 0 0 0 0 1 0 1 0 1 1 43
0 0 0 0 0 1 0 1 0 0 0 1 0 1 1 1 0 1 1 0 0 1 0 0 1 0 0 1 1 0 0 0 0 0 1 1 0 1 1 1 0 0 1 0 0 1 1 1 0 1 0 1 1 0 0 1 1 1 1 1 1 0 1 0 1 0 0 0 1 0 0 0 0 0 1 1 0 0 0 1 1 1 0 0 1 1 0 1 1 1 1 1 1 0 1 1 1 0 1 0 50
1 1 1 1 0 0 1 1 0 1 1 1 0 1 0 1 1 1 0 0 1 1 1 1 0 0 0 1 1 0 1 0 1 1 0 0 0 0 1 0 0 0 1 1 0 0 0 1 0 0 0 0 1 1 0 1 0 1 1 1 0 1 1 0 1 1 1 0 1 0 0 1 1 0 1 1 0 0 0 1 0 1 0 1 1 1 0 1 1 0 1 0 1 0 0 1 0 1 0 1 54
1 0 0 0 0 0 1 0 0 0 0 0 1 1 0 0 0 0 0 0 0 1 0 0 1 1 0 0 0 0 0 1 1 0 1 0 1 0 0 0 1 1 0 1 0 1 0 1 0 1 0 0 1 0 0 0 1 1 1 1 0 0 0 1 0 0 1 0 0 0 0 0 0 1 0 1 0 1 1 1 1 1 1 0 0 0 1 1 1 0 0 0 1 1 1 0 1 0 0 1 40
99 103 102 103 109 105 90 113 98 101 91 97 98 111 101 104 106 105 104 109 118 97 103 110 100 102 107 89 105 94 90 87 101 101 91 94 101 97 104 101 107 112 95 103 93 105 96 100 105 101 108 106 108 93 93 95 98 96 100 106 99 105 102 95 97 100 103 81 102 100 110 84 105 106 100 98 88 81 104 102 90 101 112 99 103 111 102 96 102 90 96 85 94 95 85 105 100 106 109 96 10000
