0 0 0 0 0 0 0 0 0 0 0 1 0 0 0 0 0 0 0 0 0 0 0 0 0 0 0 0 0 0 0 0 0 0 0 0 0 0 0 0 0 0 0 0 0 0 0 0 0 0 1
0 0 0 0 0 0 0 0 0 0 0 0 0 0 0 0 0 1 0 0 0 0 0 0 0 0 0 0 0 0 0 0 0 0 0 0 0 0 0 0 0 0 0 0 0 0 0 0 0 0 1
0 1 0 0 0 0 0 0 0 0 0 0 0 0 0 0 0 0 0 0 0 0 0 0 0 0 0 0 0 0 0 0 0 0 0 0 0 0 0 0 0 0 0 0 0 0 0 0 0 0 1
0 0 0 0 0 0 0 0 0 0 0 0 0 0 0 0 0 0 0 0 0 0 0 0 0 0 0 0 0 0 0 0 0 0 0 0 1 0 0 0 0 0 0 0 0 0 0 0 0 0 1
0 0 0 0 0 0 0 0 0 0 0 0 0 0 0 0 0 0 0 0 0 0 0 0 0 0 0 0 0 0 0 0 0 0 0 0 0 0 1 0 0 0 0 0 0 0 0 0 0 0 1
0 0 1 0 0 0 0 0 0 0 0 0 0 0 0 0 0 0 0 0 0 0 0 0 0 0 0 0 0 0 0 0 0 0 0 0 0 0 0 0 0 0 0 0 0 0 0 1 0 0 2
0 0 0 0 0 0 0 0 0 0 0 0 0 0 0 0 0 0 0 0 1 0 0 0 0 0 0 0 0 0 0 0 0 0 0 0 0 0 0 0 0 0 0 0 0 0 0 0 0 0 1
0 0 0 0 0 0 0 0 0 0 0 0 0 0 0 0 0 0 0 0 0 0 0 0 0 0 0 0 0 0 0 0 0 0 0 0 0 0 0 0 0 0 0 0 0 0 1 0 0 0 1
0 0 0 0 0 0 0 0 0 0 0 0 0 0 0 0 0 0 1 0 0 0 0 0 0 0 0 0 0 0 0 0 0 0 0 0 0 0 0 0 0 0 0 0 0 0 0 0 0 0 1
0 0 0 0 0 0 0 0 0 0 0 0 0 0 0 0 0 0 0 0 0 0 0 0 0 0 0 0 0 0 0 0 0 1 0 0 0 0 0 0 0 0 0 0 0 0 0 0 0 0 1
0 0 0 0 0 0 0 0 0 0 0 0 0 0 0 0 0 0 0 0 0 0 0 0 0 0 0 0 0 0 0 0 0 0 0 0 0 0 0 1 0 0 0 0 0 0 0 0 0 0 1
0 0 0 0 0 0 0 0 0 0 0 0 0 0 0 0 0 0 0 0 0 0 0 0 0 0 0 0 0 0 0 0 0 0 0 0 0 0 0 0 0 0 0 0 0 1 0 0 0 0 1
0 0 0 0 0 0 0 0 0 0 0 0 0 0 0 0 0 0 0 0 0 0 0 0 0 0 0 0 0 0 0 0 0 0 0 0 0 0 0 0 0 0 1 0 0 0 0 0 0 0 1
0 0 0 0 0 0 0 0 0 0 0 0 0 0 0 0 0 0 0 0 0 0 0 0 0 0 0 0 0 0 0 0 0 1 0 0 0 0 0 0 0 0 0 0 0 0 0 0 0 0 1
0 0 0 0 0 0 0 0 0 0 0 0 0 0 0 0 0 0 0 0 0 0 0 0 0 0 0 0 0 0 0 0 0 0 0 0 0 0 0 0 0 0 0 0 0 1 0 0 0 0 1
0 0 0 0 0 0 0 0 0 0 0 0 1 0 0 0 0 0 0 0 0 0 0 0 0 0 0 0 0 0 0 0 0 0 0 0 0 0 0 0 0 0 0 0 0 0 0 0 0 0 1
0 0 1 1 0 0 0 1 1 1 1 0 0 0 1 1 1 1 1 0 0 0 1 1 0 1 0 1 1 1 0 1 1 0 1 0 0 0 1 1 0 1 0 1 1 1 0 1 0 0 27
0 0 0 1 1 1 1 1 0 0 0 1 0 1 0 0 0 1 0 0 0 1 0 0 0 0 1 1 0 0 0 0 1 1 1 1 1 1 0 0 1 1 0 1 1 1 0 0 0 0 22
0 0 1 0 1 1 1 1 0 1 0 1 0 0 0 1 1 1 0 0 0 1 0 1 0 0 0 0 1 0 1 1 1 0 1 0 1 0 1 0 0 0 0 1 1 1 0 1 1 0 24
0 0 1 1 0 0 1 0 0 1 1 0 0 0 1 0 1 1 0 1 0 1 1 1 1 0 0 0 0 1 0 0 0 0 0 1 1 0 0 1 1 1 1 0 0 1 0 0 1 1 23
1 1 0 0 0 0 1 0 0 0 0 0 0 1 1 0 1 0 0 0 1 0 0 0 1 1 0 0 1 0 1 1 1 1 1 1 0 0 1 0 1 1 1 1 0 1 1 1 1 0 25
0 0 1 0 1 1 1 0 1 1 0 0 0 0 1 0 1 1 1 0 1 1 1 1 1 1 1 1 1 0 1 1 1 1 1 0 0 1 0 1 0 1 1 1 0 0 1 1 0 1 32
1 1 1 0 1 0 0 0 1 1 1 1 0 0 1 1 1 1 1 1 0 0 1 1 1 1 1 0 1 1 1 0 0 0 1 1 1 1 1 1 1 0 1 1 0 1 1 1 1 1 36
0 0 1 0 1 0 0 0 1 0 0 1 0 1 0 1 1 1 1 0 0 0 0 1 0 0 0 0 0 0 0 0 1 0 0 0 1 1 0 0 1 1 1 0 0 0 1 0 0 1 18
0 1 1 1 1 0 1 0 0 1 1 1 0 1 1 1 0 0 0 1 0 0 1 0 0 0 1 1 0 1 0 1 0 1 0 0 0 1 1 1 0 0 1 1 0 0 0 0 0 1 24
1 0 0 0 1 0 1 1 1 0 0 0 1 0 1 1 0 0 0 1 0 1 1 1 1 1 0 1 0 0 0 0 1 0 1 0 1 1 0 0 0 0 0 0 1 1 1 0 0 0 22
0 0 0 0 1 0 0 0 1 0 0 0 1 1 0 1 0 1 0 0 0 0 1 1 1 1 0 0 0 1 0 0 0 0 1 0 0 0 0 0 0 0 0 0 0 1 0 1 0 1 15
0 1 0 1 1 0 1 1 1 1 1 0 1 1 0 1 1 1 0 1 0 0 1 0 1 0 0 1 0 0 1 0 0 1 0 0 1 0 0 0 1 0 0 0 1 1 1 1 0 0 25
0 0 1 0 0 1 0 1 1 1 1 1 1 0 1 1 0 0 0 1 0 0 0 1 1 1 1 0 1 0 0 0 0 0 0 0 0 1 0 0 0 0 1 0 0 0 0 0 0 0 18
0 1 0 1 0 0 1 0 0 1 1 1 0 0 0 1 0 1 0 0 1 1 1 0 0 1 0 0 1 1 1 1 0 0 0 1 1 0 1 0 0 1 0 0 0 0 1 0 1 1 23
0 0 1 0 0 1 1 0 0 0 1 1 0 1 1 0 1 1 0 0 1 0 0 0 0 0 0 1 0 1 0 0 0 0 1 0 1 1 0 1 1 1 1 0 0 1 0 1 1 1 23
0 1 1 1 0 1 1 0 0 1 0 1 1 0 0 1 1 1 1 1 1 0 0 1 0 1 0 1 1 1 1 0 0 0 1 0 0 1 0 1 0 0 0 0 1 0 1 1 0 1 27
0 1 0 1 0 0 0 1 0 0 1 0 1 0 0 0 0 0 0 1 0 0 1 1 1 1 1 1 1 0 1 0 0 1 0 0 0 1 1 0 0 1 0 1 1 0 0 1 0 1 22
0 1 0 0 1 0 1 0 0 1 0 1 0 0 0 1 0 1 0 1 0 0 0 0 1 0 0 1 0 0 1 1 1 0 1 1 0 1 0 1 1 0 0 0 0 1 0 0 1 1 21
1 0 1 1 0 0 0 0 1 0 1 0 0 0 0 1 1 0 0 1 1 1 1 0 0 0 0 1 0 0 0 0 0 1 1 1 0 1 0 0 0 1 1 0 1 0 1 0 0 0 20
0 1 1 0 1 0 1 1 1 0 0 1 0 0 0 0 1 0 1 1 1 1 1 0 0 1 0 0 0 1 1 0 0 0 1 1 1 0 1 0 1 1 0 1 1 0 1 1 1 0 27
1 1 0 1 1 0 1 1 1 0 0 0 1 1 0 1 1 0 1 1 0 0 1 1 0 0 0 0 0 1 0 0 1 0 1 1 0 0 0 0 0 1 1 0 0 1 1 0 0 0 23
1 1 0 0 1 0 0 0 0 0 0 0 0 0 1 0 0 0 0 1 1 0 1 1 0 1 1 0 1 0 0 1 1 1 0 1 0 1 0 0 0 1 1 1 0 1 0 1 0 0 21
1 1 1 0 0 0 1 1 1 0 1 0 0 0 0 0 0 1 0 0 1 0 0 0 0 1 1 0 1 1 0 1 1 1 0 0 1 1 0 0 1 1 0 1 1 1 0 1 1 0 25
1 0 0 0 1 1 1 1 1 0 1 1 0 1 0 0 1 0 0 0 1 0 0 0 1 1 1 1 1 1 0 1 1 0 1 1 1 0 0 0 0 0 1 1 0 1 1 1 1 1 29
1 1 1 1 1 1 0 1 1 1 0 0 1 1 1 1 1 1 0 0 1 0 1 1 1 0 0 0 1 0 1 1 1 0 0 0 1 1 1 1 1 1 0 0 1 1 0 1 0 0 32
1 1 1 1 0 1 1 0 1 0 0 1 1 0 1 1 0 1 1 0 1 0 0 0 0 0 0 0 0 1 0 1 0 0 0 0 0 0 0 0 1 1 0 0 1 1 0 1 0 0 21
1 1 0 0 1 1 0 0 0 0 1 1 0 1 1 0 1 1 1 1 0 0 0 0 0 1 0 0 0 1 0 1 1 1 1 1 1 1 1 1 1 0 1 0 0 1 1 0 1 1 29
0 0 0 1 1 1 1 0 1 1 1 0 1 0 1 0 1 0 0 0 0 1 0 0 1 0 0 0 0 0 1 1 0 0 0 0 1 1 1 1 0 1 0 0 1 1 0 0 1 0 22
1 1 0 1 0 0 1 0 0 1 1 1 0 0 0 1 0 0 1 1 0 1 1 1 1 1 1 1 1 0 0 0 0 0 0 0 0 1 1 1 1 0 1 1 0 0 0 1 1 1 27
1 1 0 0 0 0 1 0 0 0 1 1 1 0 1 1 1 1 1 1 0 1 0 1 0 1 1 1 1 1 1 0 0 0 0 1 0 1 1 1 1 0 0 1 1 0 1 1 0 1 30
1 1 1 0 1 1 0 1 1 0 0 1 1 1 1 1 0 0 1 1 1 0 0 0 1 1 1 0 1 0 0 1 1 0 1 0 0 0 0 1 0 1 1 0 1 0 1 0 1 1 29
1 0 1 1 0 0 0 1 0 1 0 1 1 1 1 1 1 1 0 0 0 1 0 0 0 1 0 0 0 0 0 1 1 1 1 1 1 1 0 0 0 0 1 0 1 0 0 0 0 0 23
0 1 0 1 1 0 0 1 0 1 0 0 1 0 0 0 1 1 0 0 0 1 1 1 0 0 1 1 0 1 0 0 1 0 0 1 0 0 1 0 1 0 1 1 1 1 0 1 0 1 24
0 0 1 1 1 0 0 0 0 1 0 1 1 0 0 0 1 0 0 0 0 1 0 0 1 1 0 0 1 0 1 0 1 0 1 0 1 0 0 0 1 0 1 1 1 0 1 0 0 1 21
1 1 0 0 0 1 0 1 0 0 1 0 0 0 0 0 0 1 1 1 1 0 0 1 1 1 1 1 0 1 0 1 1 1 0 0 1 0 0 0 1 0 0 0 0 1 0 0 1 1 23
0 0 0 0 1 1 1 1 1 1 0 1 0 1 0 1 1 0 1 0 1 0 1 1 0 0 1 0 0 1 1 1 1 1 0 1 0 0 1 0 1 1 1 1 0 0 1 0 0 0 27
0 0 0 1 1 1 1 0 1 0 1 0 0 0 1 0 0 0 1 1 1 1 0 1 1 1 0 0 1 1 1 1 0 1 0 0 0 1 0 0 0 0 0 1 0 1 1 1 0 1 25
1 1 1 0 1 1 1 0 0 1 1 1 0 0 1 1 1 0 1 1 1 1 0 1 1 0 1 1 0 0 1 0 0 0 1 1 1 1 0 0 0 0 0 0 1 1 0 1 1 0 29
0 0 0 0 0 0 1 1 1 0 1 0 1 1 1 1 1 0 0 1 0 1 0 0 0 1 0 0 0 1 0 0 1 0 0 1 1 1 1 1 1 0 0 1 0 0 0 1 1 1 24
0 0 1 1 1 0 0 0 1 0 1 0 0 1 0 1 1 1 0 0 0 0 0 0 0 0 0 1 0 0 0 1 0 0 1 1 0 1 1 1 1 1 1 0 1 1 0 0 1 1 23
1 0 1 0 1 1 0 1 0 0 1 1 1 1 1 1 0 1 0 0 0 1 0 1 1 1 0 0 1 1 0 1 0 0 0 0 1 0 0 0 1 0 0 0 0 1 1 0 1 0 24
1 0 0 0 0 0 0 1 0 0 1 0 1 1 1 1 1 1 0 1 1 1 1 1 0 0 1 0 1 1 1 1 0 0 1 0 0 1 0 1 0 0 1 0 0 0 1 0 1 1 26
0 1 1 1 1 0 1 1 1 0 0 1 1 0 1 0 1 1 0 0 1 0 0 0 1 0 0 1 0 0 1 1 0 1 1 0 0 1 1 0 0 0 0 0 1 0 0 1 0 0 23
0 0 1 0 1 0 1 0 1 0 0 0 0 1 0 0 0 0 0 0 1 0 1 0 0 0 0 0 1 1 1 0 1 0 0 1 0 0 1 1 0 0 1 0 0 0 0 0 0 1 16
0 0 0 0 0 0 1 1 0 1 0 1 1 0 0 0 0 1 1 0 0 1 1 0 1 1 1 0 0 0 1 0 0 0 0 0 0 0 0 0 1 0 0 0 1 1 0 1 1 0 18
1 1 1 0 1 0 0 0 0 1 0 0 1 1 0 1 1 0 0 0 1 1 1 1 0 1 1 1 0 1 1 0 0 1 1 0 1 0 0 0 0 1 0 0 0 1 0 0 0 0 23
0 0 1 0 0 0 0 1 1 1 1 0 0 1 0 1 0 1 1 0 1 1 0 1 0 1 1 0 0 0 1 1 1 0 0 0 0 0 0 0 1 0 1 0 1 0 0 1 0 0 21
0 0 0 1 0 0 1 0 0 0 0 0 0 0 1 1 1 0 1 0 0 1 1 1 1 0 0 1 0 1 0 1 1 1 1 0 0 0 0 0 1 0 0 0 1 1 0 1 0 0 20
0 1 1 0 0 0 0 0 1 0 1 1 0 0 0 1 1 1 1 0 1 1 1 1 0 0 0 1 0 1 1 1 0 0 1 0 1 0 0 1 0 1 0 1 1 0 0 0 0 0 23
0 1 0 1 1 1 0 0 0 1 0 1 1 0 1 0 0 0 1 1 0 1 1 1 1 1 0 0 1 1 1 1 0 0 0 0 1 1 1 0 1 1 0 1 0 0 0 1 0 1 27
0 1 0 1 1 1 1 0 0 1 0 0 0 0 0 0 0 1 1 1 0 0 1 1 1 1 1 1 0 1 0 1 1 0 0 1 0 1 0 0 0 1 0 1 1 0 0 1 0 1 25
1 0 1 0 0 0 1 0 0 1 1 1 0 0 1 0 0 0 1 0 1 1 0 1 0 0 1 1 0 1 0 0 0 1 0 0 0 0 0 0 0 1 0 1 0 0 0 1 0 1 19
1 0 1 1 1 1 1 1 1 1 1 1 0 0 1 0 1 0 1 1 1 1 1 1 1 0 1 1 0 1 0 0 1 0 1 0 0 0 0 1 0 1 1 1 1 0 0 1 1 0 32
0 0 0 0 0 0 1 1 0 0 0 1 1 0 1 1 1 1 1 1 0 0 0 1 1 1 0 1 1 0 1 1 0 1 0 1 0 1 1 0 0 0 1 0 0 0 1 1 0 1 25
0 0 0 0 0 0 0 0 1 0 0 1 0 1 1 1 0 1 0 0 0 1 1 1 0 1 0 1 0 0 1 0 1 0 0 1 0 1 1 0 1 1 1 1 1 0 0 0 1 1 23
0 0 1 0 1 1 0 1 1 1 0 1 1 1 1 0 0 1 1 0 1 0 1 1 1 1 1 0 1 1 1 1 0 1 0 1 0 0 1 1 1 1 0 0 0 0 1 1 1 0 31
0 0 1 0 1 1 0 0 0 1 1 0 1 1 1 0 0 1 0 0 1 1 1 0 0 0 0 0 1 1 1 1 1 1 1 1 1 1 0 0 1 0 1 0 0 0 0 0 0 0 24
1 1 1 1 0 0 0 0 0 1 0 1 1 1 0 1 0 1 0 1 1 0 1 0 1 1 0 0 1 1 1 1 1 0 1 0 0 0 0 1 1 0 1 1 0 1 1 0 0 0 27
1 1 1 1 0 1 0 0 0 0 0 0 0 0 1 0 0 0 0 1 1 0 0 0 0 1 0 0 0 1 1 0 0 1 0 1 0 0 1 0 1 1 0 0 0 1 0 1 1 0 19
0 0 1 1 0 0 0 1 0 0 0 0 1 1 1 0 0 1 1 1 0 0 1 1 1 0 1 1 1 0 1 0 0 1 1 0 0 0 1 1 1 0 0 0 1 0 1 0 1 1 25
1 0 0 1 1 0 1 1 0 1 1 0 1 0 1 1 0 0 1 0 1 1 1 1 0 0 1 0 1 0 1 0 0 0 1 0 0 1 1 1 1 0 1 1 0 1 1 1 0 1 29
1 1 1 1 0 1 0 1 0 0 1 0 0 1 0 0 1 0 0 1 0 1 0 0 1 1 1 0 0 0 0 0 1 0 1 0 0 0 0 1 0 1 1 0 0 1 1 0 1 1 23
1 1 1 0 1 1 0 1 0 0 1 0 0 1 1 0 0 0 0 1 0 0 0 0 1 1 0 1 0 1 1 0 0 1 0 1 1 1 0 0 1 0 1 0 0 0 1 1 0 0 23
0 0 1 0 0 0 1 0 0 1 1 0 1 1 1 1 0 1 1 0 0 1 0 0 0 0 0 1 0 1 1 1 0 1 1 1 1 1 1 0 0 1 1 0 0 0 0 1 0 1 25
0 1 1 1 0 1 1 1 1 1 1 0 1 1 1 0 1 0 0 0 1 0 0 1 0 0 0 0 1 0 0 0 0 0 1 0 1 0 1 1 1 0 0 1 0 1 1 0 0 0 24
1 0 0 1 1 1 1 1 0 1 1 0 0 0 1 0 1 0 1 1 1 0 1 1 0 0 0 1 0 0 1 1 0 1 1 1 1 0 0 0 1 1 1 1 0 1 0 0 1 0 28
1 0 0 0 0 1 1 0 1 1 0 1 1 1 1 1 0 0 1 0 1 0 1 0 1 1 0 0 0 0 0 1 0 1 1 1 0 1 1 1 0 1 0 1 0 0 0 0 1 1 26
0 0 0 0 0 0 0 0 0 0 0 0 0 0 0 0 1 0 0 0 0 0 0 0 0 0 0 0 0 0 0 0 0 0 0 0 1 0 0 0 0 0 0 0 0 0 0 0 0 0 2
0 0 0 0 0 0 0 0 0 0 0 0 0 0 0 0 0 0 0 0 0 0 0 0 0 0 0 0 0 0 0 0 1 0 0 0 0 0 0 0 0 0 0 0 0 0 0 0 0 0 1
0 0 0 0 0 0 0 0 0 0 0 0 0 0 0 0 0 0 0 0 0 0 0 0 0 0 0 0 0 0 0 0 0 0 0 0 0 0 0 0 0 0 0 0 0 1 0 0 0 0 1
0 0 0 0 0 0 0 0 0 0 0 0 0 0 0 0 0 0 0 0 0 0 0 0 0 0 0 0 0 0 0 0 1 0 0 0 0 0 0 0 0 0 0 0 0 0 0 0 0 0 1
0 0 0 0 0 0 0 0 1 0 0 0 0 0 0 0 0 0 0 0 0 0 0 0 0 0 0 0 0 0 0 0 0 0 0 0 0 0 0 0 0 0 0 0 0 0 0 0 0 0 1
0 0 0 0 0 0 0 0 0 0 0 0 0 0 0 0 0 0 0 0 0 0 0 0 0 0 0 0 0 0 0 0 0 0 0 0 1 0 0 0 0 0 0 0 0 0 0 0 0 0 1
0 0 0 0 0 0 0 0 0 0 0 0 0 0 0 0 0 0 0 0 0 0 0 0 0 0 0 0 0 0 0 0 0 0 0 0 0 0 0 0 0 0 0 0 0 0 1 0 0 0 1
0 0 0 0 0 0 0 0 0 0 0 0 0 0 0 0 0 0 0 0 0 0 0 0 0 0 0 0 0 0 0 0 0 0 0 0 0 0 0 0 0 0 0 0 0 0 0 0 1 0 1
0 0 0 0 0 0 0 0 0 0 1 0 0 0 0 0 0 0 0 0 0 0 0 0 0 0 0 0 0 0 0 0 0 0 0 0 0 0 0 0 0 0 0 0 0 0 0 0 0 0 1
0 0 0 0 0 0 0 0 0 0 0 0 0 0 0 0 0 1 0 0 0 0 0 0 0 0 0 0 0 0 0 0 0 0 0 0 0 0 0 0 0 0 0 0 0 0 0 0 0 0 1
0 0 0 0 0 0 0 0 0 0 0 0 0 0 0 0 0 0 0 0 0 0 0 0 0 0 1 0 0 0 0 0 0 0 0 0 0 0 0 0 0 0 0 0 0 0 0 0 0 0 1
0 0 0 0 0 0 0 0 0 0 0 0 0 0 0 1 0 0 0 0 0 0 0 0 0 0 0 0 0 0 0 0 0 0 0 0 0 0 0 0 0 0 0 0 0 0 0 0 0 0 1
0 0 0 0 0 1 0 0 0 0 0 0 0 0 0 0 0 0 0 0 0 0 0 0 0 0 0 0 0 0 0 0 0 0 0 0 0 0 0 0 0 0 0 0 0 0 0 0 0 0 1
0 0 0 0 0 0 0 1 0 0 0 0 0 0 0 0 0 0 0 0 0 0 0 0 0 0 0 0 0 0 0 0 0 0 0 0 0 0 0 0 0 0 0 0 1 0 0 0 0 0 2
0 0 0 0 0 0 0 0 0 0 0 0 0 0 0 0 0 0 0 0 0 0 0 0 0 0 0 0 0 0 0 0 0 0 0 0 0 0 0 0 0 0 0 0 0 1 0 0 0 0 1
0 0 0 0 0 0 0 0 0 0 0 1 0 0 0 0 0 0 0 0 0 0 0 0 0 0 0 0 0 0 0 0 0 0 0 0 0 0 0 0 0 0 0 0 0 0 0 0 0 0 1
0 0 0 0 0 0 0 0 0 0 0 0 0 0 0 0 0 0 0 0 0 0 0 0 0 1 0 0 0 0 0 0 0 0 0 0 0 0 0 0 0 0 0 0 0 0 0 0 0 0 1
29 32 38 31 36 29 37 33 31 34 35 35 32 31 39 37 36 38 32 32 34 32 35 38 33 38 28 31 29 36 36 35 32 29 36 30 32 35 30 28 36 33 34 30 30 38 30 37 30 34 1666
