0 0 0 0 0 0 0 0 0 0 0 0 1 0 0 0 0 0 0 0 0 0 0 0 0 0 0 0 0 0 0 0 0 0 0 0 0 0 0 0 0 0 0 0 0 0 0 0 0 0 0 0 0 0 0 0 0 0 0 0 0 0 0 0 0 0 0 0 0 0 0 0 0 0 0 0 0 0 0 0 0 0 0 0 0 0 0 0 0 0 0 0 0 0 0 0 0 0 0 0 1
0 0 0 0 0 0 0 0 0 0 0 0 0 0 0 0 1 0 0 0 0 0 0 0 0 0 0 0 0 0 0 0 0 0 0 0 0 0 0 0 0 0 0 0 0 0 0 0 0 0 0 0 0 0 0 0 0 0 0 0 0 0 0 0 0 0 0 0 0 0 0 0 0 0 0 0 0 0 0 0 0 0 0 0 0 0 0 0 0 0 0 0 0 0 0 0 0 0 0 0 1
0 0 0 0 0 0 0 0 0 0 0 0 0 0 0 0 0 0 0 0 0 0 0 0 0 0 0 0 0 0 0 0 0 0 0 0 0 0 0 0 0 0 0 0 0 0 0 0 0 0 0 0 0 0 0 0 0 0 0 0 0 0 0 0 0 0 0 1 0 0 0 0 0 0 0 0 0 0 0 0 0 0 0 0 0 0 0 0 0 0 0 0 0 0 0 0 0 0 0 0 1
1 0 0 0 0 0 0 0 0 0 0 0 0 0 0 0 0 0 0 0 0 0 0 0 0 0 0 0 0 0 0 0 0 0 0 0 0 0 0 0 0 0 0 0 0 0 0 0 0 0 0 0 0 0 0 0 0 0 0 0 0 0 0 0 0 0 0 0 0 0 0 0 0 0 0 0 0 0 0 0 0 0 0 0 0 0 0 0 0 0 0 0 0 0 0 0 0 0 0 0 1
0 0 0 0 0 0 0 0 0 0 0 0 0 0 0 0 0 0 0 0 0 0 0 0 0 0 0 0 0 0 0 0 0 0 0 0 1 0 0 0 0 0 0 0 0 0 0 0 0 0 0 0 0 0 0 0 0 0 0 0 0 0 0 0 0 0 0 0 0 0 0 0 0 0 0 0 0 0 0 0 0 0 0 0 0 0 0 0 0 0 0 0 0 0 0 0 0 0 0 0 1
0 0 0 0 0 0 0 0 0 0 0 0 0 0 0 0 0 0 0 0 0 0 0 0 0 0 0 0 0 0 0 0 0 0 0 0 0 0 0 0 0 0 0 0 0 0 0 0 0 0 0 0 0 0 0 0 0 0 0 0 0 0 0 0 0 0 0 0 0 0 0 0 0 0 0 0 0 0 0 0 0 1 0 0 0 0 0 0 0 0 0 0 0 0 0 0 0 0 0 0 1
0 0 0 0 0 0 0 0 0 0 0 0 0 0 0 0 0 0 0 0 0 0 0 0 0 0 0 0 0 0 0 0 0 0 0 0 0 0 0 0 0 0 0 0 0 0 0 0 0 0 0 0 0 0 0 0 0 0 0 0 0 0 0 0 0 0 0 0 0 0 0 0 0 0 0 0 0 0 0 0 0 0 0 0 0 0 1 0 0 0 0 0 0 0 0 0 0 0 0 0 1
0 0 0 0 0 0 0 0 0 0 0 0 0 0 0 0 0 0 0 0 0 0 0 0 0 0 0 0 0 0 0 0 0 0 0 0 0 0 0 0 0 0 0 0 0 0 0 0 0 0 0 0 0 0 0 0 0 0 0 0 0 0 0 0 0 0 0 0 0 0 0 0 0 0 0 0 0 0 0 0 0 0 0 0 0 0 0 0 0 0 0 0 0 0 0 0 0 1 0 0 1
0 0 0 0 0 0 0 0 0 0 0 0 0 0 0 0 0 0 0 0 0 0 0 0 0 0 0 0 0 0 0 0 0 0 0 0 0 0 0 0 0 0 0 0 0 0 0 0 0 0 0 0 0 0 0 0 0 0 0 0 1 0 0 0 0 0 0 0 0 0 0 0 0 0 0 0 0 0 0 0 0 0 0 0 0 0 0 0 0 0 0 0 0 0 0 0 0 0 0 0 1
0 0 0 0 0 0 0 0 1 0 0 0 0 0 0 0 0 0 0 0 0 0 0 0 0 0 0 0 0 0 0 0 0 0 0 0 0 0 0 0 0 0 0 0 0 0 0 0 0 0 0 0 0 0 0 0 0 0 0 0 0 0 0 0 0 0 0 0 0 0 0 0 0 0 0 0 0 0 0 0 0 0 0 0 0 0 0 0 0 0 0 0 0 0 0 0 0 0 0 0 1
0 0 0 0 0 0 0 0 0 0 0 0 0 0 0 0 0 0 0 0 0 0 0 0 0 0 0 0 0 0 0 0 0 0 0 0 0 0 0 0 0 0 0 0 0 0 0 0 0 0 0 0 0 0 0 0 0 0 0 0 0 0 0 0 0 0 0 0 0 0 0 0 0 0 1 0 0 0 0 0 0 0 0 0 0 0 0 0 0 0 0 0 0 0 0 0 0 0 0 0 1
0 0 0 0 0 0 0 1 0 0 0 0 0 0 0 0 0 0 0 0 0 0 0 0 0 0 0 0 0 0 0 0 0 0 0 0 0 0 0 0 0 0 0 0 0 0 0 0 0 0 0 0 0 0 0 0 0 0 0 0 0 0 0 0 0 0 0 0 0 0 0 0 0 0 0 0 0 0 0 0 0 0 0 0 0 0 0 0 0 0 0 0 0 0 0 0 0 0 0 0 1
0 0 0 0 0 0 0 0 0 0 0 0 0 0 0 0 0 0 0 0 0 0 0 0 0 0 0 0 0 0 0 0 0 0 0 0 0 0 0 0 0 0 0 0 0 0 0 0 0 0 0 0 0 0 0 0 0 0 0 0 0 0 0 0 0 0 0 0 0 0 0 0 0 0 0 0 0 0 0 0 0 0 0 0 0 0 1 0 0 0 0 0 0 0 0 0 0 0 0 0 1
0 0 0 0 0 0 0 0 0 0 0 0 0 0 0 0 0 0 0 0 0 0 0 0 0 0 0 0 0 0 0 0 0 0 0 0 0 0 0 0 0 0 0 0 0 0 0 1 0 0 0 0 0 0 0 0 0 0 0 0 0 0 0 0 0 0 0 0 0 0 0 0 0 0 0 0 0 0 0 0 0 0 0 0 0 0 0 0 0 0 0 0 0 0 0 0 0 0 0 0 1
0 0 0 0 0 0 0 0 0 0 0 0 0 0 0 0 0 0 0 0 0 0 0 0 0 0 0 0 0 0 0 0 0 0 0 0 0 0 0 0 0 0 0 0 0 0 0 0 0 0 0 0 0 0 0 0 0 0 0 0 0 0 0 0 0 0 0 0 0 0 0 0 0 0 0 0 0 0 0 0 0 0 0 0 0 1 0 0 0 0 0 0 0 0 0 0 0 0 0 0 1
0 0 0 0 0 0 0 0 0 0 0 0 0 0 0 0 0 0 0 0 0 0 0 0 0 0 0 0 0 0 0 0 0 0 0 0 0 0 0 0 0 0 0 0 0 0 0 0 0 0 0 0 0 0 0 0 0 0 0 0 0 0 0 0 0 0 0 0 0 0 0 0 0 0 0 0 0 0 0 0 0 0 0 0 0 0 0 0 0 0 0 0 0 0 0 0 0 0 0 1 1
0 0 0 0 0 0 0 0 0 0 0 0 0 0 0 0 0 0 0 0 1 0 0 0 0 0 0 0 0 0 0 0 0 0 0 0 0 0 0 0 0 0 0 0 0 0 0 0 0 0 0 0 0 0 0 0 0 0 0 0 0 0 0 0 0 0 0 0 0 0 0 0 0 0 0 0 0 0 0 0 0 0 0 0 0 0 0 0 0 0 0 0 0 0 0 0 0 0 0 0 1
0 0 0 0 0 0 0 0 0 0 0 0 0 0 0 0 0 0 0 0 0 0 0 0 0 0 0 0 0 0 0 0 0 0 0 0 0 0 0 0 0 0 0 0 0 0 0 0 0 0 0 0 0 0 0 0 0 0 0 0 0 0 0 0 0 0 0 0 0 0 0 0 0 0 0 0 0 0 0 0 0 0 0 0 0 0 0 0 0 0 0 0 0 1 0 0 0 0 0 0 1
0 0 0 0 0 0 0 0 0 1 0 0 0 0 0 0 0 0 0 0 0 0 0 0 0 0 0 0 0 0 0 0 0 0 0 0 0 0 0 0 0 0 0 0 0 0 0 0 0 0 0 0 0 0 0 0 0 0 0 0 0 0 0 0 0 0 0 0 0 0 0 0 0 0 0 0 0 0 0 0 0 0 0 0 0 0 0 0 0 0 0 0 0 0 0 0 0 0 0 0 1
0 0 0 0 0 0 0 0 0 0 0 0 0 0 0 0 0 0 0 0 0 0 0 0 0 0 0 0 0 0 0 0 0 0 0 0 0 0 0 0 0 0 0 0 0 0 0 0 0 0 0 0 0 1 0 0 0 0 0 0 0 0 0 0 0 0 0 0 0 0 0 0 0 0 0 0 0 0 0 0 0 0 0 0 0 0 0 0 0 0 0 0 0 0 0 0 0 0 0 0 1
0 0 0 0 0 0 0 0 0 0 0 0 0 0 0 0 0 0 0 0 0 0 0 0 0 0 0 0 0 0 0 0 0 0 0 1 0 0 0 0 0 0 0 0 0 0 0 0 0 0 0 0 0 0 0 0 0 0 0 0 0 0 0 0 0 0 0 0 0 0 0 0 0 0 0 0 0 0 0 0 0 0 0 0 0 0 0 0 0 0 0 0 0 0 0 0 0 0 0 0 1
0 0 0 0 0 0 0 0 0 0 0 0 0 0 0 1 0 0 0 0 0 0 0 0 0 0 0 0 0 0 0 0 0 0 0 0 0 0 0 0 0 0 0 0 0 0 0 0 0 0 0 0 0 0 0 0 0 0 0 0 0 0 0 0 0 0 0 0 0 0 0 0 0 0 0 0 0 0 0 0 0 0 0 0 0 0 0 0 0 0 0 0 0 0 0 0 0 0 0 0 1
0 0 0 0 0 0 0 0 0 0 0 0 0 0 0 0 0 0 0 0 0 0 0 0 0 0 0 0 0 0 0 0 0 0 0 0 0 0 0 0 0 0 0 0 0 0 0 0 0 0 0 1 0 0 0 0 0 0 0 0 0 0 0 0 0 0 0 0 0 0 0 0 0 0 0 0 0 0 0 0 0 0 0 0 0 0 0 0 0 0 0 0 0 0 0 0 0 0 0 0 1
0 0 0 0 0 0 0 0 0 0 0 0 0 0 0 0 0 0 0 0 0 0 0 0 0 0 0 1 0 0 0 0 0 0 0 0 0 0 0 0 0 0 0 0 0 0 0 0 0 0 0 0 0 0 0 0 0 0 0 0 0 0 0 0 0 0 0 0 0 0 0 0 0 0 0 0 0 0 0 0 0 0 0 0 0 0 0 0 0 0 0 0 0 0 0 0 0 0 0 0 1
0 0 0 0 0 0 0 0 0 0 0 0 0 0 0 0 0 0 0 0 0 0 0 0 0 0 0 0 0 0 0 0 0 0 0 0 0 0 0 0 0 0 0 0 0 0 0 0 0 0 0 0 0 0 0 0 0 0 0 0 0 0 0 0 0 0 0 0 0 0 0 0 0 0 0 0 0 0 1 0 0 0 0 0 0 0 0 0 0 0 0 0 0 0 0 0 0 0 0 0 1
0 1 1 1 0 0 1 0 0 0 1 0 0 0 0 0 1 0 0 0 0 1 1 1 1 1 1 0 0 1 1 0 0 1 0 1 1 1 0 0 1 0 0 0 1 0 0 0 1 1 1 0 1 1 0 1 1 1 0 1 0 0 0 1 1 0 1 1 0 1 1 1 0 0 1 0 1 0 0 0 0 1 0 1 1 0 0 1 0 1 1 0 0 1 0 1 1 0 1 0 48
1 0 0 1 0 0 1 0 1 0 1 1 0 1 1 0 1 0 1 1 0 0 1 0 0 0 0 0 0 1 1 0 0 1 1 1 0 1 1 1 1 1 0 0 1 1 1 1 1 1 1 1 1 1 1 1 0 1 1 0 1 1 1 0 1 1 1 0 1 0 0 0 1 1 1 1 1 0 1 0 0 1 0 1 0 1 1 1 0 1 1 1 1 0 1 1 0 0 0 0 60
1 0 1 0 1 0 0 1 0 0 0 0 1 1 0 0 1 0 1 0 0 1 1 1 1 1 0 0 0 0 0 1 0 0 0 1 1 1 0 1 0 0 0 0 1 0 1 1 0 1 1 1 1 1 1 1 1 0 1 1 0 1 1 0 0 1 0 1 1 0 1 1 1 1 0 1 1 1 1 0 0 0 0 1 1 0 1 0 0 0 0 1 0 0 1 1 1 1 0 1 53
1 0 1 1 1 0 0 1 0 0 0 1 1 0 1 1 0 0 0 0 1 0 0 1 0 1 0 0 0 0 0 0 1 0 1 1 1 1 0 0 0 0 0 0 1 1 1 0 0 1 0 0 0 0 1 0 1 0 0 1 0 1 1 1 0 1 0 0 1 1 0 0 1 0 1 1 1 1 1 0 0 0 0 1 1 0 0 0 1 1 1 1 1 1 1 1 1 0 0 1 48
1 1 1 1 0 1 1 0 0 1 1 0 0 1 0 1 1 1 1 0 0 1 1 0 0 0 0 1 1 0 0 1 0 1 1 1 1 0 1 0 0 1 1 1 0 1 0 0 1 1 0 0 1 1 0 0 0 0 0 1 1 1 1 1 1 0 0 0 0 0 1 0 1 1 1 1 1 1 0 0 0 0 1 0 0 1 0 1 1 0 0 1 0 0 0 1 1 1 0 1 53
0 1 1 1 1 0 0 1 1 1 1 1 0 1 1 1 1 0 0 1 0 0 0 0 1 0 1 0 1 1 0 0 0 0 0 0 1 1 0 1 1 1 0 1 1 0 1 0 1 0 0 1 1 0 1 1 0 0 1 0 1 1 1 1 0 1 1 0 1 0 1 1 1 1 1 0 1 0 1 0 0 0 0 0 0 1 0 0 0 0 0 1 0 1 1 0 0 0 0 0 50
1 1 0 0 0 0 0 1 0 1 0 0 1 0 0 1 0 0 1 1 1 1 0 1 1 0 1 0 0 0 1 1 0 0 1 1 1 1 0 0 1 1 1 0 1 1 1 1 1 0 0 0 0 1 0 1 0 1 0 1 1 1 0 0 0 1 1 1 1 1 0 0 0 0 1 1 0 1 1 1 1 0 1 0 0 1 0 1 1 1 1 1 1 1 0 0 1 1 0 1 56
1 0 0 1 0 0 1 0 1 0 0 0 1 0 0 0 1 1 0 1 0 0 1 1 1 0 1 0 1 0 0 1 1 0 1 0 0 0 1 1 0 1 1 1 0 0 1 0 1 0 0 0 0 1 0 1 1 0 1 1 1 1 0 1 1 0 1 0 1 1 0 1 1 0 1 1 1 1 0 1 1 1 0 1 1 0 0 1 0 1 1 1 1 0 1 0 1 0 0 1 54
1 1 1 0 1 0 0 0 0 1 1 0 1 1 0 1 1 0 0 0 0 1 1 0 1 1 0 1 1 1 0 0 1 0 0 1 1 1 1 1 0 0 1 1 0 0 0 1 0 1 1 1 0 1 1 0 1 1 0 1 1 0 0 0 0 0 0 0 0 1 1 0 1 1 0 0 1 1 0 0 0 0 1 0 0 1 1 0 1 0 0 0 0 0 0 0 1 1 1 0 48
0 0 0 0 1 0 0 1 1 0 0 1 1 0 0 0 0 0 1 0 0 1 0 1 0 0 1 0 0 1 1 0 1 0 1 1 1 0 1 0 1 0 0 1 1 0 0 1 1 0 0 1 1 1 1 0 0 0 0 0 1 0 1 1 0 1 0 0 1 1 1 1 1 0 0 0 0 0 0 0 0 1 1 1 0 0 0 0 1 1 1 1 1 0 0 1 0 0 0 0 43
1 0 1 1 0 1 0 1 1 0 1 0 0 1 1 1 1 1 0 0 1 1 0 0 1 0 0 1 1 0 1 0 1 0 0 1 0 0 0 0 0 0 0 0 0 1 1 1 0 0 1 0 0 1 0 0 0 0 1 1 1 1 1 1 0 0 1 1 0 1 0 1 1 1 1 0 1 0 1 1 1 1 0 0 0 0 0 0 1 1 0 1 0 1 0 0 0 1 1 0 49
1 0 1 0 0 0 1 1 1 1 0 1 1 0 1 1 1 1 0 1 1 0 0 0 1 0 0 1 1 0 0 0 0 1 0 1 0 0 0 0 0 1 0 0 1 0 0 1 0 1 0 0 0 1 1 1 1 1 1 1 0 0 1 1 1 1 1 1 0 1 0 1 0 1 0 0 1 0 0 0 1 0 1 1 1 1 1 0 0 0 1 0 1 1 0 1 1 0 1 0 52
0 1 0 0 1 1 1 1 0 1 0 0 0 0 0 1 1 1 1 0 1 1 0 0 1 0 1 1 1 0 0 0 0 1 1 1 1 0 0 0 0 1 0 0 1 1 1 0 1 1 0 0 1 0 1 1 1 1 0 1 1 1 0 0 0 0 0 0 1 0 0 1 0 0 1 1 1 0 0 1 0 0 0 1 1 0 0 0 1 1 1 1 1 1 1 0 0 1 0 1 51
1 0 0 0 1 0 1 0 1 0 1 0 0 1 1 1 1 1 0 1 1 0 1 0 1 0 0 0 1 0 0 1 0 0 0 1 1 0 0 1 0 1 0 0 1 0 1 0 1 0 1 0 0 1 0 1 0 0 1 0 0 1 1 0 0 1 1 1 1 1 0 0 0 1 1 0 0 1 0 0 0 1 1 1 1 0 1 0 1 0 1 0 1 1 0 0 1 1 1 1 50
0 1 1 1 0 0 0 1 0 0 1 0 0 0 1 1 0 1 1 0 1 0 0 1 0 0 1 1 1 1 0 1 0 0 0 1 0 0 1 1 1 0 0 0 0 0 0 0 0 0 1 1 0 1 1 0 1 0 1 0 1 0 0 0 0 1 1 1 0 1 0 0 0 1 0 0 1 1 0 1 1 1 0 1 0 1 1 0 0 1 0 0 0 0 1 1 0 1 1 1 46
1 0 0 1 0 1 0 1 0 1 1 1 1 0 0 0 0 1 0 0 1 1 0 1 0 0 1 0 1 1 0 1 0 0 0 0 1 1 0 1 0 1 1 1 0 1 0 0 1 0 1 0 1 1 1 1 1 0 0 0 1 1 1 0 0 0 1 1 0 0 1 0 1 1 0 1 0 1 0 0 0 0 1 1 0 1 1 0 0 1 1 1 0 1 1 0 0 0 0 0 49
1 1 1 1 1 0 1 0 1 1 0 1 1 0 1 0 0 1 1 0 0 1 0 0 0 0 0 0 1 1 0 1 1 0 0 1 0 0 1 0 0 0 0 1 0 1 0 0 0 0 0 1 1 1 0 1 1 1 0 1 0 0 0 0 1 0 1 1 0 1 0 0 1 0 0 1 0 1 0 0 0 1 0 1 0 0 0 1 1 0 1 1 0 1 0 1 1 0 1 1 47
0 0 0 0 1 0 0 1 0 1 1 1 1 0 0 0 0 0 1 0 1 0 0 0 1 0 0 0 1 0 1 0 0 0 1 0 0 1 1 1 1 0 1 1 0 1 1 0 0 1 0 0 1 0 0 1 0 0 1 0 0 1 1 1 1 1 1 1 1 1 0 1 0 0 1 0 1 0 1 0 1 1 0 1 1 1 1 0 0 1 0 0 1 1 1 1 0 1 0 0 49
1 1 0 1 1 1 0 0 0 1 1 1 1 0 0 1 1 1 1 1 1 0 0 1 1 0 0 0 1 1 1 0 1 0 0 0 1 1 0 0 1 0 0 1 0 0 1 0 0 1 0 0 1 0 0 0 0 1 1 1 1 1 1 1 1 1 1 0 1 0 0 0 0 1 0 1 0 1 0 1 1 0 1 1 0 1 0 0 1 0 0 1 1 1 0 1 0 1 1 0 54
1 0 1 1 0 1 0 0 0 1 1 0 1 1 1 1 0 1 1 0 0 1 1 1 0 0 0 0 1 0 1 0 0 1 0 1 0 0 1 1 0 0 1 1 0 1 0 0 1 0 0 1 0 1 1 0 0 1 1 0 0 0 1 1 1 0 0 1 0 1 0 0 1 1 1 0 1 1 0 0 1 1 1 0 1 0 0 1 0 0 1 0 0 0 1 1 1 0 0 0 49
0 1 0 0 1 1 0 1 1 0 1 0 1 1 1 0 0 1 0 1 1 1 0 0 0 1 0 0 1 1 0 0 0 1 1 0 0 0 0 0 0 1 1 0 0 0 1 0 1 0 0 0 0 0 0 0 0 0 0 1 1 0 1 1 0 1 0 1 1 0 0 1 0 1 1 1 1 0 0 0 0 1 0 1 1 0 1 1 1 0 0 1 1 0 0 0 0 0 0 1 43
0 1 0 0 0 1 0 0 0 0 0 1 1 1 1 0 1 1 0 1 0 0 1 0 1 0 1 1 1 0 1 0 0 1 0 0 0 0 0 0 1 0 1 0 1 1 0 1 0 1 1 0 0 1 1 1 0 0 0 0 0 1 1 0 0 1 0 1 1 1 0 1 1 0 0 1 1 0 0 0 1 1 0 1 1 0 0 1 1 0 1 0 0 0 0 1 0 1 0 1 46
1 1 1 0 1 0 1 1 0 0 1 1 0 0 1 1 0 0 1 1 1 0 1 1 1 0 1 0 1 0 1 1 0 0 0 1 1 1 0 0 1 0 1 0 1 1 1 0 1 1 1 1 0 0 1 0 0 1 1 0 0 0 0 0 1 0 0 0 0 0 1 0 0 1 0 1 0 0 1 1 1 0 1 1 0 1 1 1 1 0 0 0 0 1 1 0 1 1 0 0 52
1 0 0 0 0 0 1 1 0 1 0 0 0 0 0 1 1 0 0 1 1 1 1 1 1 1 0 1 1 1 1 0 1 1 1 0 1 0 0 0 1 1 0 1 0 0 0 1 0 1 1 0 0 0 1 0 0 0 0 1 1 0 1 0 0 1 1 1 1 1 1 1 1 1 0 0 0 0 1 1 0 1 0 1 1 0 1 0 0 1 1 1 0 1 0 0 0 0 1 0 51
1 1 0 1 1 0 1 0 1 0 0 1 0 1 0 1 1 1 0 1 0 0 1 1 1 0 1 1 1 1 1 0 1 0 0 0 0 0 0 1 0 0 1 1 0 1 0 0 1 0 1 0 0 0 0 1 0 1 1 1 0 0 0 0 0 0 1 0 0 1 1 0 0 1 1 0 0 0 1 1 0 0 0 0 0 0 0 0 0 0 1 0 0 0 0 1 0 0 0 1 41
0 0 0 0 1 1 0 1 0 1 1 0 0 1 1 1 0 0 1 0 1 0 1 0 1 0 0 1 0 1 1 0 1 1 0 0 0 0 1 1 1 1 1 0 1 0 0 0 0 1 0 0 1 0 0 1 0 1 0 1 1 1 1 0 1 0 0 0 0 0 0 0 0 1 1 1 1 0 0 1 1 0 1 1 1 0 0 0 1 1 0 1 1 0 1 0 0 1 1 0 48
0 1 1 0 1 0 0 1 0 1 0 1 1 1 1 1 1 0 1 1 1 1 0 0 1 1 0 0 0 1 1 0 1 1 0 0 0 0 0 1 1 1 0 0 1 0 1 0 0 0 1 1 0 1 0 1 1 0 0 1 0 0 1 1 1 1 0 1 0 1 1 1 0 0 1 0 0 0 1 1 1 0 0 0 0 0 0 1 1 1 0 0 0 0 1 0 1 0 1 1 51
0 0 1 0 1 0 1 1 0 1 0 1 1 0 1 1 1 1 0 0 1 0 1 1 0 0 0 1 0 0 0 0 1 1 0 1 0 1 0 0 1 1 1 0 1 1 0 1 0 1 1 0 0 0 0 1 1 1 1 0 0 1 0 1 0 0 1 0 1 1 0 1 0 1 0 1 0 1 0 1 1 0 1 1 1 0 1 0 1 1 0 1 0 0 1 1 1 0 1 0 53
1 1 1 0 0 0 1 1 0 0 0 0 0 1 0 0 1 1 1 0 1 0 0 1 0 1 1 1 0 1 1 0 1 1 0 1 1 1 0 1 1 0 0 1 0 0 0 1 0 0 0 1 1 0 0 1 0 1 1 1 1 0 0 0 0 1 0 0 1 0 0 0 1 0 0 1 0 1 1 0 0 0 1 0 0 0 1 0 0 1 1 1 1 0 1 0 1 0 0 0 46
1 1 1 1 0 1 0 0 0 1 1 1 1 0 0 0 1 0 1 0 1 1 0 1 0 1 1 1 1 1 1 1 0 1 0 1 0 0 0 0 1 1 1 1 1 0 0 1 1 0 0 0 1 0 0 0 0 0 1 0 0 0 0 0 1 0 1 1 0 1 0 1 1 1 0 1 1 0 1 0 1 1 1 0 1 0 1 0 1 1 1 1 0 0 1 0 1 0 0 1 54
1 0 0 1 0 1 1 0 1 0 0 1 1 1 0 0 0 0 1 1 1 1 0 0 1 0 0 0 0 1 0 1 1 1 1 1 0 0 1 0 1 1 0 0 1 0 0 0 1 0 0 0 0 0 1 0 0 1 1 0 1 1 1 0 0 1 1 1 1 0 0 1 0 0 0 1 0 0 0 0 0 0 0 1 1 1 0 0 0 1 1 0 0 1 0 0 1 1 1 0 45
1 0 0 1 0 0 1 1 0 0 0 1 0 1 0 0 0 0 1 0 0 0 0 0 1 0 1 0 1 0 0 0 0 0 0 1 0 1 1 1 0 1 0 0 0 1 1 1 1 1 0 0 0 1 1 0 0 0 1 0 0 0 0 0 0 0 0 1 1 1 0 1 1 0 0 0 1 1 1 1 1 0 0 0 1 1 0 1 0 0 1 0 0 0 0 0 0 1 1 1 40
0 1 0 0 0 0 0 0 0 0 0 0 1 1 0 0 1 1 1 1 0 1 1 1 0 1 0 0 1 0 1 1 0 1 0 1 0 0 1 1 0 1 0 1 0 1 1 1 0 0 1 0 0 1 0 1 0 0 0 1 1 0 0 1 1 1 1 0 0 0 0 0 0 0 0 1 1 0 1 0 0 0 0 1 1 1 0 0 1 0 0 1 0 1 1 0 1 1 0 0 44
0 0 1 1 0 0 0 0 1 0 1 1 0 0 0 1 1 0 1 0 0 0 0 1 1 1 0 0 0 0 0 1 1 0 1 0 1 0 1 0 0 1 0 0 1 1 1 1 1 1 1 0 0 1 1 1 0 0 0 1 1 1 0 0 1 1 1 1 1 1 0 0 0 1 0 0 1 1 1 1 1 0 0 1 0 0 0 0 0 1 1 1 0 0 0 1 0 0 1 0 48
0 1 1 1 0 0 0 0 0 1 1 0 0 0 0 1 1 0 0 1 0 0 0 0 1 1 1 1 1 1 0 0 1 0 1 1 0 1 1 0 1 1 1 1 0 0 0 1 0 1 1 0 1 0 1 1 0 1 1 1 1 1 1 0 1 1 1 0 0 1 0 1 0 0 0 0 0 0 1 0 1 1 1 1 0 1 0 1 1 1 1 1 1 1 0 1 1 0 1 0 56
1 0 1 1 1 0 1 1 1 1 0 0 0 1 0 0 1 0 0 1 0 0 1 0 0 1 0 0 1 1 1 1 0 1 0 1 1 1 1 1 1 0 1 1 0 1 0 1 1 0 1 0 0 1 1 0 0 0 1 0 1 0 1 0 0 1 1 1 0 0 0 0 1 1 0 0 1 0 1 0 0 0 0 0 1 0 0 1 0 1 0 0 1 1 1 1 0 0 0 0 49
0 1 0 1 0 0 1 0 0 1 0 0 0 1 0 1 0 1 0 1 0 1 1 1 0 1 0 1 1 1 1 1 0 1 0 0 0 1 0 0 1 0 0 0 1 0 0 0 1 0 0 0 1 1 0 1 0 0 1 1 1 1 0 0 0 0 1 0 0 1 1 0 1 0 0 1 0 1 0 1 0 0 1 0 1 0 0 1 1 0 1 1 1 0 0 0 0 1 1 1 46
0 0 0 1 1 0 0 0 0 1 0 1 1 0 0 1 0 0 0 0 1 0 1 1 0 0 0 0 1 0 0 0 0 0 1 0 1 1 1 1 1 1 0 1 1 0 0 0 1 1 0 1 1 0 0 1 0 0 1 1 1 0 0 0 0 0 1 0 0 1 0 1 0 0 0 0 1 0 0 1 1 1 1 1 0 1 1 1 1 1 0 1 1 1 1 0 0 1 0 1 47
0 1 0 0 0 1 0 1 1 1 1 1 1 0 0 1 0 1 1 0 0 1 1 0 1 1 0 0 1 0 0 0 0 1 1 1 1 1 0 1 0 0 0 1 1 0 1 0 0 1 1 0 1 0 1 0 1 0 1 0 1 0 0 1 1 1 1 1 0 1 0 0 0 0 0 0 0 1 0 0 0 0 1 0 0 0 1 1 0 1 0 0 0 1 1 0 1 0 0 1 47
1 0 1 0 1 1 0 1 1 0 1 0 0 1 1 1 1 0 0 0 1 1 1 0 1 1 1 1 0 0 0 1 1 1 1 0 0 1 1 1 0 1 0 1 0 1 1 0 0 0 1 0 1 0 1 0 0 1 0 1 0 0 0 0 1 0 1 1 0 0 0 1 1 1 1 1 0 0 1 1 0 1 0 0 0 1 0 1 1 0 1 1 1 0 0 1 1 0 1 0 54
0 1 1 0 1 1 1 1 1 0 0 0 0 0 0 1 0 0 1 0 1 1 1 1 1 0 0 0 0 1 0 0 0 1 0 0 0 1 0 0 1 1 0 0 0 1 0 1 0 0 1 1 1 0 0 0 0 1 0 0 1 1 0 0 0 1 0 0 1 0 1 1 0 1 0 1 0 0 1 0 1 0 1 0 0 0 1 1 1 0 0 1 0 1 0 1 0 0 1 0 43
1 0 1 0 1 1 1 1 1 0 1 0 0 1 0 0 1 0 1 0 1 0 1 0 0 1 0 0 1 1 1 1 1 0 0 1 1 1 0 1 1 1 1 1 1 0 1 0 0 1 0 0 0 0 1 1 0 1 0 0 0 0 1 1 1 0 1 1 1 0 0 0 0 1 1 1 1 0 0 1 0 1 1 0 0 1 0 1 1 0 0 1 1 0 0 1 1 1 0 1 55
0 1 1 0 1 0 1 0 1 0 0 0 1 0 0 1 0 0 1 0 1 0 1 0 1 1 0 1 1 0 0 0 1 0 1 0 1 0 0 1 1 0 0 0 0 0 0 1 0 0 1 0 0 1 0 0 1 0 0 0 0 0 0 0 1 0 0 1 0 1 0 0 0 0 1 1 1 0 1 0 1 1 0 0 1 0 1 1 1 0 1 1 1 0 0 0 1 1 0 1 42
1 1 1 1 1 1 1 0 1 1 1 0 1 1 1 0 1 0 0 1 0 1 1 0 1 0 0 0 0 1 0 0 0 1 0 0 0 1 1 0 0 0 1 0 0 1 0 0 1 1 1 1 1 1 1 0 0 1 0 1 1 0 0 1 1 0 0 1 1 0 1 0 1 1 0 0 0 0 0 1 0 0 1 0 1 0 0 0 1 1 1 0 1 0 1 0 0 1 0 0 50
1 1 1 1 0 0 1 1 0 0 0 0 0 1 0 0 1 1 0 0 1 1 1 0 1 0 0 1 1 0 1 1 0 1 1 0 0 1 1 0 1 1 1 0 1 1 0 1 1 0 0 0 1 0 1 1 0 0 1 1 1 0 1 1 1 1 1 1 0 1 0 1 1 0 1 0 0 0 0 1 1 0 0 0 1 1 0 0 1 1 1 1 0 0 0 0 0 0 1 1 54
0 1 1 1 1 1 1 1 0 0 0 1 0 1 1 1 0 1 0 0 0 1 1 1 0 0 0 0 0 0 1 0 1 1 0 1 1 0 1 1 1 0 0 1 0 0 0 0 0 1 0 1 0 1 0 1 0 1 0 0 1 1 1 1 0 0 0 0 1 1 0 1 0 0 1 1 1 1 1 1 1 0 1 0 1 1 1 1 1 0 0 0 0 0 0 0 1 1 1 0 52
1 1 1 1 0 1 0 1 0 1 0 1 0 0 0 0 1 1 0 0 0 1 1 0 0 0 1 1 0 0 0 1 0 0 0 1 1 0 1 1 1 1 1 1 0 1 1 1 0 1 1 0 0 1 1 0 0 1 1 1 1 1 1 1 1 0 0 1 0 0 0 0 1 1 0 1 1 1 1 1 0 1 1 0 1 1 1 1 0 1 1 1 0 1 0 1 1 0 0 0 58
0 0 0 1 1 0 1 1 1 0 0 0 1 1 1 0 1 1 0 0 1 0 1 0 1 1 0 0 1 0 1 0 1 0 0 1 1 0 0 1 0 1 0 1 0 0 1 0 1 1 0 1 0 1 0 1 0 1 0 0 0 0 0 1 0 1 0 0 1 0 0 0 0 1 1 1 1 1 1 1 1 0 0 0 0 0 1 0 0 0 0 1 0 0 1 0 0 0 0 1 44
0 0 0 0 0 0 1 1 0 0 0 0 0 0 1 0 0 1 0 0 1 1 1 0 0 0 0 0 0 0 0 1 1 1 0 1 0 0 0 1 1 1 1 0 1 0 1 0 0 1 1 0 0 1 1 0 1 1 0 0 0 0 1 1 1 1 0 0 0 0 0 1 1 1 0 1 1 1 1 1 1 1 0 1 1 0 0 0 1 1 0 0 0 0 1 1 0 1 0 0 44
1 0 0 1 0 0 0 0 1 1 0 0 1 1 0 0 0 0 0 0 0 0 0 0 0 1 1 1 0 0 0 0 1 0 0 1 0 1 1 1 1 0 1 0 1 1 0 1 0 0 0 0 0 0 1 1 0 1 1 0 0 1 1 0 1 0 0 0 1 0 1 0 0 1 1 1 0 0 0 0 0 0 0 1 0 1 1 0 1 1 0 0 0 0 0 1 0 1 0 1 39
1 0 0 0 1 0 1 0 0 1 1 1 0 1 1 0 0 0 0 1 0 0 0 1 0 0 0 0 1 1 1 0 0 1 1 0 0 1 0 1 1 0 0 1 1 0 0 0 1 0 1 0 1 1 0 1 0 1 1 1 1 0 1 0 0 0 0 0 0 0 0 1 1 0 1 0 0 0 1 1 0 1 1 1 1 0 0 1 0 1 0 0 1 1 1 0 0 1 0 1 46
1 0 1 0 0 1 0 0 0 1 0 1 0 1 0 1 1 0 0 0 0 1 1 1 0 1 1 1 0 1 1 1 0 1 1 1 0 0 0 1 1 1 0 0 1 0 0 1 0 0 1 1 0 0 0 0 0 0 1 1 0 0 1 0 0 1 0 1 1 0 1 1 0 1 0 0 0 1 1 0 0 0 1 0 1 1 0 1 1 0 1 0 0 1 0 1 1 0 1 1 49
0 1 1 0 1 1 0 1 1 0 1 1 0 0 1 0 0 0 0 0 0 0 0 0 1 0 0 1 0 1 0 1 1 0 1 0 0 0 0 0 0 1 0 1 1 1 0 0 1 1 1 0 1 1 0 1 0 0 1 0 1 0 0 1 1 1 0 1 0 0 0 0 0 0 1 1 1 0 0 0 0 0 0 1 1 0 0 1 0 1 0 1 1 1 1 0 1 0 1 0 44
0 1 0 1 0 1 0 0 1 0 0 0 1 1 1 0 0 1 1 1 1 0 1 0 1 1 1 1 1 0 0 1 0 1 0 1 1 0 0 1 1 1 0 1 1 0 1 0 1 0 0 0 0 1 1 1 0 0 0 1 1 1 1 1 1 0 1 1 0 1 1 0 1 0 0 0 0 1 0 1 0 1 0 0 1 1 1 0 1 1 1 1 1 1 0 1 1 0 1 1 58
0 0 1 1 1 1 1 1 0 0 1 1 1 1 0 0 1 1 1 1 0 0 0 1 1 0 1 0 1 1 1 0 0 0 1 0 0 1 0 0 1 1 1 1 1 0 1 0 1 0 1 1 1 1 0 0 1 1 1 0 0 1 0 1 1 1 1 0 0 1 0 1 0 0 1 1 0 0 1 0 0 1 1 1 0 1 1 1 1 0 0 1 0 1 0 0 0 1 0 1 57
1 1 0 0 1 0 1 0 0 0 0 0 0 0 0 1 0 0 0 1 0 0 0 1 1 0 0 1 1 1 1 1 0 1 1 1 0 1 0 1 1 1 0 1 1 0 0 0 1 0 1 1 1 1 0 0 1 1 1 0 0 0 1 1 1 1 1 0 1 0 1 1 0 1 1 0 1 1 0 1 0 1 0 0 1 0 1 0 0 1 0 0 0 1 0 0 0 0 1 0 49
1 1 1 1 0 0 1 1 0 1 0 1 0 0 0 0 0 0 0 0 1 0 1 1 0 1 0 0 0 1 1 0 0 0 1 0 1 1 1 0 1 0 0 0 0 1 1 1 1 0 1 0 1 1 0 1 0 1 1 1 0 0 1 0 1 1 0 1 0 0 0 0 1 0 1 1 1 1 1 1 0 1 0 1 1 0 0 0 1 0 1 1 0 0 1 0 1 1 0 1 51
1 0 1 1 0 1 0 0 0 1 0 1 0 0 1 0 1 1 1 0 1 1 1 0 0 0 1 1 0 0 1 1 1 0 1 0 0 0 1 0 0 0 1 0 1 0 0 1 0 1 0 0 0 0 1 1 0 0 1 1 1 1 1 0 0 0 0 1 1 1 0 0 1 1 0 0 0 0 0 0 0 0 0 1 0 1 1 1 0 0 1 1 1 1 0 1 1 1 1 0 48
1 0 0 0 1 1 0 1 0 0 0 0 1 1 1 1 0 1 1 1 1 1 1 0 0 0 1 0 0 0 0 0 0 1 1 1 0 1 1 1 1 1 1 1 1 0 1 0 0 1 1 0 1 1 0 1 0 1 0 0 1 0 1 0 0 1 0 1 0 0 0 1 1 0 0 1 1 0 0 1 1 1 0 0 1 0 1 1 1 1 1 0 0 0 0 0 0 1 1 0 52
0 0 0 1 1 1 1 0 0 1 1 0 0 0 0 0 0 1 1 0 0 0 0 1 1 0 1 1 1 0 1 1 1 1 0 0 0 0 1 1 1 0 0 1 1 1 0 0 0 0 1 1 0 0 1 0 0 1 0 0 1 0 1 1 1 1 1 0 1 1 1 1 1 0 0 0 1 0 1 0 0 0 1 1 0 1 0 1 0 1 0 1 1 0 1 0 1 0 0 1 50
0 1 1 1 1 1 0 0 1 1 1 1 1 1 0 0 1 0 0 1 0 0 0 0 1 1 1 1 0 1 0 1 1 0 0 1 1 0 1 1 1 0 0 1 0 0 0 1 1 1 0 0 0 0 0 0 1 1 0 1 1 1 0 0 1 1 1 0 0 1 0 0 0 0 1 0 1 1 1 1 1 1 1 0 0 0 1 0 1 0 0 0 1 0 1 1 0 1 1 1 54
1 1 1 1 1 0 0 0 1 1 1 0 0 0 1 0 1 0 1 1 0 0 1 0 1 0 0 1 1 1 1 1 0 0 0 0 1 0 1 1 0 1 1 0 0 0 1 1 1 1 0 1 0 1 1 1 1 0 1 0 0 1 1 1 1 1 1 1 1 1 0 0 1 1 0 1 1 0 0 1 0 0 1 0 0 1 0 0 1 1 1 0 1 1 0 0 1 0 1 0 57
0 0 0 0 1 1 0 0 1 0 0 0 0 0 0 1 0 0 0 0 0 0 1 0 0 0 0 0 1 0 0 0 0 0 0 1 0 0 0 1 1 0 1 0 0 1 1 1 0 1 1 0 1 0 1 0 1 1 0 0 1 0 0 0 0 0 0 1 0 0 1 1 0 1 0 1 1 1 0 0 0 1 1 1 1 1 0 1 1 1 0 1 0 0 1 1 0 1 0 1 40
0 0 1 0 1 0 0 0 0 0 0 1 1 0 0 1 0 1 1 1 0 1 0 0 1 1 1 1 0 1 1 0 1 0 1 0 0 1 1 0 0 0 1 1 1 1 1 0 0 1 0 1 1 1 0 0 1 0 0 1 0 0 0 0 0 0 1 1 1 0 0 0 0 1 0 0 0 0 0 0 1 1 1 0 0 0 0 1 0 1 1 0 0 1 1 1 1 0 1 1 46
1 0 1 0 1 1 0 1 0 0 1 0 0 0 0 1 0 0 0 0 0 1 1 0 0 0 1 0 0 0 1 0 1 0 0 0 1 1 1 1 0 0 1 1 0 0 1 1 1 1 1 0 0 1 0 1 1 0 1 0 1 1 0 0 1 1 1 0 0 1 1 0 1 0 1 1 0 1 1 1 0 1 1 1 0 1 0 0 1 1 1 0 1 0 0 0 0 0 0 1 49
1 0 1 0 0 1 0 0 1 0 1 1 0 0 0 1 1 1 1 0 1 0 1 0 1 0 1 0 0 0 1 1 1 0 1 1 1 0 0 0 0 0 0 1 0 0 0 1 0 1 1 1 0 1 0 0 1 0 1 0 1 0 0 1 1 1 1 1 1 1 1 1 0 0 0 1 0 0 0 1 0 1 0 1 1 0 0 0 0 0 1 1 1 1 0 0 0 1 0 0 48
1 1 0 1 1 0 1 1 1 0 0 0 0 0 1 0 1 0 0 1 1 0 0 1 1 0 1 0 1 0 0 0 1 1 0 0 1 1 0 0 1 0 0 1 1 0 0 0 1 1 0 0 0 0 1 0 1 0 1 1 0 1 1 1 1 0 1 0 0 0 1 0 0 0 0 0 1 0 0 0 1 1 0 1 1 1 0 1 0 1 1 1 1 1 0 0 0 0 0 0 46
1 1 0 0 1 1 1 1 1 1 0 1 1 0 1 1 0 1 0 1 1 1 1 0 1 0 0 1 0 1 0 0 0 0 1 1 0 1 0 1 1 1 0 1 0 1 1 0 0 1 0 1 1 1 0 1 1 0 1 0 0 1 1 0 0 1 1 1 1 0 1 0 1 0 0 1 0 0 1 0 0 1 1 1 1 0 0 0 1 1 0 0 1 1 1 0 0 1 0 1 57
1 1 0 0 1 0 1 1 0 1 1 1 1 0 1 1 0 1 1 1 1 0 0 1 1 1 0 0 1 0 0 0 1 1 0 0 0 1 1 0 0 1 1 0 0 1 0 0 1 1 0 0 0 0 1 0 0 1 1 0 1 0 1 1 0 0 1 1 1 0 1 0 0 1 0 1 1 1 1 0 1 1 0 0 0 0 0 0 1 1 1 0 0 0 0 1 1 0 0 0 50
0 1 1 0 1 1 1 1 1 1 0 1 0 0 1 0 1 1 1 1 0 1 0 1 1 1 1 1 0 0 0 1 0 0 1 1 1 1 1 1 0 1 1 1 0 1 1 0 0 0 1 0 0 0 0 0 1 0 1 0 1 0 0 0 0 0 1 1 1 0 1 0 0 0 1 0 0 1 0 0 1 1 1 0 1 1 1 0 1 0 1 1 1 0 0 1 1 0 0 1 55
0 1 0 1 0 1 0 1 0 0 0 1 1 0 0 1 1 1 0 0 1 1 0 1 1 0 0 0 1 0 0 1 0 0 1 1 0 1 1 0 1 1 1 1 1 0 1 1 0 0 0 0 0 1 0 0 1 1 0 0 1 1 1 1 1 0 0 0 0 1 1 1 0 1 0 0 1 1 0 0 0 0 1 0 1 1 1 1 0 0 0 1 0 0 0 1 0 0 0 1 48
1 1 1 1 1 1 0 1 0 1 0 1 1 1 1 1 1 1 0 0 0 0 0 0 1 1 0 0 1 1 1 0 1 1 1 0 0 0 1 1 1 1 0 1 0 1 0 0 1 1 1 1 1 0 1 1 0 0 1 0 0 1 0 1 1 0 1 0 0 1 1 1 0 0 0 1 0 1 0 1 1 0 1 1 0 1 1 1 0 0 1 1 1 1 0 1 0 0 1 0 59
1 0 1 1 1 1 0 1 1 0 0 0 1 1 1 1 0 0 1 1 0 1 1 0 1 1 0 1 1 0 1 1 1 0 0 1 1 1 0 1 1 0 1 0 1 0 0 0 1 0 1 0 0 1 0 0 0 1 1 1 1 1 0 0 0 0 0 1 0 1 1 1 1 0 1 1 1 1 0 1 1 1 1 0 0 1 1 0 1 1 1 1 1 1 1 0 0 1 1 1 62
1 0 0 1 1 0 0 1 1 1 0 1 1 0 0 1 0 0 1 1 1 1 0 1 0 0 1 0 1 0 1 1 0 1 0 0 1 0 0 1 1 0 1 0 1 0 1 0 1 0 1 0 1 1 1 1 1 1 0 0 0 1 1 0 1 1 1 0 1 1 1 1 1 0 0 1 1 0 0 0 0 0 1 0 0 0 1 1 0 1 1 1 0 1 0 0 1 0 0 0 53
0 1 0 1 0 1 1 0 1 1 0 1 1 1 0 0 0 1 0 1 0 0 0 1 0 0 1 1 1 0 0 1 0 0 1 1 1 0 1 0 0 0 0 1 0 0 1 0 1 1 1 0 1 1 1 0 0 0 0 1 0 1 0 0 1 0 1 0 1 1 1 0 1 1 1 0 0 1 0 1 0 0 0 1 0 1 1 0 1 0 1 0 1 0 0 1 0 1 1 1 50
1 1 0 0 0 1 1 0 0 0 0 1 0 1 0 1 0 0 1 0 0 0 0 1 0 0 0 1 1 0 0 1 1 0 0 0 1 0 1 1 1 1 1 0 1 0 1 0 1 1 1 0 1 0 0 0 1 1 0 1 1 1 1 0 0 1 1 1 1 0 1 1 1 0 0 1 1 0 1 1 0 0 1 0 0 0 0 0 1 0 0 1 0 1 1 1 0 0 0 0 48
1 0 0 0 0 0 0 0 1 0 0 0 0 0 0 1 0 1 0 1 1 1 1 1 0 1 0 0 1 1 1 1 1 0 1 1 0 0 0 1 1 0 0 0 1 1 0 1 0 0 0 0 1 0 1 0 0 0 1 1 1 0 1 0 0 1 0 0 0 1 0 1 1 0 0 1 1 0 0 1 0 0 0 1 0 1 0 1 0 0 1 1 1 0 0 1 0 1 1 1 45
1 1 1 1 0 0 0 0 1 0 0 0 1 1 0 1 1 1 1 0 1 1 1 0 1 1 0 1 0 0 0 1 0 0 1 0 1 1 0 0 1 0 0 0 1 0 0 1 1 0 0 1 1 0 1 1 1 0 1 1 0 1 0 1 1 1 1 0 0 0 1 0 1 0 1 0 1 1 1 1 0 0 1 0 1 1 1 0 0 1 1 1 0 0 0 0 0 1 0 1 53
1 1 1 1 0 1 1 1 0 0 0 1 1 0 1 1 1 1 0 0 1 1 0 1 0 0 0 1 0 0 1 1 0 1 0 0 1 1 0 0 0 0 1 0 0 1 0 0 0 1 1 0 1 1 0 0 0 0 0 1 1 0 1 1 1 1 1 0 0 0 0 0 1 0 0 1 0 1 0 0 0 0 0 0 1 0 1 1 0 1 0 0 1 1 0 0 0 0 1 1 46
1 0 1 0 1 1 1 1 0 0 1 0 1 0 1 1 0 1 0 1 1 0 0 1 0 0 0 1 1 1 0 0 0 0 1 0 0 0 1 0 0 0 1 0 0 0 0 0 1 1 0 1 0 0 0 1 1 0 1 1 0 0 0 1 1 0 1 0 0 0 0 0 0 0 1 1 0 0 1 0 0 1 0 1 0 0 1 1 1 1 0 0 0 0 0 1 0 0 0 0 40
1 1 1 0 0 0 0 1 0 1 1 1 0 0 0 1 1 0 0 1 1 1 1 1 1 0 1 0 0 1 0 1 0 1 1 1 1 0 0 0 1 0 1 0 0 0 1 0 0 1 0 0 1 0 1 0 0 1 1 1 0 0 0 0 1 1 0 0 0 1 0 0 0 1 0 0 1 1 1 1 1 1 0 0 1 0 1 1 0 0 0 1 1 1 0 1 0 0 1 0 49
1 0 0 1 1 0 0 0 0 1 0 0 0 0 0 0 0 0 1 1 0 0 0 1 0 1 0 0 1 0 0 1 1 1 1 1 0 0 1 0 0 0 1 1 1 0 0 0 1 0 1 1 1 0 0 0 1 1 1 0 0 0 0 1 0 0 1 0 0 0 0 0 1 1 0 0 0 1 1 0 0 0 0 0 0 1 1 0 1 1 0 1 1 1 1 1 1 1 1 0 43
1 1 0 0 0 0 1 1 0 0 1 1 0 0 1 0 1 0 1 1 1 0 1 0 0 0 1 1 0 0 1 1 0 0 1 0 1 1 0 0 0 1 1 1 1 1 0 1 0 1 0 0 0 1 0 1 1 0 1 1 1 0 0 0 1 0 1 0 0 0 1 0 0 0 1 0 0 1 1 0 0 0 1 1 0 1 0 1 1 0 1 1 0 0 1 1 0 1 1 1 50
0 1 0 0 1 0 1 1 1 1 1 0 0 0 1 0 1 1 0 1 0 0 0 0 1 0 1 0 1 1 0 1 1 0 1 0 1 1 0 0 1 0 1 0 0 1 0 0 0 1 0 0 1 1 1 1 0 1 1 0 1 1 0 0 1 1 1 0 0 0 1 0 1 0 1 1 0 0 1 0 1 0 1 0 0 1 1 1 0 1 0 0 1 0 1 1 1 0 1 0 51
1 0 0 0 0 0 1 0 1 0 0 1 1 1 0 1 0 0 1 0 1 1 1 1 0 0 1 1 1 0 0 0 1 0 0 1 1 0 1 0 0 1 0 0 0 1 0 1 1 0 1 1 1 1 1 0 1 1 0 0 0 1 0 0 1 1 0 0 1 0 1 1 1 1 0 1 1 1 1 0 0 1 0 1 0 0 1 1 0 0 0 0 0 0 1 0 1 0 1 0 49
0 0 0 0 0 1 0 1 0 1 1 1 1 0 0 1 1 1 1 1 0 0 0 0 0 1 0 1 1 1 1 1 1 0 0 1 1 0 1 1 0 1 0 1 1 1 0 1 1 0 0 0 1 0 1 1 0 0 1 1 1 0 1 0 1 1 1 0 1 0 0 0 0 1 0 0 1 0 0 1 1 0 0 1 1 0 0 0 0 0 0 0 0 0 1 0 0 1 1 0 48
1 0 0 0 0 1 0 0 1 0 1 0 0 0 0 1 0 1 0 1 0 1 1 0 0 0 0 1 1 1 1 1 0 1 1 0 0 1 1 0 1 0 1 1 0 1 0 0 0 1 0 1 0 0 0 0 1 1 1 1 1 0 0 0 0 0 1 1 1 1 0 1 1 0 0 0 1 0 0 0 1 1 1 0 0 1 0 0 1 1 0 1 1 0 1 1 1 1 1 1 50
0 0 0 0 0 0 1 0 0 0 0 1 1 0 0 1 0 1 1 1 1 1 1 0 1 0 0 1 1 1 0 0 1 0 0 0 0 0 0 0 1 1 0 0 1 0 0 0 1 0 1 0 0 0 1 0 0 1 1 1 0 1 1 0 1 1 0 1 0 0 0 0 0 1 0 1 1 1 1 1 0 0 1 1 0 1 0 0 0 0 0 1 1 0 1 0 1 1 1 0 44
1 1 1 0 1 0 0 0 0 1 1 0 0 0 0 0 0 0 1 0 0 0 1 1 0 1 1 0 0 1 1 0 1 0 1 1 1 1 1 1 0 0 1 1 1 0 1 1 0 0 0 0 1 1 0 0 0 1 1 1 1 0 0 1 0 1 1 1 1 0 0 1 0 0 0 0 0 0 0 1 0 1 1 1 0 0 1 1 1 0 1 0 0 0 1 1 1 0 1 1 50
0 0 0 0 0 1 0 0 0 0 0 1 1 1 0 0 1 1 1 1 0 1 0 1 0 1 0 0 1 1 0 1 0 1 1 1 1 1 0 0 0 0 1 1 0 1 0 0 0 0 0 0 0 1 1 0 0 1 0 0 1 0 0 0 0 0 1 1 0 1 1 0 1 0 0 1 1 1 1 0 1 0 1 0 0 1 1 1 0 0 1 1 1 1 0 1 1 0 0 0 46
1 1 1 1 0 0 0 0 0 1 1 1 1 0 0 0 1 0 1 1 0 0 1 1 0 1 0 1 0 0 0 0 1 0 1 1 1 0 0 0 0 0 1 0 1 0 1 1 1 0 0 1 0 1 1 1 0 1 0 0 1 1 0 0 1 0 1 0 0 1 0 1 1 1 1 1 1 0 1 1 0 0 1 1 1 1 1 1 1 0 0 0 1 0 1 0 0 1 0 0 52
0 1 0 0 0 0 1 1 1 0 1 1 0 1 0 1 0 0 1 1 0 0 1 0 1 0 1 1 1 1 1 0 0 1 1 1 0 1 1 1 0 0 1 0 0 0 0 1 1 0 0 0 1 1 0 0 1 0 1 1 1 0 1 1 0 1 0 0 0 1 0 1 1 0 0 0 0 1 1 0 0 1 0 0 0 0 0 1 0 0 0 0 0 0 1 0 0 0 0 0 43
1 1 1 1 1 0 0 0 0 0 0 1 0 1 0 0 0 1 0 1 1 1 1 1 1 0 1 1 1 1 1 1 0 0 0 1 0 1 1 0 0 0 0 1 1 0 0 0 0 1 1 1 1 0 1 1 1 0 0 0 0 1 1 1 1 1 0 1 1 0 0 1 0 0 0 0 1 0 0 1 0 1 1 1 0 1 0 0 1 1 0 1 1 0 0 0 1 0 1 0 52
0 1 1 1 1 1 0 1 1 1 1 0 0 0 1 0 0 1 0 1 1 0 1 0 1 0 1 0 1 0 0 1 0 1 1 0 0 0 0 1 1 1 0 1 0 0 1 0 0 0 0 0 0 1 1 0 1 1 0 0 1 0 0 1 1 0 1 0 0 0 0 1 1 0 0 0 1 0 0 1 0 1 1 0 0 1 1 0 0 0 0 1 0 1 1 1 0 1 0 1 47
0 1 1 0 1 1 0 1 1 1 0 0 0 0 0 0 0 0 0 0 1 1 0 0 0 1 0 1 0 1 1 1 0 1 0 0 0 0 0 1 1 0 1 0 1 0 1 1 0 1 0 0 1 0 0 1 1 1 0 0 0 0 1 0 0 0 1 0 1 1 1 0 1 0 0 1 1 0 1 1 0 0 1 0 1 1 0 1 0 1 1 1 0 0 1 0 0 0 1 1 46
0 0 0 1 1 0 0 0 0 1 1 1 1 1 0 0 0 1 1 1 1 0 0 0 0 0 0 0 1 1 0 1 1 0 0 1 0 1 1 0 1 1 0 0 0 1 1 1 1 0 0 1 1 1 0 0 0 0 0 0 1 0 1 0 0 0 0 0 0 0 0 0 0 1 0 1 1 0 0 1 0 0 1 1 1 0 1 1 1 0 0 1 0 0 1 0 0 0 0 0 41
0 0 0 0 1 1 1 1 1 0 1 0 1 1 1 1 1 1 1 0 0 0 1 1 1 1 1 0 0 0 1 0 1 0 1 0 0 1 1 1 0 1 1 1 0 1 1 1 1 1 1 0 0 1 1 1 1 1 1 0 1 1 0 0 1 1 0 0 1 0 1 0 0 1 1 1 1 1 0 1 1 1 0 1 0 1 1 0 0 0 1 0 0 0 0 0 1 0 1 0 59
1 0 1 1 1 0 1 1 0 0 0 0 1 0 0 0 0 0 1 0 1 1 0 1 1 0 1 1 1 1 1 0 0 0 1 1 1 0 1 1 0 0 0 0 1 0 1 1 1 1 0 0 1 1 1 1 0 1 1 0 1 0 1 1 0 1 1 0 0 1 0 0 1 0 0 1 0 0 0 1 1 1 0 1 1 1 1 0 0 0 1 1 1 0 0 1 1 1 1 1 56
0 0 1 1 1 0 1 0 1 0 1 1 1 1 1 1 1 0 1 1 0 1 0 0 1 1 0 1 1 1 1 1 0 0 0 0 0 1 1 1 0 0 1 1 1 1 1 0 0 0 1 1 1 0 0 1 0 0 0 0 0 0 1 1 0 1 1 0 1 1 0 0 0 0 1 1 1 0 1 0 1 1 1 0 0 1 0 0 0 0 0 1 1 1 1 0 0 1 1 1 55
0 1 0 1 1 1 1 0 0 0 0 1 0 1 0 1 0 1 0 0 1 0 0 1 1 0 1 1 0 0 1 1 1 1 0 0 1 1 0 0 1 1 1 1 0 0 1 0 1 0 0 0 0 0 0 1 0 0 0 1 0 0 0 0 0 0 1 0 1 1 1 1 1 0 0 0 0 0 0 0 0 0 1 0 0 0 0 0 1 1 0 1 1 1 0 0 1 1 0 0 42
1 1 1 0 0 1 1 1 1 1 1 1 1 0 1 0 1 0 1 0 1 0 0 0 0 1 1 0 0 0 1 0 0 0 0 1 1 1 0 0 0 0 0 0 1 0 0 0 1 1 0 0 1 0 1 0 1 1 0 1 1 0 1 1 1 0 0 1 0 0 1 1 1 1 0 0 0 0 1 1 1 0 1 1 0 1 0 1 0 1 0 1 0 1 1 0 0 1 1 1 52
0 0 0 0 0 0 0 1 0 0 1 1 1 1 0 1 1 0 0 0 0 1 1 0 0 0 1 0 0 1 1 0 1 1 0 0 1 0 1 0 1 1 1 1 0 1 0 0 1 0 1 0 0 1 0 0 1 1 1 0 1 1 0 1 1 0 1 0 1 1 1 1 1 0 0 0 1 0 1 0 1 0 0 1 0 0 1 1 1 1 1 1 1 1 1 0 0 0 0 1 51
1 0 1 1 0 0 1 0 0 0 1 1 1 0 0 0 0 0 1 1 0 0 1 0 1 0 0 1 1 0 1 0 0 0 1 1 1 0 1 0 1 1 0 0 0 0 1 1 0 0 1 0 1 1 0 0 1 0 1 1 1 1 0 1 0 1 0 1 1 0 1 0 0 0 1 0 1 1 0 1 1 0 0 1 1 0 1 1 0 1 1 0 0 1 0 0 0 0 0 1 48
1 0 0 0 0 0 0 1 1 0 1 1 0 0 1 0 0 0 1 1 0 0 1 1 0 1 0 0 0 1 0 1 0 1 0 1 1 1 0 1 0 0 1 1 0 1 0 0 1 1 0 0 0 0 1 1 0 0 1 0 1 1 1 0 1 0 1 1 0 1 0 1 0 0 0 1 0 1 0 0 1 1 1 0 1 1 0 1 0 0 1 1 1 0 0 1 0 0 1 1 48
0 1 0 1 0 1 0 0 0 1 1 0 1 1 1 1 1 1 1 0 1 0 1 0 0 0 0 0 1 0 1 1 1 1 0 1 1 0 0 0 0 1 1 1 0 0 1 0 1 0 1 1 0 1 0 0 1 1 0 0 0 0 1 1 1 0 1 0 0 0 1 0 0 1 1 1 1 0 1 1 0 0 1 0 1 1 0 0 1 1 1 1 1 1 0 0 0 1 1 1 54
1 1 0 0 0 1 1 1 0 1 0 1 0 0 1 1 0 0 0 1 0 1 1 1 1 1 1 0 0 1 0 0 0 1 0 0 0 0 1 0 0 0 1 1 0 1 1 0 1 0 0 1 1 1 1 0 1 0 1 0 1 0 1 1 1 1 0 0 1 0 0 1 0 0 0 1 1 0 1 1 0 1 0 0 0 1 1 0 0 1 1 1 0 1 0 0 1 1 1 0 51
0 0 1 1 1 0 0 1 1 0 1 0 0 0 0 1 0 0 0 0 1 0 0 1 0 0 1 0 0 1 0 1 1 0 0 1 1 1 0 0 0 1 0 0 1 0 0 1 0 0 1 1 1 1 0 1 0 1 1 0 1 0 0 1 0 0 0 1 1 1 0 0 0 0 0 0 1 1 1 1 1 0 1 1 0 0 0 1 1 0 0 1 1 1 1 0 1 1 1 1 48
0 1 1 1 1 1 0 1 1 0 0 1 1 1 0 0 0 1 1 0 1 1 0 0 1 1 0 0 0 1 0 1 0 0 1 0 1 0 1 0 1 0 1 0 1 1 1 1 1 1 0 0 0 1 0 1 1 1 1 0 1 1 0 0 0 1 0 0 0 0 0 0 1 0 1 0 0 0 1 1 1 0 1 1 1 0 0 1 0 1 0 1 1 0 1 1 1 0 1 0 53
0 0 1 1 1 0 0 1 1 0 1 0 0 0 0 0 0 1 1 1 0 0 0 1 1 1 0 0 0 0 1 0 1 0 1 1 0 0 1 0 1 0 0 0 0 1 1 0 0 1 1 1 0 1 0 0 1 1 0 1 1 0 1 1 1 1 0 0 1 0 1 0 0 1 1 1 1 0 0 1 0 1 0 1 0 0 1 1 1 1 1 1 1 1 1 1 1 1 0 1 54
1 0 1 0 0 1 1 1 1 0 0 0 0 1 1 1 0 1 0 0 1 0 1 0 0 0 1 1 0 1 1 0 0 1 0 1 0 0 0 0 0 0 0 0 0 0 0 0 0 1 0 1 0 0 1 0 1 0 0 1 0 1 0 0 0 0 1 1 0 0 1 1 1 1 0 0 1 1 0 1 1 1 1 1 0 1 0 1 1 1 0 0 0 0 1 0 1 1 0 1 45
1 1 1 0 0 0 0 0 0 1 0 0 0 0 0 1 1 0 1 0 1 1 0 0 1 1 0 0 1 1 0 1 1 1 0 1 0 1 1 1 0 0 0 1 0 0 1 0 0 0 0 0 0 1 1 0 1 1 1 0 1 0 0 1 0 0 0 0 1 0 1 1 0 1 0 1 0 0 0 1 1 1 1 0 1 1 0 0 1 0 1 0 1 1 1 0 1 0 1 0 47
1 0 1 0 0 1 1 0 1 1 1 1 1 1 0 1 0 0 0 1 0 0 1 1 1 1 1 0 1 0 0 0 0 0 1 0 0 0 1 1 0 0 0 0 0 0 1 1 1 0 0 0 1 1 0 1 0 0 0 0 0 1 0 1 0 0 0 1 1 0 1 1 0 0 0 1 1 1 1 1 1 0 1 1 0 1 1 0 1 1 1 1 1 0 1 1 0 0 1 1 52
1 0 1 0 0 0 1 1 1 1 1 0 0 0 0 1 1 1 1 1 1 1 0 1 0 0 0 1 0 0 1 1 0 0 0 1 0 1 0 0 0 0 0 1 1 1 1 1 1 0 1 1 0 0 1 0 1 1 1 0 1 1 0 0 1 1 0 1 1 1 1 0 1 1 0 1 0 1 0 1 1 0 1 0 1 0 1 1 1 1 0 1 1 0 1 1 1 1 1 1 60
0 1 0 0 0 1 1 1 1 1 0 0 0 1 0 1 0 1 1 0 0 0 0 0 1 0 0 1 1 0 0 1 0 0 1 0 1 1 0 1 0 0 0 1 0 0 1 1 1 1 1 1 0 0 1 1 1 1 1 0 1 0 0 0 0 0 0 1 1 1 1 1 1 1 0 0 1 0 0 1 0 1 1 0 0 0 1 0 0 0 0 0 0 0 0 0 0 1 0 0 44
1 1 1 1 0 1 0 1 0 1 1 1 0 0 0 1 0 1 1 0 0 0 1 0 1 0 0 1 0 0 1 0 1 1 1 0 0 0 0 0 0 0 0 0 1 1 1 1 0 1 0 1 1 0 0 0 0 1 1 1 0 1 0 0 0 1 0 0 0 0 1 0 1 1 0 0 1 0 1 1 0 1 1 1 0 1 0 1 1 1 1 1 1 0 0 1 0 0 1 1 50
1 1 1 0 0 1 0 0 1 0 1 0 1 1 0 1 1 1 0 0 1 0 0 0 0 0 1 0 1 0 1 1 0 0 1 1 0 1 1 0 1 0 0 0 1 1 0 1 0 1 0 0 1 1 1 0 1 0 1 0 1 1 0 0 0 1 1 1 1 0 0 0 0 1 1 0 0 0 0 0 1 0 1 0 0 1 0 0 0 1 1 0 1 1 0 0 0 1 1 0 47
0 0 1 1 1 1 1 1 1 1 1 0 1 1 1 1 0 1 0 0 1 1 1 1 0 1 1 1 0 0 1 1 0 0 1 1 1 1 1 0 0 0 1 0 0 0 0 0 0 1 0 0 0 0 1 0 1 1 0 0 0 1 0 1 1 1 1 1 0 1 0 1 0 1 0 0 0 0 0 0 0 0 0 1 1 0 1 0 1 0 0 0 0 1 0 1 0 0 0 0 48
0 0 1 1 1 0 1 1 0 0 0 1 0 1 1 1 0 0 0 0 0 0 1 0 1 1 1 0 0 0 0 1 1 0 1 1 0 0 1 1 1 1 1 1 1 1 0 0 1 1 0 1 1 1 0 0 0 0 0 0 0 0 1 0 0 1 0 1 1 0 0 1 0 0 1 1 1 1 0 0 0 0 1 1 1 1 0 0 1 1 0 0 0 0 0 0 1 1 0 1 48
1 1 0 1 1 0 1 1 0 1 0 0 1 0 1 0 1 0 0 0 1 0 1 0 0 1 0 0 1 1 1 0 0 0 1 0 0 1 1 1 0 1 0 0 0 0 0 1 0 0 1 0 1 1 0 0 1 0 1 0 1 0 1 1 0 0 1 1 1 1 1 1 1 1 1 1 0 1 0 1 1 0 0 0 1 0 0 0 1 1 0 1 0 0 0 0 1 1 1 0 50
1 0 1 0 1 1 0 1 1 1 0 1 1 1 1 1 1 1 0 1 0 1 0 0 0 0 1 0 0 0 1 0 0 1 0 0 0 0 0 1 0 0 0 1 1 1 0 0 1 1 1 0 0 1 1 1 0 0 0 1 1 1 0 0 0 1 0 0 0 1 0 1 1 0 0 1 0 1 0 0 0 0 1 0 1 1 0 1 0 0 1 1 0 1 0 1 0 1 1 0 48
0 0 1 1 1 1 0 1 0 1 1 1 0 0 0 0 1 1 0 0 0 0 0 1 1 0 0 1 0 0 0 0 0 1 1 0 0 1 0 0 1 1 1 1 1 0 1 0 1 1 1 0 1 0 0 0 1 0 1 0 0 1 0 0 0 1 0 0 1 1 1 1 0 0 1 0 0 0 0 0 1 0 0 0 0 0 0 0 0 0 1 1 1 1 1 0 0 1 0 1 43
1 1 0 0 0 1 0 0 0 1 1 0 1 0 0 0 0 1 1 0 1 1 0 1 0 0 0 1 0 0 0 0 1 0 1 1 0 0 0 1 1 1 1 0 0 1 1 0 1 0 0 1 1 1 0 0 0 1 1 0 0 1 1 0 0 1 1 0 0 1 1 1 1 1 0 0 0 1 0 0 1 0 1 0 0 1 0 0 1 0 1 0 1 1 0 1 0 0 0 0 45
1 0 0 1 1 1 1 1 1 0 0 1 1 1 1 0 0 1 0 1 0 0 1 1 0 0 0 0 1 0 1 1 1 1 1 1 0 0 1 1 0 0 0 0 1 0 1 1 0 0 0 1 1 0 1 0 1 1 0 0 0 1 1 0 1 1 0 1 1 0 1 1 0 0 0 0 1 1 0 0 1 0 1 1 0 1 0 0 0 1 0 0 1 0 1 1 0 1 1 1 53
1 0 0 1 1 0 1 1 1 1 0 1 1 0 1 0 1 0 1 0 0 1 1 1 1 1 1 0 1 0 1 0 0 1 1 1 1 1 1 0 0 0 0 1 1 1 1 0 0 1 1 0 0 0 0 1 1 0 1 1 0 1 1 1 1 0 0 0 1 0 1 0 1 1 0 1 1 1 0 0 1 1 1 0 0 1 0 0 1 1 1 0 1 0 1 0 1 0 1 1 59
0 1 1 1 0 1 0 1 1 0 0 0 0 1 0 0 0 0 0 0 0 1 1 1 0 0 0 0 1 1 0 0 1 1 0 0 1 0 0 1 1 1 0 1 0 0 0 0 1 1 1 1 0 1 1 1 1 0 1 0 0 1 0 0 1 1 0 0 0 1 0 1 0 0 0 0 1 1 0 0 1 0 0 1 1 0 1 0 0 0 0 1 1 1 1 0 0 1 0 0 44
0 1 1 0 1 0 0 1 1 1 0 1 0 0 0 0 1 1 1 0 0 0 0 0 1 1 1 0 1 0 1 1 1 0 0 1 0 0 1 0 1 0 0 0 0 1 1 1 1 1 1 1 0 1 0 0 1 0 0 1 0 1 1 1 0 0 0 0 1 0 0 1 0 0 0 1 1 1 0 0 1 1 1 0 0 1 1 1 1 0 0 0 1 1 1 0 1 1 0 1 51
0 0 0 0 1 0 1 1 0 0 0 0 1 0 0 0 1 0 1 1 1 0 1 0 0 0 1 0 1 1 0 0 1 1 1 0 1 1 0 1 1 1 1 1 1 0 1 1 0 0 1 0 0 0 0 0 0 1 0 1 1 0 1 0 0 1 0 0 1 1 0 1 1 1 1 0 0 1 0 1 0 0 1 1 0 1 1 0 1 0 1 1 1 1 1 0 0 0 0 1 50
0 0 0 0 1 0 0 0 0 0 1 1 1 1 1 0 0 1 1 1 1 0 1 0 1 1 0 0 0 0 1 0 1 0 0 0 0 1 1 1 1 0 0 1 0 0 1 1 0 1 0 0 0 0 1 0 1 0 1 1 1 1 1 1 0 0 1 0 1 0 0 1 0 1 0 1 1 0 0 0 1 0 1 1 1 0 0 0 1 0 1 0 1 1 0 1 0 1 1 0 48
1 1 1 1 0 0 0 0 0 1 0 0 0 0 1 0 0 0 1 0 1 0 1 1 1 0 0 0 1 0 0 1 0 1 1 0 1 1 1 0 0 0 0 0 0 1 1 0 0 1 0 1 0 1 0 1 1 0 0 1 0 1 1 1 1 1 1 0 1 1 1 1 0 0 1 0 0 0 1 1 1 1 0 1 0 0 0 1 0 0 0 1 0 1 1 0 0 1 1 1 49
0 1 1 1 0 0 0 0 1 1 1 0 0 1 0 0 0 0 1 1 1 0 0 0 1 1 0 0 0 1 0 0 1 0 0 1 0 0 0 0 1 1 1 1 1 0 1 1 0 1 1 0 1 1 1 0 0 0 1 0 1 1 0 1 1 1 1 0 0 0 1 1 1 0 0 1 0 0 1 1 0 1 1 0 1 0 0 0 0 0 0 1 1 1 0 1 0 0 1 1 49
1 0 1 1 1 0 0 0 1 1 0 0 1 1 1 1 0 1 1 1 1 0 0 1 0 0 0 0 1 0 0 0 1 0 0 1 0 1 0 1 1 1 0 1 1 0 0 1 0 0 1 0 1 0 1 1 0 1 0 0 0 0 1 0 0 0 0 0 0 1 1 0 0 0 0 0 1 0 0 1 0 1 0 1 1 0 0 0 0 0 1 0 0 1 1 0 1 1 1 1 45
1 0 0 1 0 0 1 0 0 0 0 0 0 1 1 1 0 1 1 1 1 1 1 0 1 1 0 0 1 1 1 1 1 0 0 0 0 1 0 0 1 0 0 0 1 0 0 1 1 1 0 0 1 0 0 0 0 1 1 0 1 0 1 0 1 0 1 1 0 1 1 1 0 0 1 1 1 1 1 0 1 0 0 0 0 1 0 0 0 1 1 1 1 0 1 0 0 1 1 1 51
1 1 0 1 1 0 0 1 0 1 1 1 1 1 0 1 0 1 0 0 0 0 0 1 0 1 1 1 1 0 1 1 1 1 0 1 0 1 0 0 0 0 0 1 0 1 0 1 1 1 0 0 0 0 0 1 1 1 1 1 1 1 1 1 1 1 1 1 1 1 1 0 1 1 1 1 0 1 1 0 1 0 1 0 1 1 0 0 1 0 0 0 0 1 1 1 0 1 0 0 59
0 0 0 0 0 0 0 0 0 0 0 0 0 0 0 0 0 0 0 0 0 0 0 0 0 0 0 0 0 0 0 0 0 0 0 0 0 0 0 0 0 0 0 1 0 0 0 0 0 0 0 0 1 0 1 0 1 1 1 1 0 0 0 1 1 1 0 1 0 0 0 1 0 0 1 0 0 0 1 1 0 1 0 0 0 0 1 0 1 1 0 0 0 0 0 0 0 0 0 0 19
0 0 0 0 0 0 0 0 0 0 0 0 0 0 0 0 0 0 0 0 0 0 0 0 0 0 0 0 0 0 0 0 0 0 0 0 0 0 0 0 0 0 0 0 0 0 0 0 0 0 0 0 0 0 0 0 0 0 0 0 0 0 0 0 0 0 0 0 0 0 0 0 0 0 0 0 0 0 0 0 0 0 0 0 0 0 0 0 0 1 0 0 0 0 0 0 0 0 0 0 1
0 0 0 0 0 0 0 0 0 0 0 0 0 0 0 0 0 0 0 0 0 0 0 0 0 0 0 0 0 0 0 0 0 0 0 0 0 0 0 0 0 0 0 0 0 0 0 0 0 0 0 0 0 0 0 0 0 0 0 0 0 0 0 0 0 0 0 0 0 0 0 0 0 0 0 0 0 0 0 0 0 0 0 0 0 1 0 0 0 0 0 0 0 0 0 0 0 0 0 0 1
0 0 0 0 0 0 0 0 0 0 1 0 0 0 0 0 0 0 0 0 0 0 0 0 0 0 0 0 0 0 0 0 0 0 0 0 0 0 0 0 0 0 0 0 0 0 0 0 0 0 0 0 0 0 0 0 0 0 0 0 0 0 0 0 0 0 0 0 0 0 0 0 0 0 0 0 0 0 0 0 0 0 0 0 0 0 0 0 0 0 0 0 0 0 0 0 0 0 0 0 1
0 0 0 0 0 0 0 0 0 0 0 0 0 0 0 0 0 0 0 0 0 0 0 0 0 0 0 0 0 0 0 0 0 0 0 0 0 0 0 0 0 0 0 0 0 0 0 1 0 0 0 0 0 0 0 0 0 0 0 0 0 0 0 0 0 0 0 0 0 0 0 0 0 0 0 0 0 0 0 0 0 0 0 0 0 0 0 0 0 0 0 0 0 0 0 0 0 0 0 0 1
0 0 0 0 0 0 0 0 0 0 0 0 0 0 0 0 0 0 0 0 0 0 0 0 0 0 0 0 0 0 0 0 0 0 0 0 0 0 0 0 0 0 0 0 0 0 0 0 0 0 0 0 0 0 0 0 0 0 0 0 0 0 0 0 0 0 0 0 0 0 0 0 0 0 1 0 0 0 0 0 0 0 0 0 0 0 0 0 0 0 0 0 0 0 0 0 0 0 0 0 1
0 0 0 0 0 0 0 0 0 0 0 0 0 0 0 0 0 0 0 0 0 0 0 0 0 0 0 0 0 0 0 0 0 0 0 0 0 0 0 0 0 0 0 0 0 0 0 0 0 0 0 0 0 0 0 0 0 0 0 0 0 0 0 0 0 0 0 0 0 0 0 0 0 0 0 0 0 0 1 0 0 0 0 0 0 0 0 0 0 0 0 0 0 0 0 0 0 0 0 0 1
0 0 0 0 0 0 0 0 0 0 0 0 0 0 0 0 0 0 0 0 0 0 0 0 0 0 0 0 0 0 0 0 0 0 0 0 0 0 0 0 0 0 0 0 0 0 0 0 0 0 0 0 0 0 0 0 0 0 0 0 0 0 0 0 0 0 0 0 0 0 0 0 0 0 0 0 0 0 0 0 0 0 0 0 0 0 0 0 0 0 0 0 0 0 1 0 0 0 0 0 1
0 0 0 0 0 0 0 0 0 0 0 0 0 0 0 0 1 0 0 0 0 0 0 0 0 0 0 0 0 0 0 0 0 0 0 0 0 0 0 0 0 0 0 0 0 0 0 0 0 0 0 0 0 0 0 0 0 0 0 0 0 0 0 0 0 0 0 0 0 0 0 0 0 0 0 0 0 0 0 0 0 0 0 0 0 0 0 0 0 0 0 0 0 0 0 0 0 0 0 0 1
0 0 0 0 0 0 0 0 0 0 0 0 0 0 0 0 0 0 0 0 0 0 0 0 0 0 0 0 0 0 0 0 0 0 0 0 0 0 0 0 0 0 0 0 0 0 0 0 0 0 0 0 0 0 0 0 0 0 0 0 0 0 0 0 0 0 0 0 0 0 0 0 0 0 0 0 0 0 0 0 0 0 0 0 0 0 0 0 0 0 0 1 0 0 0 0 0 0 0 0 1
0 0 0 0 0 0 0 0 0 0 0 0 0 0 0 0 0 0 0 0 0 0 0 0 0 1 0 0 0 0 0 0 0 0 0 0 0 0 0 0 0 0 0 0 0 0 0 0 0 0 0 0 0 0 0 0 0 0 0 0 0 0 0 0 0 0 0 0 0 0 0 0 0 0 0 0 0 0 0 0 0 0 0 0 0 0 0 0 0 0 0 0 0 0 0 0 0 0 0 0 1
0 0 0 0 1 0 0 0 0 0 0 0 0 0 0 0 0 0 0 0 0 0 0 0 0 0 0 0 0 0 0 0 0 0 0 0 0 0 0 0 0 0 0 0 0 0 0 0 0 0 0 0 0 0 0 0 0 0 0 0 0 0 0 0 0 0 0 0 0 0 0 0 0 0 0 0 0 0 0 0 0 0 0 0 0 0 0 0 0 0 0 0 0 0 0 0 0 0 0 0 1
0 0 0 0 0 0 0 0 0 0 0 0 0 0 0 0 0 0 0 0 0 0 0 1 0 0 0 0 0 0 0 0 0 0 0 0 0 0 0 0 0 0 0 0 0 0 0 0 0 0 0 0 0 0 0 0 0 0 0 0 0 0 0 0 0 0 0 1 0 0 0 0 0 0 0 0 0 0 0 0 0 0 0 0 0 0 0 0 0 0 0 0 0 0 0 0 0 0 0 0 2
0 0 0 0 0 0 0 0 0 0 0 0 0 0 0 0 0 0 0 0 0 0 0 0 0 0 0 0 0 0 0 0 0 0 0 0 0 0 0 0 0 0 0 0 0 0 0 0 0 0 0 0 0 0 0 0 0 0 0 0 0 0 0 0 0 0 0 0 0 0 1 0 0 0 0 0 0 0 0 0 0 0 1 0 0 0 0 0 0 0 0 0 0 0 0 0 0 0 0 0 2
0 0 0 0 0 0 0 0 0 0 0 0 0 0 0 0 0 0 0 0 0 1 0 0 0 0 0 0 0 0 0 0 0 0 0 0 0 0 0 0 0 0 0 0 0 0 0 0 0 0 0 0 0 0 0 0 0 0 0 0 0 0 0 0 0 0 0 0 0 0 0 0 0 0 0 0 0 0 0 0 0 0 0 0 0 0 0 0 0 0 0 0 0 0 0 0 0 0 0 0 1
0 0 0 0 0 0 0 0 0 0 0 0 0 0 0 0 0 0 0 0 0 0 0 0 0 0 0 0 0 0 0 0 0 0 0 0 0 0 0 0 0 0 0 0 0 0 0 0 0 0 0 0 0 0 0 0 0 0 0 0 0 0 0 0 0 0 0 0 0 0 0 0 0 0 0 0 0 0 0 0 0 0 0 0 0 0 0 0 0 1 0 0 0 0 0 0 0 0 0 0 1
0 0 0 0 0 0 0 0 0 0 0 0 0 0 0 0 0 0 0 0 0 0 0 0 0 0 0 0 0 0 0 0 0 0 0 0 0 0 0 0 0 0 0 0 0 0 0 0 0 0 0 0 1 0 0 0 0 0 0 0 0 0 0 0 0 0 0 0 0 0 0 0 0 0 0 0 0 0 0 0 0 0 0 0 0 0 0 0 0 0 0 0 0 0 0 0 0 0 0 0 1
0 0 0 0 0 0 0 0 0 0 0 0 0 0 0 0 0 0 0 0 0 0 0 0 0 0 0 0 0 0 0 0 0 0 0 0 0 0 0 0 0 0 0 0 0 0 0 0 0 0 0 0 0 0 1 0 0 0 0 0 0 0 0 0 0 0 0 0 0 0 0 0 0 0 0 0 0 0 0 0 0 0 0 0 0 0 0 0 0 0 0 0 0 0 0 0 0 0 0 0 1
0 0 0 0 0 0 0 0 0 0 0 0 0 0 0 0 0 0 0 0 0 0 0 0 0 0 0 0 0 0 0 0 0 0 0 0 0 0 0 0 0 0 0 0 0 0 0 0 0 0 0 0 0 0 0 0 0 0 0 1 0 0 0 0 0 0 0 0 0 0 0 0 0 0 0 0 0 0 0 0 0 0 0 0 0 0 0 0 0 0 0 0 0 0 0 0 0 0 0 0 1
0 0 0 0 0 0 0 0 0 0 0 0 1 0 0 0 0 0 0 0 0 0 0 0 0 0 0 0 0 0 0 0 0 0 0 0 0 0 0 0 0 0 0 0 0 0 0 0 0 0 0 0 0 0 0 0 0 0 0 0 0 0 0 0 0 0 0 0 0 0 0 0 0 0 0 0 0 0 0 0 0 0 0 0 0 0 0 0 0 0 0 0 0 0 0 0 0 0 0 0 1
0 0 0 0 0 0 0 0 0 0 0 0 0 0 0 0 0 0 0 0 0 0 0 0 0 0 0 0 0 0 0 0 0 0 0 0 0 0 0 0 0 0 0 0 0 0 0 0 0 0 0 0 0 0 0 0 0 0 0 0 0 0 0 0 0 0 0 0 0 0 0 0 0 0 0 0 0 0 0 0 0 0 0 0 0 0 1 0 0 0 0 0 0 0 0 0 0 0 0 0 1
0 0 0 0 0 0 0 0 0 0 0 0 0 0 0 0 0 0 0 0 0 0 0 0 0 0 0 0 0 0 0 0 0 0 0 0 0 0 0 0 0 0 0 0 0 0 0 0 0 0 0 0 0 0 0 0 0 0 0 0 0 0 0 0 0 0 0 0 0 0 0 0 0 0 0 0 0 1 0 0 0 0 0 0 0 0 0 0 0 0 0 0 0 0 0 0 0 0 0 0 1
0 0 0 0 0 0 0 0 0 0 0 0 0 0 0 0 0 0 0 0 0 0 0 0 1 0 0 0 0 0 0 0 0 0 0 0 0 0 0 0 0 0 0 0 0 0 0 0 0 0 0 0 0 0 0 0 0 0 0 0 0 0 0 0 0 0 0 0 0 0 0 0 0 0 0 0 0 0 0 0 0 0 0 0 0 0 0 0 0 0 0 0 0 0 0 0 0 0 0 0 1
0 0 0 1 0 0 0 0 0 0 0 0 0 0 0 0 0 0 0 0 0 0 0 0 0 0 0 0 0 0 0 0 0 0 0 0 0 0 0 0 0 0 0 0 0 0 0 0 0 0 0 0 0 0 0 0 0 0 0 0 0 0 0 0 0 0 0 0 0 0 0 0 0 0 0 0 0 0 0 0 0 0 0 0 0 0 0 0 0 0 0 0 0 0 0 0 0 0 0 0 1
0 0 0 0 0 0 0 0 0 0 0 0 0 0 0 0 0 0 0 0 0 0 0 0 0 0 0 0 0 0 0 0 0 0 0 0 0 0 0 0 0 0 0 0 0 0 0 0 0 0 0 0 0 0 0 0 0 0 0 0 0 0 0 0 0 0 0 0 0 0 0 0 0 0 0 0 0 0 0 0 0 0 0 0 0 0 0 1 0 0 0 0 0 0 0 0 0 0 0 0 1
0 0 0 0 0 0 0 0 0 0 0 0 0 0 0 0 0 0 0 0 0 0 0 0 0 0 0 0 0 0 0 0 0 0 0 0 0 0 0 0 0 0 0 0 0 0 0 0 0 0 0 0 1 0 0 0 0 0 0 0 0 0 0 0 0 0 0 0 0 0 0 0 0 0 0 0 0 0 0 0 0 0 0 0 0 0 0 0 0 0 0 0 0 0 0 0 0 0 0 0 1
0 0 0 0 0 0 0 0 0 0 0 0 0 0 0 0 0 0 0 0 0 0 0 0 0 0 0 0 0 0 0 0 0 0 0 0 0 0 0 0 0 0 0 0 0 0 0 0 0 0 0 0 0 0 0 0 0 0 0 0 0 0 0 0 0 0 0 0 0 0 0 0 0 0 0 0 0 0 1 0 0 0 0 0 0 0 0 0 0 0 0 0 0 0 0 0 0 0 0 0 1
0 0 0 0 0 0 0 0 0 0 0 0 0 0 0 0 0 0 0 0 0 0 0 0 0 0 0 0 0 0 0 0 0 0 0 0 0 0 0 0 0 0 0 0 0 0 0 0 0 0 0 0 0 0 0 0 0 0 0 0 0 0 0 0 1 0 0 0 0 0 0 0 0 0 0 0 0 0 0 0 0 0 0 0 0 0 0 0 0 0 0 0 0 0 0 0 0 0 0 0 1
0 0 1 0 0 0 0 0 0 0 0 0 0 0 0 0 0 0 0 0 0 0 0 0 0 0 0 0 0 0 0 0 0 0 0 0 0 0 0 0 0 0 0 0 0 0 0 0 0 0 0 0 0 0 0 0 0 0 0 0 0 0 0 0 0 0 0 0 0 0 0 0 0 0 0 0 0 0 0 0 0 0 0 0 0 0 0 0 0 0 0 0 0 0 0 0 0 0 0 0 1
0 0 0 0 0 0 0 0 0 0 0 0 0 0 0 0 0 1 0 0 0 0 0 0 0 0 0 0 0 0 0 0 0 0 0 0 0 0 0 0 0 0 0 0 0 0 0 0 0 0 0 0 0 0 0 0 0 0 0 0 0 0 0 0 0 0 0 0 0 0 0 0 0 0 0 0 0 0 0 0 0 0 0 0 0 0 0 0 0 0 0 0 0 0 0 0 0 0 0 0 1
0 0 0 0 0 0 0 0 0 0 0 0 0 0 0 0 0 0 0 0 0 0 0 0 0 0 0 0 0 0 0 0 0 0 0 0 0 0 0 0 0 0 0 0 0 0 0 0 0 0 0 0 0 0 0 0 1 0 0 0 0 0 0 0 0 0 0 0 0 0 0 0 0 0 0 0 0 0 0 0 0 0 0 0 0 0 0 0 0 0 0 0 0 0 0 0 0 0 0 0 1
0 0 0 0 0 0 0 0 0 0 0 0 0 0 0 0 0 0 0 0 0 0 0 0 0 0 0 0 0 0 0 0 0 0 0 0 0 0 0 0 0 0 0 0 0 0 0 0 0 0 0 0 0 0 0 0 1 0 0 0 0 0 0 0 0 0 0 0 0 0 0 0 0 0 0 0 0 0 0 0 0 0 0 0 0 0 0 0 0 0 0 0 0 0 0 0 0 0 0 0 1
0 0 0 0 0 0 0 0 0 0 0 0 0 0 0 0 0 0 0 0 0 0 0 0 0 0 0 0 0 0 0 0 0 0 0 0 0 0 0 1 0 0 0 0 0 0 0 0 0 0 0 0 0 0 0 0 0 0 0 0 0 0 0 0 0 0 0 0 0 0 0 0 0 0 0 0 0 0 0 0 0 0 0 0 0 0 0 0 0 0 0 0 0 0 0 0 0 0 0 0 1
0 0 0 0 0 0 0 0 0 0 0 0 0 0 0 0 0 0 0 0 0 0 0 0 0 0 0 0 0 0 0 0 0 0 0 0 0 0 0 0 0 0 0 0 0 1 0 0 0 0 0 0 0 0 0 0 0 0 0 0 0 0 0 0 0 0 0 0 0 0 0 0 0 0 0 0 0 0 0 0 0 0 0 0 0 0 0 0 0 0 0 0 0 0 0 0 0 0 0 0 1
0 0 0 0 1 0 0 0 0 0 0 0 0 0 0 0 0 0 0 0 0 0 0 0 0 0 0 0 0 0 0 0 0 0 0 0 0 0 0 0 0 0 0 0 0 0 0 0 0 0 0 0 0 0 0 0 0 0 0 0 0 0 0 0 0 0 0 0 0 0 0 0 0 0 0 0 0 0 0 0 0 0 0 0 0 0 0 0 0 0 0 0 0 0 0 0 0 0 0 0 1
0 0 0 0 0 0 0 0 0 0 0 0 0 0 0 0 0 0 0 0 0 0 0 0 0 0 0 0 0 0 0 0 0 0 0 0 0 0 0 0 0 0 0 0 0 0 0 0 0 1 0 0 0 0 0 0 0 0 0 0 0 0 0 0 0 0 0 0 0 0 0 0 0 0 0 0 0 0 0 0 0 0 0 0 0 0 0 0 0 0 0 0 0 0 0 0 0 0 0 0 1
0 0 0 0 0 0 0 0 0 0 0 0 0 0 0 0 0 0 0 0 0 0 0 0 0 0 0 0 0 0 0 1 0 0 0 0 0 0 0 0 0 0 0 0 0 0 0 0 0 0 0 0 0 0 0 0 0 0 0 0 0 0 0 0 0 0 0 0 0 0 0 0 0 0 0 0 0 0 0 0 0 0 0 0 0 0 0 0 0 0 1 0 0 0 0 0 0 0 0 0 2
0 0 0 0 0 0 0 0 0 0 0 0 0 0 0 0 0 0 0 0 0 0 0 0 0 0 0 0 0 0 0 0 0 0 0 0 0 0 0 0 0 0 0 0 0 0 0 0 0 0 0 0 0 0 0 0 0 0 0 0 0 0 0 0 0 0 0 0 0 0 0 0 0 0 0 0 0 0 0 0 0 0 0 0 0 0 0 0 0 0 0 0 0 0 0 0 0 0 0 1 1
0 0 0 0 0 0 0 0 0 0 0 0 0 0 0 0 0 0 0 0 0 0 1 0 0 0 0 0 0 0 0 0 0 0 0 0 0 0 0 0 0 0 0 0 0 0 0 0 0 0 0 0 0 0 0 0 0 0 0 0 0 0 0 0 0 0 0 0 0 0 0 0 0 0 0 0 0 0 0 0 0 0 0 0 0 0 0 0 0 0 0 0 0 0 0 0 0 0 0 0 1
0 0 0 0 0 0 0 0 0 0 0 0 0 0 0 0 0 0 0 0 0 0 0 0 0 0 0 0 0 0 0 0 0 0 0 0 0 0 0 0 0 0 0 0 0 0 0 0 0 0 0 0 0 0 0 0 0 0 0 0 0 0 1 0 0 0 0 0 0 0 0 0 0 0 0 0 0 0 0 0 0 0 0 0 0 0 0 0 0 0 0 0 0 0 0 0 0 0 0 0 1
0 0 0 0 0 0 0 0 0 0 0 0 0 0 0 0 0 0 0 0 0 0 0 0 0 0 0 0 0 0 0 0 0 0 0 0 0 0 0 0 0 0 0 0 0 0 0 0 0 0 0 0 0 1 0 0 0 0 0 0 0 0 0 0 0 0 0 0 0 0 0 0 0 0 0 0 0 0 0 0 0 0 0 0 0 0 0 0 0 0 0 0 0 0 0 0 0 0 0 0 1
0 0 0 0 0 0 0 0 0 0 0 0 0 0 1 0 0 0 0 0 0 0 0 0 0 0 0 0 0 0 0 0 0 0 0 0 0 0 0 0 0 0 0 0 0 0 0 0 0 0 0 0 0 0 0 0 0 0 0 0 0 0 0 0 0 0 0 0 0 0 0 0 0 0 0 0 0 0 0 0 0 0 0 0 0 0 0 0 0 0 0 0 0 0 0 0 0 0 0 0 1
77 67 72 69 72 60 61 76 62 66 62 68 68 62 55 72 63 70 70 63 69 60 72 64 73 56 57 59 77 61 68 67 63 59 64 75 62 68 65 66 71 61 61 70 67 60 66 62 69 72 65 49 68 76 67 62 65 69 77 64 78 66 70 62 70 73 74 65 67 67 62 69 65 62 55 72 76 63 64 69 62 62 76 69 62 71 63 63 73 72 70 81 70 67 67 60 59 69 69 71 6666
