0 0 0 0 0 1 0 0 0 0 1
1 0 0 0 0 0 0 0 0 0 1
0 0 0 0 0 0 0 0 0 1 1
0 1 0 0 0 0 0 0 1 1 3
1 0 0 0 0 1 0 0 1 1 4
1 1 0 0 0 0 0 0 1 1 4
1 0 0 0 1 1 0 0 0 0 3
0 0 0 1 0 0 0 0 0 0 1
1 0 0 0 0 1 1 0 1 1 5
1 1 0 0 0 0 0 0 1 0 3
0 1 1 0 0 0 1 0 0 0 3
1 0 1 0 1 1 0 1 0 0 5
0 1 0 0 1 0 0 1 0 1 4
0 1 1 1 0 0 0 0 0 0 3
1 0 0 0 0 0 1 0 0 1 3
1 0 0 1 1 0 0 1 0 0 4
0 1 0 0 0 1 0 1 1 0 4
0 0 1 1 0 0 0 0 1 1 4
1 1 1 1 1 1 0 0 1 1 8
0 0 1 1 1 0 0 0 1 0 4
0 0 0 0 0 0 1 1 1 0 3
0 0 0 0 0 0 1 0 0 0 1
1 0 0 0 0 0 0 0 0 0 1
0 0 0 0 0 0 0 1 0 0 1
0 0 0 1 0 0 0 0 0 0 1
0 1 0 0 0 0 0 0 0 0 1
0 0 0 0 0 1 0 0 0 0 1
0 0 0 0 0 0 0 0 0 1 1
0 0 0 0 0 0 1 0 0 0 1
0 0 0 0 0 0 0 0 0 1 1
0 0 0 0 1 0 0 0 0 0 1
0 0 1 0 0 0 0 0 0 0 1
0 0 0 0 0 0 0 1 0 0 1
0 0 0 1 0 0 0 0 0 0 1
0 0 0 0 0 0 0 0 1 0 1
0 0 1 0 0 0 0 0 0 0 1
0 0 0 0 0 0 0 1 0 0 1
0 0 0 0 0 0 0 1 0 0 1
0 1 0 0 0 0 0 0 0 0 1
1 0 0 0 0 0 0 0 0 0 1
0 0 0 0 0 0 0 1 0 0 1
0 0 0 0 0 1 0 0 0 0 1
0 1 0 0 0 0 0 0 0 0 1
0 0 1 0 0 0 0 0 0 0 1
0 0 0 0 0 0 1 0 0 0 1
0 0 0 0 0 0 0 0 1 0 1
0 0 0 1 0 0 0 0 0 0 1
0 0 0 0 0 0 1 0 0 0 1
0 0 0 1 0 0 0 0 0 0 1
0 0 0 0 0 0 0 0 1 0 1
12 11 9 10 7 9 8 10 13 11 100
