1 0 1 1 1 1 0 1 0 0 0 1 0 1 1 0 1 0 0 1 0 1 1 1 1 1 0 0 0 0 1 0 0 0 1 1 1 1 1 0 0 0 0 1 0 0 0 0 0 0 23
1 0 1 0 1 0 0 1 0 0 1 0 1 1 0 0 1 1 1 0 0 1 1 1 1 1 0 0 0 1 0 0 0 0 1 1 1 0 1 1 1 1 0 0 0 0 0 0 0 0 23
1 0 1 0 1 1 0 0 0 1 0 1 0 1 1 0 1 1 0 0 1 1 0 1 1 0 0 1 1 1 1 1 1 0 1 1 1 0 1 1 0 0 0 1 0 0 0 0 0 0 26
1 0 1 1 1 1 0 0 0 0 1 1 1 1 0 0 0 1 1 0 0 1 0 1 1 0 1 0 0 0 1 0 1 0 1 1 1 1 0 1 0 0 0 1 1 0 0 0 1 0 25
1 0 1 0 1 0 1 1 0 1 0 1 0 1 1 0 0 0 1 1 0 0 0 0 1 0 0 0 0 1 0 1 0 0 1 1 1 0 1 0 1 1 0 1 0 0 0 0 0 0 21
1 0 0 1 1 1 0 1 0 0 0 1 0 1 1 0 1 0 0 1 0 1 0 1 1 1 0 1 0 1 1 0 1 1 1 0 1 0 0 0 1 0 0 0 1 0 0 0 0 0 23
1 0 1 0 1 1 0 0 0 1 0 1 0 0 0 0 1 0 1 0 1 1 1 1 1 1 0 0 0 1 1 0 1 0 1 1 1 0 0 1 0 1 0 1 1 0 0 0 0 0 24
1 0 1 0 0 1 0 1 0 0 0 1 0 1 1 0 0 0 1 1 1 1 0 1 0 1 0 0 0 1 1 0 1 1 1 1 1 0 0 0 0 0 0 1 1 0 0 0 0 0 22
1 0 1 1 0 1 0 0 0 0 1 1 0 1 1 0 0 0 0 1 0 1 1 1 1 0 0 0 0 1 1 0 1 0 0 1 1 0 1 0 1 1 0 1 1 0 0 0 0 0 23
1 0 1 1 0 1 0 0 0 1 1 1 0 1 1 0 0 0 1 1 1 1 1 0 1 1 1 1 0 1 1 0 1 0 1 1 1 1 1 1 0 0 0 1 1 0 0 0 0 0 29
1 0 1 0 1 1 0 0 0 1 1 0 0 1 0 0 0 0 1 1 1 0 0 1 1 0 0 0 0 0 1 1 0 0 0 1 1 0 0 1 1 0 0 1 1 0 0 0 0 0 20
1 0 1 1 1 1 0 0 0 0 1 0 0 1 1 0 0 0 0 0 0 1 0 1 1 0 0 1 0 1 1 1 1 0 1 1 1 0 1 0 0 1 0 0 1 0 0 0 0 0 22
1 0 1 0 1 1 0 1 0 0 0 1 0 1 1 0 1 0 1 1 1 1 1 1 1 1 1 0 0 0 0 0 0 0 1 1 1 0 1 0 0 0 0 1 1 0 0 0 0 0 24
1 0 1 0 0 1 0 1 0 1 1 1 0 0 1 0 1 1 1 0 0 1 1 0 0 1 0 1 0 1 0 0 1 1 1 1 1 0 0 0 0 0 1 1 1 0 0 0 0 0 24
1 1 1 0 1 1 0 1 0 0 0 0 0 1 0 0 0 1 1 1 0 1 1 0 1 0 1 1 0 0 1 1 0 1 1 1 1 0 1 0 1 1 0 1 1 0 0 0 0 0 26
1 0 1 1 1 1 0 0 0 1 1 1 0 1 1 0 1 0 1 1 1 1 0 0 1 1 0 0 1 1 1 0 0 0 1 1 1 0 0 0 0 0 0 0 1 0 0 1 0 0 25
1 0 1 1 1 1 0 0 0 1 1 1 0 1 1 0 0 0 1 1 0 1 0 1 1 0 0 1 0 1 0 0 1 0 1 1 1 0 0 1 0 1 0 0 1 0 0 0 0 0 24
0 1 1 0 0 1 0 1 0 0 0 1 0 1 1 1 1 1 0 1 0 1 1 1 0 1 0 1 1 1 1 0 1 0 1 1 1 1 1 0 0 0 0 1 1 0 0 0 0 0 27
1 0 1 1 1 1 0 1 0 1 1 1 0 1 1 0 1 0 1 0 0 1 0 1 1 0 0 1 0 1 1 1 0 1 1 1 1 0 0 0 0 1 0 1 0 0 0 0 0 0 26
1 0 1 1 1 1 0 0 0 0 0 1 1 0 1 0 1 0 0 1 0 1 1 1 1 1 0 0 1 1 0 1 0 0 1 1 1 0 1 0 1 0 1 1 1 0 0 0 0 0 26
1 0 1 1 1 1 0 1 0 1 1 1 0 1 1 0 1 0 1 1 0 1 1 1 1 1 0 1 0 1 0 0 0 0 0 1 1 1 0 0 0 1 0 1 0 0 0 0 0 0 26
1 0 1 1 1 1 0 1 0 0 0 1 0 1 0 0 1 1 1 1 1 0 1 1 0 0 0 0 0 0 1 0 1 0 1 1 1 0 0 0 1 1 0 1 1 0 0 1 0 0 25
1 0 1 0 1 1 0 1 0 1 0 1 1 1 1 0 1 0 1 1 1 1 0 1 1 1 0 0 0 1 1 0 1 0 1 1 1 0 0 0 0 0 0 0 1 0 0 0 0 0 25
1 0 1 1 0 1 0 1 0 1 1 1 0 1 1 1 0 1 1 1 0 1 1 1 1 1 1 1 0 1 1 0 0 0 1 1 1 0 1 0 0 0 0 0 0 0 0 0 0 0 27
1 1 1 1 1 1 0 1 0 0 0 1 0 1 1 0 1 0 0 1 0 1 0 1 1 1 1 1 1 1 1 0 0 0 1 1 1 0 1 0 0 0 0 0 1 0 0 0 0 0 26
0 1 1 1 1 1 0 1 0 1 1 1 0 1 1 0 0 1 0 0 1 1 1 1 0 1 1 1 0 1 1 0 1 0 0 1 1 1 1 1 0 0 0 1 1 0 0 0 0 0 29
1 0 1 1 1 1 0 1 0 0 1 0 0 1 1 0 1 1 1 0 0 1 0 1 1 0 1 1 1 1 0 0 0 0 1 1 1 0 1 1 0 0 1 1 1 0 0 0 0 0 27
1 0 1 0 1 0 1 0 0 0 1 1 0 1 1 0 0 0 1 1 1 1 1 1 1 0 0 1 1 1 1 0 0 0 1 1 1 0 1 0 1 0 0 1 1 0 0 0 0 0 26
1 0 1 1 1 0 0 0 0 1 1 0 0 1 1 0 0 0 1 1 0 1 0 0 1 1 1 1 0 1 1 0 1 0 1 1 1 0 1 0 0 1 0 1 1 0 0 0 0 0 25
1 0 1 1 1 0 1 1 0 1 0 0 1 1 1 0 0 0 1 0 1 1 0 1 0 1 1 0 0 1 1 1 0 0 0 1 1 0 1 0 1 0 0 0 0 0 0 0 0 0 23
1 0 1 1 1 1 1 0 0 0 0 0 0 1 1 0 1 0 1 1 0 1 1 1 1 1 0 1 1 0 1 0 0 0 0 1 1 0 1 0 1 0 0 1 1 0 0 0 0 0 25
1 0 1 1 1 0 0 0 0 0 1 1 0 1 1 0 0 1 1 1 1 1 0 1 1 1 1 1 0 0 0 0 0 0 1 1 0 0 0 0 1 1 0 1 1 0 0 0 0 0 24
0 0 1 0 0 0 0 0 0 0 0 0 0 0 1 1 0 0 0 1 1 1 1 1 1 0 1 1 0 0 1 0 1 0 1 1 1 0 1 0 0 0 0 1 0 0 0 0 0 0 18
1 1 1 0 0 1 1 1 0 0 0 1 0 1 1 0 0 0 0 1 0 1 1 1 1 1 0 0 0 1 1 0 1 0 1 1 1 0 0 0 0 1 0 1 1 0 0 0 0 0 24
1 0 1 0 1 1 0 1 0 1 0 0 0 1 1 0 1 0 0 0 1 0 0 1 1 0 0 0 0 1 1 0 0 0 1 1 1 0 0 0 1 0 0 1 1 0 0 0 0 0 20
0 0 1 0 0 1 0 0 0 1 1 1 1 1 0 0 0 0 1 0 1 1 1 1 1 0 0 1 0 1 1 0 1 0 1 1 1 0 1 1 0 0 0 1 1 0 0 1 0 0 25
1 0 1 1 1 1 0 1 0 0 0 1 0 1 0 0 1 0 1 1 1 1 0 1 1 1 0 1 0 1 1 1 0 0 1 1 1 0 1 0 1 0 0 1 0 0 0 0 0 0 26
1 0 1 1 1 1 0 1 0 1 0 1 0 1 1 0 0 0 0 1 0 1 1 1 1 1 1 1 0 0 1 1 1 1 0 1 1 0 1 0 0 1 0 0 0 0 0 0 0 0 26
1 1 1 1 1 1 0 0 1 1 0 0 0 1 1 0 1 0 0 1 1 1 1 1 1 1 0 1 1 1 1 0 1 0 1 1 1 0 0 0 0 0 0 1 1 0 0 0 0 0 28
0 1 1 1 1 1 0 1 1 1 0 1 0 1 1 0 0 0 1 1 1 1 1 1 0 0 1 0 0 1 1 1 0 0 1 1 1 0 1 1 0 0 0 1 1 0 0 1 0 0 29
1 0 1 1 1 0 0 1 0 0 1 1 0 1 1 0 0 0 1 1 1 1 0 1 1 0 0 1 0 1 1 1 1 0 1 1 1 0 0 1 1 1 0 1 1 0 0 0 0 0 28
0 1 1 1 0 1 0 1 0 0 0 1 0 1 1 0 0 0 1 1 0 1 1 1 1 0 0 0 0 1 0 0 1 0 1 1 0 0 0 0 1 0 0 0 1 0 0 0 0 0 20
1 0 1 1 0 1 0 1 0 0 0 1 0 1 1 0 0 0 0 1 0 1 0 1 1 0 0 1 0 1 1 0 1 1 1 1 1 0 0 0 0 1 0 0 0 0 0 0 0 0 21
1 0 1 1 0 0 0 0 0 0 1 1 0 1 1 1 0 0 1 1 1 1 1 1 1 0 0 1 1 1 1 0 1 0 1 1 1 0 0 0 0 0 0 1 1 0 0 0 0 0 25
1 0 1 1 1 1 0 1 0 0 0 1 0 1 1 0 1 0 1 1 0 1 1 1 1 0 1 1 1 0 1 0 1 0 1 1 1 0 0 0 1 0 0 0 1 0 0 1 0 0 27
1 0 1 0 1 1 0 1 0 0 0 0 0 1 1 0 0 1 0 1 0 0 0 0 1 0 1 1 0 1 1 0 0 0 1 1 1 0 1 0 1 1 1 1 1 0 0 0 0 0 23
1 0 1 1 1 1 0 1 0 0 0 1 0 1 1 0 0 0 1 1 0 1 1 1 1 1 0 1 0 1 0 0 1 0 1 1 1 0 1 0 1 0 0 0 1 0 0 0 0 0 25
1 1 1 0 1 1 0 1 0 0 0 1 0 1 0 1 0 0 1 1 0 1 1 1 1 0 0 1 0 1 1 1 1 0 1 1 0 0 1 0 0 0 0 1 1 0 0 0 0 0 25
1 0 1 0 1 1 0 1 0 1 1 1 0 0 1 0 1 0 1 1 0 1 1 1 1 0 0 0 0 1 1 0 1 0 1 1 1 0 0 1 1 0 0 1 0 0 0 0 0 0 25
1 0 1 0 0 1 0 1 0 1 1 1 0 1 1 0 0 0 1 1 0 1 1 1 1 1 0 1 0 1 0 0 0 1 0 1 1 0 0 0 0 1 0 1 1 0 0 0 1 0 25
1 0 1 0 1 0 0 0 0 0 0 0 1 1 0 0 1 0 1 1 0 1 1 1 1 0 1 1 0 1 1 0 1 0 1 1 1 0 0 1 1 0 0 1 1 0 0 0 0 0 24
0 0 1 0 0 1 0 0 0 0 0 1 0 1 1 0 0 0 1 1 0 1 1 1 1 0 0 1 1 1 1 0 0 0 1 1 0 0 1 0 0 1 1 1 0 0 0 0 0 1 22
1 1 1 1 0 1 0 1 0 0 1 0 0 1 1 0 1 0 1 0 1 1 1 1 1 1 0 1 0 0 1 0 1 0 1 1 1 1 0 0 1 1 0 0 1 0 0 0 0 0 27
1 0 1 0 1 1 0 1 0 0 1 1 0 0 1 0 1 0 1 1 0 1 0 1 0 1 0 0 0 1 1 1 1 0 1 1 1 0 0 0 1 1 0 1 1 0 0 0 0 0 25
1 0 1 1 0 1 0 1 0 1 1 0 0 1 1 0 0 1 1 1 1 1 0 1 1 0 0 0 0 1 1 0 1 0 1 1 1 0 1 0 0 0 0 1 1 0 0 0 1 0 26
0 0 1 0 1 1 1 1 0 1 1 1 0 1 0 0 0 0 0 1 1 1 1 1 1 0 0 1 0 1 1 1 1 1 1 1 1 1 0 0 0 1 0 1 1 0 0 0 0 0 28
1 0 1 1 1 1 0 1 0 1 1 0 0 1 1 0 1 1 1 0 0 1 0 1 1 0 1 1 0 1 1 0 1 0 1 1 1 0 1 0 0 1 0 1 1 0 0 1 0 0 29
1 0 1 0 1 0 0 0 0 1 0 0 0 1 1 0 0 0 1 1 0 1 1 1 0 0 0 1 0 1 1 0 1 0 1 1 1 0 1 0 1 1 0 0 1 0 0 0 0 0 22
1 0 1 1 1 1 0 1 0 1 1 1 0 0 1 0 0 1 1 1 0 1 0 1 1 1 1 0 0 1 0 0 0 0 1 1 1 1 0 1 1 0 0 1 1 0 0 1 0 0 28
1 1 1 0 0 1 0 1 0 1 1 1 0 1 1 0 1 1 1 0 1 1 0 1 0 1 0 0 0 1 0 0 1 1 1 1 1 1 0 1 0 0 0 0 1 0 0 0 0 0 26
1 0 1 1 1 1 1 0 0 1 1 1 0 1 1 1 0 0 1 1 0 1 0 0 1 1 0 1 0 1 1 0 0 1 1 1 1 0 0 0 0 0 0 1 1 0 0 0 0 0 26
1 0 1 0 1 1 0 0 0 1 1 1 1 0 1 0 1 0 0 0 1 1 0 1 1 0 0 1 0 1 1 0 0 0 1 1 1 0 0 1 0 0 0 1 1 0 1 0 0 0 24
1 0 1 1 1 1 1 0 0 1 1 1 0 1 1 0 0 0 1 1 1 1 0 1 1 0 1 0 0 1 1 1 1 0 0 1 1 0 0 1 0 0 0 0 1 0 0 0 0 0 26
1 0 1 1 1 1 0 1 0 0 1 1 0 1 1 0 0 1 0 1 1 1 1 1 1 1 1 0 0 1 0 0 1 0 1 1 1 0 0 0 0 0 0 1 0 0 0 0 0 0 25
1 0 1 1 1 1 0 0 0 1 1 1 0 1 1 0 0 1 1 1 0 1 1 1 0 0 0 0 0 1 1 0 1 0 1 1 1 1 0 0 1 0 0 0 0 0 0 1 1 0 26
1 1 1 0 1 1 0 1 0 1 1 1 0 1 1 0 0 1 1 1 0 1 0 0 1 0 0 0 1 1 1 0 1 1 0 1 1 0 0 0 1 0 0 1 0 0 0 0 0 0 25
1 0 1 1 1 1 0 1 0 1 0 1 1 1 1 0 0 1 1 0 1 1 0 1 1 0 0 1 0 1 1 0 0 0 1 1 1 0 1 0 0 0 0 0 1 0 0 0 0 0 25
1 0 1 0 1 1 0 0 0 0 0 1 1 1 0 0 0 1 1 0 0 0 0 0 1 0 0 0 1 1 1 1 1 1 1 1 1 0 0 0 0 0 0 1 1 0 0 0 0 0 21
0 1 1 1 1 0 0 1 0 0 0 0 0 0 1 1 0 0 1 1 0 1 0 1 1 1 0 1 1 1 0 0 0 0 1 1 1 0 1 0 0 0 0 1 0 0 0 0 0 0 21
0 0 1 1 1 0 0 0 0 1 0 1 0 1 1 0 1 0 1 1 0 1 1 1 1 1 1 1 1 1 1 1 1 0 1 1 1 0 1 0 0 0 0 1 1 0 0 0 0 0 28
1 0 1 0 1 1 0 1 0 1 0 0 1 1 1 0 1 0 0 1 1 1 1 0 1 1 0 0 0 0 1 1 1 0 1 1 1 0 1 1 1 0 0 0 1 0 0 0 0 0 26
1 0 1 1 1 1 0 0 0 1 1 0 0 1 1 0 0 0 1 0 1 0 0 1 1 1 0 0 0 1 0 0 1 0 1 1 1 0 0 0 0 0 0 1 1 0 0 0 0 0 21
1 0 1 1 1 1 1 0 0 1 1 1 0 1 1 0 1 0 1 1 1 0 1 1 1 1 1 1 0 1 1 1 1 0 1 1 1 1 0 0 0 0 0 1 1 0 0 1 0 0 32
1 0 1 0 0 0 0 0 0 0 1 0 0 1 0 0 1 0 1 1 0 1 1 1 0 0 0 1 0 1 1 1 1 0 1 1 1 0 1 0 1 0 0 0 0 0 0 0 0 0 20
1 0 1 0 1 1 0 0 0 1 1 1 0 1 1 0 1 0 1 0 1 1 0 1 1 0 0 1 1 1 0 0 1 0 0 1 0 0 0 0 0 1 0 1 1 0 0 1 0 0 24
1 0 1 0 1 1 1 0 0 0 1 1 0 1 1 0 1 0 1 1 0 1 1 0 1 0 0 1 0 1 1 1 1 0 1 1 1 0 0 0 0 1 1 1 1 0 0 0 0 0 27
1 1 1 0 1 0 0 1 0 0 0 1 0 1 1 0 1 0 1 1 0 1 1 1 1 0 1 0 0 1 0 1 1 0 1 1 0 0 0 0 0 0 0 0 0 0 0 1 0 0 22
0 0 1 1 1 1 0 0 0 0 0 0 1 1 1 0 1 0 0 1 0 1 1 1 1 1 1 0 0 1 1 0 0 0 1 1 1 0 0 1 0 1 0 1 1 0 0 0 0 0 24
1 1 1 0 1 0 0 0 0 1 0 1 0 0 1 0 1 0 1 0 1 1 0 1 1 0 0 1 0 1 1 0 0 0 1 1 1 0 0 0 1 0 0 1 1 0 0 0 0 0 22
1 0 1 1 0 1 0 1 0 0 0 1 1 1 1 1 0 0 1 1 1 0 1 0 1 1 1 0 0 1 1 1 1 0 1 1 1 1 0 0 0 0 0 1 0 0 0 0 0 0 26
1 1 1 0 0 1 0 0 0 0 0 0 0 1 1 0 0 0 1 1 1 1 0 1 1 1 0 1 0 1 1 0 1 0 1 1 0 0 0 1 0 0 1 1 1 0 0 0 0 0 23
1 0 1 1 1 1 0 1 0 1 0 1 0 1 1 0 0 1 0 1 1 1 1 1 1 0 0 0 0 1 1 0 1 0 0 1 1 0 0 0 1 1 1 0 1 0 0 0 0 0 26
1 0 1 1 1 1 0 1 0 0 1 1 0 1 1 0 1 0 1 1 0 1 1 1 1 1 0 1 0 0 1 0 1 0 1 1 1 0 0 0 1 0 0 0 1 0 0 0 0 0 26
1 0 1 1 1 0 0 1 0 1 0 1 1 1 0 1 1 0 1 1 0 1 0 0 1 0 0 0 0 0 1 0 1 0 1 1 1 0 1 0 1 0 0 1 1 0 0 0 0 0 24
1 0 1 1 1 1 1 1 0 1 1 1 0 1 1 0 1 0 0 1 0 1 1 1 1 0 1 1 0 1 0 1 1 0 1 1 1 0 0 0 0 1 0 0 0 0 0 0 0 0 27
1 1 1 0 1 1 0 0 0 1 1 1 0 1 1 0 0 1 0 1 0 0 0 1 1 0 0 0 0 1 1 1 0 0 0 1 1 1 0 1 0 0 0 1 1 0 0 0 0 0 23
1 0 0 1 1 1 0 1 0 0 0 1 0 1 1 0 0 0 1 1 1 0 1 1 1 1 0 1 1 1 1 0 1 1 1 1 1 0 1 0 0 0 0 1 0 0 0 0 0 0 26
1 0 1 1 1 1 0 1 0 1 0 0 0 1 1 0 1 0 1 1 1 1 0 1 0 1 1 0 0 1 1 0 0 0 1 1 1 0 0 0 0 0 0 1 1 0 0 0 0 0 24
1 1 1 0 0 0 0 1 0 1 0 1 0 1 1 0 0 1 1 1 0 1 1 1 0 0 1 0 0 1 1 0 1 0 1 1 1 0 0 0 1 1 1 1 0 0 0 0 0 0 25
1 0 1 1 1 1 1 1 0 0 1 0 0 1 1 0 1 1 1 0 1 1 1 1 1 0 0 1 1 1 1 0 0 0 0 1 1 1 0 1 0 0 0 1 0 0 0 0 0 0 27
0 1 1 1 1 1 0 1 0 0 1 1 0 1 1 0 1 0 1 1 0 0 0 1 1 0 0 1 0 1 1 0 1 0 1 1 1 0 0 0 0 1 0 1 0 0 0 0 0 0 24
1 0 1 1 1 0 0 0 0 1 0 1 0 1 1 1 0 0 1 1 0 1 1 1 1 1 0 1 0 0 1 1 1 1 1 1 1 0 1 1 1 0 0 1 0 0 0 0 0 0 28
1 1 1 0 1 1 0 0 0 1 0 0 0 1 0 0 1 0 1 0 1 0 1 1 1 1 0 1 0 1 1 0 0 0 1 0 1 1 1 1 0 1 0 1 1 0 0 1 0 0 26
1 0 1 0 1 1 0 0 0 0 0 1 1 1 1 0 1 1 1 1 0 0 1 1 1 0 1 1 0 0 1 1 1 1 1 1 1 0 0 0 0 0 0 1 1 0 0 0 0 0 26
1 0 1 1 1 0 0 0 1 1 0 0 0 1 1 0 0 0 1 1 0 0 1 1 1 1 0 1 0 0 0 0 1 1 1 1 1 0 0 0 1 0 0 1 1 0 0 1 0 0 24
1 0 1 0 1 1 1 1 0 1 1 1 1 1 1 1 0 0 1 0 0 0 1 1 1 0 0 0 1 1 1 0 1 0 1 1 1 1 1 0 0 1 0 1 1 0 0 1 0 0 30
0 0 1 1 1 1 0 0 0 0 0 1 0 1 1 0 1 0 0 1 0 1 1 1 1 1 0 1 1 1 0 0 1 0 1 1 1 0 1 0 1 0 0 1 1 0 0 0 0 0 25
1 0 1 1 0 1 0 0 0 0 1 0 0 0 1 0 1 0 0 1 1 1 1 1 1 0 0 1 0 0 0 1 1 0 0 1 1 0 1 0 1 0 0 1 1 0 0 1 0 0 23
1 0 1 1 0 1 0 0 0 1 1 0 1 1 1 0 1 1 1 1 0 1 1 1 1 0 0 1 0 1 1 0 1 0 1 1 1 0 0 0 1 0 0 1 1 0 0 1 0 0 28
1 0 1 1 1 1 0 1 0 0 1 0 1 1 0 1 1 0 0 1 0 1 1 1 1 0 0 1 0 1 1 0 1 0 1 1 1 1 1 0 1 0 0 1 1 0 0 1 0 0 29
1 0 1 1 1 1 0 0 0 0 0 1 0 1 0 0 1 1 1 1 0 1 0 1 0 1 0 1 0 1 1 0 0 0 1 1 1 0 1 0 0 0 1 1 1 0 0 0 0 0 24
1 0 1 0 1 1 1 1 1 1 0 0 0 1 1 0 1 1 0 0 0 1 1 1 1 1 1 0 0 1 1 1 1 0 1 1 1 0 0 1 0 0 0 1 1 0 0 1 0 0 29
1 0 1 1 1 1 0 0 1 1 0 1 0 1 1 0 0 0 1 1 0 1 0 0 1 1 0 0 1 1 1 1 1 0 1 1 1 0 0 0 0 1 0 0 1 0 0 0 1 0 26
1 0 0 0 0 1 0 1 0 1 0 1 0 1 1 0 1 0 1 1 0 0 1 1 1 1 0 1 0 1 1 0 1 0 1 1 1 0 0 0 0 1 0 1 1 0 0 1 0 0 25
1 0 1 1 1 1 0 0 0 1 1 1 0 1 1 0 1 1 0 1 1 1 1 1 1 0 0 0 1 1 1 0 0 0 1 1 1 0 1 0 0 0 0 1 1 0 0 0 0 0 27
0 0 1 1 1 0 0 0 0 0 0 0 0 1 1 0 0 0 0 1 0 0 1 1 1 0 0 0 0 1 0 1 0 0 1 1 1 0 0 0 1 0 0 0 0 0 0 0 0 0 15
1 0 1 0 1 1 0 0 0 0 0 1 0 1 1 0 0 0 1 1 1 1 1 1 1 0 1 1 0 1 0 1 1 1 1 1 1 0 1 0 1 1 0 1 1 0 0 0 0 0 28
1 0 1 0 1 1 1 0 0 0 0 1 1 1 1 0 1 0 1 1 1 1 0 1 0 1 1 1 0 1 1 1 1 0 1 0 1 0 0 0 0 0 0 1 1 0 0 0 0 0 26
1 1 0 1 1 0 0 0 0 1 0 1 0 1 1 0 0 0 0 1 0 1 0 1 0 0 0 1 0 1 0 1 1 1 1 1 1 0 1 0 1 0 0 1 1 0 0 0 0 0 23
1 1 1 0 1 0 0 0 0 0 0 0 0 1 1 0 1 1 1 1 0 1 0 1 1 1 1 1 0 1 1 1 1 0 0 1 1 0 0 0 0 0 0 0 0 0 0 0 0 0 22
1 0 1 1 1 1 1 1 0 1 0 1 0 1 1 0 1 0 1 1 0 1 1 1 1 0 0 1 0 1 1 1 1 0 1 1 1 0 0 0 1 0 0 0 1 0 0 0 0 0 28
1 1 1 1 1 1 0 1 0 1 1 1 0 1 1 0 0 0 1 1 1 0 1 1 1 1 1 0 0 1 1 0 1 0 1 1 1 0 0 0 0 1 0 1 1 0 0 0 0 0 29
0 0 1 0 1 0 1 1 0 0 1 0 0 1 1 0 1 1 1 1 1 1 0 1 1 0 1 1 0 0 1 1 0 0 0 1 1 1 0 1 1 0 0 0 1 0 0 0 0 0 25
1 0 1 1 1 1 0 1 0 0 1 0 0 1 1 0 1 0 1 1 0 0 1 1 1 0 0 1 0 0 1 0 1 0 1 1 0 1 1 0 1 0 0 1 0 0 0 0 0 0 24
1 0 0 0 1 0 0 1 0 1 0 1 1 1 1 0 0 0 1 1 0 0 0 1 1 1 0 1 0 1 0 1 1 0 0 1 1 0 0 0 0 0 0 1 0 0 0 0 0 0 20
1 0 1 1 1 1 0 0 0 0 0 1 0 1 1 0 1 1 1 1 1 1 1 1 1 0 0 1 0 1 1 1 1 1 1 1 1 1 1 0 1 0 0 1 1 0 0 0 0 0 31
1 0 1 1 1 1 0 1 0 0 1 0 0 1 1 0 0 0 0 1 1 0 1 1 1 1 1 1 0 1 1 0 1 0 0 1 1 1 1 0 0 0 0 1 1 0 0 0 0 0 26
1 1 1 0 1 1 0 0 0 1 1 1 0 0 1 0 0 1 0 0 0 0 0 1 1 0 0 1 0 1 1 0 1 1 1 1 1 0 0 1 1 0 0 0 1 0 0 0 0 0 23
1 0 1 1 1 0 0 1 0 0 0 1 0 1 1 0 0 0 1 1 1 0 0 1 1 1 0 1 0 1 1 0 0 1 1 1 0 0 1 1 1 0 0 1 1 0 0 0 0 0 25
1 0 1 1 0 1 0 0 0 0 1 1 1 0 1 1 1 1 0 1 0 1 1 1 0 1 0 1 0 1 1 0 1 1 1 1 1 0 0 0 0 0 0 0 1 0 0 0 0 0 25
1 0 1 0 0 1 0 1 0 1 1 0 0 1 1 0 1 0 1 1 1 1 1 1 1 0 1 0 0 1 0 0 1 0 1 1 1 0 0 0 1 0 0 0 1 0 0 0 0 0 24
1 0 1 0 0 1 0 1 0 0 0 1 0 0 1 0 0 0 1 1 0 0 0 1 1 0 0 0 0 1 1 0 1 0 1 1 1 0 0 1 0 1 0 0 1 0 0 0 0 0 19
1 0 1 0 0 0 0 1 0 1 0 1 0 1 1 0 1 1 1 0 1 1 1 1 1 0 1 1 0 1 1 0 1 0 1 1 1 1 0 0 1 0 0 1 1 0 0 0 0 0 27
1 0 1 0 1 1 1 1 0 0 1 1 0 0 1 0 1 0 0 1 1 1 1 1 1 1 0 1 0 1 0 0 0 1 1 1 1 0 1 0 0 0 0 1 0 0 0 0 0 0 25
1 1 0 1 1 1 0 1 0 0 1 0 0 1 1 0 0 0 1 1 1 0 1 0 1 1 1 1 0 1 1 0 1 0 1 1 1 0 0 0 1 0 0 1 1 0 0 0 0 0 26
1 0 1 1 1 1 0 0 0 1 0 0 0 1 1 0 0 0 1 1 0 1 0 1 1 0 1 0 0 1 1 0 0 0 1 1 1 0 0 0 0 0 0 0 1 0 0 0 0 0 20
1 1 1 1 1 1 0 1 0 1 1 1 0 0 1 0 1 0 0 1 0 1 0 1 1 1 1 0 0 1 1 0 1 0 1 1 1 0 0 0 1 0 0 1 1 0 0 0 0 0 27
1 0 1 0 1 1 0 0 0 1 1 0 0 1 1 0 1 1 1 0 0 1 0 1 1 1 0 1 0 1 1 1 1 0 1 1 1 0 1 1 0 1 0 0 0 0 0 0 0 0 26
1 0 1 0 0 1 0 1 0 0 0 1 0 1 1 0 0 1 1 1 0 1 1 1 1 1 0 1 1 1 1 0 0 0 1 1 1 0 1 1 1 0 0 0 1 0 0 0 0 0 26
1 0 1 1 1 1 0 0 0 0 0 1 0 1 1 0 0 0 1 1 0 1 1 1 1 0 0 1 0 1 1 1 1 0 1 1 1 0 0 1 1 0 0 0 1 0 0 0 1 0 26
1 0 1 1 1 1 0 1 0 1 0 1 0 1 1 1 1 0 0 1 0 1 0 1 1 1 0 0 0 1 1 0 1 0 1 1 1 0 0 0 0 1 0 1 1 0 0 0 0 0 26
1 0 1 1 1 1 0 1 0 0 0 1 0 1 0 0 0 0 1 0 0 1 0 1 0 0 1 1 1 1 1 1 0 0 1 1 1 0 1 0 1 0 0 1 0 0 0 0 0 0 23
0 0 1 1 1 0 0 0 0 1 1 1 0 1 1 0 1 0 0 1 0 1 1 0 1 0 1 1 0 0 1 0 1 1 1 1 1 0 0 0 1 1 0 1 0 0 0 0 0 0 24
1 0 1 0 1 0 0 0 0 1 0 1 0 1 1 0 1 0 0 1 0 1 1 1 1 0 1 1 0 1 0 0 1 0 1 1 1 0 1 0 1 1 0 1 1 0 0 0 0 0 25
1 0 1 0 0 1 0 0 0 1 0 1 0 1 0 0 0 0 1 1 1 1 0 0 1 0 0 1 0 0 1 0 0 0 1 1 1 0 0 1 1 0 0 0 1 0 0 0 0 0 19
1 1 1 1 0 1 0 0 0 0 0 1 0 1 1 0 1 0 0 1 1 1 1 1 1 0 0 1 0 0 0 1 1 0 1 1 1 0 0 0 0 0 0 0 1 0 0 0 0 0 22
1 0 1 0 0 1 1 1 0 0 0 0 0 1 1 0 0 0 1 0 0 1 1 1 1 0 1 0 0 1 0 1 1 0 1 1 1 0 0 1 1 0 0 1 1 0 0 1 0 0 24
1 0 1 0 1 1 0 0 0 0 1 0 0 1 1 0 0 0 1 1 0 1 1 1 1 0 0 1 0 1 1 0 1 0 1 1 1 0 0 0 1 1 0 1 1 0 0 0 0 0 24
1 0 1 1 1 1 0 1 1 1 0 0 0 1 1 0 1 1 0 1 1 1 1 1 1 1 0 1 0 1 1 0 1 0 1 1 1 0 0 0 1 1 0 1 1 0 0 0 0 0 30
1 0 1 0 1 1 0 0 0 1 0 0 0 1 1 0 0 0 0 1 0 1 1 0 1 1 0 0 0 1 0 0 1 0 0 1 1 0 0 0 0 0 0 1 1 0 0 0 0 0 18
1 0 1 0 1 1 0 1 0 0 1 0 0 1 1 0 0 0 1 1 1 0 1 1 1 1 1 1 0 1 1 1 1 0 1 1 1 0 0 1 0 0 0 1 1 0 0 0 0 0 27
1 0 1 0 0 1 0 0 0 0 0 1 0 1 1 0 0 0 1 1 0 1 0 1 1 0 1 1 1 1 1 0 1 0 1 1 1 0 0 0 1 0 0 1 1 0 0 0 0 0 23
1 0 1 1 1 1 0 0 1 0 0 1 0 1 1 0 1 0 0 1 0 1 1 1 1 1 1 1 0 1 0 1 1 0 1 1 1 0 0 0 1 0 0 0 1 0 0 1 0 0 27
1 0 1 1 0 1 0 1 0 1 0 1 0 1 1 0 0 0 1 0 0 1 1 1 1 0 1 1 0 1 1 0 1 1 1 1 1 0 0 0 1 0 0 1 1 0 0 0 0 0 26
0 0 0 0 0 1 1 0 1 0 1 0 1 1 0 0 1 1 1 0 0 1 1 1 1 1 0 1 0 1 1 0 1 0 1 1 1 0 0 0 0 1 0 1 0 0 0 0 0 0 23
1 0 1 1 1 0 1 0 0 0 1 1 0 1 1 0 0 1 0 0 0 0 0 1 1 1 1 0 0 1 1 0 1 0 1 1 1 1 0 0 0 0 0 1 1 0 0 0 1 0 24
0 1 1 0 0 1 1 0 0 1 1 0 0 1 1 0 0 0 1 1 0 1 0 1 1 0 0 1 0 1 1 1 0 0 1 1 1 1 0 0 0 0 0 0 1 0 0 0 0 0 22
1 0 1 1 1 1 0 0 0 0 1 0 0 1 1 0 1 1 1 1 0 1 1 1 0 1 0 1 1 1 1 0 1 0 1 1 1 1 1 0 1 0 1 1 0 0 1 0 0 0 30
1 0 1 1 1 1 0 0 0 0 0 0 0 1 1 0 1 0 1 1 0 0 1 1 1 1 1 1 0 0 0 0 1 0 1 0 1 1 1 1 0 0 0 0 1 0 0 0 0 0 23
0 0 1 0 0 1 0 0 0 0 1 1 0 1 1 0 0 1 1 1 1 1 1 0 1 0 1 0 0 1 0 0 1 1 1 1 1 1 1 0 0 0 0 1 0 0 0 1 0 0 24
1 0 1 0 1 1 0 0 0 0 1 1 0 1 1 1 1 1 1 1 0 1 1 1 1 0 0 1 0 1 1 0 0 0 1 1 1 0 0 0 1 0 0 1 1 0 0 0 0 0 26
1 0 1 0 1 1 0 1 0 0 0 1 0 1 0 0 1 1 1 1 1 1 1 1 1 0 0 0 0 1 1 0 1 0 0 1 0 0 1 1 0 1 0 1 1 0 0 0 0 0 25
1 0 1 0 1 0 1 1 0 1 0 0 0 1 1 0 0 0 1 1 0 1 1 1 1 0 0 0 0 1 0 0 1 0 1 1 1 0 0 0 0 0 0 1 0 0 0 0 0 0 20
0 0 1 1 1 0 0 1 0 1 0 1 1 1 1 0 0 1 1 1 1 1 0 1 1 1 0 1 1 1 1 0 0 1 1 1 1 0 1 0 1 0 0 1 1 0 0 0 0 0 29
1 1 1 1 0 1 0 1 0 1 0 1 0 1 1 0 0 1 1 0 1 0 1 1 1 1 0 0 1 0 1 1 1 0 1 1 0 0 1 0 1 0 0 1 1 0 0 0 0 0 27
1 0 1 1 1 1 0 1 0 0 1 1 0 1 0 0 0 1 1 1 1 1 0 1 0 0 0 1 0 1 1 1 1 0 1 1 1 1 0 1 0 0 1 1 1 0 1 1 0 0 30
1 0 1 0 1 1 0 0 0 0 0 0 0 1 1 0 0 0 1 1 1 1 0 0 1 1 1 0 1 0 1 1 1 0 1 1 1 0 0 0 0 1 0 1 1 0 0 0 0 0 23
1 0 1 1 0 1 0 0 0 1 0 1 0 0 1 0 0 0 1 1 0 1 1 1 1 1 0 0 0 1 1 1 1 0 0 1 1 0 0 0 1 0 0 1 1 0 0 0 0 0 23
1 0 1 0 1 1 0 1 0 1 1 0 1 1 1 0 0 0 1 1 0 0 0 1 1 1 1 1 0 1 1 1 1 0 1 1 1 0 0 0 1 0 0 1 1 0 0 0 0 0 27
1 0 1 0 1 1 0 1 0 1 0 0 0 1 0 0 0 1 1 1 1 1 0 1 1 0 1 1 0 1 1 0 0 0 1 1 1 0 1 0 1 0 0 1 1 0 1 0 0 0 26
1 1 1 1 1 1 1 0 0 0 0 1 0 1 0 0 1 0 1 0 0 1 0 1 1 1 1 1 0 0 1 1 0 0 1 1 1 0 1 0 0 1 0 0 1 0 0 1 0 0 26
1 0 1 0 1 1 0 0 0 1 0 1 1 1 1 0 1 0 0 1 1 0 1 1 1 0 1 1 0 1 0 0 0 0 1 1 1 0 1 1 0 1 0 1 1 0 0 0 0 0 26
1 0 1 1 1 1 0 0 0 0 0 0 0 1 1 0 0 0 0 0 1 1 0 1 1 1 0 0 0 1 0 1 0 0 0 1 1 0 0 1 0 0 0 1 1 0 0 0 0 0 19
1 0 1 1 0 1 0 1 0 1 1 1 0 1 1 0 0 1 0 1 0 1 0 0 1 1 0 1 1 0 1 1 0 0 1 1 1 0 0 1 0 0 0 1 1 0 0 0 0 0 25
1 0 1 1 1 1 1 0 0 0 0 1 0 1 1 0 0 1 1 1 0 1 0 1 1 1 0 0 0 0 1 0 1 0 1 1 1 0 1 1 1 0 0 0 1 0 0 0 0 0 25
1 1 1 1 1 1 0 1 0 0 0 1 0 1 1 0 0 0 1 0 0 1 1 1 0 0 1 0 0 1 1 1 0 0 1 1 1 0 0 0 1 0 0 1 1 0 0 1 0 0 25
1 1 1 0 1 1 0 0 0 1 1 1 0 1 1 0 0 0 1 0 0 0 1 1 1 1 0 1 0 1 1 1 0 0 0 1 1 1 0 0 0 0 0 0 1 0 0 0 0 0 23
1 1 1 0 0 1 0 1 0 1 1 1 1 0 1 0 0 1 1 1 0 0 0 1 1 0 1 1 0 1 1 0 1 1 1 1 1 0 0 0 0 0 1 1 0 0 0 0 0 0 26
1 0 1 1 0 1 0 1 0 1 1 1 0 1 1 0 1 0 1 1 1 1 1 1 1 1 0 1 0 1 1 1 0 0 1 1 1 0 0 1 1 0 0 1 1 0 0 0 0 0 30
1 0 1 1 0 1 0 1 0 1 0 0 0 1 1 0 0 0 1 1 0 1 0 1 1 0 1 0 1 1 1 1 0 1 1 1 1 1 1 0 1 0 0 1 1 0 0 0 0 0 27
1 0 1 0 0 1 1 0 0 0 0 0 0 1 1 0 0 0 1 1 1 1 1 1 1 0 0 1 0 1 0 0 1 0 1 1 0 0 0 0 0 0 0 0 1 0 0 0 0 0 19
1 0 1 1 0 1 0 0 0 0 1 1 0 1 1 0 1 0 1 1 1 1 0 0 1 1 1 1 0 1 1 0 0 0 1 1 1 0 0 1 0 0 0 1 0 0 0 0 0 0 24
0 0 1 1 1 1 0 0 0 1 0 1 0 1 1 0 1 0 1 0 0 1 0 1 1 1 1 1 0 0 0 0 0 0 1 1 1 1 0 1 1 0 0 1 1 0 0 0 0 0 24
1 0 1 1 1 1 1 0 0 0 0 0 0 1 1 0 1 0 0 1 0 0 0 1 1 1 1 1 0 1 1 1 1 0 1 0 1 0 1 0 0 1 0 1 0 0 0 0 0 0 24
1 0 1 1 1 1 0 1 0 1 1 1 0 1 0 0 1 1 1 1 0 1 0 0 1 1 1 0 0 1 1 0 1 0 1 1 1 0 1 0 1 0 0 1 1 0 0 0 0 0 28
1 0 1 1 0 0 0 0 0 1 0 1 0 1 1 1 1 0 0 1 1 1 1 1 1 1 0 1 0 1 0 1 0 1 1 1 1 0 0 0 0 1 0 1 1 0 0 0 0 0 26
1 0 1 0 1 1 0 1 0 0 0 0 0 1 1 0 1 0 0 1 1 1 1 1 1 1 0 1 0 1 1 1 1 0 1 1 1 0 0 0 1 0 0 0 1 0 0 0 0 0 25
1 0 1 1 1 1 0 0 0 1 0 1 0 1 1 0 1 0 1 0 0 1 0 1 1 0 0 0 1 1 1 0 1 0 1 1 1 0 1 0 0 1 0 1 0 0 0 0 0 0 24
1 0 1 0 1 1 0 1 0 0 0 1 1 1 1 1 1 1 1 1 0 0 1 1 1 0 1 0 0 1 1 0 1 0 1 1 1 0 1 0 1 0 0 1 1 0 0 0 1 0 29
0 0 1 1 0 1 0 1 0 0 0 1 0 1 1 0 1 0 1 1 0 1 0 1 1 0 0 1 0 1 1 1 0 0 1 1 1 0 1 1 1 0 0 0 0 0 0 0 0 0 23
1 0 1 1 1 1 0 1 0 0 0 0 0 1 1 0 1 0 1 0 0 1 1 1 1 1 1 1 0 1 1 0 1 0 1 1 1 0 1 0 0 0 0 1 1 0 0 0 0 0 26
1 0 1 1 0 1 0 1 0 0 0 0 0 1 1 0 0 1 0 0 1 1 1 1 1 1 0 1 0 1 0 0 0 0 0 1 1 0 0 0 0 1 0 1 1 0 0 0 0 0 21
1 0 1 1 0 1 0 1 0 1 1 1 0 1 1 1 1 0 1 1 1 0 1 1 1 1 0 1 0 1 1 1 0 1 0 1 1 0 0 1 1 0 0 1 1 0 0 0 0 0 30
1 0 1 0 0 1 0 1 0 1 1 1 0 1 1 0 1 1 1 1 0 1 0 0 0 0 0 1 0 1 1 0 0 0 0 1 1 0 0 0 1 0 0 1 1 0 0 0 0 0 22
1 0 1 0 0 1 0 1 0 1 0 1 0 1 1 0 1 0 0 1 1 1 1 0 1 1 0 0 0 1 1 0 0 0 0 1 1 0 1 1 1 0 0 0 1 0 0 0 0 0 23
1 0 1 0 0 0 0 1 0 1 1 1 0 1 0 0 1 0 1 0 0 1 1 1 1 0 0 1 0 1 0 0 1 0 1 1 1 0 1 0 1 0 0 0 1 0 0 0 0 0 22
0 1 1 0 1 0 0 0 0 0 0 1 0 1 1 0 1 1 1 1 0 1 0 1 1 1 1 1 1 1 1 0 0 0 1 1 1 0 0 1 1 0 0 1 1 0 0 0 1 0 27
1 0 1 0 1 1 1 0 0 0 0 1 0 1 1 0 0 0 0 0 1 0 1 1 0 1 0 1 0 1 1 0 1 0 1 1 1 0 1 0 0 0 0 1 0 0 0 0 0 0 21
1 0 1 1 0 1 0 1 0 1 0 1 1 1 1 0 0 0 1 0 0 1 1 1 1 1 1 1 0 1 0 1 1 0 1 1 1 0 0 0 0 1 0 1 1 0 0 0 0 0 27
1 1 1 1 1 0 0 1 0 0 1 1 0 1 1 0 0 0 1 0 1 1 0 1 0 0 0 1 0 1 1 0 0 0 1 1 1 1 1 0 1 0 0 1 1 0 0 0 0 0 25
1 0 0 0 1 1 0 1 0 1 0 1 0 1 1 0 0 0 0 0 0 0 0 1 0 0 1 1 1 0 1 1 0 0 1 1 1 0 0 0 1 0 0 1 0 0 0 0 0 0 19
1 0 1 0 0 1 0 1 0 0 1 1 0 1 1 0 0 0 0 0 0 1 1 1 1 0 1 1 0 1 1 0 1 0 1 1 1 0 0 1 1 1 0 0 1 0 0 1 0 0 25
1 0 1 0 1 0 0 0 0 1 1 0 1 1 1 0 1 0 0 0 1 1 0 1 1 0 1 0 0 1 0 0 1 0 1 1 1 0 0 1 0 0 0 1 1 0 0 0 0 0 22
1 1 1 1 1 0 0 0 0 1 1 0 0 1 1 0 0 1 0 1 0 1 0 1 1 1 1 0 0 1 1 0 0 0 1 1 1 0 0 0 0 0 0 1 1 0 0 0 0 0 23
1 1 1 0 0 1 0 1 0 0 1 1 0 1 1 0 1 0 1 0 1 1 0 1 0 0 0 0 1 1 0 1 0 0 1 1 1 0 1 0 1 1 0 1 1 0 0 0 0 0 25
1 0 1 1 1 1 0 0 0 0 0 1 0 1 1 0 0 1 0 1 0 1 1 1 0 1 0 1 0 1 1 0 1 0 1 1 1 0 0 1 1 0 0 1 1 0 0 0 0 0 25
1 0 1 1 1 0 0 0 0 1 1 1 0 1 1 0 1 0 1 1 1 1 1 0 1 1 0 1 0 1 1 0 0 1 0 1 1 0 1 0 1 0 0 1 1 0 0 0 0 0 27
1 0 1 0 1 1 0 0 0 1 0 1 0 1 1 0 0 0 1 1 1 1 1 1 1 1 0 0 0 1 1 1 0 1 0 1 1 1 0 0 0 0 0 1 1 0 0 0 0 0 25
1 1 1 0 1 1 0 0 0 1 0 1 1 1 1 0 1 1 1 1 1 1 1 1 1 0 0 1 1 1 0 1 0 0 1 1 1 0 1 0 1 0 0 1 1 0 0 0 0 0 30
1 0 1 0 1 0 1 0 0 0 1 0 0 1 1 0 1 1 0 1 1 0 0 1 1 0 1 1 0 0 1 0 1 0 0 1 1 0 0 0 1 0 0 1 1 0 0 0 0 0 22
0 0 1 1 1 0 0 0 0 1 1 1 0 1 1 0 0 0 1 0 0 0 1 1 0 0 0 0 0 1 1 0 0 0 1 1 1 1 1 1 0 0 0 1 1 0 0 0 0 0 21
1 0 1 1 1 1 0 1 0 0 1 1 0 1 1 0 0 1 1 0 0 1 0 0 1 1 0 0 1 1 1 0 1 0 0 1 1 1 0 0 1 1 0 1 1 0 0 0 0 0 26
1 0 1 1 1 1 0 1 0 0 1 1 0 1 1 0 1 1 1 1 0 0 0 1 1 0 1 0 0 0 1 0 1 0 1 1 1 0 0 0 1 0 0 1 0 0 0 0 0 0 24
1 0 1 1 1 0 1 0 0 0 1 0 0 1 1 0 1 1 1 1 0 1 1 0 1 0 1 1 0 1 0 0 1 0 1 1 1 1 1 0 1 0 0 1 1 0 0 0 0 0 27
1 1 1 1 1 1 0 0 0 0 1 1 0 1 1 0 0 0 1 1 0 1 0 1 1 1 1 0 0 1 1 0 0 1 0 1 1 0 0 1 0 0 1 1 1 0 0 0 0 0 26
1 0 1 1 1 1 0 1 0 1 0 1 0 0 1 0 1 0 0 1 1 1 1 1 0 1 0 1 1 1 1 1 0 0 0 1 1 0 0 1 1 0 0 1 1 0 0 0 0 0 27
1 0 0 0 1 1 0 1 0 1 1 1 0 0 1 0 1 1 1 1 1 1 0 1 1 1 1 1 0 1 1 0 0 0 0 1 1 0 0 1 1 0 0 1 1 0 0 0 0 0 27
1 1 1 0 0 1 0 1 0 0 1 1 0 1 1 0 0 0 1 0 0 1 0 0 1 1 1 1 0 1 1 0 1 0 1 1 0 0 0 0 1 0 1 1 1 0 0 1 0 0 25
1 0 1 1 0 0 0 1 1 1 0 0 1 1 1 0 1 0 1 1 0 1 0 1 1 1 0 0 0 1 1 0 1 0 1 1 1 0 0 0 0 1 1 1 1 0 0 0 0 0 26
1 0 1 1 1 1 0 1 0 0 1 0 0 1 1 0 1 0 1 1 0 1 0 1 1 0 1 0 1 1 1 0 0 1 0 1 0 0 0 0 1 0 0 1 1 0 0 0 0 0 24
1 0 1 0 0 1 0 0 0 0 1 1 0 1 1 0 1 0 1 1 0 1 1 1 1 1 0 1 0 1 1 0 1 0 0 1 1 0 0 0 0 0 0 1 1 0 0 0 1 0 24
1 0 1 0 0 1 0 0 0 0 1 1 0 1 1 0 1 0 1 1 0 1 0 0 1 0 1 1 0 1 1 1 0 0 1 1 1 0 0 0 0 0 0 1 1 0 1 0 0 0 23
1 0 1 1 1 1 0 1 1 1 0 1 0 0 1 0 0 0 1 1 0 1 1 1 1 0 1 0 0 1 1 1 0 1 0 0 1 0 1 0 1 1 0 1 1 0 0 0 0 0 27
1 1 1 1 1 1 0 1 0 0 1 1 0 1 1 0 1 0 1 1 1 1 1 1 1 1 0 1 1 1 1 0 0 0 1 1 1 0 1 0 0 0 0 1 1 0 0 0 1 0 31
1 1 1 1 1 0 0 0 0 1 0 1 0 1 1 0 1 0 1 0 0 1 1 1 1 1 1 1 0 1 1 0 0 1 1 0 1 0 1 0 1 0 0 1 1 0 0 0 1 0 28
1 1 1 0 1 1 0 0 0 0 0 1 0 1 1 0 0 1 0 1 0 0 1 1 1 1 1 1 0 1 1 1 1 1 1 1 1 1 1 0 0 0 0 1 1 0 0 0 0 0 28
1 1 1 0 1 0 0 1 0 1 0 0 1 0 1 0 1 0 0 1 0 1 1 1 1 0 0 0 1 1 1 0 1 0 1 1 1 0 1 0 0 1 0 1 1 0 0 1 0 0 26
1 0 1 1 0 1 0 0 0 1 1 1 0 1 1 0 1 0 0 0 0 1 1 0 1 1 1 1 0 0 1 1 1 0 1 1 1 0 0 1 0 0 0 0 1 0 0 0 0 0 24
1 0 1 0 1 0 0 0 0 0 0 1 0 1 1 0 0 0 1 1 0 1 1 1 1 1 1 1 1 1 1 0 1 0 1 1 0 0 0 0 0 0 1 1 1 1 0 0 0 0 25
0 0 1 1 1 1 0 1 1 0 0 1 1 1 1 0 0 0 1 0 1 1 1 1 1 0 1 0 0 1 1 1 1 1 1 1 1 0 1 0 1 0 0 0 1 0 0 0 0 0 28
1 0 1 1 1 1 1 1 0 1 0 1 1 1 1 0 0 1 1 1 1 1 0 1 1 1 0 0 1 1 1 0 1 0 0 0 1 0 0 1 1 0 0 0 1 0 0 0 0 0 28
1 0 1 0 0 1 0 1 0 1 1 1 0 1 1 0 0 1 1 1 1 0 1 1 1 0 1 1 0 1 1 0 1 0 1 1 1 1 0 0 0 0 0 1 1 0 0 0 0 0 27
1 0 1 1 1 0 0 0 0 1 1 1 1 1 1 0 0 0 1 1 0 1 1 0 1 0 1 1 1 1 0 0 1 0 1 1 1 0 0 0 0 0 0 1 1 0 0 0 0 0 25
1 1 1 1 1 0 0 0 0 0 0 0 0 1 1 0 0 0 1 1 0 0 1 1 1 1 0 0 0 1 0 0 0 0 1 1 1 1 0 0 1 0 0 0 1 0 0 0 0 0 20
1 0 1 1 1 1 0 1 0 0 0 0 1 1 1 1 1 1 1 1 1 1 1 0 1 0 0 1 0 1 1 0 1 0 1 1 1 0 1 0 1 1 1 1 1 0 0 0 0 0 31
1 0 1 0 1 1 0 1 0 1 0 1 0 1 1 0 0 0 0 1 0 1 1 1 1 1 0 1 1 1 0 0 0 1 1 1 1 0 0 0 1 0 0 1 0 0 0 0 0 0 24
0 0 1 0 1 0 0 0 0 0 0 1 0 1 1 0 1 0 1 1 0 1 0 1 0 0 0 1 0 1 1 0 1 1 1 1 1 0 0 0 1 1 0 1 1 0 0 0 1 0 23
1 0 1 1 1 1 0 0 0 1 1 1 0 1 1 0 0 0 1 1 0 1 0 1 0 0 0 0 0 1 1 0 1 1 1 1 1 0 0 0 0 0 1 1 1 0 0 1 0 0 25
0 0 1 1 0 1 0 1 0 0 1 1 1 1 1 0 1 1 1 1 0 1 1 1 0 1 0 1 0 1 1 0 0 0 1 1 1 0 0 1 0 0 0 0 1 0 0 0 0 0 25
1 0 1 0 1 1 0 1 0 0 0 1 0 1 1 0 1 1 0 1 0 1 1 1 1 1 0 1 0 1 0 1 1 0 1 1 1 1 1 1 1 0 0 1 1 0 0 0 0 0 29
1 0 1 0 0 0 0 1 0 1 0 0 0 0 1 0 1 1 0 1 0 1 0 1 1 0 0 1 0 1 1 0 1 0 1 1 1 0 0 1 0 1 0 1 0 0 0 0 0 0 21
1 0 1 0 1 1 0 1 0 0 0 1 1 1 1 0 1 1 1 1 0 1 1 1 1 1 0 0 1 1 1 0 1 0 0 1 1 1 0 0 1 0 0 1 0 0 0 0 0 0 27
1 0 1 1 1 1 1 1 0 1 1 1 1 1 1 0 0 0 1 1 0 1 0 1 1 1 0 1 1 1 1 0 1 1 1 1 1 1 0 0 0 0 0 1 1 0 0 0 0 0 31
1 0 1 1 1 1 0 0 0 1 1 1 0 1 1 0 1 0 1 0 1 1 0 1 1 1 0 1 0 1 1 0 1 1 1 1 1 0 1 0 0 0 0 1 1 0 0 0 0 0 28
1 1 1 0 1 1 0 0 0 0 0 1 0 1 1 1 1 1 0 1 0 1 0 1 1 0 0 1 0 1 1 0 0 0 1 1 1 0 0 0 1 1 0 0 1 0 0 1 0 0 25
1 1 1 1 1 1 0 0 0 0 0 0 0 1 1 0 1 0 1 1 0 1 1 1 1 1 0 1 1 1 1 1 0 0 0 1 1 1 0 0 0 0 0 0 1 0 0 0 0 0 25
1 0 1 1 1 1 0 0 0 1 1 1 1 1 1 0 0 0 1 1 0 1 1 1 1 1 0 0 0 1 1 0 1 0 1 1 1 0 0 0 1 0 0 1 1 0 0 0 0 0 27
1 0 1 1 1 1 0 1 0 0 0 1 0 0 1 0 0 0 1 0 0 1 1 1 1 1 0 1 0 1 1 0 0 0 0 1 1 0 0 0 1 0 0 1 0 0 0 0 0 0 21
1 0 1 0 0 1 0 1 0 1 1 1 0 1 1 0 0 1 0 1 0 1 1 1 1 1 1 1 0 1 1 0 1 0 0 1 1 0 0 0 1 1 1 1 1 0 0 0 0 0 28
1 0 1 1 1 1 0 0 0 1 0 1 0 1 1 0 0 0 0 1 0 0 1 1 0 0 1 0 1 1 0 0 0 0 0 1 1 0 1 0 1 0 0 0 1 0 0 1 0 0 21
1 0 1 0 1 1 0 1 0 1 0 1 1 1 1 0 1 0 1 1 1 1 1 1 1 0 0 0 0 1 1 0 0 0 1 1 1 1 1 0 1 0 0 1 1 0 0 1 0 0 29
0 0 1 1 0 1 0 1 0 1 1 1 0 1 1 0 0 0 1 0 0 1 0 1 1 0 1 0 0 1 1 0 1 0 1 1 1 1 0 1 0 0 0 0 1 0 1 0 0 0 24
1 0 1 1 1 1 0 1 0 1 0 1 0 1 1 0 0 0 1 1 0 0 0 1 1 1 0 0 0 1 1 0 1 1 1 1 1 0 1 0 0 0 1 1 1 0 0 0 0 0 26
0 0 1 0 1 1 0 1 0 1 1 1 0 1 1 1 1 1 1 1 1 1 0 1 1 0 0 1 0 1 1 0 1 0 1 1 1 0 0 0 0 0 0 1 1 0 0 0 0 0 27
1 0 1 1 0 1 0 0 0 1 0 1 1 1 1 0 1 1 1 0 0 1 0 0 0 1 0 1 0 1 1 0 0 0 1 1 1 0 1 0 1 0 0 1 0 0 0 0 0 0 23
1 0 1 0 1 1 0 0 0 0 0 1 0 1 1 0 0 0 1 1 1 1 0 1 1 1 0 0 0 1 1 0 1 0 1 1 0 0 1 1 1 0 0 1 1 0 0 1 0 0 25
1 0 1 1 1 1 0 0 0 1 1 0 1 1 1 0 0 0 0 1 1 1 0 1 1 0 1 0 0 1 1 1 0 0 0 1 0 1 1 1 1 0 0 1 1 0 0 0 0 0 26
1 0 1 1 1 1 0 0 0 0 0 1 0 1 1 0 1 0 1 1 0 1 1 1 1 0 1 1 0 1 1 0 0 0 1 1 1 0 0 0 0 0 0 1 1 0 0 0 0 0 24
1 1 1 0 1 1 0 1 0 0 0 0 0 1 1 0 1 0 1 1 1 1 1 1 1 1 0 1 0 1 0 0 0 0 1 1 0 0 0 1 0 0 0 0 1 0 0 1 0 0 24
1 1 1 1 1 0 1 1 0 1 1 1 0 1 1 0 0 0 0 1 0 1 0 1 1 1 0 1 0 1 1 0 1 1 1 1 1 0 0 1 1 0 0 1 1 0 0 0 0 0 29
221 49 241 142 184 199 33 134 11 126 112 177 43 226 224 21 125 77 179 190 96 203 143 215 215 129 94 160 50 215 195 79 157 47 205 242 232 47 98 67 121 65 21 187 198 1 6 34 13 1 6250
