0 1 0 1 1 1 1 1 1 0 7
0 1 0 1 1 0 0 1 1 1 6
0 1 1 1 1 1 1 0 0 1 7
0 1 0 0 1 1 1 1 1 0 6
1 1 0 1 1 0 1 0 1 1 7
0 0 0 0 1 0 0 0 0 0 1
0 0 0 0 0 0 0 1 0 0 1
0 1 0 1 1 1 1 1 0 1 7
0 0 0 0 0 1 0 0 0 0 1
0 1 0 0 1 0 1 1 0 1 5
1 0 1 1 0 0 0 0 1 1 5
0 0 0 1 1 0 0 1 1 1 5
1 1 0 1 1 1 1 0 1 0 7
1 1 0 0 0 0 1 1 0 1 5
1 0 1 0 0 1 0 1 0 1 5
0 0 1 1 1 0 0 1 1 0 5
1 1 1 0 0 0 1 0 0 0 4
1 1 0 1 1 1 1 1 0 1 8
1 1 1 1 0 0 1 0 0 0 5
1 0 1 0 1 0 0 0 0 1 4
0 1 1 0 0 0 0 1 0 0 3
1 1 0 0 0 0 0 0 0 1 3
0 0 0 1 1 0 0 0 1 0 3
1 1 0 0 1 1 1 1 1 0 7
1 0 1 1 1 0 0 1 1 0 6
0 0 0 1 0 0 0 1 0 0 2
0 0 0 0 0 1 0 1 0 0 2
0 0 0 1 1 0 1 1 0 1 5
1 0 0 0 0 1 0 0 0 0 2
0 1 1 1 1 0 0 1 1 0 6
1 1 0 1 0 1 0 1 0 0 5
1 0 1 0 0 0 0 0 1 0 3
1 1 0 1 0 0 1 1 1 1 7
1 1 0 1 1 1 0 0 0 1 6
0 1 0 1 0 0 1 1 0 1 5
0 0 0 1 1 1 0 1 0 1 5
0 1 1 0 1 0 1 0 1 0 5
1 1 0 1 1 1 0 1 0 1 7
0 1 1 1 0 1 1 0 0 0 5
1 0 0 1 0 1 1 1 1 1 7
0 1 0 1 0 0 0 1 0 1 4
1 1 0 1 1 1 1 0 1 1 8
0 1 0 0 1 0 0 1 1 1 5
1 0 0 0 1 0 0 1 1 0 4
1 0 0 1 1 1 1 0 0 1 6
1 1 0 0 1 0 1 0 1 0 5
1 0 1 0 1 0 1 1 1 1 7
0 0 1 1 1 0 1 0 0 1 5
0 1 0 0 0 1 0 0 1 1 4
1 1 0 1 1 1 1 0 1 0 7
25 29 15 29 30 21 24 28 23 26 250
