0 1 0 1 1 0 0 0 0 1 1 0 1 0 0 1 0 1 1 0 0 1 1 1 0 1 0 1 0 0 1 0 1 1 0 0 1 1 0 1 0 0 0 0 0 1 1 1 1 1 25
1 0 0 0 0 0 0 0 1 0 0 1 1 0 0 1 0 0 0 0 0 1 1 1 0 1 1 0 1 1 0 1 0 1 1 1 1 1 0 1 1 0 0 1 1 1 1 1 1 1 27
0 0 0 1 1 0 0 0 0 1 1 1 0 0 0 1 1 1 1 1 0 1 1 0 0 1 0 0 1 1 0 0 0 1 1 1 1 1 0 1 1 0 0 0 1 1 1 1 1 1 28
0 0 0 0 1 0 0 0 0 1 1 1 0 0 0 1 0 0 1 0 1 1 1 0 0 1 0 1 1 0 0 0 1 0 0 1 1 1 0 1 0 0 1 0 1 1 1 1 1 1 24
0 0 0 0 1 0 0 0 0 1 1 1 0 0 0 1 0 0 0 1 0 1 1 0 1 0 0 1 1 0 0 0 0 1 1 1 1 1 0 1 0 0 1 1 1 1 1 1 1 1 25
0 0 0 1 1 0 0 0 0 1 0 1 1 0 0 0 0 1 0 0 0 1 1 0 0 1 0 0 1 0 1 0 0 1 1 1 1 1 0 1 1 0 1 1 0 0 1 1 1 1 24
0 1 0 0 1 0 0 0 0 1 1 1 0 0 0 1 0 0 1 0 1 1 1 1 0 1 0 1 1 0 0 0 1 1 0 1 1 1 0 1 1 0 1 0 1 0 1 1 1 1 27
0 0 0 0 0 0 0 0 1 1 0 1 1 0 0 1 1 0 1 1 0 1 1 1 1 1 0 1 1 0 0 0 1 1 0 1 1 1 0 1 1 0 0 1 0 0 1 1 1 1 27
0 0 0 0 1 0 0 0 0 1 1 1 0 0 0 1 1 0 1 0 1 1 1 1 1 1 1 0 1 0 0 0 1 0 1 1 1 1 0 1 0 0 1 1 1 0 1 1 1 1 28
0 0 1 0 0 0 0 0 0 1 0 1 0 0 0 1 0 1 1 0 0 1 0 1 1 1 0 1 1 1 1 1 0 1 0 0 1 1 0 1 0 0 0 1 1 1 1 1 1 1 26
0 0 0 0 1 0 0 0 0 0 0 1 1 0 1 0 0 0 1 1 1 1 1 1 0 1 0 1 1 1 0 0 0 1 1 0 0 1 0 1 1 0 1 0 1 1 1 1 1 1 26
0 1 1 0 1 1 0 0 0 1 0 1 0 0 0 1 0 0 1 0 0 1 1 0 1 0 1 0 1 0 1 0 1 0 0 1 1 1 0 0 1 0 1 1 0 1 1 1 1 1 26
0 0 0 0 1 0 0 0 0 1 1 1 1 0 0 1 0 1 1 1 1 0 1 0 1 1 0 1 1 1 1 0 1 1 0 1 1 1 0 1 1 0 0 0 1 1 1 1 1 1 30
0 0 1 0 1 0 0 0 1 0 0 0 0 0 1 1 0 1 0 0 1 0 0 1 0 1 0 0 1 0 1 1 0 1 0 0 1 1 0 1 1 0 1 0 1 1 1 1 1 1 24
0 0 0 0 1 0 0 0 1 1 0 1 1 0 1 1 0 0 1 0 0 0 1 0 0 0 1 0 1 1 1 0 1 1 1 0 1 1 0 1 1 0 1 0 1 0 1 1 1 1 26
0 0 0 1 1 0 0 0 1 1 0 1 1 0 0 1 0 1 1 0 1 1 1 0 1 1 1 1 1 0 0 0 1 1 0 0 1 1 0 0 0 0 1 1 1 1 1 1 1 1 29
0 0 1 0 1 0 0 0 1 1 0 1 0 0 0 1 0 0 1 1 0 1 1 0 0 1 0 1 1 0 0 0 0 0 0 1 1 1 0 1 0 0 1 0 0 1 1 1 1 1 23
0 0 0 0 0 1 0 0 1 1 1 1 1 0 0 1 0 0 1 0 1 1 1 1 0 1 0 0 1 0 0 0 1 0 0 0 1 1 1 1 1 0 0 0 1 1 1 1 1 1 26
0 0 1 0 1 0 0 0 0 1 1 1 0 0 0 1 0 0 0 0 1 1 1 0 1 1 0 0 1 0 1 0 1 0 0 0 1 1 0 1 0 0 0 0 0 1 1 1 1 1 22
1 0 0 1 0 0 0 0 0 0 1 1 1 0 0 1 1 1 0 0 0 1 0 0 0 0 0 1 0 0 0 0 1 0 1 0 1 1 0 0 1 0 1 1 1 1 1 1 1 1 23
0 0 0 0 0 0 0 0 0 1 1 1 1 0 1 0 0 1 0 0 1 1 1 0 1 1 0 0 0 0 0 0 1 1 0 0 1 1 1 1 0 0 1 0 0 1 1 1 1 1 23
0 1 0 0 1 0 0 0 1 1 1 1 0 0 0 1 1 0 1 0 0 0 0 1 0 1 0 0 1 1 0 0 0 0 1 0 1 1 0 0 1 0 0 1 1 0 1 1 1 1 23
0 0 1 0 1 1 0 0 0 1 0 1 1 0 0 1 0 0 1 1 0 1 1 0 0 0 0 0 1 0 0 0 0 1 1 0 1 1 0 1 1 0 0 1 1 1 1 1 1 1 25
0 0 0 0 1 0 0 0 0 0 0 1 0 0 0 1 0 1 0 0 0 1 0 1 1 1 0 0 0 0 1 1 1 1 0 0 1 1 0 1 0 0 0 1 1 0 1 1 1 1 21
0 1 0 1 1 0 0 0 1 1 0 1 0 0 0 1 1 1 1 1 0 1 1 0 0 0 0 1 1 0 1 1 0 0 1 0 1 1 0 1 1 0 0 0 1 1 1 1 1 1 28
0 0 0 0 1 0 0 0 0 1 1 1 1 0 0 1 0 0 0 1 1 1 1 0 0 1 0 0 1 0 0 0 0 0 0 1 1 1 0 0 1 0 0 0 1 1 1 1 1 1 22
0 0 1 0 0 0 0 0 1 1 0 1 1 1 0 1 0 1 0 0 1 1 1 0 0 1 1 1 1 1 0 0 0 1 0 1 1 1 1 1 0 0 1 1 1 0 1 1 1 1 29
0 0 0 0 1 0 0 0 1 1 0 1 1 0 0 0 0 0 1 0 1 1 1 1 1 0 0 0 1 0 0 0 0 0 1 1 1 1 0 1 0 0 1 0 1 1 1 0 1 1 23
0 0 0 0 1 0 0 0 0 0 0 1 0 0 0 0 1 0 1 1 0 1 1 1 0 1 0 0 1 0 1 0 0 1 0 1 1 1 0 0 0 0 1 0 1 1 1 1 1 1 22
0 0 0 0 1 1 0 0 1 1 0 1 0 0 0 1 0 1 1 1 0 1 0 0 0 0 1 1 1 0 0 0 1 1 0 1 1 1 0 1 1 0 1 1 1 1 1 1 1 1 28
0 0 0 0 0 0 0 0 0 0 1 1 1 0 0 1 1 0 0 1 0 0 1 0 0 1 0 0 1 0 0 0 1 1 0 1 1 1 0 1 1 0 1 0 1 1 1 1 0 1 22
0 0 0 0 0 0 0 0 1 1 1 1 0 0 1 1 0 0 1 0 1 1 1 1 0 1 0 0 1 0 0 0 0 1 1 0 1 1 0 1 0 0 1 1 1 1 1 1 1 1 26
0 0 0 0 0 0 0 1 0 1 1 1 1 0 1 1 0 0 1 1 1 1 1 0 1 1 1 1 1 1 0 0 0 1 0 0 1 1 0 1 0 0 0 1 1 1 1 1 1 0 28
0 1 1 0 1 0 0 0 0 0 1 1 1 0 0 1 1 0 1 0 0 1 1 1 0 0 0 1 1 0 0 0 1 1 0 1 1 1 0 1 1 0 0 1 1 0 1 1 1 1 27
0 0 0 0 1 0 0 0 0 1 1 1 1 0 1 1 1 0 0 0 0 1 1 1 0 0 0 1 1 0 0 0 1 1 0 1 1 1 0 1 1 0 1 0 1 1 1 1 1 1 27
0 0 0 1 1 0 0 0 0 1 1 0 1 0 0 1 1 0 1 1 0 1 1 0 1 0 0 1 0 0 1 0 0 1 0 1 1 1 0 1 1 0 1 1 1 1 1 1 1 1 28
0 0 1 1 0 0 0 0 0 1 1 1 0 0 1 1 0 0 0 0 0 1 1 1 0 1 0 0 1 0 0 0 0 0 0 0 1 1 0 1 0 0 1 1 1 1 1 1 1 1 23
0 0 0 1 1 0 0 0 1 1 0 1 1 0 0 1 0 1 1 1 0 1 0 0 0 1 1 0 1 0 1 0 0 1 0 1 1 1 0 0 1 0 1 0 1 0 1 1 1 1 26
0 0 0 1 1 0 0 0 0 1 0 1 1 0 0 0 0 0 1 0 0 1 1 0 0 0 0 1 1 0 1 0 0 0 0 0 1 1 0 1 1 0 0 1 1 1 1 1 1 1 22
1 1 0 0 1 0 0 1 1 1 1 1 0 0 1 1 0 0 0 0 1 0 1 0 1 0 1 1 0 0 0 0 1 1 0 0 1 1 1 1 0 0 0 1 1 1 1 1 1 1 28
0 0 0 0 1 0 0 0 0 1 0 1 0 0 0 1 0 0 1 0 0 1 1 0 0 0 0 0 1 1 0 0 0 1 0 1 1 1 0 1 1 0 0 0 1 0 1 1 1 1 20
0 0 0 1 1 1 0 0 1 1 0 0 0 1 0 1 0 0 1 1 0 1 1 1 1 1 0 0 1 0 1 0 0 0 0 0 1 1 0 1 0 0 1 1 1 0 1 1 1 1 26
0 0 0 1 1 0 0 0 1 0 1 1 1 0 0 1 0 1 1 0 0 1 1 0 1 0 1 0 1 0 0 0 0 1 0 0 1 1 0 0 0 0 1 1 1 1 1 1 1 1 25
0 0 0 0 1 1 0 0 0 0 1 1 1 0 0 1 0 0 0 0 0 0 1 1 0 1 0 1 1 0 0 0 0 1 0 0 1 1 0 1 0 0 1 0 1 1 1 1 1 1 22
0 0 0 1 0 0 0 0 0 1 1 1 0 0 0 1 1 0 0 1 0 0 1 1 1 1 1 1 1 0 0 0 0 1 0 0 1 1 0 1 0 0 1 0 1 1 1 1 1 1 25
0 0 0 0 0 1 0 0 0 0 1 1 1 0 0 0 0 1 1 1 0 1 1 1 1 1 1 1 1 0 0 0 1 0 0 1 1 1 0 1 0 0 1 1 1 1 1 1 1 1 28
0 0 0 0 0 0 0 0 0 1 1 1 0 0 0 1 1 0 1 0 0 1 0 0 1 1 0 1 1 1 0 0 1 0 0 0 1 1 0 1 0 0 1 1 1 1 1 1 1 1 24
0 0 0 1 1 0 0 0 0 1 0 1 1 0 0 1 0 0 0 0 1 1 1 0 0 1 0 1 1 0 0 0 0 0 0 0 1 1 1 1 1 0 0 1 1 1 1 1 1 1 24
1 0 0 0 1 0 0 0 0 0 1 0 0 0 0 1 0 1 1 0 0 1 1 0 0 1 1 0 1 0 0 0 0 1 0 0 1 1 1 1 1 0 0 1 0 1 1 1 1 1 23
0 0 0 1 0 0 0 0 0 0 1 1 1 0 1 1 0 0 1 0 0 0 1 1 1 1 1 1 1 0 1 0 0 1 1 1 1 1 0 1 0 0 1 1 0 1 1 1 1 1 28
0 0 0 0 1 0 0 0 1 1 1 0 0 0 1 1 0 1 1 1 1 0 1 0 0 1 0 1 1 0 0 0 1 1 0 0 1 1 1 1 1 1 1 0 1 0 1 1 1 1 28
0 0 0 1 1 0 0 0 1 1 1 1 1 0 0 1 0 0 0 1 1 1 1 1 1 0 0 1 1 1 0 1 0 1 0 1 1 1 0 1 0 0 0 1 0 1 1 1 1 1 29
0 0 0 1 0 0 0 0 0 1 0 1 1 0 0 1 0 0 1 0 0 1 1 1 0 1 0 0 1 0 1 0 0 1 0 0 0 1 1 0 0 0 1 1 1 1 1 1 1 1 23
0 0 0 0 1 0 0 0 0 1 1 1 1 0 0 1 1 0 1 0 0 1 1 0 0 1 0 0 1 1 0 0 1 0 0 1 0 1 0 1 0 0 1 1 1 1 1 1 1 1 25
0 0 0 0 1 0 0 0 0 1 1 1 1 0 1 1 0 0 1 0 0 1 1 1 0 1 0 1 0 1 1 0 1 1 0 1 1 1 0 1 1 0 1 1 1 0 1 1 1 1 29
1 0 0 0 1 0 0 1 1 1 0 1 0 0 0 1 0 0 0 0 0 0 0 0 1 0 0 1 1 0 0 0 1 1 0 0 0 1 0 0 1 0 1 0 1 1 1 1 1 1 21
0 0 0 0 0 1 0 0 0 0 0 1 0 0 0 1 1 0 1 1 0 0 0 0 1 1 0 0 1 0 0 1 0 1 0 1 1 1 1 1 0 0 0 1 0 1 1 1 1 1 22
0 0 0 0 1 0 0 0 0 1 1 1 1 0 0 1 0 0 0 0 1 1 1 0 0 1 0 1 1 0 0 0 0 1 0 1 1 1 0 1 0 0 0 0 0 0 1 1 1 1 21
0 0 0 0 1 0 0 0 0 1 1 0 1 1 0 1 0 1 0 0 1 0 0 0 1 1 0 1 1 1 0 0 0 1 1 0 1 1 1 1 0 0 1 0 0 1 1 1 1 1 25
0 0 0 1 1 0 1 0 0 1 1 1 1 0 0 0 0 0 1 0 0 1 1 0 0 1 0 0 1 0 0 0 0 1 1 1 1 1 0 1 1 0 1 1 1 0 1 1 1 1 26
0 0 0 0 1 0 0 0 0 1 1 1 0 0 0 1 1 1 1 0 0 0 1 0 0 1 0 1 1 0 1 0 1 0 0 1 1 1 0 1 1 0 1 1 1 0 1 1 1 0 25
0 0 0 0 1 1 0 0 1 1 0 1 0 0 0 1 0 1 0 1 0 0 1 0 0 1 0 1 1 0 0 0 0 0 0 1 0 1 0 0 1 0 1 0 1 0 1 1 0 1 20
0 0 0 0 1 0 0 0 0 1 0 1 1 0 0 1 0 1 1 0 0 1 0 0 0 0 1 1 1 0 0 0 0 1 0 0 1 1 0 1 0 0 0 0 1 1 1 1 1 1 21
0 0 0 0 1 0 0 0 0 1 1 1 1 0 0 1 1 0 0 0 0 1 0 0 0 0 0 1 1 0 0 0 0 1 0 1 1 1 0 1 1 0 1 0 1 1 1 1 1 1 23
1 0 0 0 1 0 0 0 0 1 1 1 1 0 0 1 1 0 1 0 1 1 1 0 1 1 0 0 1 0 0 1 1 1 0 0 1 1 0 1 1 0 1 1 1 0 1 1 1 1 29
0 0 1 0 1 0 0 0 1 1 1 1 0 0 0 1 0 1 0 0 0 1 1 1 0 1 1 1 1 0 0 0 1 1 0 1 0 1 1 0 0 0 0 1 1 1 1 1 1 1 27
0 0 0 0 1 0 0 0 0 1 0 1 0 0 1 1 0 0 1 0 1 1 1 0 0 1 1 1 1 0 1 0 0 0 0 1 1 1 0 0 0 0 0 0 1 1 1 1 1 1 23
0 0 0 0 1 1 0 0 0 1 0 1 1 0 1 1 0 0 0 1 0 1 0 0 0 0 1 0 1 0 1 0 0 1 0 1 0 1 1 1 1 0 0 0 1 1 1 1 1 1 24
0 0 0 0 1 1 0 0 0 0 0 1 1 0 0 1 1 0 1 1 0 1 1 0 0 1 0 0 1 0 0 0 0 0 1 0 1 1 0 0 1 0 1 0 1 0 1 1 1 1 22
0 0 0 0 1 0 0 0 0 1 0 1 0 1 0 1 0 0 0 0 1 1 1 1 1 1 1 1 1 0 0 0 0 1 0 0 1 1 0 0 1 0 0 1 1 1 1 1 1 1 25
0 0 0 0 1 0 0 0 0 1 0 1 1 1 1 1 0 1 1 0 1 1 1 1 1 1 0 1 1 1 0 0 0 1 0 0 1 1 0 1 0 0 0 0 0 1 1 1 1 1 27
0 0 0 1 1 0 0 0 0 1 0 1 0 0 0 1 0 0 1 0 0 1 0 1 1 1 0 1 1 0 1 1 1 1 0 1 1 1 0 1 1 0 0 1 1 1 1 1 1 1 28
1 0 0 1 0 0 0 0 0 1 1 1 0 0 0 1 0 1 0 1 1 1 1 1 0 0 0 0 1 0 0 1 0 1 0 0 1 1 0 1 1 0 1 1 1 1 1 1 1 1 27
0 0 0 0 0 1 0 0 0 1 1 1 0 0 0 0 0 0 1 0 0 1 1 0 0 0 1 0 1 1 0 1 1 1 0 0 1 1 0 0 0 0 0 0 1 1 1 1 1 1 21
0 0 0 1 0 1 0 0 0 1 0 1 0 0 0 1 1 1 0 0 0 0 1 1 0 0 0 0 1 1 1 1 1 1 0 0 1 1 0 1 1 0 0 1 1 1 1 1 1 1 26
0 0 0 1 0 0 0 0 0 1 0 1 1 0 0 1 0 0 1 0 0 1 0 1 0 1 0 1 1 0 1 0 0 0 1 0 1 1 0 1 0 0 0 1 1 1 1 1 1 1 23
0 0 1 0 1 1 0 0 0 1 1 1 0 0 0 1 0 1 1 0 0 1 1 1 1 1 0 0 1 0 0 0 1 1 0 1 1 1 0 1 1 0 1 0 1 1 1 1 1 1 29
0 0 0 0 1 1 0 0 0 1 0 1 1 0 0 1 0 1 1 0 1 0 0 1 0 1 0 0 1 0 1 0 0 1 0 1 1 1 0 1 1 0 0 0 1 1 1 1 1 1 25
0 1 0 0 1 0 0 1 0 1 0 1 1 0 0 1 0 0 1 0 1 1 0 1 0 1 1 1 1 0 0 0 1 0 0 1 1 1 1 1 1 0 1 1 1 1 1 1 1 1 30
0 0 0 1 1 0 0 0 1 1 1 1 1 0 0 1 1 0 1 0 0 0 1 0 0 1 0 0 1 1 0 0 0 1 1 1 1 1 0 1 0 0 1 0 1 1 1 1 1 1 27
0 1 0 0 0 0 0 0 0 0 1 1 1 0 0 1 1 0 1 1 0 1 1 1 1 1 1 0 1 0 1 0 0 1 1 1 1 1 0 1 1 0 0 0 1 1 1 0 1 1 28
0 0 0 0 0 0 0 0 0 1 1 1 0 0 0 0 1 0 1 0 0 1 1 1 1 1 0 0 1 0 0 0 1 1 0 0 1 1 0 0 0 0 0 0 1 1 1 1 1 1 21
0 0 0 0 1 1 0 0 1 1 1 1 0 0 0 1 1 0 1 1 0 0 0 1 0 1 0 0 1 0 1 1 0 1 0 1 1 1 0 0 0 0 0 0 1 1 1 1 1 0 24
0 0 0 0 1 0 0 0 0 1 0 1 1 0 0 1 0 0 1 1 0 0 1 0 0 1 0 1 0 0 1 0 0 0 0 1 1 1 0 1 1 0 0 0 1 0 1 1 1 1 21
0 0 1 1 1 0 0 0 0 0 1 1 1 0 0 1 0 1 1 0 1 0 1 0 1 0 0 0 1 0 0 1 0 0 1 1 1 1 0 1 0 0 0 0 0 1 1 1 1 1 24
0 0 0 0 1 1 0 1 1 1 1 1 0 0 0 1 1 0 1 1 0 1 1 0 0 1 0 0 1 1 1 0 1 1 0 1 1 1 0 1 0 0 1 0 1 0 1 1 1 1 29
0 0 0 0 1 0 0 0 1 1 1 1 0 0 0 1 0 1 0 0 1 1 1 0 1 1 0 0 1 0 0 0 0 1 0 1 1 1 0 1 0 0 1 0 1 0 1 1 1 1 24
1 1 0 1 0 0 0 0 1 1 1 1 0 0 0 1 0 0 1 0 1 1 1 0 0 1 0 1 1 0 1 0 0 1 0 0 1 1 0 1 0 0 0 1 1 1 1 1 1 1 27
1 0 0 1 1 0 0 0 0 1 1 1 0 0 1 1 0 0 1 0 1 1 1 1 0 0 1 1 1 0 1 0 1 1 0 1 1 1 1 1 0 0 0 1 0 1 1 1 1 1 30
0 0 0 0 1 0 0 0 1 0 1 1 1 0 1 0 0 0 1 0 0 1 1 0 0 1 0 0 1 0 1 0 0 0 0 1 1 1 0 0 1 0 1 1 0 0 1 1 1 1 22
0 0 0 0 1 1 0 0 0 1 1 1 0 0 0 1 0 0 1 1 1 0 1 0 0 0 1 0 1 1 0 1 0 1 0 1 1 1 0 1 0 0 0 0 1 1 1 1 1 1 25
0 0 0 0 0 0 0 0 1 1 1 1 1 0 0 1 0 0 1 0 0 1 1 0 1 1 0 1 0 0 1 0 1 0 0 1 1 1 0 1 1 0 0 1 1 1 1 1 1 1 26
1 0 0 0 1 1 0 0 0 1 0 1 0 0 0 1 0 0 1 1 0 0 1 0 1 1 0 1 1 0 0 0 0 1 0 1 1 1 0 0 0 0 1 0 0 0 1 1 1 1 22
0 0 0 0 1 0 0 0 0 0 1 0 1 0 0 1 1 0 1 1 0 1 1 1 0 1 0 0 1 0 1 0 1 1 0 1 1 1 0 1 0 0 0 0 1 1 1 1 1 1 25
1 0 0 0 0 0 0 0 0 1 1 1 0 0 0 1 0 0 1 0 1 1 1 0 0 0 0 0 1 0 0 0 1 1 0 1 0 1 0 1 0 0 1 1 1 1 1 1 1 1 23
0 0 1 0 1 0 0 0 0 1 1 1 0 0 1 1 1 1 0 1 0 1 1 1 1 1 1 0 1 0 0 0 0 1 0 0 1 1 0 0 0 0 0 1 1 1 1 1 1 1 27
0 0 0 0 1 1 0 0 0 1 1 1 1 0 0 1 1 0 1 0 1 1 1 0 1 1 1 0 1 0 1 0 0 1 0 0 1 1 1 1 1 0 0 0 0 1 1 1 1 1 28
0 0 0 0 1 0 0 0 0 1 0 0 1 0 0 1 0 0 1 0 1 0 1 1 1 1 0 0 0 0 0 0 0 1 1 1 1 1 0 1 1 0 0 0 1 1 1 1 1 1 23
0 0 0 0 1 0 0 0 1 0 0 1 0 0 0 1 0 1 1 0 1 1 1 1 1 1 0 1 1 0 1 0 0 1 0 1 1 1 0 1 0 0 1 1 1 0 1 1 1 1 27
1 0 1 0 1 0 0 0 1 0 1 0 1 0 0 1 1 0 0 0 1 1 1 0 0 1 0 1 1 0 0 1 0 1 0 0 1 1 1 1 1 0 1 0 1 1 1 1 1 1 28
0 0 0 0 0 0 0 0 1 1 1 1 1 0 0 0 0 0 0 0 1 1 0 0 0 1 0 1 1 0 0 1 0 0 0 1 1 1 0 1 1 0 0 1 1 0 1 1 1 1 22
0 0 0 0 0 0 0 0 0 1 0 1 1 0 0 1 1 1 0 1 1 0 1 0 0 1 0 0 0 0 1 0 0 1 0 1 1 1 0 1 1 0 1 1 1 0 1 1 1 1 24
0 0 0 0 1 0 0 0 0 1 1 1 1 0 0 0 0 0 0 1 1 1 1 1 1 0 0 0 1 1 1 0 0 1 0 0 1 1 1 1 0 0 1 1 1 1 1 1 1 1 27
0 1 1 0 0 1 0 0 0 1 0 1 1 0 0 1 0 0 0 0 1 1 1 1 1 1 0 1 1 0 0 0 0 1 1 0 1 1 0 0 0 0 0 1 1 1 1 1 1 1 26
0 1 0 0 1 0 0 0 0 1 0 1 1 0 0 0 0 0 1 1 1 1 1 0 0 1 0 0 1 1 1 0 1 0 0 0 1 1 0 1 0 0 1 1 0 0 1 1 1 1 24
0 0 0 0 1 1 0 0 0 1 0 1 1 0 0 1 0 1 1 1 0 1 1 0 1 0 0 0 1 1 1 0 0 1 1 1 1 1 0 0 1 0 1 1 1 1 1 1 1 1 29
0 0 0 0 1 0 0 0 1 1 1 1 1 0 0 1 1 1 0 0 0 1 0 1 1 1 0 1 1 0 0 0 0 1 1 0 1 1 0 1 0 0 1 1 1 1 1 1 1 1 28
0 1 0 0 1 0 0 0 0 1 1 0 0 0 0 1 0 0 0 0 1 0 1 1 0 1 0 0 0 0 1 0 1 1 0 1 1 1 0 1 1 0 1 0 1 1 1 1 1 1 24
0 0 0 0 1 0 0 0 0 1 1 1 1 0 1 1 0 0 1 1 0 1 1 0 0 1 1 1 1 0 1 0 0 1 1 0 1 1 0 0 0 0 1 1 1 1 1 1 1 1 28
1 0 0 0 0 0 0 0 1 1 1 1 0 0 0 1 1 0 0 0 0 1 1 0 0 1 0 1 0 0 1 0 0 1 0 1 1 1 0 1 1 0 1 1 1 1 1 1 1 1 26
0 0 0 0 1 0 0 0 0 1 1 1 0 0 0 1 0 0 1 0 1 1 0 0 0 1 0 1 1 0 0 0 0 1 0 1 1 1 0 1 0 0 1 1 0 1 1 1 1 1 23
0 0 0 0 0 0 0 0 1 1 1 1 0 0 0 1 0 0 1 0 1 1 1 0 1 0 0 0 1 0 0 0 0 0 0 1 1 1 0 1 0 0 1 0 1 1 1 1 1 1 22
1 1 0 0 1 0 0 0 0 1 0 1 1 0 0 1 0 0 0 0 0 1 1 0 1 0 0 0 1 0 1 0 1 1 0 1 1 1 0 1 0 0 1 1 1 0 1 1 1 1 25
1 0 0 0 1 0 0 0 0 1 0 1 1 0 1 1 1 1 1 0 1 1 1 1 0 1 0 0 0 0 1 1 0 0 0 1 1 1 1 1 0 0 1 0 1 1 1 1 1 1 29
1 0 0 0 0 0 0 0 1 1 1 1 1 0 0 1 0 0 1 0 0 1 1 1 1 1 0 0 1 0 1 0 0 1 0 0 1 1 0 1 0 0 0 1 0 1 1 1 1 1 25
1 0 0 0 0 0 0 0 0 1 0 1 0 1 0 1 1 0 0 0 1 1 1 1 1 1 0 1 1 0 1 0 0 1 0 1 1 1 0 1 1 0 0 0 1 0 1 0 1 1 25
0 0 0 0 1 0 0 0 0 0 1 0 1 0 0 1 0 1 1 1 0 1 1 1 0 1 0 1 1 1 1 0 1 1 0 1 1 1 0 0 1 0 1 1 1 1 1 1 1 1 29
0 1 1 0 1 1 0 0 0 1 0 1 0 0 0 1 0 0 0 0 1 0 0 0 0 1 1 1 1 0 1 0 0 1 0 0 1 1 0 0 0 0 0 0 1 0 1 1 1 1 21
0 0 0 1 1 0 0 0 0 1 0 1 0 0 0 0 0 0 1 1 1 0 1 1 1 1 0 0 1 1 1 0 1 1 0 0 1 1 0 1 0 0 1 0 1 1 1 1 1 1 26
0 0 0 0 1 1 0 1 1 1 0 1 1 0 0 1 0 0 1 0 0 1 1 1 0 0 0 1 1 0 0 0 0 1 0 1 1 1 1 1 0 0 0 1 1 0 1 1 1 1 26
0 0 0 0 1 1 0 0 0 1 1 1 1 0 0 1 0 0 0 0 1 0 1 0 1 1 0 0 1 1 1 0 0 0 0 1 1 1 0 1 0 0 1 0 1 0 1 1 1 1 24
0 0 0 0 1 0 0 0 0 1 0 0 1 0 0 1 0 0 0 1 1 0 1 0 1 1 0 1 1 0 0 0 1 0 0 1 1 1 0 1 1 0 1 1 1 0 1 1 1 1 24
0 0 0 0 1 0 0 0 1 1 1 1 0 0 0 1 1 0 1 1 1 1 1 1 0 0 1 0 1 1 0 1 0 1 0 1 1 1 0 1 0 0 0 0 0 0 1 1 1 1 26
0 0 0 0 1 0 0 0 1 0 1 1 0 0 0 1 1 0 0 0 0 1 1 0 1 1 0 1 1 0 1 0 1 1 0 1 1 1 0 1 0 0 1 1 1 1 1 1 1 1 27
1 0 0 0 1 0 0 0 0 1 1 1 1 0 0 1 0 0 1 0 0 1 1 0 0 1 0 0 1 0 1 0 0 0 0 1 1 1 0 1 1 0 0 0 0 1 1 1 1 1 23
0 0 0 0 0 0 0 0 0 1 1 1 0 0 0 1 0 0 1 0 1 1 1 1 0 1 0 0 1 0 0 0 0 1 0 1 1 1 0 0 0 0 1 0 1 0 1 1 1 0 20
0 0 0 0 1 0 0 0 1 1 1 1 0 0 0 1 0 0 1 0 0 1 1 0 1 1 1 1 1 0 0 0 1 1 0 1 1 1 0 1 0 0 1 1 1 0 1 1 1 1 27
0 1 0 0 1 0 0 0 0 1 1 1 1 0 1 1 0 1 0 0 1 1 1 0 0 1 0 0 0 0 0 0 0 1 0 0 1 1 0 1 1 0 0 0 1 1 1 1 1 1 24
0 0 0 1 1 0 0 0 1 1 1 1 1 0 0 1 0 0 0 1 0 1 1 0 1 1 0 0 1 0 0 0 0 1 0 0 1 1 0 1 0 0 0 1 1 1 1 1 1 1 25
0 0 0 0 0 0 0 0 0 0 1 1 1 0 0 1 0 0 0 0 1 1 1 1 0 1 0 0 0 1 0 0 1 1 0 1 1 1 0 0 1 0 1 0 1 1 1 1 1 1 23
0 1 1 0 1 1 0 0 1 0 0 1 0 0 0 1 1 0 0 1 0 1 1 1 1 0 0 1 1 1 1 0 1 1 0 1 1 1 0 1 1 0 1 1 0 1 1 1 1 1 31
0 0 0 0 1 0 0 0 0 1 1 1 1 0 0 1 0 0 1 1 0 1 1 0 0 1 0 0 1 0 1 0 0 1 0 1 1 1 0 1 0 0 0 1 1 1 1 1 1 1 25
0 0 1 0 1 0 0 0 1 0 0 1 1 0 0 1 1 0 1 0 0 1 1 0 0 1 0 0 1 0 1 0 1 0 0 0 1 1 0 1 0 0 0 1 0 1 1 1 1 1 23
0 0 1 0 1 0 0 0 0 1 0 1 1 0 0 1 1 0 1 0 1 1 1 0 1 1 0 0 1 1 1 1 0 1 0 1 1 1 0 1 1 0 1 0 1 1 1 1 1 1 30
0 0 0 0 1 0 0 0 0 1 0 1 0 0 0 1 0 0 1 1 1 1 1 0 0 1 0 1 1 1 0 0 0 1 0 1 1 1 0 1 1 0 1 1 0 1 1 1 1 1 26
1 1 0 0 1 0 0 0 1 1 1 1 0 0 0 1 0 0 1 1 0 1 1 0 1 1 0 0 1 0 1 0 0 1 0 1 0 1 0 1 1 0 0 0 1 0 1 1 1 1 26
1 0 0 0 1 0 0 0 0 1 0 0 0 0 0 1 1 0 0 0 0 1 1 1 0 1 0 0 1 1 0 0 0 1 0 1 1 1 0 1 0 0 0 0 0 1 1 1 1 1 21
0 0 0 0 0 0 0 0 0 1 0 1 1 0 0 1 0 0 1 0 1 1 0 0 0 0 0 1 1 0 0 1 1 1 0 1 1 1 0 1 1 0 1 0 1 1 1 1 1 1 24
0 0 0 0 0 0 0 0 0 1 1 0 1 0 0 1 0 0 1 0 1 1 1 1 1 1 1 1 1 0 0 0 0 1 0 1 1 1 0 0 0 0 0 0 1 1 1 1 1 1 24
0 0 0 1 1 0 0 0 1 1 1 1 1 0 0 1 0 0 1 1 1 1 1 0 1 1 0 1 1 0 1 0 0 1 0 1 1 1 0 0 0 0 1 1 1 1 1 0 1 1 29
1 1 0 0 0 0 0 0 0 0 0 1 0 0 0 1 0 0 0 1 0 1 1 0 0 0 0 0 1 0 0 1 0 1 0 1 1 1 0 1 0 0 1 0 0 1 1 1 1 1 20
0 0 0 0 0 0 0 0 1 1 1 1 1 0 1 1 0 0 1 0 1 1 1 1 0 1 0 1 1 1 0 0 1 1 0 0 0 1 0 1 0 0 0 1 1 1 1 1 1 1 27
0 0 0 1 0 0 0 0 0 1 1 1 1 0 1 1 0 0 0 0 1 1 1 0 0 0 1 0 1 0 0 0 1 1 0 0 1 1 0 1 1 0 0 0 1 1 1 1 1 1 24
0 0 1 0 0 0 0 0 1 1 1 1 1 0 0 1 0 0 1 0 0 1 0 0 1 1 0 1 1 0 1 0 0 1 0 1 0 1 0 1 0 1 0 1 1 1 1 1 1 1 26
1 0 1 0 1 0 0 0 0 1 1 1 0 0 0 1 0 0 1 0 1 1 0 1 0 1 0 0 1 0 1 0 0 1 0 0 1 1 0 0 1 0 0 1 1 0 1 1 1 1 24
0 0 0 0 1 0 0 0 1 1 1 1 1 0 1 1 0 0 1 1 0 1 1 1 0 1 1 1 1 0 0 0 0 1 0 0 1 1 0 1 0 0 0 1 1 1 1 1 1 1 28
0 0 0 1 1 0 0 1 0 1 1 1 1 0 1 1 0 1 1 0 0 1 1 1 0 1 0 0 1 0 1 1 0 0 0 0 1 1 0 1 1 0 1 1 1 1 1 1 1 1 30
0 0 0 1 1 0 0 0 0 0 0 1 1 0 0 1 0 0 0 0 0 1 1 0 0 1 0 0 1 0 0 0 0 1 0 1 1 1 1 1 0 0 0 0 1 1 1 1 1 1 21
0 0 0 0 1 0 0 0 0 1 0 1 0 0 0 1 0 0 1 0 1 1 0 0 1 1 0 0 1 1 0 0 0 0 0 0 1 1 0 1 1 0 0 1 1 0 1 1 1 1 21
0 0 1 0 1 0 0 0 1 1 1 1 0 0 1 1 0 0 1 0 1 1 1 0 0 1 0 1 1 1 0 1 1 1 0 0 1 1 0 1 0 0 1 0 1 1 1 1 1 1 29
0 0 0 1 0 0 0 1 0 1 1 1 0 0 0 1 0 1 0 0 0 1 0 0 0 0 1 0 1 0 0 0 0 1 0 1 1 1 0 0 0 0 0 0 1 1 1 1 1 1 20
0 0 0 0 1 1 0 0 1 1 1 1 1 0 0 1 0 0 0 1 1 1 1 1 0 1 0 1 0 0 0 0 0 1 0 0 0 1 0 1 0 0 1 0 0 1 1 1 1 1 24
0 0 0 1 1 0 0 0 0 1 0 1 0 0 0 1 0 1 1 0 0 1 1 1 0 1 1 1 1 0 0 0 0 0 0 1 1 1 0 1 0 0 0 0 1 1 1 1 1 1 24
0 0 0 0 1 1 0 0 0 1 1 1 1 0 0 1 1 0 1 0 1 1 1 0 0 1 1 1 1 0 0 1 0 0 0 1 1 1 0 1 0 0 1 0 1 1 1 1 1 1 28
0 0 0 0 1 0 0 0 0 1 1 1 1 0 0 1 0 1 1 0 1 1 1 0 0 1 0 1 1 0 0 1 0 0 1 1 1 1 0 1 0 0 0 0 1 1 1 1 1 1 26
0 0 0 0 1 0 0 0 0 0 0 1 1 0 0 1 0 1 0 0 1 1 1 0 0 1 0 1 0 0 0 0 1 1 1 1 1 1 0 1 1 0 1 0 1 0 1 1 1 1 24
0 0 1 0 1 0 0 0 1 1 0 1 1 0 0 1 0 0 1 1 0 1 1 0 0 0 0 0 1 1 0 0 0 1 0 0 1 1 0 0 0 0 0 0 0 0 1 1 1 1 20
0 0 0 0 1 0 0 0 0 1 0 1 1 0 0 1 0 1 0 1 1 1 0 0 0 1 0 0 1 0 0 0 1 1 1 0 1 1 0 1 1 0 0 0 0 1 1 1 1 1 23
1 0 0 0 0 0 0 0 0 1 0 1 0 0 0 1 1 1 1 0 0 1 1 1 1 0 0 1 1 0 0 0 0 1 0 1 1 1 0 1 0 0 1 0 1 1 1 1 1 1 25
0 0 0 1 1 1 0 0 1 1 1 1 1 1 1 1 0 1 1 0 0 1 1 0 0 0 0 1 1 0 0 0 0 0 0 0 1 1 0 0 1 0 1 0 1 1 1 1 1 1 27
0 1 0 0 1 0 0 0 0 0 1 1 1 0 0 1 1 0 1 0 0 0 1 1 0 0 1 1 1 1 0 0 0 1 0 1 1 1 1 1 1 0 1 1 0 1 1 1 1 1 28
0 0 0 0 1 1 0 1 0 1 1 1 0 0 0 1 0 1 1 0 0 1 0 1 0 0 0 1 0 0 1 0 1 1 0 0 1 1 0 0 0 0 1 0 1 1 1 1 1 1 24
0 0 1 0 1 0 0 0 1 1 1 1 1 0 0 1 1 0 1 1 0 1 1 0 0 1 1 0 1 0 0 0 1 1 0 1 0 0 0 1 0 0 1 1 1 1 1 1 1 0 27
1 0 0 0 0 0 0 0 0 1 1 0 1 0 0 1 0 1 1 0 1 1 1 1 0 1 0 0 1 0 1 0 0 1 0 0 0 1 1 0 0 0 1 0 1 1 1 1 1 1 24
0 0 0 0 1 0 0 0 1 1 1 1 0 0 0 1 0 0 1 0 1 1 1 0 1 0 1 0 1 0 0 0 0 1 0 0 1 1 0 0 1 0 0 0 1 1 1 1 0 1 22
0 0 0 1 0 0 0 0 1 1 1 1 0 0 0 1 1 0 0 1 0 1 1 0 0 1 0 0 1 0 1 0 0 1 0 0 1 1 0 1 1 0 1 1 1 1 1 1 0 1 25
0 0 0 0 0 0 0 0 0 1 0 1 1 0 0 1 0 0 0 0 0 1 0 0 0 1 0 0 1 0 1 0 0 1 0 1 1 1 0 1 0 0 1 0 1 1 1 1 1 1 20
0 0 1 0 1 0 0 0 0 1 0 0 0 0 1 1 0 0 1 1 0 1 0 0 0 1 0 0 1 0 1 0 1 0 0 0 1 1 0 1 1 0 1 1 0 1 1 1 1 1 23
0 1 0 1 0 0 0 0 0 1 1 0 0 0 0 1 0 1 0 0 1 0 0 0 0 1 0 1 1 0 0 0 0 1 0 0 0 1 0 1 0 0 0 0 1 0 1 1 1 1 18
0 0 1 0 1 1 0 0 0 0 1 1 0 0 1 1 0 0 1 0 0 1 1 1 1 0 0 0 0 0 0 0 0 1 0 0 1 1 0 1 1 0 1 0 1 0 1 1 1 1 23
0 0 0 0 1 0 0 0 0 1 0 1 0 0 0 1 0 1 1 0 0 1 1 0 0 1 0 1 0 1 0 0 0 1 1 0 1 1 0 1 0 0 1 1 1 1 1 1 1 1 24
0 0 0 0 1 1 0 0 0 1 0 1 1 0 0 1 0 0 1 0 0 1 1 1 0 0 0 0 1 0 0 0 0 0 1 1 1 1 1 1 1 0 1 1 0 1 1 1 1 1 25
0 1 0 1 0 0 0 0 0 1 1 1 1 0 0 0 0 1 1 0 0 0 1 1 0 0 0 0 1 0 0 0 0 1 0 0 1 1 0 1 1 0 1 0 0 0 1 1 1 1 21
0 0 0 0 1 0 0 0 0 1 1 1 1 0 1 1 1 0 0 0 1 1 1 1 0 1 0 1 1 0 0 0 1 1 0 0 1 1 0 1 1 0 1 0 0 1 1 1 1 1 27
0 1 0 0 0 1 0 0 0 1 0 1 0 0 1 1 0 0 1 0 1 1 0 0 0 1 0 0 1 1 0 1 1 1 0 1 1 1 0 1 1 0 1 1 0 1 1 1 1 1 27
0 0 0 1 1 0 0 0 0 1 1 1 0 0 0 1 0 0 1 0 0 1 1 1 1 0 0 0 0 1 0 1 1 1 0 1 1 1 0 0 0 0 0 0 0 1 1 1 1 1 23
0 0 0 0 0 1 0 0 0 1 1 1 1 0 0 1 0 0 1 0 1 1 1 1 1 1 0 0 1 0 0 0 0 0 1 0 1 1 0 1 0 0 0 1 0 1 1 1 1 1 24
0 0 1 0 1 0 0 0 0 1 1 1 1 0 0 1 0 0 1 1 1 0 0 0 0 1 1 0 1 0 0 0 0 1 0 1 1 1 0 1 1 0 0 1 0 1 1 1 1 1 25
0 0 0 1 1 0 0 0 0 1 0 0 1 0 0 1 0 0 1 0 0 1 0 0 1 1 0 1 1 1 0 0 0 1 0 0 1 1 1 1 0 0 0 1 1 0 1 1 1 1 23
0 0 1 0 0 0 0 0 0 1 1 1 0 0 1 1 0 1 1 0 0 1 1 0 0 1 1 0 1 0 1 0 0 1 0 0 1 1 0 1 0 0 1 1 1 1 1 1 1 1 26
0 0 0 1 1 0 0 0 0 0 1 1 0 0 0 0 0 0 1 0 1 1 1 1 0 1 0 1 1 0 1 1 1 0 0 0 1 1 0 1 1 0 0 0 1 0 1 1 1 1 24
0 0 0 1 1 0 0 0 1 1 1 1 0 0 0 0 0 1 1 0 1 1 1 0 0 1 1 1 1 0 0 1 0 1 0 0 1 1 0 1 0 0 0 0 0 0 1 1 1 1 24
0 1 0 0 1 0 0 0 0 1 0 1 1 0 0 1 0 0 1 0 0 1 1 1 0 1 0 0 1 1 0 0 0 1 0 1 1 1 0 1 1 0 0 0 1 1 1 1 1 1 25
0 0 0 0 1 0 0 0 1 1 1 1 1 0 0 1 0 0 1 1 0 1 1 0 0 1 0 1 1 0 1 0 1 0 0 1 1 1 0 1 1 0 1 0 1 1 1 1 1 1 28
1 0 0 0 0 0 0 0 0 1 1 0 1 0 1 1 0 0 1 1 0 1 1 0 1 0 0 1 0 0 0 0 0 1 0 0 0 1 0 1 1 0 0 0 1 1 1 1 1 1 22
0 0 0 1 1 0 1 0 1 1 0 1 0 0 0 0 0 1 0 0 0 1 1 1 1 0 0 0 1 0 0 1 1 1 1 1 1 1 0 1 1 0 1 0 0 0 1 1 1 1 26
0 0 0 1 1 0 0 0 1 1 1 1 1 0 0 1 0 0 1 0 0 0 1 0 0 0 0 1 1 0 0 0 1 0 0 0 1 1 0 1 0 0 0 0 1 1 1 1 1 1 22
0 0 0 0 0 0 0 0 0 1 0 1 0 0 0 1 0 1 1 0 0 1 0 1 1 1 0 1 1 0 0 0 0 1 0 0 1 1 0 0 1 0 1 0 0 1 1 1 1 1 21
0 0 0 0 1 0 0 0 0 1 1 1 1 0 0 1 1 0 0 1 1 1 1 0 1 1 0 0 1 1 0 0 1 0 0 0 1 1 1 0 1 0 0 0 1 0 1 1 1 1 25
1 0 0 0 0 0 0 0 1 1 0 0 0 0 0 1 0 1 1 0 1 1 1 1 0 1 0 1 1 0 0 0 1 0 0 1 1 1 0 1 1 0 0 1 1 0 1 1 1 1 25
0 0 0 1 0 0 0 0 0 1 1 1 1 0 0 1 0 0 1 1 0 1 1 0 0 1 0 0 1 0 0 0 1 1 0 1 1 1 0 1 0 0 1 1 1 0 1 1 1 1 25
0 0 0 1 1 0 0 0 1 1 1 1 1 0 0 1 0 0 0 0 0 1 0 1 1 1 0 0 1 1 0 0 0 0 0 1 1 1 0 0 0 0 1 1 1 1 1 0 1 1 24
1 0 1 1 0 1 0 0 0 1 0 1 0 0 0 1 0 1 1 0 0 1 1 1 0 1 0 1 1 1 1 0 0 1 0 1 1 1 0 1 1 0 1 1 0 1 1 1 1 1 30
1 0 0 0 0 0 0 0 0 0 0 0 1 0 0 1 0 1 0 0 1 1 1 0 0 1 1 0 1 0 0 0 1 1 0 0 1 1 0 1 0 0 0 1 1 1 1 1 1 1 22
0 1 0 0 1 0 0 1 0 1 1 1 0 0 0 1 1 1 0 0 1 1 1 1 1 1 0 0 1 0 1 1 1 0 0 0 1 1 0 1 0 0 1 1 0 1 1 1 1 1 29
0 1 0 0 1 0 0 0 1 1 0 1 1 0 0 1 0 1 0 0 1 1 0 0 0 1 0 1 1 0 0 0 0 0 0 1 1 1 0 0 1 0 0 0 1 1 1 1 1 1 23
1 0 0 0 0 0 0 0 0 1 0 1 0 0 0 1 0 0 0 1 0 1 1 0 0 1 0 1 1 0 1 0 0 1 0 0 1 1 0 1 1 0 0 0 1 1 1 1 1 1 22
1 0 0 0 1 0 0 1 0 1 1 1 1 0 0 1 0 0 0 0 0 1 1 0 1 0 0 0 1 1 0 0 0 1 0 1 1 1 0 1 0 0 1 0 1 1 1 1 1 1 25
0 0 0 0 1 0 0 0 1 1 1 1 0 0 0 1 0 1 0 1 0 1 0 0 1 1 0 1 1 0 0 0 1 0 0 1 1 1 0 0 1 0 0 0 1 1 1 1 1 1 24
1 0 0 0 1 0 0 0 0 1 1 1 0 0 0 0 1 0 1 0 1 1 1 0 0 1 0 0 0 0 0 0 0 1 0 0 1 1 0 0 1 0 0 1 0 0 1 1 1 1 20
0 0 0 0 1 0 0 0 0 1 1 1 1 0 0 1 0 1 1 1 1 1 1 0 0 1 0 0 1 0 0 0 1 1 0 0 1 1 1 1 0 0 0 1 1 1 1 1 1 1 27
1 0 0 1 1 0 0 0 0 1 1 1 0 0 0 1 1 1 0 1 0 1 1 1 0 0 1 0 1 0 0 0 1 1 0 1 1 1 0 1 0 0 1 1 0 1 1 1 1 1 28
0 0 0 0 0 0 0 0 0 1 1 1 1 0 0 1 1 0 1 1 1 0 0 1 0 1 1 1 1 0 0 1 0 1 0 1 1 1 0 1 1 0 1 1 1 1 1 1 1 1 29
0 0 0 0 1 1 0 0 1 1 1 1 1 1 0 1 0 0 1 0 1 1 1 0 1 0 0 0 1 1 0 0 1 1 0 0 1 1 0 1 0 0 1 1 0 0 1 1 1 1 27
0 0 1 1 0 1 0 0 1 1 1 1 0 0 0 1 0 0 0 0 1 1 1 0 1 1 0 1 1 0 0 0 1 1 0 1 1 1 0 1 1 0 0 1 0 1 1 1 1 1 28
0 0 0 1 1 0 0 0 1 1 0 1 1 0 0 1 0 0 1 1 1 0 1 0 0 1 0 0 0 0 0 1 0 0 1 0 1 1 0 1 1 0 0 0 1 1 1 1 1 1 24
0 0 0 0 0 0 0 0 0 1 1 1 0 0 0 1 1 0 1 1 1 1 1 0 1 1 1 0 1 0 0 0 0 0 0 1 1 1 0 0 1 0 1 1 1 1 1 1 1 1 26
0 0 0 0 1 0 0 0 0 0 1 0 0 0 0 1 0 1 1 1 0 0 1 0 1 0 0 0 1 0 0 0 0 1 0 1 1 1 0 0 1 0 1 1 1 1 1 1 1 1 22
0 0 0 0 0 1 0 0 0 1 1 1 1 0 0 1 0 0 1 0 0 1 1 0 0 1 0 0 1 0 0 0 1 0 0 1 1 1 1 1 1 0 0 0 1 1 1 1 1 1 24
0 0 0 1 1 1 0 0 1 1 1 0 1 0 0 1 1 0 0 1 1 1 0 1 0 1 1 1 1 0 1 0 0 1 0 1 0 1 1 0 1 0 0 1 1 0 1 1 1 1 29
1 0 0 1 1 1 0 0 0 1 1 1 1 0 0 1 0 0 1 0 1 1 1 0 1 1 0 0 1 0 1 0 0 1 0 1 1 1 0 0 0 0 0 0 1 1 1 1 1 1 27
1 0 0 0 1 0 0 0 0 1 1 1 0 0 0 1 0 0 1 0 0 1 1 1 0 0 0 1 1 0 0 0 0 1 1 1 0 1 0 0 1 0 1 1 1 1 1 1 1 1 25
1 0 0 0 1 0 0 0 1 1 1 1 1 0 0 0 0 1 1 1 0 1 1 0 0 1 0 0 1 0 0 1 1 1 0 1 1 1 0 1 1 0 0 0 0 1 1 0 1 1 26
0 0 0 0 0 0 0 0 0 1 1 1 0 0 0 1 0 0 0 1 1 1 1 0 1 1 0 0 1 0 1 1 0 1 0 0 1 1 0 1 1 0 1 0 1 1 1 1 1 1 25
1 0 0 0 1 0 0 0 0 1 1 1 1 1 0 1 0 0 0 1 1 1 1 0 0 0 0 0 1 0 1 0 0 1 0 1 1 1 0 1 0 0 1 0 1 1 1 1 1 1 26
0 1 0 0 1 1 0 0 0 1 1 1 0 1 0 1 0 0 0 0 1 0 1 0 0 1 0 0 1 0 0 0 0 1 0 1 1 1 0 0 0 0 0 0 1 1 1 1 1 1 22
0 0 0 0 1 1 0 0 0 1 0 1 0 0 0 1 0 0 1 0 0 1 0 0 0 1 1 1 1 0 0 0 1 0 0 1 1 1 0 0 0 0 1 1 0 1 1 1 1 1 22
0 0 1 0 1 0 1 1 1 1 1 1 1 0 0 1 1 0 1 1 1 0 1 1 0 1 0 0 0 0 1 0 0 0 0 1 1 1 0 1 1 0 1 0 1 1 1 1 1 1 30
1 0 0 0 1 1 0 0 1 1 0 1 1 0 0 1 0 1 1 0 1 1 1 1 0 0 0 1 1 0 0 0 1 0 1 1 1 1 1 1 1 0 0 0 0 0 1 1 1 1 28
0 0 0 0 0 0 0 0 1 0 1 1 1 0 0 1 0 0 1 0 1 1 0 1 0 1 1 1 1 0 0 0 0 1 1 1 0 1 0 0 1 0 1 0 1 1 1 1 1 1 25
1 0 0 1 1 0 0 0 0 1 1 1 0 0 0 1 0 0 0 0 0 0 1 1 0 0 0 1 1 0 1 0 0 0 0 1 1 1 0 0 0 0 1 0 1 1 1 1 1 1 22
0 1 1 0 0 0 0 0 1 1 0 1 1 0 0 1 1 0 0 0 1 1 0 1 0 1 0 0 1 1 0 0 0 0 0 0 1 1 0 0 1 0 0 0 1 1 1 1 1 1 23
0 0 0 0 0 0 0 0 0 1 1 0 0 0 0 1 0 0 1 0 0 1 1 0 0 1 0 0 1 1 0 0 0 1 0 1 1 0 0 1 1 0 0 1 1 0 1 1 1 1 20
0 0 0 1 1 0 0 0 0 1 1 0 1 0 0 0 0 0 1 0 0 1 0 0 1 1 0 1 1 0 0 0 0 0 0 1 0 1 0 0 0 0 1 0 1 1 1 1 1 1 20
1 0 0 1 1 1 0 0 0 1 1 1 1 0 1 1 0 1 1 0 1 1 1 1 0 1 0 0 1 0 0 1 1 0 0 0 1 1 1 1 1 0 1 1 1 0 1 1 1 1 32
0 0 0 0 1 0 0 0 0 1 1 0 1 0 0 1 1 0 1 0 0 1 0 0 0 1 0 0 1 0 0 0 0 1 0 1 1 1 0 0 0 0 0 0 0 0 1 1 1 1 18
0 1 0 0 1 0 0 0 0 1 0 1 0 0 1 1 0 0 1 1 0 0 0 1 0 1 0 0 1 0 0 0 0 1 0 1 1 1 1 1 1 0 0 0 0 1 1 1 1 1 23
0 0 1 0 1 0 0 0 1 1 1 1 0 0 0 1 0 0 1 0 1 0 1 1 1 0 0 1 1 0 1 1 0 1 1 1 1 1 0 1 1 0 1 1 1 0 1 1 1 0 29
0 0 0 0 0 1 0 0 0 1 0 1 0 0 0 1 1 0 0 1 1 0 1 0 0 1 0 1 1 0 1 0 0 1 0 0 1 1 1 1 0 0 1 1 1 0 1 1 1 1 24
1 0 1 0 1 0 0 0 1 1 1 1 1 0 0 1 0 0 1 0 0 1 1 0 0 1 0 0 1 0 0 0 0 1 0 0 1 1 0 1 0 0 1 0 1 1 1 1 1 1 25
0 0 0 1 1 1 0 1 1 1 0 1 0 0 0 1 0 1 1 1 1 0 1 0 0 1 0 0 1 0 1 0 0 1 0 1 1 1 1 1 0 0 1 1 0 1 1 1 1 1 29
1 0 0 1 1 0 0 0 1 0 1 1 0 0 0 1 0 1 1 0 1 1 0 0 1 0 0 0 1 0 0 0 1 1 0 0 1 1 0 1 0 0 0 1 0 0 1 1 1 1 23
0 0 0 1 1 0 0 0 1 1 0 1 1 0 0 1 0 0 1 0 1 0 1 1 1 1 1 0 1 0 0 1 1 0 0 1 1 1 0 0 0 0 1 1 0 1 1 1 1 1 27
0 0 0 1 0 0 0 0 0 1 0 1 1 0 1 1 0 1 0 0 0 1 1 1 0 1 0 1 1 0 0 0 0 1 0 0 1 1 0 0 0 0 0 1 1 0 1 1 1 1 22
0 0 0 0 1 0 0 0 1 1 1 1 1 0 0 1 0 0 1 0 1 1 0 0 1 1 0 1 1 0 0 0 0 1 0 0 1 1 0 1 1 0 1 1 1 1 1 1 1 1 27
0 1 0 0 1 1 0 0 1 1 1 1 1 0 0 1 1 0 1 1 0 1 1 0 0 1 0 0 1 0 0 0 0 0 1 1 1 1 0 0 0 0 0 1 1 1 1 1 1 1 27
0 0 0 0 0 0 0 0 1 1 1 1 0 1 0 1 0 0 1 1 1 1 1 1 0 1 0 1 1 1 0 1 0 1 0 0 1 1 0 1 0 0 0 1 0 1 1 1 1 1 27
0 0 0 0 1 0 0 0 1 1 0 1 1 0 0 1 0 0 0 0 0 1 1 0 1 1 0 0 1 1 0 1 0 1 0 1 1 1 0 0 1 0 0 0 1 1 1 1 1 1 24
0 0 0 0 0 0 0 0 0 0 1 0 1 0 0 1 1 0 1 0 0 1 0 1 0 1 0 1 1 0 0 0 1 0 0 0 1 1 0 1 0 0 0 1 1 0 1 1 1 1 20
0 0 0 0 1 0 0 0 0 1 1 1 0 0 0 1 1 0 1 0 0 1 1 0 1 1 0 1 1 0 0 0 1 1 0 1 1 1 0 1 0 0 1 1 1 1 1 1 1 1 27
1 1 0 1 1 1 0 0 0 1 1 1 0 0 0 1 1 1 0 1 0 1 0 1 1 1 0 0 1 0 1 0 1 1 1 0 1 1 1 1 1 0 1 1 1 1 1 1 1 1 34
0 0 0 0 1 0 0 0 0 1 1 1 0 0 0 1 0 1 0 1 1 1 1 0 1 1 0 1 1 1 1 0 0 1 0 1 1 1 0 1 0 0 1 0 1 1 1 1 1 1 28
1 0 0 1 0 0 0 0 0 1 0 1 1 0 0 1 0 0 1 0 1 1 1 0 0 1 0 0 1 1 0 0 0 1 0 0 1 1 0 1 0 0 1 0 1 1 1 1 1 1 24
1 0 0 1 0 0 0 0 1 1 1 1 1 0 0 1 0 0 0 0 0 1 1 0 0 0 0 0 1 0 1 0 0 0 0 0 1 1 0 1 1 0 1 1 0 1 1 1 1 1 23
1 0 0 1 1 1 0 0 1 1 0 1 0 0 0 1 0 0 0 1 0 1 1 0 1 1 0 0 1 0 0 0 0 1 0 0 1 1 0 1 0 1 0 1 1 1 1 1 0 1 25
0 0 0 0 1 0 0 0 0 1 0 1 1 0 1 0 0 0 1 0 0 1 1 1 0 0 1 0 1 0 0 0 0 1 0 0 1 1 0 1 0 0 1 1 0 1 1 1 1 1 22
0 0 0 0 1 0 0 0 1 1 1 1 0 0 0 1 1 0 1 0 1 0 1 1 0 1 0 1 1 1 0 0 0 0 0 1 1 1 0 1 0 0 1 1 0 1 1 1 1 1 26
0 0 0 1 1 0 0 0 0 0 0 1 0 0 1 1 0 0 1 1 0 0 1 0 1 1 0 0 1 0 1 0 0 1 0 1 1 1 0 0 0 0 1 0 1 1 1 1 1 1 23
0 1 0 0 1 0 0 0 0 0 1 1 0 0 0 1 0 1 0 0 1 1 1 1 1 0 0 0 1 1 0 1 1 1 0 1 1 1 0 1 1 0 0 1 0 0 1 1 1 1 26
1 0 0 0 1 1 0 0 0 1 0 1 0 0 0 1 0 1 1 0 0 1 1 1 0 1 0 0 1 0 0 1 0 1 0 1 1 1 0 1 0 0 1 0 1 1 1 1 1 1 26
46 32 34 64 178 50 3 13 84 211 155 222 137 11 38 227 62 74 165 83 113 202 198 104 92 186 52 114 224 56 86 43 87 181 40 143 230 248 34 189 119 3 137 126 187 184 250 244 245 244 6250
