0 1 0 1 0 0 0 0 0 0 2
1 0 1 0 0 0 0 0 0 0 2
0 0 0 0 0 0 0 1 0 0 1
0 0 0 1 0 0 0 0 0 0 1
0 0 1 0 0 0 0 0 0 0 1
0 0 1 1 0 0 0 0 0 0 2
0 1 0 1 0 0 0 0 0 0 2
0 0 1 1 0 0 0 0 0 0 2
0 1 0 1 0 0 0 0 0 0 2
0 0 0 1 0 0 0 0 0 0 1
0 0 0 1 0 0 0 0 0 0 1
0 0 0 0 0 1 0 0 0 0 1
1 1 1 1 0 0 1 0 0 0 5
1 1 0 1 0 0 0 0 0 0 3
0 1 0 1 0 0 0 0 0 0 2
0 0 0 1 0 0 0 0 0 0 1
1 0 0 1 0 0 0 0 0 0 2
0 0 0 0 0 0 0 0 0 1 1
0 1 1 0 0 0 0 0 0 0 2
1 0 0 0 0 0 1 0 0 0 2
0 1 0 0 0 0 0 0 0 0 1
1 0 0 0 0 0 0 0 0 0 1
0 0 1 1 0 0 0 0 0 0 2
0 1 0 1 0 1 0 0 0 0 3
1 0 1 0 0 0 0 0 0 0 2
1 0 1 0 0 1 0 0 0 0 3
1 1 0 1 0 0 0 0 0 0 3
0 1 1 1 1 0 0 0 0 0 4
0 0 0 1 0 1 0 0 0 0 2
0 1 0 0 0 0 0 0 0 0 1
0 1 0 1 0 0 0 0 1 0 3
0 1 1 1 0 1 0 0 0 0 4
0 1 1 1 1 0 0 0 0 0 4
0 1 0 1 0 0 0 0 0 0 2
0 1 1 0 1 0 0 0 0 0 3
0 0 1 1 1 1 0 0 0 0 4
1 0 0 0 0 0 0 0 0 0 1
0 0 1 1 0 0 0 0 0 0 2
0 1 0 0 1 0 0 0 0 0 2
1 0 1 1 0 1 0 0 0 0 4
1 0 0 0 0 0 0 0 0 0 1
0 0 1 1 0 0 0 0 0 0 2
0 1 0 0 0 0 0 0 0 0 1
0 0 1 1 0 0 0 0 0 0 2
0 0 0 0 1 0 0 0 0 0 1
0 0 0 1 0 0 0 0 0 0 1
0 0 0 1 0 0 0 0 0 0 1
0 0 0 0 0 1 0 0 0 0 1
1 0 0 0 0 0 0 0 0 0 1
0 1 0 0 0 1 0 0 0 0 2
13 20 18 29 6 9 2 1 1 1 100
