0 0 1 0 0 0 0 0 0 1 1 0 0 1 1 1 0 1 0 0 0 1 0 0 1 0 0 0 0 0 0 1 0 1 1 1 1 1 0 1 1 0 1 1 1 1 1 0 1 1 24
0 1 0 1 0 0 0 0 0 0 1 0 0 1 1 1 0 1 0 0 0 1 1 0 0 0 0 0 0 1 1 0 0 1 0 0 1 1 0 1 0 0 1 0 1 1 1 1 1 0 21
1 0 1 1 0 0 1 0 0 1 1 0 0 0 1 0 0 0 0 0 0 1 1 0 1 0 0 1 0 0 0 1 0 1 1 0 1 1 0 1 0 0 1 1 1 1 0 0 1 1 23
1 1 1 1 0 0 1 0 0 1 1 0 0 0 1 0 0 1 1 0 0 1 1 0 0 0 0 0 0 0 1 1 0 0 1 0 1 1 0 1 1 0 1 0 1 0 0 0 0 1 22
0 0 1 1 0 0 1 0 0 1 1 0 0 1 1 0 0 1 1 0 0 1 1 0 0 1 0 0 0 0 1 0 0 1 0 0 1 1 0 1 1 1 0 1 1 0 1 1 1 1 25
0 1 1 0 0 0 1 0 1 1 1 0 0 0 1 1 0 0 1 0 0 1 0 0 0 0 0 0 0 0 0 0 0 1 1 0 1 1 1 1 1 1 0 1 1 1 0 1 1 0 23
1 0 1 1 0 0 1 0 1 1 1 0 0 1 1 1 0 1 0 0 0 1 1 0 0 0 0 0 0 0 0 0 0 1 0 0 1 1 0 1 1 0 0 0 1 1 0 1 1 1 23
0 1 1 1 0 0 1 0 0 1 1 0 0 0 1 0 0 1 0 0 0 1 0 0 0 0 0 1 0 0 1 0 0 1 0 0 1 1 0 1 0 1 0 1 1 1 0 1 1 1 22
1 0 1 1 0 0 0 1 1 1 1 0 0 0 1 1 0 1 0 0 0 1 1 0 0 1 0 1 0 0 1 1 0 0 0 0 1 1 0 1 1 1 1 0 1 0 1 0 1 1 26
1 1 1 1 0 0 1 0 0 1 1 1 0 0 1 0 0 0 1 0 0 1 0 0 0 0 0 0 0 0 1 0 0 1 0 1 1 1 0 1 1 1 0 1 1 1 1 1 0 1 25
1 0 0 1 0 0 0 0 0 1 1 0 0 1 1 0 0 1 0 0 0 1 1 1 0 0 0 0 0 1 1 1 0 0 1 1 1 1 0 1 1 1 1 0 1 0 0 1 0 1 24
1 1 1 1 0 0 1 0 0 1 0 0 0 1 1 0 0 0 0 0 0 1 1 0 0 0 0 0 0 1 1 0 0 1 1 0 1 0 0 1 1 0 0 0 0 0 1 1 0 1 20
1 0 1 1 0 0 0 0 1 0 1 0 0 1 1 0 0 0 1 0 0 1 1 0 1 0 0 1 0 0 1 1 0 1 1 0 1 1 0 1 1 1 1 1 1 1 0 1 0 1 27
0 0 1 1 0 0 0 1 1 0 1 0 0 1 1 1 0 0 1 0 0 1 1 0 0 1 0 1 0 0 0 1 0 1 1 0 1 1 1 1 1 0 0 1 1 1 1 1 0 1 27
1 0 1 1 0 0 0 0 1 1 1 0 0 1 0 0 1 0 1 0 0 1 1 1 0 0 0 1 1 1 1 1 0 1 1 0 1 1 0 1 1 1 0 1 1 1 1 0 0 0 28
0 0 1 1 0 0 0 0 0 0 1 0 0 1 0 0 0 0 0 0 0 1 1 0 0 0 0 0 0 0 1 0 0 1 0 0 1 1 1 1 1 1 0 1 1 1 1 1 1 1 21
0 0 1 1 0 0 1 0 0 0 1 0 0 1 1 0 1 0 0 0 0 1 1 0 1 0 0 0 1 0 1 1 0 0 0 0 1 1 0 1 1 1 1 1 0 1 0 1 1 1 24
1 1 1 1 0 0 0 0 0 0 1 0 1 0 1 1 0 0 0 0 0 1 1 1 0 0 0 0 0 0 1 1 0 1 1 1 1 1 1 1 1 1 0 1 1 1 0 0 0 1 26
0 1 0 1 0 0 0 0 1 0 1 0 0 1 1 1 0 1 1 0 0 1 1 0 0 0 0 0 0 0 0 1 0 1 0 0 1 0 0 1 1 0 0 1 1 0 1 1 1 1 22
0 1 1 1 0 0 0 0 0 1 1 0 0 1 1 1 1 1 0 0 0 1 0 0 0 0 0 0 0 0 1 1 0 1 0 0 1 1 0 1 1 0 0 0 1 0 0 0 1 1 21
0 1 1 1 0 0 1 0 1 0 1 0 1 1 1 0 0 0 0 0 0 1 1 0 0 1 0 0 0 0 0 1 0 1 0 1 1 1 0 1 1 0 1 0 1 1 0 0 1 1 24
0 1 1 1 0 0 0 0 0 0 1 0 0 1 0 0 0 0 0 0 1 1 1 0 0 1 0 0 0 1 1 1 0 1 0 1 1 1 1 1 1 0 1 1 1 1 1 1 1 1 27
1 0 0 1 0 0 0 1 0 1 1 0 0 1 1 1 0 0 1 0 0 1 1 0 0 1 0 0 0 0 0 0 0 1 1 1 1 1 0 1 1 0 0 0 1 1 0 0 1 1 23
0 1 1 0 0 0 0 0 0 1 0 0 1 1 1 0 1 0 0 0 0 1 1 0 0 0 0 1 1 1 1 1 0 1 0 1 1 0 0 1 0 1 0 0 1 1 1 1 1 1 25
0 1 1 0 0 0 0 0 0 0 1 0 0 1 1 0 1 1 1 0 0 1 1 0 0 0 0 1 0 0 0 1 0 1 1 1 1 1 1 1 1 0 1 0 1 1 0 1 0 1 25
1 0 1 1 0 0 1 1 0 1 1 0 1 1 1 0 0 0 1 0 0 1 0 0 1 0 0 1 0 0 1 1 0 0 0 1 1 1 1 1 1 0 1 0 0 1 1 0 0 0 25
1 1 1 1 0 0 0 0 0 1 1 0 0 1 0 1 0 0 0 0 0 1 1 1 0 0 0 1 1 0 1 0 0 1 0 1 1 0 1 1 0 1 1 0 1 0 0 1 1 1 25
1 0 1 1 0 0 1 0 0 1 1 0 0 0 1 0 0 1 0 0 0 1 1 0 1 0 0 0 0 0 1 0 0 0 1 0 1 1 1 1 1 1 0 0 1 0 0 0 0 1 21
1 0 1 1 0 0 1 1 1 1 1 0 0 1 1 1 0 0 0 0 0 1 1 0 0 0 0 0 0 0 1 0 0 0 0 0 1 1 1 1 0 1 1 0 0 1 1 0 0 1 23
0 1 0 1 0 0 0 0 1 1 1 0 0 1 1 1 0 1 0 0 0 1 0 0 0 1 0 1 0 0 1 1 0 0 1 1 1 1 1 1 1 0 1 1 0 1 1 1 1 1 28
0 1 1 0 0 0 1 0 1 0 1 0 0 0 1 0 0 1 0 0 0 1 0 0 0 1 0 1 1 0 1 1 0 0 1 0 1 1 0 1 1 0 1 1 0 0 0 1 1 1 23
1 0 0 1 0 0 0 0 1 0 1 0 0 1 1 1 1 0 1 0 0 1 0 0 1 0 0 0 0 0 1 1 0 1 1 0 1 0 1 1 0 0 1 1 0 1 1 1 1 1 25
0 0 1 1 0 0 0 0 1 1 1 0 1 1 1 0 1 0 1 0 0 1 0 0 1 0 0 0 1 0 1 1 0 1 0 1 1 1 1 1 1 0 1 1 1 1 0 0 0 1 27
0 0 1 1 0 0 1 0 1 0 1 0 0 1 0 0 1 1 0 0 0 1 1 1 0 0 0 0 1 0 1 0 0 1 0 0 1 1 0 1 1 0 0 1 1 1 0 0 1 1 23
1 1 0 1 0 0 0 0 1 1 1 0 0 1 1 1 1 1 1 0 0 1 1 1 1 0 0 1 0 0 0 0 0 0 0 0 1 1 0 1 1 1 0 1 1 1 0 0 1 1 27
0 0 1 1 0 0 1 0 0 1 1 0 0 1 1 0 0 1 0 0 0 1 1 1 0 0 0 0 0 1 1 0 0 1 0 0 1 0 0 1 1 0 1 0 1 1 0 1 1 1 23
1 0 0 0 0 0 0 0 1 1 0 0 0 1 1 0 1 1 1 0 0 1 0 1 0 0 0 0 1 0 1 1 0 0 0 0 1 1 0 1 1 0 0 0 1 1 0 0 0 1 20
0 0 1 1 0 0 0 0 0 0 1 0 0 0 1 1 0 0 0 0 0 1 1 0 0 0 0 1 0 0 1 1 0 0 0 1 1 1 1 1 1 0 0 1 1 0 0 0 0 1 19
0 1 1 1 0 0 0 0 0 1 1 0 0 0 1 1 0 1 1 0 0 1 1 0 0 0 0 1 0 0 0 1 0 0 1 0 1 1 0 1 1 1 0 1 1 1 1 0 0 1 24
1 1 1 0 0 0 1 0 0 1 1 0 0 0 1 0 0 0 1 0 0 1 1 0 0 0 0 0 0 1 1 1 0 1 1 1 1 1 0 1 1 0 0 0 1 1 1 1 1 1 26
1 0 1 1 0 0 1 0 0 1 1 0 0 1 1 1 0 0 1 0 0 1 0 0 0 1 0 1 0 0 1 1 0 0 1 0 1 1 0 1 1 0 0 1 0 1 0 0 1 1 24
1 0 1 1 0 0 1 0 1 1 1 0 0 1 0 0 0 0 0 0 0 1 1 1 0 1 0 0 0 0 1 1 0 1 0 0 1 1 0 1 1 0 1 1 1 1 0 1 1 1 26
0 1 0 1 0 0 1 0 0 1 1 0 0 0 1 0 0 0 0 0 0 1 1 1 0 0 0 0 0 0 1 1 0 1 1 0 1 0 0 1 1 1 1 1 1 0 1 0 1 1 23
0 0 1 1 0 0 1 0 0 1 1 0 0 1 1 0 0 0 1 0 0 1 1 1 0 0 0 1 0 0 1 1 0 1 1 0 1 1 1 1 1 0 1 1 1 1 0 0 1 1 27
1 0 0 1 0 0 0 0 1 1 1 0 0 0 1 1 0 0 0 0 0 0 0 1 1 0 0 1 0 0 1 1 0 1 1 0 1 1 1 1 1 1 1 1 0 1 1 0 0 1 25
1 1 1 1 0 0 1 0 1 1 1 0 0 1 1 0 0 0 1 0 0 1 0 0 0 0 0 0 0 0 1 1 0 1 1 1 1 1 1 1 1 0 0 0 0 0 0 0 1 1 24
1 0 1 1 0 0 1 0 1 1 1 0 0 1 1 0 0 1 1 0 0 1 1 0 0 0 0 1 0 0 1 1 0 0 0 0 1 1 1 1 1 0 0 0 1 1 0 0 1 1 25
1 0 1 0 0 0 0 0 1 0 1 1 0 1 1 0 0 0 0 0 0 1 1 0 0 0 0 0 0 1 1 1 0 0 1 1 1 1 1 1 1 1 0 0 1 0 1 1 1 1 25
0 0 1 1 0 0 1 0 1 0 1 0 1 1 1 0 0 1 0 0 0 1 0 0 0 0 0 1 1 1 1 1 0 0 0 0 1 0 0 1 1 1 0 0 1 1 0 0 1 0 22
0 0 1 1 0 0 0 0 1 1 1 0 0 1 1 0 0 0 1 0 0 1 1 1 0 0 0 0 1 0 1 1 0 1 1 1 0 1 0 1 1 0 0 0 1 1 0 1 1 1 25
0 0 0 1 0 0 0 0 1 1 1 0 0 1 1 0 1 1 0 0 0 1 0 1 0 0 0 0 0 0 1 0 0 0 0 1 1 1 1 1 1 0 1 1 0 1 0 1 1 1 23
1 0 1 1 0 0 0 0 1 1 1 0 0 1 0 1 0 1 1 0 0 1 1 1 0 0 0 1 1 0 1 1 0 0 0 1 1 1 0 1 1 0 1 0 1 1 0 0 1 1 27
1 0 1 1 0 0 1 0 1 1 1 0 0 0 1 0 1 1 0 0 0 1 1 1 0 1 0 0 0 1 1 0 0 0 0 0 1 1 1 1 0 0 1 0 0 1 1 0 1 1 25
0 0 1 1 0 0 0 0 1 1 1 0 0 1 1 1 1 1 0 0 0 1 0 1 1 0 0 1 1 1 0 1 0 0 1 0 1 1 0 1 1 1 1 0 1 1 1 1 1 1 30
1 1 1 0 0 0 1 0 1 0 1 0 0 1 1 1 0 0 0 0 0 1 1 1 0 1 0 1 0 1 1 1 0 0 0 0 1 1 0 1 1 1 1 1 1 1 1 1 0 1 29
0 0 1 1 0 0 0 0 1 0 1 0 0 1 1 0 0 1 1 0 0 1 0 0 0 0 0 1 0 0 1 1 0 0 1 0 1 1 1 1 1 1 0 1 1 1 0 1 1 1 25
0 1 1 1 0 0 1 0 0 1 1 0 0 0 1 0 0 0 0 1 0 1 0 0 1 0 0 0 0 1 1 1 0 1 0 1 1 0 0 1 1 1 1 1 1 1 0 0 1 1 25
0 1 1 1 0 0 1 0 1 1 1 0 0 1 1 0 0 0 1 0 0 1 0 0 0 0 0 0 0 0 1 0 0 0 1 0 1 1 0 1 1 0 1 1 0 0 1 0 0 1 21
1 1 1 0 0 0 0 0 0 1 1 0 0 1 0 0 0 1 0 0 0 1 1 0 0 0 0 1 0 1 1 0 0 0 1 0 1 1 0 1 1 0 0 1 0 1 1 0 0 1 21
0 0 0 1 0 0 1 1 0 1 1 1 0 1 1 1 1 1 1 0 0 1 1 1 0 0 0 0 0 1 1 1 0 0 1 1 1 0 1 1 0 0 0 1 1 0 1 0 1 1 28
1 1 0 1 0 0 1 0 1 0 1 0 1 0 1 0 0 1 1 0 0 1 1 1 0 0 0 0 1 1 1 1 0 1 1 0 1 1 0 1 1 0 0 1 1 0 1 1 0 1 28
0 1 1 0 0 0 1 1 1 1 1 0 0 1 1 0 1 0 1 0 0 1 1 0 1 0 0 0 0 0 0 1 0 0 1 0 1 1 0 1 1 1 0 1 1 0 0 1 1 1 26
1 1 0 1 0 0 1 0 0 1 1 0 0 1 1 0 0 0 0 0 0 1 1 0 0 0 0 1 0 0 1 1 0 0 1 1 1 0 0 1 1 0 0 1 1 1 0 0 1 1 23
1 0 1 1 0 0 0 0 0 0 1 0 0 1 1 1 0 0 0 0 0 1 1 0 1 0 0 0 0 0 1 1 0 1 1 0 1 0 0 1 1 0 0 0 1 1 0 0 1 1 21
0 1 1 1 0 0 0 0 1 0 1 0 0 1 1 0 0 1 0 0 0 1 0 0 1 0 0 1 0 0 1 1 0 1 0 0 1 0 0 1 0 1 1 1 1 0 0 0 0 1 21
0 1 1 1 1 0 1 1 1 0 1 0 1 0 1 1 1 0 1 0 0 1 1 0 1 1 0 1 1 1 1 1 0 1 0 0 1 0 0 1 1 1 1 1 1 1 0 0 1 1 33
1 1 1 1 0 0 1 0 0 1 1 0 0 0 1 1 1 1 0 1 0 1 1 1 0 0 0 1 0 0 1 1 0 0 0 0 1 1 0 1 1 0 1 1 0 0 0 1 1 1 27
0 1 1 1 0 0 1 0 1 1 1 0 1 1 1 1 0 1 1 0 0 1 1 1 0 0 0 1 0 1 1 1 0 0 0 1 1 1 0 1 1 1 1 0 1 1 1 1 1 1 33
1 1 1 1 0 0 0 0 0 0 1 0 0 1 1 1 1 0 1 0 0 1 1 0 0 0 0 0 0 1 1 0 0 1 0 0 1 0 1 1 1 0 0 1 1 1 0 1 0 1 24
0 1 1 0 0 0 1 0 0 1 1 0 0 1 1 0 1 0 0 0 0 1 0 0 0 1 0 0 0 1 1 1 0 0 1 1 1 1 1 1 1 0 0 1 1 0 1 1 1 1 26
1 0 1 1 0 0 0 0 0 0 1 0 1 1 1 1 0 0 0 0 0 1 1 1 0 0 0 1 0 1 1 1 0 1 1 0 1 1 1 1 1 1 0 0 1 1 0 1 0 1 27
1 1 0 1 0 0 1 0 1 1 1 0 0 1 1 0 1 0 1 0 0 1 1 0 1 0 0 1 0 0 1 1 0 0 0 0 1 1 0 1 0 1 1 1 0 1 1 1 0 1 27
0 0 1 1 0 0 1 1 1 0 1 0 0 0 1 1 0 0 0 0 0 1 1 1 1 0 0 1 0 1 1 0 0 0 0 1 1 1 0 1 1 1 1 1 1 1 0 1 1 1 28
1 1 1 0 0 0 1 0 1 0 1 0 0 1 1 1 0 0 0 0 0 1 0 0 0 0 0 0 0 1 1 1 0 1 0 1 1 1 1 1 1 0 0 1 1 1 1 0 1 1 26
0 0 0 1 0 0 1 0 1 0 1 0 0 1 1 1 0 1 1 0 0 1 1 1 0 0 0 1 0 0 1 1 0 0 1 0 1 1 0 1 1 0 0 1 1 1 1 0 1 1 26
1 0 1 1 0 0 1 0 1 0 1 1 0 0 1 1 0 1 1 0 0 1 0 0 0 0 0 1 0 0 0 1 0 1 0 0 1 1 1 1 1 1 1 0 1 1 0 0 0 1 25
0 0 1 1 0 0 1 1 1 1 1 0 0 1 1 1 0 1 0 0 0 1 1 1 1 0 0 0 1 0 1 1 0 1 1 0 1 1 1 1 0 0 0 0 1 1 1 0 0 1 28
1 0 1 1 0 0 0 0 0 0 1 1 0 0 1 0 0 0 0 0 0 1 0 1 0 0 0 0 0 0 1 0 0 1 0 0 1 1 0 1 1 0 0 1 1 1 0 1 1 1 20
0 1 1 1 0 0 1 0 1 1 1 0 0 1 0 0 1 0 0 0 0 1 0 0 0 0 0 1 0 0 1 1 0 1 0 1 1 1 0 1 1 0 0 1 1 0 1 0 1 1 24
0 0 1 1 0 0 1 0 1 1 1 0 0 0 0 0 0 0 1 0 0 1 0 0 0 0 0 1 0 0 1 0 0 1 0 0 1 1 0 1 1 1 0 0 1 1 0 1 0 1 20
1 0 1 1 0 0 1 0 1 1 1 1 0 0 1 0 0 0 0 0 0 1 1 1 1 0 0 1 0 1 1 1 0 1 0 1 1 1 1 1 1 1 1 1 0 0 0 0 1 1 29
1 0 1 1 0 0 0 0 1 0 1 0 0 1 1 0 1 0 0 0 0 1 0 0 0 1 0 0 0 1 1 1 0 1 1 1 1 1 1 1 1 0 0 1 1 1 1 1 0 1 27
0 1 1 1 0 0 0 0 0 0 1 1 0 1 1 0 1 1 1 0 0 1 0 0 0 0 0 0 0 0 1 1 0 1 0 1 1 1 1 1 1 0 0 1 1 1 0 1 1 1 26
0 1 0 1 0 0 0 0 0 1 1 1 0 0 1 0 0 0 1 0 0 1 1 1 0 0 0 1 0 0 1 1 0 0 1 0 1 1 0 1 1 1 0 1 0 1 0 1 1 1 24
0 1 1 0 0 0 1 0 0 1 1 0 0 1 1 0 1 0 1 0 0 1 1 0 0 1 0 1 0 0 1 1 0 1 0 0 1 0 0 1 1 1 0 1 1 1 1 1 0 1 26
1 1 0 1 0 0 1 0 1 1 1 0 0 1 1 1 0 0 0 0 0 1 1 1 0 0 0 1 0 1 1 1 0 0 1 0 1 1 0 1 1 0 1 1 1 0 1 0 0 1 27
1 0 1 0 0 0 0 0 0 1 1 0 0 1 1 0 0 0 1 0 0 1 1 1 0 1 0 0 1 0 1 1 0 1 1 1 1 1 0 1 1 0 1 1 1 1 1 0 1 1 28
1 0 1 1 0 0 0 1 1 1 1 0 1 1 1 1 0 0 1 0 0 1 1 1 0 1 0 0 0 1 1 0 0 1 0 1 1 1 0 1 1 0 1 1 1 1 0 1 0 1 30
1 0 1 1 1 0 1 0 1 1 1 1 0 1 1 0 1 1 1 0 0 1 0 0 0 0 0 0 0 0 0 1 0 0 0 1 1 0 0 1 1 0 0 1 1 1 0 1 1 1 26
1 1 1 1 0 0 0 0 1 1 1 0 0 1 1 0 1 0 0 0 0 1 1 1 1 1 0 1 0 1 1 1 0 1 0 1 1 1 0 1 1 1 0 1 1 1 1 1 1 1 33
1 0 1 1 0 0 1 0 0 0 1 1 0 0 1 0 1 0 0 0 0 1 1 0 0 0 0 1 0 0 1 0 0 0 1 0 1 1 0 1 1 1 1 1 0 1 0 0 0 0 21
1 0 1 1 0 0 0 0 1 1 1 0 1 1 1 0 0 0 1 0 0 1 1 0 1 0 0 0 1 0 1 0 0 1 0 1 1 1 0 1 1 1 0 0 1 1 1 1 1 1 28
1 0 1 1 0 0 0 0 0 0 1 0 0 0 1 0 1 0 0 0 0 1 0 0 0 0 0 1 1 1 1 1 0 0 1 0 1 0 1 1 0 0 0 1 1 1 0 0 1 1 21
1 1 1 1 0 0 0 0 1 0 1 0 0 1 1 1 1 1 0 0 0 1 0 0 0 1 0 1 1 0 1 0 0 1 0 1 0 1 0 1 0 0 1 1 1 1 0 1 0 0 25
0 1 1 1 0 0 1 1 0 0 1 0 0 1 1 0 1 0 0 0 0 1 0 0 0 0 0 0 0 0 1 1 0 1 1 1 1 1 1 1 0 1 0 1 1 1 0 0 1 1 25
0 0 1 0 0 0 0 0 1 1 1 1 0 1 1 0 0 0 1 0 0 1 0 0 0 0 0 1 0 1 0 0 0 1 1 1 1 1 0 1 1 1 1 1 1 1 0 0 1 1 25
0 1 1 0 0 0 1 0 0 1 1 1 1 0 1 0 0 0 0 0 0 1 1 1 1 0 0 0 0 0 1 1 0 1 1 1 1 1 1 1 1 0 0 1 1 1 1 0 1 1 28
1 1 1 1 0 0 1 0 1 1 1 0 0 1 1 0 0 0 1 0 0 1 1 0 0 0 0 0 0 0 0 1 0 1 0 1 1 1 1 1 1 1 0 1 1 1 0 0 1 1 27
0 1 1 0 0 0 0 0 1 0 1 0 0 1 1 0 0 0 1 0 0 1 1 1 1 1 0 1 1 0 0 1 0 1 1 0 1 1 0 1 0 1 1 0 1 1 0 0 1 1 26
1 1 1 1 0 0 0 0 0 0 1 0 0 1 1 0 0 0 0 0 0 1 0 0 1 0 0 1 1 1 1 1 0 1 1 1 1 0 0 1 1 0 0 1 1 0 0 0 1 1 24
1 1 1 0 0 0 1 0 1 1 1 0 0 1 1 0 0 0 1 0 0 1 0 0 1 0 0 1 1 0 1 1 0 1 1 0 1 1 1 1 1 0 1 0 1 1 0 1 0 1 28
0 0 1 1 0 0 0 0 0 1 0 0 0 0 1 0 1 0 1 0 0 1 1 1 1 0 0 0 0 0 1 0 0 1 0 0 1 1 1 1 1 0 0 1 1 1 0 0 0 0 20
1 0 1 1 0 0 1 1 0 1 1 0 0 1 1 0 0 1 1 0 0 1 1 0 0 0 0 0 0 0 1 1 0 1 0 0 0 0 0 1 1 1 0 0 1 1 1 1 1 1 25
1 1 1 0 0 0 0 0 0 0 1 0 0 0 1 1 1 0 1 0 0 1 0 1 0 0 0 1 1 1 1 1 0 1 1 1 1 1 0 1 0 1 1 1 1 1 0 0 0 1 27
1 1 0 1 0 0 1 0 0 1 1 0 0 1 1 1 1 0 0 0 0 1 0 0 0 1 0 1 1 0 0 0 0 1 1 0 1 1 1 0 1 1 1 0 1 0 0 0 0 1 24
1 0 1 1 0 0 1 1 0 0 1 0 0 1 1 1 0 0 0 0 0 1 0 1 0 0 0 0 0 0 1 1 0 1 0 0 0 0 0 1 1 1 1 1 1 0 0 1 1 1 23
0 0 1 0 0 0 0 0 0 1 1 0 0 0 1 1 1 1 0 0 0 1 1 0 1 0 0 0 0 0 1 0 0 1 1 1 1 1 0 0 1 0 1 1 1 1 0 1 1 1 24
1 1 1 1 0 0 0 0 1 0 1 0 0 1 1 0 0 1 1 0 0 1 1 1 0 0 0 1 0 1 1 1 0 0 1 1 1 1 1 1 1 0 0 0 1 1 0 1 0 1 28
1 1 1 1 0 0 1 0 0 1 1 0 0 1 1 1 0 0 1 0 0 1 1 0 0 0 0 0 0 0 1 0 0 0 1 1 1 1 0 1 1 0 0 0 1 0 1 1 0 1 24
0 0 1 1 0 0 0 0 0 1 1 0 1 1 1 0 0 0 1 1 0 1 1 0 0 1 0 1 0 0 1 0 0 1 0 0 1 0 1 1 1 1 1 0 0 1 0 1 1 1 25
1 0 0 0 1 0 0 1 1 1 1 1 0 1 1 1 0 1 1 0 0 1 1 0 0 0 0 0 0 0 0 1 0 0 1 0 1 1 0 1 1 0 0 0 0 1 0 0 0 1 22
0 0 1 0 0 1 0 0 1 0 1 0 0 1 0 0 0 1 1 0 0 1 1 1 0 1 0 0 0 0 1 0 0 0 1 1 1 0 0 1 1 0 0 1 1 1 0 1 1 1 23
1 0 1 1 0 0 0 0 0 1 1 0 0 1 1 0 0 1 0 0 0 1 1 0 0 0 0 0 1 0 0 0 0 0 0 1 1 1 0 1 1 1 1 1 1 1 0 1 1 1 24
1 0 1 1 0 0 0 1 0 0 1 0 0 1 1 0 0 1 1 0 0 1 1 1 1 1 0 1 0 0 0 1 0 0 1 1 1 1 1 1 0 0 0 0 1 1 0 1 1 1 27
0 1 0 1 0 0 1 0 0 1 1 0 0 1 1 1 0 1 1 0 0 1 0 0 0 0 0 1 1 1 1 0 0 1 1 0 1 1 1 1 1 0 0 1 0 0 0 1 0 1 25
1 0 1 0 0 0 1 1 0 0 1 0 0 1 1 0 1 0 0 0 0 1 0 0 0 1 0 0 0 0 1 1 0 1 0 1 1 1 0 1 1 0 0 1 1 1 1 1 0 1 24
0 1 1 1 0 0 0 1 1 1 1 0 0 0 1 0 0 1 0 0 0 1 1 0 1 0 0 0 0 0 1 1 0 0 1 0 1 0 0 1 1 0 1 1 1 0 1 0 0 1 23
0 1 1 0 0 0 0 0 1 1 1 0 0 1 1 0 0 0 0 0 0 1 1 0 1 1 0 0 0 1 1 1 0 0 1 1 1 0 0 1 1 1 1 0 1 1 1 1 0 1 26
0 0 1 1 0 0 0 0 0 0 1 0 0 1 1 1 0 0 0 0 0 1 1 1 1 0 0 0 0 1 1 1 0 0 0 0 1 1 0 1 0 0 1 1 0 0 0 1 1 1 21
0 0 1 0 0 0 0 0 0 1 1 0 0 1 1 0 0 0 1 0 0 1 0 0 1 0 0 1 0 0 1 1 0 1 0 1 1 1 0 1 1 1 1 0 0 1 0 0 1 1 22
1 0 1 1 0 0 1 1 1 0 1 0 1 1 1 0 0 0 1 0 0 1 1 1 1 1 0 1 0 0 1 1 0 1 1 1 1 0 1 1 1 1 1 0 1 1 1 1 0 1 33
1 1 1 1 0 0 1 0 0 1 1 0 0 0 1 0 0 1 0 0 0 1 1 1 1 0 0 0 1 1 1 1 0 1 0 0 1 1 0 1 1 0 0 1 0 1 1 0 0 0 25
1 0 1 0 0 0 1 0 0 1 1 0 0 1 1 1 1 1 0 0 0 1 1 1 1 0 0 0 0 1 1 1 0 1 0 0 1 1 0 1 0 1 0 1 1 1 1 0 1 1 28
0 1 1 1 0 0 1 0 0 1 1 0 0 0 1 0 1 1 0 0 0 1 0 1 0 1 0 1 0 1 1 0 0 1 1 0 1 1 0 1 1 1 1 0 0 1 0 0 1 1 26
0 0 1 1 0 0 1 1 0 1 1 0 1 1 1 1 0 0 0 0 0 1 1 1 0 0 0 1 0 0 1 1 0 1 0 0 1 1 0 1 1 1 1 1 1 1 0 1 0 1 28
1 1 1 1 0 0 0 0 0 0 0 0 0 0 1 0 0 0 0 0 0 1 1 0 1 0 0 1 0 0 0 1 0 1 1 0 1 1 0 1 1 0 0 1 1 1 0 1 1 1 22
0 0 1 1 0 0 0 0 0 0 1 0 0 1 1 0 0 0 1 0 0 1 1 0 0 0 0 1 0 0 0 1 0 0 1 1 1 1 1 1 0 0 1 1 1 0 1 0 1 1 22
1 0 1 1 0 0 0 0 0 0 1 0 1 1 1 1 1 1 0 0 0 1 1 1 0 0 0 1 1 0 1 1 0 0 0 0 1 1 0 1 1 0 1 1 1 1 0 1 1 1 28
0 0 1 1 0 0 0 0 1 0 1 0 0 1 1 1 0 0 1 0 0 1 0 0 1 0 0 1 0 0 0 1 0 1 1 1 1 0 0 1 1 0 0 1 1 0 0 0 0 1 21
1 0 0 1 0 0 0 1 0 1 1 0 1 0 1 0 0 0 1 0 0 1 1 0 0 0 0 1 0 0 0 1 0 0 1 0 1 1 0 1 1 1 0 0 1 1 1 0 0 1 22
0 0 1 0 0 0 1 0 1 0 1 0 0 0 1 1 0 1 0 0 0 1 1 1 0 0 0 1 0 0 1 0 0 1 0 0 1 1 1 1 1 1 1 1 1 0 0 1 1 1 25
1 0 0 0 0 0 0 0 0 1 1 0 0 1 1 0 0 0 1 0 0 1 1 0 1 0 0 0 0 0 1 1 0 1 1 0 1 1 0 1 1 0 0 1 0 0 0 1 1 1 21
1 0 1 0 0 0 0 0 0 1 1 0 1 1 1 1 0 0 0 0 0 1 0 0 1 0 0 0 0 0 0 0 0 1 1 0 1 1 1 1 1 0 0 1 1 1 0 0 1 1 22
1 0 1 1 0 0 1 1 1 0 1 0 0 1 1 0 0 1 0 0 0 1 1 0 0 0 0 1 0 0 1 1 0 0 0 1 1 0 0 1 1 1 1 1 1 1 1 0 1 1 27
0 0 1 1 0 0 1 0 0 1 1 0 0 1 1 0 0 0 1 0 0 1 0 0 1 1 0 0 0 0 1 0 0 1 0 1 1 1 1 1 1 0 0 0 1 1 0 1 0 1 23
1 1 1 1 0 0 1 0 0 1 1 0 0 0 1 0 1 0 0 1 0 1 1 1 0 1 0 1 0 1 0 0 0 1 0 0 1 0 0 1 0 0 1 1 0 1 0 0 1 1 24
1 0 1 1 0 0 1 0 0 1 1 0 1 1 1 0 0 0 1 0 0 1 1 0 0 1 1 0 1 0 1 1 0 0 0 0 1 0 0 1 1 0 1 1 1 1 0 1 1 1 27
1 0 1 1 0 0 1 0 1 0 1 0 0 1 1 0 0 1 0 0 0 1 1 0 0 0 0 0 0 1 1 1 0 1 0 1 1 1 0 1 1 1 1 0 1 1 0 1 0 1 26
1 0 1 1 0 0 0 1 0 1 1 0 0 0 1 0 1 0 0 0 0 1 0 0 0 0 0 0 0 1 1 1 0 0 0 0 1 1 0 1 1 1 0 1 1 1 0 1 0 1 22
1 0 1 1 0 0 0 1 0 0 1 0 0 1 1 0 0 0 0 0 0 1 1 0 0 0 0 1 0 0 1 0 0 0 0 1 1 1 0 1 1 0 1 0 1 1 0 1 1 1 22
0 0 1 1 0 0 1 0 0 0 1 0 0 1 1 0 1 0 0 0 0 1 0 1 0 0 0 0 0 1 1 1 0 0 1 1 1 0 0 1 1 0 1 1 0 1 0 0 1 1 22
1 0 0 0 0 0 1 0 1 1 1 0 0 1 1 0 0 0 0 0 0 1 1 0 1 0 0 0 0 1 1 1 0 0 0 1 1 0 0 1 1 0 0 1 1 1 0 0 1 1 22
1 0 1 1 0 0 0 0 1 1 1 0 0 1 1 0 0 1 1 1 0 1 1 1 0 0 0 1 0 0 1 1 0 1 0 0 1 1 0 1 1 1 0 0 1 1 0 0 1 1 27
0 0 1 1 0 0 0 0 0 0 1 0 0 1 1 0 0 0 0 0 0 1 1 1 0 0 0 0 0 1 1 0 0 1 0 0 1 1 1 0 1 0 1 1 1 1 1 0 1 1 22
0 0 1 1 0 0 1 0 0 0 1 0 0 0 1 0 1 0 1 0 0 1 0 1 0 1 0 0 0 0 1 1 0 0 1 0 1 1 0 1 1 1 0 1 1 1 0 1 1 1 24
1 0 1 1 0 0 1 0 1 1 1 0 1 1 1 1 0 0 0 0 0 1 1 0 1 1 0 0 0 0 1 0 0 1 1 1 1 0 0 0 1 0 0 0 1 1 1 1 1 1 27
1 1 0 0 0 0 1 0 0 1 1 0 0 1 1 1 0 1 1 0 0 1 0 0 0 1 0 0 0 1 1 0 0 1 1 0 1 1 0 1 1 0 0 1 1 1 0 0 1 1 25
1 1 1 1 0 0 0 1 0 0 1 0 1 1 1 1 1 0 1 0 0 1 1 0 1 0 0 1 1 0 1 1 0 1 0 1 1 0 1 1 1 0 1 0 1 1 1 0 1 1 31
0 0 1 1 0 0 0 0 0 0 1 0 0 0 1 0 1 1 0 0 0 1 0 1 0 0 0 1 1 0 0 1 0 1 0 0 1 1 1 1 0 0 1 0 1 0 0 1 1 1 21
1 0 1 0 0 0 1 0 0 1 1 1 0 0 1 0 1 0 0 0 0 1 1 1 0 0 0 0 0 0 1 0 0 1 0 1 1 1 0 1 1 0 1 0 1 1 0 1 0 1 23
0 0 0 0 0 0 0 0 1 0 1 0 0 1 0 0 0 0 1 0 0 1 0 0 0 0 0 1 0 0 1 1 0 1 1 0 1 1 0 1 1 0 1 0 1 0 1 1 1 1 20
1 1 1 1 0 0 1 1 1 1 1 0 0 1 1 1 0 0 1 0 0 1 0 0 1 0 0 1 0 0 1 1 0 1 0 1 1 1 0 1 1 0 0 1 1 0 1 0 1 1 29
0 0 0 1 0 0 1 0 0 1 1 0 0 0 1 1 0 0 1 0 0 1 0 0 0 0 0 1 0 1 1 1 0 1 0 0 1 1 0 1 1 1 0 0 1 1 0 1 1 1 23
1 1 0 0 0 0 1 0 0 0 1 1 0 0 1 1 1 0 1 0 0 1 0 0 0 0 0 1 0 0 1 1 0 0 1 0 1 1 0 1 1 1 1 0 1 1 1 0 1 1 25
0 1 1 1 0 0 1 0 1 1 1 0 0 1 1 0 0 1 1 0 0 1 1 0 0 0 0 0 1 0 1 1 0 0 0 1 1 0 1 1 1 0 1 1 1 1 0 1 0 1 27
1 1 1 1 0 0 1 0 1 1 1 0 0 1 1 0 1 0 1 0 0 1 1 1 1 0 0 1 0 0 1 0 0 0 0 0 0 1 1 1 1 0 0 1 0 1 0 1 1 1 27
1 0 0 1 0 0 1 0 1 1 1 0 0 1 1 0 0 1 0 0 0 1 0 0 1 1 0 0 1 0 1 1 0 0 1 1 1 1 1 1 1 1 1 1 1 0 0 1 1 1 29
1 1 1 1 0 0 1 0 1 1 1 0 0 1 1 1 0 0 1 0 0 1 1 0 0 0 0 0 0 0 1 1 0 1 0 0 1 1 0 1 1 1 0 1 1 1 0 0 1 1 27
1 0 0 1 0 0 1 1 1 0 1 1 0 1 1 1 0 0 1 0 0 1 0 0 0 0 0 0 0 0 1 0 0 1 1 0 1 1 0 1 1 0 0 1 1 1 0 0 1 1 24
0 1 1 0 0 0 1 0 0 1 1 0 0 0 1 1 0 0 1 0 0 1 0 0 0 1 0 0 0 0 1 1 0 0 0 0 1 1 0 1 0 0 1 1 0 1 1 1 1 1 22
1 0 1 1 0 0 1 0 1 0 1 0 1 1 1 0 1 1 1 0 0 1 1 0 0 0 0 1 0 1 0 1 0 0 1 1 1 1 0 1 0 1 0 0 1 1 0 1 0 1 27
1 0 0 1 0 0 0 0 0 0 1 0 1 1 1 0 0 0 1 0 0 1 1 1 1 1 0 1 1 1 1 1 0 1 1 1 1 0 0 1 1 0 0 1 1 1 0 0 0 1 27
0 0 1 1 0 0 0 0 0 1 1 0 1 0 1 1 0 0 1 0 0 1 1 0 0 0 0 0 0 0 1 0 0 1 0 1 1 1 0 1 1 1 0 1 1 1 1 1 1 1 25
0 1 1 1 0 0 0 0 0 0 1 0 0 1 1 0 1 0 1 0 0 1 0 0 1 1 0 1 0 0 1 0 0 1 0 0 1 1 0 1 1 0 0 1 1 1 1 1 0 1 24
1 1 0 1 0 0 0 0 1 0 1 0 1 1 1 0 0 1 1 0 0 1 0 1 0 0 0 1 1 0 1 0 0 1 0 0 1 1 0 1 1 0 0 0 1 0 0 0 0 1 22
0 1 1 1 0 0 1 0 0 1 1 0 0 1 1 0 0 0 1 0 0 1 1 0 0 0 0 1 0 0 1 0 0 1 1 0 1 1 0 1 1 0 1 1 1 0 1 1 1 1 26
1 1 1 1 0 0 1 0 1 1 1 0 0 1 1 0 1 1 1 0 0 1 0 0 0 0 0 0 0 0 1 1 0 1 1 0 1 0 1 1 1 1 0 1 1 1 0 0 1 1 28
0 0 1 1 0 0 0 0 1 0 1 0 0 0 1 0 0 1 1 0 0 1 1 0 0 0 0 0 0 0 1 0 0 1 1 1 1 1 0 1 1 1 1 0 1 1 1 1 1 1 25
1 0 1 1 0 0 0 0 0 0 1 0 0 1 1 1 0 1 0 0 0 1 0 0 0 0 0 0 0 0 1 1 0 1 1 0 1 1 1 1 1 0 0 0 1 1 0 1 1 1 23
1 1 1 1 0 0 1 0 1 1 1 0 0 0 1 0 0 0 0 0 0 1 1 0 0 0 0 0 0 0 1 1 0 1 0 0 1 1 1 1 1 0 1 1 0 0 0 1 1 1 24
0 0 0 1 0 0 0 0 0 0 1 0 0 1 1 0 0 0 0 0 0 1 1 0 0 1 0 0 0 0 1 1 0 1 1 0 1 1 1 1 1 0 0 1 1 1 1 0 1 1 22
0 1 1 1 0 0 0 0 1 1 1 0 0 0 1 0 0 0 0 0 0 1 1 0 0 0 0 0 0 0 1 1 0 1 0 0 1 1 0 1 0 0 0 1 1 1 0 1 0 1 20
0 0 1 0 0 0 0 0 0 1 1 0 0 1 1 0 0 0 0 0 0 1 0 0 0 0 0 1 1 0 1 0 0 1 1 0 1 1 0 1 1 1 0 0 1 0 1 1 0 1 20
0 0 1 1 0 0 1 1 1 1 1 0 1 1 1 0 0 1 1 0 0 1 1 0 0 0 0 1 0 0 1 1 0 0 1 0 1 1 0 1 1 1 1 0 1 1 0 0 1 1 28
1 1 1 0 0 0 1 1 0 1 1 0 0 1 0 0 0 0 0 0 0 1 1 1 0 0 0 1 0 1 1 1 0 1 0 0 1 0 0 1 1 0 0 1 0 0 0 1 0 1 22
1 1 1 0 0 0 0 0 1 1 1 1 0 1 1 0 1 0 0 0 0 1 1 0 0 0 0 1 0 1 1 1 0 1 1 0 1 1 1 1 1 0 0 0 1 1 1 1 0 0 27
0 1 1 1 0 0 1 0 0 1 1 0 0 1 1 0 1 0 1 0 0 1 1 0 0 0 0 1 0 0 1 0 0 1 1 1 1 1 0 1 1 0 1 1 1 1 1 1 0 1 28
0 0 0 1 0 0 1 0 1 1 1 0 0 1 1 1 0 0 0 0 0 1 1 0 0 1 0 0 1 0 1 1 0 1 1 0 1 1 1 1 1 0 1 1 1 1 1 0 0 1 27
0 0 1 1 0 0 0 0 0 1 1 0 0 1 1 0 1 0 1 0 0 1 1 1 0 0 0 1 0 0 1 1 0 1 1 1 1 0 0 1 1 0 0 1 1 1 0 0 0 1 24
1 0 1 0 0 0 1 0 1 1 1 0 0 1 1 1 0 0 0 0 0 1 1 1 0 0 0 1 1 0 1 0 0 1 1 0 1 1 0 1 1 0 0 0 1 0 0 0 0 1 23
1 1 1 1 0 0 0 0 1 1 1 0 0 1 1 1 0 1 0 0 0 1 1 0 1 1 0 0 0 1 1 0 0 1 0 0 1 0 0 1 1 1 1 1 1 1 1 0 1 0 28
1 0 1 0 0 0 1 0 0 1 1 0 0 1 0 1 0 1 1 0 0 1 0 1 0 0 0 0 0 0 1 1 0 1 1 0 1 1 0 1 1 0 0 1 1 1 0 1 0 1 24
1 1 1 1 0 0 0 0 0 1 1 1 0 0 1 0 1 0 0 0 0 1 1 0 0 0 0 1 0 1 0 0 0 0 0 1 1 1 0 1 1 0 0 0 1 1 0 1 1 1 23
1 1 1 1 0 0 0 0 0 1 1 0 0 1 1 0 0 1 1 0 0 1 1 0 0 0 0 0 0 0 1 1 0 1 0 0 1 1 0 1 1 0 1 0 0 1 0 1 1 0 23
1 0 1 1 0 0 1 0 0 1 1 0 0 0 1 0 0 0 1 0 0 1 1 0 0 0 0 0 0 0 0 1 0 1 0 1 1 1 0 1 1 0 1 0 1 1 1 1 1 1 24
1 0 1 1 0 0 1 0 0 1 1 0 0 1 1 1 1 0 0 0 0 1 0 0 0 0 0 1 0 1 1 1 0 0 0 0 1 1 0 1 1 0 0 0 1 0 1 1 1 1 24
1 1 0 1 0 0 0 0 1 0 1 0 0 1 1 0 1 1 0 0 0 1 1 0 1 0 0 0 0 0 0 1 0 0 0 1 1 1 1 1 1 1 0 0 1 1 0 0 0 1 23
0 1 1 1 0 0 0 0 1 1 1 0 0 1 1 0 0 1 0 0 0 1 0 0 0 0 0 1 0 1 0 1 0 1 1 1 0 1 1 1 1 0 0 0 1 1 1 1 1 1 26
1 1 0 1 0 0 0 0 0 1 1 0 0 1 1 0 1 0 0 0 0 1 0 0 0 0 0 1 0 0 1 1 0 1 1 1 1 0 1 1 1 0 0 1 1 0 0 0 0 1 22
1 0 1 1 0 0 1 0 0 1 1 1 0 1 1 0 0 0 1 0 0 1 1 1 0 0 0 0 0 0 1 1 0 1 0 0 1 1 0 1 1 0 1 0 1 1 1 0 1 1 26
0 1 1 1 0 0 1 1 0 0 1 0 0 1 1 0 0 0 0 0 1 1 1 0 0 0 0 1 0 0 0 1 0 1 0 0 1 1 0 1 1 0 1 1 1 1 1 1 1 1 26
1 1 1 1 0 0 1 0 1 0 1 1 0 1 1 1 1 1 0 0 0 1 1 0 0 0 0 1 1 1 1 1 0 0 0 0 1 1 1 1 1 0 0 0 1 1 0 1 1 0 29
1 1 1 1 0 0 1 1 0 1 1 0 0 1 1 0 1 1 0 0 0 1 1 0 0 1 0 0 1 0 1 1 0 0 1 0 0 1 1 1 1 1 0 0 1 1 1 1 0 1 29
1 0 1 1 0 0 1 0 1 1 1 0 0 0 0 0 0 0 0 0 0 1 1 0 0 0 0 0 0 1 1 0 0 1 0 1 1 1 1 1 1 0 0 1 1 1 0 1 1 1 24
1 0 1 1 0 0 1 0 1 1 1 0 1 1 1 0 0 0 0 0 0 1 1 0 0 0 0 0 0 0 1 1 0 1 1 1 1 0 1 1 1 1 0 0 1 0 1 0 1 1 26
0 0 1 1 0 0 1 1 0 1 1 0 1 1 1 0 1 0 1 0 0 1 0 1 0 1 0 1 0 1 1 1 0 1 1 0 1 0 0 1 1 0 0 0 0 1 0 0 1 0 25
1 1 1 1 1 0 0 1 1 1 1 1 0 1 1 1 1 0 1 0 0 1 0 0 0 1 0 1 1 0 1 1 0 1 1 1 1 1 1 1 1 0 1 1 1 1 0 1 0 1 35
0 0 1 1 0 0 1 0 1 1 1 0 0 0 1 1 0 1 0 0 0 1 1 0 0 0 0 1 0 0 1 1 1 1 1 0 1 1 1 1 1 1 1 1 1 1 0 0 1 1 29
0 1 1 1 0 0 0 1 0 1 1 1 0 1 0 0 0 1 1 0 0 1 1 0 0 0 0 1 1 0 1 1 0 1 1 0 1 1 0 1 1 0 0 1 1 0 0 0 0 1 25
1 0 1 1 0 1 1 1 0 0 1 0 0 1 1 0 0 0 0 0 0 1 1 1 0 0 0 0 1 0 1 1 0 1 1 0 1 0 1 1 1 0 1 1 1 0 1 0 1 1 27
1 1 1 1 0 0 0 0 1 0 1 0 0 1 1 0 1 0 0 0 0 1 0 0 1 0 0 0 0 0 1 0 0 0 1 0 1 1 1 1 1 0 1 1 1 1 0 0 1 1 24
0 1 1 1 1 0 1 1 0 0 1 0 0 0 1 0 0 0 1 0 0 1 1 0 0 0 0 1 0 0 1 1 0 0 0 0 1 1 1 1 1 0 1 1 1 1 1 0 1 1 26
0 1 1 1 0 0 0 0 0 1 1 0 0 1 1 0 0 0 1 0 0 1 1 1 0 0 0 0 0 1 0 1 0 1 1 1 1 1 1 1 1 0 1 0 1 1 0 0 1 1 26
0 1 1 1 0 0 0 1 0 0 1 0 0 1 1 0 0 1 1 0 0 1 0 1 0 0 0 1 0 0 1 1 0 1 1 1 1 0 0 1 1 1 0 1 1 1 1 1 1 1 28
1 1 1 1 0 0 0 0 0 1 1 0 0 1 1 0 1 1 0 0 1 1 1 0 1 0 0 1 0 1 1 1 0 1 1 1 1 1 1 1 1 0 0 1 1 1 0 1 1 1 32
0 1 1 1 0 0 1 0 1 1 1 0 0 0 1 0 0 0 1 0 0 1 0 0 1 1 0 1 0 0 1 1 0 1 0 0 1 1 1 1 1 1 0 1 1 0 0 1 0 1 26
0 1 1 1 0 0 1 0 1 0 1 0 0 1 1 0 0 1 1 0 0 1 1 0 0 0 0 0 0 1 0 1 0 1 0 0 1 1 0 1 1 0 1 0 1 1 1 1 1 1 26
1 1 1 0 0 0 1 0 1 1 0 0 0 0 1 0 0 0 1 0 0 1 1 1 0 0 0 0 0 1 0 1 0 1 1 1 1 0 0 1 1 0 0 0 1 1 0 0 1 1 23
0 1 1 1 0 0 0 0 0 1 1 0 0 1 1 1 0 0 1 0 0 1 0 0 0 0 0 1 0 0 1 1 0 1 0 1 1 1 0 1 1 0 0 0 1 0 1 0 0 1 22
1 1 1 0 0 0 0 0 0 1 1 0 0 1 1 0 1 0 0 0 0 1 0 0 0 0 0 0 0 0 1 1 0 0 1 0 1 1 0 1 0 0 1 0 1 1 1 0 0 1 20
0 1 1 1 0 0 1 0 0 1 1 0 0 1 1 1 0 0 0 0 0 1 1 1 0 0 0 0 0 0 1 1 0 1 1 1 1 1 0 1 1 1 1 1 0 1 0 1 1 1 28
0 0 1 1 0 0 1 0 1 0 1 0 0 0 1 0 0 0 1 0 0 1 1 0 0 1 0 1 0 1 1 1 0 1 1 0 1 1 0 1 1 1 0 1 1 1 0 1 0 1 26
0 1 1 0 0 0 0 1 0 0 1 0 0 1 1 1 0 1 1 0 0 1 1 0 0 0 0 0 0 0 0 1 0 1 0 0 1 0 0 1 1 0 1 1 1 1 0 1 1 1 23
1 1 1 1 0 0 1 0 0 1 1 0 0 0 1 1 0 0 1 0 0 1 1 0 0 0 0 1 0 1 0 1 0 0 1 1 1 1 1 1 1 0 1 1 1 0 0 1 0 0 26
1 0 1 1 0 0 1 0 0 1 1 0 0 1 1 1 1 1 0 0 0 1 0 1 0 1 0 0 1 1 1 0 0 1 1 0 1 1 0 1 1 1 0 0 0 1 1 0 1 1 28
0 0 0 1 0 0 1 0 1 1 1 0 0 1 1 0 1 0 1 0 0 1 0 0 0 0 0 0 0 0 1 1 0 0 0 1 1 1 1 1 0 0 0 1 1 1 0 1 0 1 22
1 1 1 1 0 0 1 1 1 1 1 0 0 1 1 0 0 0 0 0 0 1 0 1 0 0 0 0 1 0 1 1 0 1 1 0 1 0 1 1 1 1 0 1 1 1 0 1 0 1 28
1 0 1 1 0 0 0 0 1 1 1 1 0 0 1 0 0 0 0 0 1 1 1 0 0 0 0 1 0 0 1 1 0 1 0 0 1 1 1 1 1 0 0 0 1 0 1 1 1 1 25
1 1 1 1 0 0 0 0 0 0 1 0 0 1 1 0 0 0 0 0 0 1 1 0 0 0 0 0 0 0 1 1 0 1 1 1 0 1 0 1 1 0 0 1 1 1 0 0 0 1 21
1 1 1 1 0 0 0 0 1 1 1 0 0 0 1 0 0 0 1 0 0 1 0 0 0 1 0 1 0 1 1 0 0 0 0 0 1 1 0 1 1 0 0 1 1 0 0 0 1 1 22
0 1 1 0 0 0 0 0 0 1 1 0 0 0 1 1 0 0 0 0 0 1 1 0 0 0 0 0 1 1 0 1 0 1 1 0 1 1 1 1 1 1 0 0 1 0 1 1 1 1 24
1 1 1 1 0 0 0 0 0 0 1 0 0 1 0 1 0 0 1 0 0 1 0 0 0 0 0 0 0 0 1 1 0 1 0 1 1 1 1 1 0 0 0 1 1 1 0 0 1 1 22
1 0 1 0 0 0 1 0 0 1 1 0 0 1 1 0 1 0 1 0 0 1 1 0 0 1 0 0 0 0 0 1 0 0 0 1 1 1 1 1 1 0 1 0 1 1 0 1 1 1 25
1 1 1 1 0 0 1 0 0 1 1 0 0 1 1 0 1 0 0 0 0 1 1 0 1 0 0 1 0 1 1 0 0 0 1 1 1 1 0 1 1 1 0 1 1 1 0 1 1 1 29
0 0 1 1 0 0 0 1 1 1 1 0 0 0 1 1 1 1 0 0 0 1 1 1 0 0 0 0 0 0 1 1 0 1 1 0 1 1 0 1 1 0 0 1 1 1 0 1 1 1 27
1 0 1 0 0 0 1 0 0 1 1 0 1 0 1 1 0 1 1 0 0 1 1 1 0 0 0 1 1 1 1 1 0 0 1 1 1 1 0 1 1 0 0 1 1 1 0 0 1 1 29
0 1 0 1 0 0 0 1 1 1 1 0 0 1 1 0 0 1 1 0 0 1 1 1 0 0 0 0 0 0 0 1 0 0 1 1 1 1 1 1 1 0 1 0 1 1 0 1 0 1 26
0 1 1 0 0 1 0 0 1 1 1 0 0 1 1 0 0 0 1 1 0 1 1 0 0 0 0 0 1 1 1 0 0 1 1 1 1 1 1 1 1 1 1 0 1 1 0 0 1 1 29
1 0 1 1 0 0 1 0 0 1 1 1 1 0 1 0 0 0 0 0 0 1 1 0 0 0 0 1 0 1 1 1 0 1 1 0 1 1 0 1 1 1 0 0 1 1 0 1 1 1 27
0 1 1 1 0 0 1 1 0 1 1 0 0 0 1 1 0 0 1 0 0 1 0 0 1 0 0 1 1 0 1 0 0 0 1 0 1 1 1 1 0 1 1 0 1 1 1 1 1 1 28
0 0 0 1 0 0 0 0 0 1 1 0 0 1 0 1 0 1 0 0 0 1 1 0 0 0 0 1 0 0 1 1 0 1 1 1 1 1 0 1 1 0 1 0 1 1 0 0 0 1 22
0 0 1 1 0 0 1 0 0 1 1 0 0 0 1 1 0 1 1 0 0 1 0 1 0 0 0 1 0 0 1 0 0 1 1 1 1 1 1 0 1 0 1 1 1 1 1 1 1 1 28
0 1 0 0 1 0 0 0 1 0 1 0 0 1 1 0 1 0 0 1 0 1 0 0 0 0 0 0 0 1 1 1 0 0 0 0 1 1 0 1 1 1 0 0 1 1 0 1 0 1 21
1 0 1 1 0 0 1 0 0 1 1 1 0 1 1 0 1 0 1 0 0 1 1 1 0 0 0 0 0 1 1 0 0 0 0 0 1 0 0 1 1 0 1 1 0 1 0 0 1 1 24
1 1 1 1 0 0 1 0 1 0 1 0 0 1 1 0 0 0 0 0 0 1 0 1 0 1 0 0 0 0 1 1 0 1 1 1 1 1 0 1 1 1 1 1 1 1 1 0 1 1 29
1 0 1 1 0 0 0 0 0 1 1 1 0 0 1 1 0 0 1 0 0 1 0 0 0 0 0 0 0 1 1 1 0 0 1 0 1 1 0 1 1 0 0 1 0 1 0 1 0 1 22
1 1 1 1 0 0 0 0 1 1 1 0 0 0 1 1 1 0 0 0 0 1 1 1 0 0 0 1 0 0 1 1 0 1 0 0 1 1 0 1 1 0 0 0 1 0 0 1 1 0 24
1 1 1 1 0 0 0 0 0 0 1 0 0 1 1 0 1 1 1 0 0 1 0 1 0 0 0 0 1 1 0 1 0 0 0 0 1 1 0 1 1 0 1 1 1 1 1 0 1 1 26
1 0 1 1 0 0 1 0 0 0 1 0 0 0 1 1 0 1 0 0 0 1 0 1 0 0 0 0 0 0 1 1 0 1 1 1 1 1 0 1 1 0 0 1 1 1 0 1 0 0 23
1 1 1 0 0 0 0 0 1 0 1 0 0 1 1 0 1 0 0 0 0 1 0 0 1 1 0 1 1 1 1 1 0 1 0 1 1 1 1 1 1 0 0 1 0 0 1 0 1 1 27
1 1 1 1 0 0 0 1 0 0 1 1 1 0 1 0 0 0 1 0 0 1 1 0 1 0 0 0 0 0 1 0 0 1 1 0 1 1 1 1 1 0 1 0 1 0 0 1 1 1 26
0 0 1 0 0 0 1 0 1 1 1 1 0 1 1 1 0 0 0 0 0 1 1 1 0 0 0 0 0 0 1 1 0 1 0 0 1 1 1 1 1 0 0 1 1 1 0 0 1 1 25
0 1 1 1 0 0 0 0 0 1 1 0 0 0 1 0 0 0 1 0 0 1 0 0 0 0 0 1 0 0 1 1 0 1 1 0 1 0 0 1 1 0 1 1 1 0 1 0 0 1 21
0 0 1 1 0 0 1 1 0 1 1 0 0 1 1 1 0 0 1 0 0 1 1 1 0 0 0 0 0 0 0 1 0 1 1 0 1 1 0 1 1 1 0 1 1 0 1 0 1 1 26
1 0 0 0 0 0 1 0 0 1 1 0 0 1 1 1 0 1 1 0 0 1 1 1 0 1 0 0 0 0 1 1 0 1 1 0 1 1 0 1 0 1 0 0 1 1 1 1 0 1 26
0 0 1 0 0 0 0 0 0 1 1 0 0 0 1 1 1 0 0 0 0 1 0 1 0 0 0 1 0 1 1 0 0 1 0 0 1 1 0 1 1 0 0 1 1 1 0 1 1 1 22
0 1 1 1 0 0 1 0 0 0 1 0 0 1 1 0 0 1 0 0 0 1 0 0 0 0 0 0 1 0 1 1 0 0 1 1 1 1 0 1 1 0 1 1 0 1 1 0 0 1 23
1 0 1 1 0 1 1 0 1 0 1 0 1 1 1 1 1 1 0 0 0 1 1 0 0 0 0 0 1 0 1 1 0 0 1 0 1 1 1 1 1 1 1 0 1 0 0 0 1 1 29
1 0 1 1 0 0 1 0 1 0 1 0 0 1 1 0 0 1 0 0 0 1 0 0 0 0 0 1 0 0 1 1 0 1 1 0 0 0 0 1 1 0 0 1 0 1 0 1 1 1 22
0 1 1 1 0 0 0 0 0 1 1 0 0 1 1 1 0 0 0 0 0 1 1 0 0 0 0 0 0 1 1 0 0 0 1 1 1 1 1 1 1 1 0 0 1 1 0 1 1 1 25
0 0 1 1 0 0 1 0 1 1 1 0 0 1 1 0 0 0 0 0 0 1 1 1 0 0 0 1 0 0 1 1 0 0 0 1 1 0 1 1 1 0 0 0 1 1 0 1 1 1 24
0 0 1 1 0 0 0 0 1 1 1 0 0 1 1 0 0 0 0 0 0 1 0 0 0 0 0 0 1 0 1 1 0 1 0 1 1 0 0 1 1 1 0 0 1 1 0 1 0 0 20
1 0 1 0 0 0 0 1 0 0 1 0 0 1 1 0 0 0 1 0 0 1 1 0 0 1 0 1 0 0 1 1 0 1 0 0 1 1 0 1 1 0 0 1 1 1 0 0 1 1 23
1 1 1 1 0 0 1 0 0 0 1 0 0 0 1 0 1 1 0 0 0 1 1 0 1 0 0 1 0 0 1 1 0 1 1 1 1 1 0 1 1 0 0 0 1 0 0 1 1 1 26
0 0 1 1 0 0 1 0 0 1 1 0 0 1 1 1 0 0 0 0 0 1 1 1 0 0 0 1 1 0 1 1 0 1 1 1 1 0 0 1 0 1 0 0 1 0 1 1 0 1 25
1 0 1 0 0 0 1 0 1 0 1 0 0 1 1 1 0 0 0 0 0 1 1 0 0 0 0 1 0 0 1 1 0 1 1 0 1 1 1 1 1 0 0 0 1 1 1 1 0 1 25
1 0 1 1 0 0 0 0 0 1 1 0 0 1 1 1 1 0 1 0 0 1 0 0 0 0 0 0 0 0 1 1 0 1 0 0 0 0 0 1 1 0 0 0 0 1 0 1 0 1 19
0 1 1 1 0 0 0 0 0 0 1 0 0 0 0 0 0 0 1 0 0 1 1 1 0 0 0 0 1 0 1 1 0 1 0 1 1 1 0 1 1 0 0 1 1 1 0 0 1 1 22
1 0 1 1 0 0 1 0 0 0 1 0 0 1 1 0 0 0 0 0 0 1 0 1 0 0 0 1 0 0 0 1 0 0 1 0 1 1 1 1 0 1 0 0 1 1 1 0 0 1 21
1 0 1 1 0 0 1 1 0 1 1 0 0 0 1 0 1 0 1 0 0 1 1 0 0 0 0 0 0 0 1 0 0 1 0 0 1 1 0 1 0 0 0 1 1 1 0 0 0 1 21
1 1 1 1 0 0 0 0 0 0 1 0 0 1 1 1 0 0 1 0 0 1 0 0 0 0 0 1 0 0 1 1 0 0 1 0 1 1 0 1 1 1 0 1 1 1 0 0 1 1 24
1 1 1 0 0 0 1 0 1 0 1 0 0 1 1 0 0 0 0 0 0 1 0 0 0 0 0 1 0 0 1 1 0 1 0 1 1 1 0 1 1 0 1 0 1 0 1 1 0 1 23
1 1 0 1 0 0 0 0 0 1 1 0 1 1 1 0 0 0 0 0 0 1 0 0 0 0 0 0 1 0 0 1 0 0 0 0 1 1 0 1 1 0 0 1 0 1 0 1 0 1 19
1 1 1 0 0 0 1 0 1 1 1 0 0 1 1 1 0 0 1 0 1 1 1 0 0 0 0 1 0 0 1 1 0 1 0 0 1 1 0 1 1 1 0 1 1 1 0 1 0 1 28
0 0 1 1 0 0 0 0 1 1 1 1 0 1 1 1 1 0 1 0 0 1 1 0 0 0 0 0 0 1 1 1 0 0 1 0 1 1 0 1 1 0 1 1 0 1 0 0 0 1 25
0 1 1 1 0 0 1 0 0 1 1 0 0 0 1 0 1 0 1 0 0 1 1 1 0 0 0 1 0 0 1 0 0 1 0 0 1 0 0 1 1 0 0 1 1 1 1 0 1 1 24
1 1 1 0 0 0 1 0 0 0 1 1 0 1 1 0 0 1 0 0 0 1 1 0 0 0 0 0 0 0 1 1 0 1 1 0 1 1 1 1 1 0 0 1 1 1 1 1 1 1 27
1 0 1 1 0 0 1 0 0 1 1 0 1 1 1 0 0 1 1 0 0 1 0 1 0 1 0 1 1 0 0 0 0 0 0 1 1 1 0 1 1 0 0 1 1 1 1 1 0 1 27
1 1 1 1 0 0 0 0 0 1 1 0 1 0 1 1 1 0 0 0 0 1 0 0 0 1 0 0 1 0 1 1 0 0 1 0 1 1 0 1 1 1 0 1 1 0 1 1 1 1 27
1 1 1 0 0 0 1 0 1 1 1 0 1 1 1 0 0 1 1 0 0 1 0 0 0 0 0 0 1 1 0 0 0 1 1 1 1 0 0 1 1 0 1 1 1 1 0 0 1 1 27
1 0 0 0 0 0 0 0 0 0 1 0 0 0 0 0 0 0 1 0 0 1 1 0 0 0 0 0 0 0 1 1 0 1 1 1 1 1 0 1 1 1 0 0 1 0 1 1 1 1 20
0 1 1 1 0 0 1 1 0 1 1 1 0 1 1 0 0 0 1 0 0 1 1 0 1 0 0 0 0 1 1 1 0 1 1 1 1 0 0 0 1 0 1 0 0 0 0 1 1 1 26
1 1 1 0 0 0 0 1 0 1 1 1 0 1 1 0 0 0 0 0 0 1 1 0 0 0 0 0 0 1 1 1 0 0 1 1 1 1 0 1 1 0 1 1 1 1 0 0 0 1 25
1 0 1 1 0 0 0 0 1 0 1 0 1 1 1 1 0 1 0 0 1 1 0 0 0 0 0 1 1 0 1 1 0 1 1 0 1 1 0 1 0 0 1 1 1 1 0 0 0 1 26
1 1 1 1 0 0 1 0 1 1 1 1 0 0 1 0 0 1 0 0 0 1 1 0 0 1 0 0 0 0 1 1 0 0 1 0 1 1 0 1 0 1 1 0 1 1 1 0 0 1 26
1 0 1 1 1 0 1 1 1 0 1 0 0 0 1 0 0 0 0 0 0 1 1 0 1 0 0 0 0 1 1 1 0 1 0 0 1 1 0 1 1 1 0 0 1 1 0 1 1 1 26
1 1 1 1 0 0 0 0 0 1 1 0 0 1 1 0 0 0 0 0 0 1 1 0 0 0 0 0 0 0 1 0 0 1 0 1 1 1 0 1 1 1 0 0 1 1 1 1 0 1 23
0 1 1 1 0 0 0 1 0 0 1 0 0 0 0 0 0 1 1 0 0 1 0 1 0 0 0 0 0 0 1 1 0 1 0 0 1 0 0 1 1 1 1 0 1 0 1 1 0 1 21
1 1 1 1 0 0 1 0 1 0 1 0 0 1 1 0 1 1 1 0 0 1 1 0 0 0 0 1 0 1 0 1 0 1 1 1 1 1 0 1 1 0 1 1 1 1 1 1 0 1 31
0 1 1 1 0 0 1 0 0 0 1 0 0 1 1 1 1 0 0 0 0 1 1 1 0 0 0 0 1 0 0 1 0 1 1 1 1 0 0 1 1 0 1 0 0 1 1 1 1 1 26
1 0 1 1 0 0 0 0 1 0 1 1 0 1 1 1 1 0 1 0 0 1 1 1 0 0 0 0 0 0 1 0 0 1 1 0 1 0 1 1 1 0 0 0 1 1 0 0 1 1 25
1 1 1 1 0 0 0 0 0 1 1 0 1 1 1 0 1 1 1 0 0 1 0 0 0 0 1 0 0 0 1 1 0 1 1 0 1 0 0 1 1 1 0 1 1 1 1 0 0 1 27
0 0 1 1 0 0 1 0 1 0 1 0 0 1 1 0 0 0 0 0 0 1 1 0 0 0 0 0 1 1 0 0 0 0 0 1 1 1 0 1 1 1 0 1 1 0 1 1 1 1 23
1 0 1 1 0 0 0 0 1 0 1 0 0 0 1 0 0 0 0 0 0 1 1 0 1 0 0 1 0 1 1 1 0 1 1 1 1 0 1 1 1 0 1 1 1 1 0 0 1 1 26
1 1 0 1 0 0 1 0 0 0 1 0 0 1 1 1 0 1 1 0 0 1 0 0 0 0 0 0 0 0 1 1 0 0 0 1 1 0 0 1 1 1 0 0 1 1 1 1 1 1 24
0 1 1 0 0 0 0 1 0 1 1 0 1 0 0 1 0 1 1 0 0 1 1 0 0 0 0 1 0 0 1 1 0 1 1 0 1 0 0 1 1 0 1 1 1 1 0 1 0 1 25
1 1 0 1 0 0 1 0 0 1 1 1 0 1 1 0 1 1 1 0 0 1 0 1 1 0 0 0 0 0 1 1 0 1 0 0 1 1 1 1 1 0 1 1 1 0 0 0 0 1 27
1 0 1 1 0 0 1 0 0 0 1 0 0 0 1 1 0 0 0 0 0 1 1 1 1 0 0 0 0 1 1 1 0 1 1 0 1 1 0 1 1 0 1 1 0 1 0 0 1 1 25
1 1 1 1 0 0 0 0 1 1 1 0 0 1 1 0 0 0 1 0 0 1 1 1 0 0 0 1 0 1 0 1 0 1 1 1 1 1 0 1 1 1 1 0 1 1 0 0 0 1 28
0 0 1 1 1 0 0 0 0 0 1 0 0 1 1 0 0 0 1 0 0 1 1 1 0 0 0 0 1 1 1 0 0 0 1 1 1 1 0 1 1 0 1 1 1 1 0 1 0 1 25
1 0 1 1 0 1 0 1 0 1 1 0 0 0 1 0 0 0 1 0 0 1 1 0 0 0 0 0 1 0 1 1 0 1 0 1 1 1 0 1 1 1 1 0 1 1 1 0 0 1 26
1 1 0 1 0 0 1 1 0 0 1 0 0 1 1 0 0 0 1 0 0 1 1 1 0 0 0 0 0 0 1 1 0 0 1 0 1 0 0 1 1 0 0 1 1 1 0 0 1 1 23
1 1 1 1 0 0 0 0 1 1 1 0 0 1 1 1 0 1 1 0 0 1 1 0 0 0 0 1 1 0 1 0 0 1 1 0 1 0 0 0 1 0 0 0 1 1 1 1 1 1 27
1 1 1 1 0 0 0 0 0 1 1 0 0 1 1 0 0 1 1 0 0 1 0 0 0 0 0 0 0 1 1 1 0 1 0 0 1 0 0 1 1 0 1 0 0 1 0 0 0 1 21
0 0 1 0 0 0 0 0 1 1 1 0 0 1 0 1 0 1 0 0 0 1 0 1 1 0 0 1 0 0 0 1 0 1 0 0 1 1 1 0 1 1 0 1 1 1 0 1 0 1 23
0 0 1 1 0 0 1 0 1 0 1 0 0 0 0 0 0 0 0 0 0 1 1 0 0 0 0 1 0 1 1 1 0 0 1 0 1 1 0 1 1 0 0 0 0 1 1 0 1 1 20
0 0 1 1 0 0 0 0 1 0 1 0 0 1 1 0 0 0 1 0 0 1 1 0 0 0 0 1 0 0 1 1 0 1 1 1 1 1 0 1 1 1 0 1 1 1 0 1 0 1 25
0 1 1 1 0 0 1 0 0 1 1 0 0 1 1 0 0 0 0 0 0 1 1 0 0 0 0 1 0 1 0 1 0 0 1 0 1 1 0 1 0 1 1 1 1 1 0 1 0 1 24
1 0 1 1 0 0 1 0 1 1 1 0 0 1 1 0 0 1 0 0 0 1 1 1 0 0 0 1 0 0 1 1 0 1 1 1 1 1 1 1 1 0 1 1 0 1 1 1 1 1 31
0 0 1 1 0 0 1 0 1 1 1 0 0 1 1 0 0 0 0 0 0 1 1 1 1 0 0 0 0 1 1 1 0 1 1 1 1 1 0 1 1 1 1 1 1 0 0 1 1 1 29
0 0 0 1 0 0 1 0 1 0 1 0 0 1 1 1 0 0 0 0 0 1 1 1 0 0 0 0 0 0 1 1 0 1 1 0 1 0 0 1 1 0 1 0 1 0 1 0 1 0 21
0 1 1 1 0 0 0 0 1 1 1 0 1 1 1 0 1 0 1 0 0 1 0 0 0 0 0 0 0 1 1 1 0 0 0 0 1 1 0 1 1 0 0 0 1 0 1 0 0 1 22
0 0 1 1 0 0 1 0 0 1 1 0 0 1 1 1 0 1 1 1 0 1 1 0 1 0 0 1 0 1 1 1 0 1 0 0 1 0 0 1 1 0 0 1 1 0 0 1 1 1 27
1 1 0 1 0 0 1 1 1 1 1 0 1 1 1 1 0 1 1 0 0 1 1 0 0 1 0 1 0 0 1 1 0 1 1 1 1 1 0 1 1 0 1 1 1 0 1 1 1 1 34
1 1 1 1 0 0 1 0 0 0 1 0 1 1 1 0 0 0 0 0 0 1 1 0 0 0 0 1 0 0 1 0 0 0 1 1 1 0 0 1 1 0 1 1 1 0 0 1 0 1 23
1 0 1 1 0 0 1 0 1 0 1 0 0 1 1 0 0 1 0 1 0 1 1 1 0 0 0 1 0 0 1 0 0 1 0 1 1 1 1 1 1 1 1 1 1 1 0 0 0 1 28
0 0 1 1 0 0 1 0 0 1 1 1 0 1 1 1 1 0 0 0 0 1 1 0 0 0 0 0 0 0 1 1 0 1 1 1 1 1 0 1 0 1 1 1 1 1 0 1 1 1 28
1 1 0 1 0 0 1 0 0 0 1 0 1 0 1 1 1 0 0 0 0 1 1 1 0 0 0 0 0 0 1 1 0 1 1 0 1 1 0 1 0 1 0 0 1 1 1 1 1 1 26
0 1 1 1 0 0 0 0 1 1 1 1 0 1 1 0 1 1 1 0 0 1 0 0 0 0 0 1 0 0 1 0 0 0 1 0 1 0 1 1 0 1 0 1 1 0 1 0 1 1 25
1 1 0 1 0 0 0 0 0 1 1 0 0 1 1 0 1 1 1 0 0 1 0 0 0 0 0 1 1 0 0 1 0 1 0 0 1 1 0 1 1 1 1 1 1 1 1 0 0 1 26
1 1 1 1 0 0 1 1 0 0 1 1 0 1 1 0 0 0 1 0 0 1 1 1 1 1 0 1 0 1 1 0 0 0 1 0 1 1 0 1 1 0 0 1 1 1 0 1 1 1 30
0 1 1 1 0 0 0 0 0 1 1 0 0 1 1 0 0 0 0 0 0 1 0 0 1 0 0 0 0 0 1 1 0 1 1 1 1 1 0 1 1 0 1 1 1 1 1 0 0 0 23
1 0 1 1 0 0 0 0 0 0 1 0 0 1 1 1 0 1 0 0 0 1 0 0 0 1 0 0 0 0 1 1 0 1 0 1 1 1 0 1 1 0 1 1 1 1 0 0 0 0 22
0 1 1 0 0 0 1 0 1 1 1 0 0 1 1 0 0 0 0 0 0 1 1 1 0 1 0 0 0 0 1 1 0 1 0 0 1 1 0 1 1 0 1 0 0 1 0 0 1 0 22
1 1 1 1 0 0 1 1 0 0 1 0 0 1 1 0 1 0 0 0 0 1 1 1 0 0 0 0 1 1 1 1 0 0 0 0 1 1 1 1 1 0 0 1 1 1 0 0 0 1 26
1 0 1 1 0 0 0 0 0 0 1 1 0 1 1 1 0 1 1 0 0 1 0 1 0 0 0 1 0 1 1 0 0 1 0 0 1 1 0 1 0 0 0 1 1 1 0 0 1 1 24
1 0 1 1 0 0 1 0 0 0 0 0 0 1 1 0 1 0 1 0 0 1 0 1 1 0 0 0 0 0 1 1 0 1 1 1 1 1 0 1 1 0 0 1 1 0 0 1 0 1 24
0 1 1 1 0 0 1 0 1 1 1 0 0 1 1 0 0 1 1 0 0 1 1 0 0 0 0 0 0 0 1 1 0 1 0 0 1 1 1 1 1 1 1 0 1 1 0 0 1 1 27
0 1 1 1 0 0 1 1 0 1 1 0 0 1 1 1 0 1 1 1 0 1 1 1 1 0 0 0 0 0 1 0 0 1 1 0 1 1 1 1 1 0 1 0 1 1 0 0 1 0 29
0 1 1 1 0 0 0 1 0 1 1 0 0 1 1 0 1 1 1 0 0 1 1 0 0 0 0 0 1 0 0 1 0 1 1 1 1 1 1 1 1 1 1 0 0 1 0 0 0 1 27
1 1 1 0 0 0 0 0 0 0 1 0 0 1 0 0 0 0 0 0 0 1 0 0 0 0 0 1 0 0 1 0 0 1 0 0 1 1 1 1 1 0 1 1 1 1 1 1 1 0 21
1 0 1 1 0 0 1 1 0 0 1 0 0 1 1 0 0 0 0 0 0 1 1 0 0 0 0 0 1 0 1 1 0 0 1 0 0 1 0 1 0 0 1 0 1 0 0 1 0 1 20
1 0 1 1 0 0 1 0 1 1 1 0 0 1 1 1 0 1 1 0 0 1 0 0 0 1 0 0 0 0 1 0 0 1 0 0 1 1 0 1 1 0 0 1 0 1 0 0 1 1 24
1 1 1 0 0 0 0 0 0 0 1 0 0 1 1 0 0 0 1 0 0 1 1 0 0 1 0 1 0 0 0 1 0 1 1 0 1 1 1 1 0 1 0 1 1 1 1 1 1 1 26
0 1 1 1 0 0 0 0 0 0 1 0 0 1 1 1 1 0 1 0 0 1 1 1 1 0 0 0 0 0 1 1 0 1 0 0 1 1 0 1 0 1 1 0 1 0 0 1 1 1 25
1 0 1 1 0 0 1 0 0 1 1 0 0 1 1 1 1 1 0 0 0 1 1 0 0 0 0 1 1 0 1 1 0 1 1 0 1 1 1 1 1 1 1 1 1 0 1 1 0 1 31
0 1 1 1 0 0 1 0 1 1 1 0 1 1 1 1 0 1 0 0 0 1 1 0 1 0 0 1 1 0 1 0 0 0 1 0 1 0 0 1 1 0 0 1 1 1 0 0 1 1 27
0 1 1 1 0 0 0 0 0 1 1 0 0 1 1 0 0 1 1 0 0 1 1 0 0 0 0 1 0 0 1 1 0 1 1 1 1 0 1 1 1 0 0 1 1 1 0 0 1 1 26
1 0 1 0 0 0 0 0 1 0 1 0 0 1 1 0 0 0 0 0 0 1 1 1 0 0 0 0 0 1 1 0 0 0 1 0 1 1 0 1 1 0 1 1 1 1 1 1 0 1 23
1 1 1 1 0 0 1 0 0 0 0 0 0 1 1 1 0 1 0 0 0 1 0 0 1 0 0 0 0 0 0 0 0 1 1 0 1 1 0 1 1 1 1 0 1 1 0 0 1 1 23
1 1 0 0 0 0 1 0 1 1 1 0 0 1 1 0 1 0 0 0 0 1 1 0 0 0 0 1 1 1 1 1 0 1 1 1 0 0 0 1 1 0 0 0 1 1 0 1 0 1 25
1 1 0 1 0 0 1 0 1 0 1 0 0 1 1 0 1 0 0 0 0 1 1 0 0 0 0 1 0 0 0 1 0 1 1 1 1 1 1 1 0 0 0 1 1 1 0 0 1 1 25
0 1 1 1 0 0 0 0 1 1 1 0 0 1 1 1 1 1 0 0 0 1 0 0 0 0 0 1 1 0 0 1 0 0 0 1 1 1 0 1 1 0 1 1 0 0 0 1 0 1 24
1 1 1 1 1 0 1 0 1 1 1 0 0 0 1 0 1 0 0 0 0 1 1 0 0 0 0 1 0 0 0 1 0 1 1 0 1 1 0 1 1 0 1 0 1 1 0 1 1 0 26
0 0 1 0 0 0 1 1 0 1 0 0 0 1 1 1 1 1 0 0 0 1 1 0 1 0 0 1 0 0 1 1 0 1 1 0 1 1 0 1 1 1 1 0 1 1 0 1 1 1 28
0 1 1 1 0 0 0 0 1 0 1 0 0 1 1 1 0 0 0 0 0 1 0 0 1 1 0 1 0 1 0 1 0 0 1 0 1 0 0 1 1 0 1 1 1 1 0 1 0 1 24
1 0 1 1 0 0 1 0 0 0 1 0 0 1 0 0 0 0 0 0 0 1 1 1 0 0 0 1 0 0 1 1 0 1 1 0 1 1 1 1 0 0 1 0 1 0 0 0 1 1 22
1 0 1 1 0 0 0 0 1 1 1 0 0 1 1 1 0 0 1 0 0 1 1 0 0 0 0 1 0 0 1 1 0 1 1 0 1 0 0 1 1 1 0 1 1 1 1 0 1 0 26
1 1 1 1 0 0 1 0 1 1 1 0 1 1 1 1 0 0 0 0 0 1 1 0 0 0 0 0 0 1 1 1 0 1 0 0 1 1 1 1 0 1 1 1 1 1 1 0 1 1 30
0 1 0 1 0 0 1 0 0 1 1 0 0 1 1 0 1 0 0 1 0 1 1 1 1 0 0 0 0 1 1 1 0 1 0 0 1 1 1 1 1 0 1 0 1 1 1 1 1 1 29
1 1 1 1 0 0 0 0 1 0 1 0 1 0 1 0 0 0 0 0 0 1 1 0 0 0 0 0 0 0 1 1 0 1 1 0 1 1 1 1 1 0 0 0 1 0 0 1 0 1 22
1 0 1 0 0 0 1 0 1 1 1 0 1 1 1 0 0 0 1 0 0 1 0 0 1 0 0 1 0 0 0 0 0 1 0 1 1 1 1 1 1 1 1 0 1 1 1 1 1 1 28
0 1 1 1 0 0 1 0 0 1 1 0 0 1 1 0 0 1 0 0 0 1 1 1 0 0 0 1 1 0 1 1 0 0 0 1 1 0 1 1 1 0 1 1 1 0 0 0 1 1 26
1 0 1 0 0 0 1 0 0 1 1 1 0 1 1 1 1 0 1 0 0 1 0 0 0 1 0 0 1 1 1 1 0 1 1 0 1 1 0 1 1 0 0 0 1 1 0 1 1 1 28
1 1 1 1 0 0 0 1 0 1 1 0 0 0 1 1 0 0 0 0 0 1 0 0 1 0 0 1 0 0 1 1 0 1 1 0 1 1 0 1 1 0 1 0 1 1 1 1 1 1 27
1 0 1 0 0 0 1 0 0 1 1 0 0 1 1 0 0 1 1 0 0 1 0 0 0 0 0 1 0 0 1 0 0 1 0 1 1 1 1 1 1 0 0 0 0 1 0 0 1 1 22
0 0 1 1 0 0 0 0 0 1 1 0 0 1 1 1 0 0 1 0 0 1 1 0 0 0 0 1 0 0 1 1 0 0 0 0 1 1 1 1 1 1 0 1 1 0 1 1 0 1 24
0 1 1 1 0 0 1 0 0 0 1 0 0 1 1 0 0 1 0 0 0 1 1 1 0 0 0 1 0 0 1 1 0 0 1 0 1 1 1 1 1 0 1 0 1 1 0 1 1 1 26
1 1 1 1 0 0 1 1 1 1 0 0 0 1 1 0 0 0 0 0 0 1 1 0 0 0 0 1 1 0 1 1 0 1 1 1 1 1 0 1 1 0 1 0 1 1 1 0 1 1 29
1 1 1 0 0 0 0 0 0 1 1 0 0 0 1 0 0 0 0 0 0 1 0 0 0 0 0 1 0 1 1 1 0 1 1 0 1 1 1 1 1 1 0 0 1 1 0 1 0 1 23
0 1 0 1 0 0 0 0 0 1 1 0 1 1 1 0 0 1 1 0 0 1 0 1 0 0 0 1 0 0 0 1 0 1 0 0 1 1 1 1 1 1 0 1 0 1 1 0 1 1 25
0 0 1 1 0 0 0 0 0 1 1 0 1 0 1 0 0 1 0 0 0 1 1 0 1 0 0 0 0 0 1 0 0 1 0 0 1 1 0 1 1 1 1 0 0 1 0 1 1 1 22
1 1 1 1 0 0 1 0 0 1 1 0 0 1 1 0 1 0 0 0 1 1 1 0 0 1 0 0 0 0 1 1 0 1 0 0 1 1 0 1 1 0 1 1 1 0 0 1 0 1 26
0 0 1 1 0 0 1 0 0 1 1 1 0 1 1 0 1 0 0 1 0 1 0 1 0 1 0 1 0 0 1 1 0 1 0 1 1 1 0 1 0 1 1 0 1 1 0 0 0 1 26
0 1 1 1 0 0 0 0 1 1 1 0 0 1 1 1 1 1 0 0 0 1 1 0 0 0 0 1 1 0 1 1 0 0 0 1 1 0 0 1 1 0 1 1 1 1 1 1 0 1 28
1 0 0 0 0 0 0 0 0 1 1 1 0 1 1 0 0 1 0 0 0 1 1 0 0 0 0 0 0 0 1 0 0 0 0 0 1 0 0 1 0 0 0 0 1 0 0 1 0 1 15
0 0 1 1 0 0 0 1 0 0 1 0 0 1 1 0 0 0 1 0 0 1 0 1 0 0 0 1 0 1 1 1 0 0 0 1 1 1 0 1 1 0 1 0 1 1 1 1 0 1 24
1 0 1 1 0 0 1 0 1 1 1 0 1 1 1 0 0 0 1 0 0 1 1 1 0 0 0 0 1 1 1 1 0 1 1 1 1 1 0 1 1 1 0 1 1 1 0 1 1 1 32
1 0 1 1 0 0 1 0 0 0 1 0 0 1 1 0 1 0 0 0 0 1 0 0 0 0 0 1 1 0 1 0 0 0 0 1 1 1 0 1 1 1 1 1 0 1 0 0 0 1 22
0 0 1 0 0 0 0 1 1 1 1 0 0 1 1 0 0 1 0 0 0 1 0 0 0 0 0 1 0 0 1 1 0 1 1 1 1 1 0 1 1 0 1 0 1 1 0 1 1 1 25
0 0 1 1 0 0 1 0 1 1 1 0 1 0 1 0 0 0 0 0 0 1 1 1 0 0 0 1 0 1 1 1 0 0 1 0 1 1 0 0 1 1 1 1 1 1 1 0 1 1 27
0 1 1 1 0 0 0 0 0 0 1 0 0 1 1 0 0 0 1 0 0 1 0 1 1 0 0 0 1 1 0 0 0 0 0 0 0 1 0 1 0 1 1 0 1 1 0 1 1 1 21
0 1 1 1 0 0 0 0 1 1 1 0 0 0 1 0 0 1 1 0 0 1 1 0 1 0 0 0 0 0 1 1 0 1 1 1 1 1 0 1 1 0 1 1 1 1 0 1 0 1 27
1 1 1 1 0 0 1 0 0 1 1 0 0 1 1 0 0 1 0 0 0 1 1 1 0 0 0 1 0 1 0 1 0 1 0 0 1 1 1 1 1 1 0 1 1 0 0 1 1 1 28
1 0 1 1 0 0 0 0 1 0 1 0 0 1 1 1 1 1 1 0 0 1 1 0 0 0 0 1 0 0 1 1 0 0 1 0 1 1 0 1 1 1 1 0 0 1 0 1 0 1 26
1 1 1 1 0 0 0 0 0 0 1 0 1 1 1 0 0 0 0 0 0 1 1 1 0 0 0 1 1 0 1 1 0 1 0 1 1 0 0 1 1 1 0 0 0 1 1 1 0 1 25
1 1 1 1 0 0 0 0 0 1 1 0 0 1 1 1 0 1 0 0 0 1 0 0 0 1 0 1 0 0 1 1 0 1 1 0 1 0 0 1 1 0 1 0 1 0 1 1 1 1 26
0 1 1 1 0 0 1 0 1 0 1 0 0 1 1 1 1 1 0 0 0 1 1 0 0 0 0 0 0 1 1 1 0 1 1 0 1 1 0 1 1 0 0 1 1 1 1 0 0 1 27
0 0 1 1 0 0 1 1 1 1 1 0 0 0 0 0 0 0 1 0 0 1 1 0 0 0 0 1 0 0 1 0 0 1 1 0 1 0 0 1 1 1 0 1 1 1 0 1 1 1 24
1 0 1 1 0 0 1 0 0 1 1 1 0 1 1 0 0 0 1 0 0 1 1 0 0 0 0 1 1 1 0 1 0 1 1 0 1 1 0 1 1 1 1 1 1 1 0 0 1 1 29
1 1 1 0 0 0 1 0 0 1 1 1 1 1 1 0 0 0 1 0 0 1 1 0 1 0 0 1 1 0 1 1 0 1 0 0 1 0 0 1 1 0 1 1 1 0 0 0 1 1 27
1 1 1 1 0 0 1 0 1 0 1 0 0 0 1 0 0 1 1 0 0 1 1 0 0 0 0 1 0 0 1 1 0 0 1 1 1 1 0 1 1 1 1 0 1 1 0 1 0 1 27
0 1 0 1 0 0 1 1 1 0 1 1 0 0 1 0 0 0 1 0 0 1 0 0 0 1 0 0 1 0 0 1 0 1 0 0 1 0 0 1 1 0 0 1 0 0 0 1 0 1 20
0 0 1 0 0 0 1 0 0 1 1 0 0 1 1 0 0 1 1 0 0 1 1 1 0 0 0 1 0 1 1 1 0 0 1 1 0 1 0 1 1 0 0 0 1 0 0 1 1 1 24
0 0 1 1 0 0 1 0 0 1 1 0 0 1 1 0 0 1 0 0 0 1 1 0 1 0 0 0 0 0 1 1 0 1 1 0 1 1 0 0 1 0 0 0 1 1 1 0 1 1 23
0 1 1 1 0 0 0 1 0 1 1 0 0 1 1 1 1 0 0 0 0 1 1 1 0 1 0 1 0 1 1 1 0 1 0 1 1 1 1 1 1 0 1 1 0 1 0 1 0 1 30
1 0 1 1 0 0 0 0 0 1 1 0 0 1 1 1 0 0 1 0 0 1 1 0 1 0 0 1 1 1 1 1 0 1 0 1 1 1 1 1 1 0 0 0 1 0 0 0 1 1 27
0 0 0 1 0 0 1 1 0 1 1 0 0 1 1 1 0 1 0 0 0 1 0 0 0 0 0 1 1 0 1 0 0 1 1 0 1 1 0 1 1 1 0 1 0 1 0 0 1 1 24
0 0 1 1 0 0 1 0 0 1 1 1 0 1 1 0 0 0 0 0 0 1 1 0 0 0 0 1 0 1 0 1 0 1 1 0 1 1 1 1 1 0 0 0 1 0 1 1 0 1 24
0 0 1 1 0 0 0 0 1 1 1 0 0 1 1 1 0 1 1 0 0 1 1 1 0 0 0 0 1 1 0 1 0 0 0 1 1 0 0 1 0 0 1 1 1 1 1 1 1 1 27
1 0 0 1 0 0 0 1 0 1 1 0 0 1 1 0 0 1 0 0 0 1 1 0 1 0 0 0 0 1 0 1 0 0 0 0 1 1 0 1 1 1 0 1 1 1 0 1 1 1 24
1 0 0 1 0 0 1 0 1 1 1 0 0 1 1 1 0 0 1 0 0 1 0 0 0 0 0 1 0 0 1 0 0 0 1 0 1 1 0 1 1 1 0 0 1 1 0 0 1 0 22
0 1 1 0 0 0 0 0 0 1 1 0 0 1 1 0 0 0 1 0 0 1 0 0 0 0 0 1 0 0 1 1 0 0 0 0 0 1 1 1 1 1 0 0 1 1 0 1 1 1 21
1 1 1 0 0 0 0 0 1 1 1 0 0 1 1 0 0 0 1 0 0 1 0 1 1 1 0 1 0 0 1 0 0 1 0 1 1 0 0 1 1 0 1 1 1 1 0 1 1 1 27
0 1 1 1 0 0 1 0 0 0 0 0 0 1 1 1 1 0 0 0 0 1 1 1 0 0 0 0 0 0 1 1 0 1 0 1 1 0 0 1 1 1 1 0 1 1 0 1 0 1 24
0 1 1 1 0 0 0 0 0 0 1 0 0 0 1 1 0 0 1 0 0 1 0 0 0 1 0 1 0 0 1 1 0 1 0 1 1 1 0 1 1 0 1 1 1 1 0 0 1 1 24
0 1 1 1 0 0 0 0 1 1 1 0 0 0 1 0 0 0 1 0 0 1 1 0 0 0 0 0 1 0 1 1 0 0 1 0 1 1 0 1 1 1 1 1 1 1 0 1 1 1 26
0 0 1 0 0 0 0 0 1 1 1 0 0 1 1 1 1 0 1 0 0 1 0 0 0 0 0 0 1 1 1 0 0 1 1 1 1 1 1 1 1 0 1 1 1 0 1 0 1 1 27
0 0 1 1 0 0 0 1 0 0 1 0 0 1 1 0 0 1 0 0 0 1 0 0 0 0 0 1 1 0 1 0 0 1 1 1 1 1 0 1 1 1 1 0 1 1 1 1 0 1 25
1 0 1 1 0 0 0 0 1 1 1 0 0 1 1 1 0 1 1 0 0 1 0 0 0 0 0 0 0 0 0 1 0 1 0 1 1 0 1 1 1 1 0 1 1 1 1 0 1 1 26
1 0 1 1 0 0 0 0 0 0 1 0 1 0 0 0 0 0 0 0 0 1 1 0 0 1 0 0 1 0 1 1 0 0 1 0 1 1 0 1 1 0 0 1 1 1 1 0 1 1 22
1 1 1 1 0 0 1 0 0 0 1 0 0 1 1 0 1 1 0 0 0 1 0 0 1 0 0 0 1 0 1 1 0 0 0 1 1 0 1 1 1 0 0 1 1 0 1 0 1 1 25
1 0 1 1 0 0 1 0 1 1 1 0 0 1 1 0 0 0 0 0 0 1 1 0 0 0 0 0 0 1 1 0 0 1 1 1 1 0 1 1 1 1 1 0 1 0 0 1 1 1 26
1 0 1 1 0 0 0 0 1 1 1 0 0 0 1 0 0 1 1 0 0 1 1 0 1 0 0 1 1 0 1 1 0 1 0 1 1 1 0 0 1 0 1 0 0 1 0 1 1 1 26
1 0 1 1 0 0 0 0 1 0 1 1 0 1 1 1 0 0 0 0 0 1 1 0 0 0 0 1 0 0 1 0 0 1 1 0 1 1 0 1 1 0 1 1 0 1 0 0 0 1 23
0 0 0 1 0 0 1 0 0 1 1 0 0 0 1 1 0 0 1 0 0 1 1 1 0 1 0 1 0 0 1 1 0 1 0 0 1 0 0 1 1 0 0 0 1 0 0 0 1 1 21
1 0 0 1 0 0 0 0 0 1 1 0 0 1 1 1 0 0 1 0 0 1 1 0 0 0 0 0 0 0 1 1 0 0 0 0 1 1 0 1 1 1 1 1 1 1 1 1 0 1 24
1 1 1 1 0 0 0 0 0 0 1 1 0 0 1 0 0 1 1 0 0 1 1 1 0 0 0 0 1 0 1 1 0 1 0 0 1 1 1 1 1 0 0 0 1 1 1 0 0 1 25
1 1 0 1 0 0 0 0 1 1 1 0 0 0 1 1 0 0 0 0 0 1 0 0 0 0 0 1 1 1 0 1 0 1 1 1 1 1 1 1 1 0 0 0 1 0 1 1 1 1 26
1 0 1 0 0 0 0 0 0 1 1 0 0 0 1 0 0 0 0 0 0 1 1 0 0 0 0 1 0 1 0 1 0 1 0 1 1 1 1 1 1 1 1 1 1 0 1 0 1 1 24
1 1 1 1 1 0 0 0 0 0 1 0 0 1 1 1 1 0 1 0 0 1 1 1 0 0 0 0 0 1 1 1 0 0 0 1 1 1 1 1 0 1 0 0 1 1 0 0 0 1 26
0 0 1 1 0 0 1 1 1 1 1 1 0 0 1 0 0 1 1 0 0 1 1 0 0 0 0 1 0 0 1 1 0 1 1 0 1 1 0 1 1 1 0 1 1 1 0 1 1 1 29
1 1 1 1 0 0 0 0 0 1 1 0 0 0 1 0 0 0 0 0 0 1 1 0 0 0 0 0 0 0 0 1 0 1 1 1 1 1 0 1 1 1 1 1 1 0 1 1 0 1 24
1 1 1 0 0 0 1 0 0 1 1 0 0 1 1 1 0 1 0 0 0 1 1 0 0 1 0 0 1 0 0 1 0 1 1 0 1 1 0 1 1 1 0 0 1 1 0 0 1 1 26
1 0 1 1 0 0 0 0 1 0 1 0 0 1 1 1 0 0 0 0 0 1 1 0 0 0 0 0 0 1 1 1 0 1 1 1 0 0 0 1 1 1 0 1 1 1 1 0 0 1 24
0 1 1 1 0 0 1 1 1 1 1 0 1 0 1 0 0 0 0 0 0 1 1 1 0 0 0 1 0 0 1 1 0 1 1 0 1 1 0 1 1 1 1 1 1 0 0 0 0 0 26
0 0 1 1 0 0 1 1 1 0 1 0 0 0 1 0 1 1 0 0 0 1 1 0 0 1 0 0 0 1 1 1 0 1 0 1 1 1 1 1 1 1 0 1 1 1 1 1 0 1 29
1 1 0 1 0 0 0 1 1 0 1 0 0 0 1 0 0 0 0 0 0 1 0 0 0 0 0 0 1 0 1 1 0 0 1 1 1 1 0 1 1 1 1 1 1 1 1 0 0 1 24
1 0 1 0 0 0 0 1 0 1 1 1 0 1 1 0 1 1 1 0 0 1 0 0 0 1 0 0 0 1 1 1 0 1 1 0 1 1 0 1 1 1 1 0 1 1 1 1 1 1 30
0 0 1 1 0 0 0 1 1 0 1 0 0 1 1 0 1 1 0 0 0 1 1 0 1 0 0 1 0 0 1 1 0 0 1 0 1 1 1 1 1 1 0 1 0 1 1 0 1 1 27
0 1 1 1 0 0 1 0 0 1 1 0 0 1 1 0 1 0 0 0 0 1 0 1 0 0 0 1 0 1 1 1 0 1 1 0 1 1 0 1 1 1 0 0 0 1 1 1 1 1 27
0 0 1 0 0 0 0 0 0 0 1 0 0 1 1 1 0 0 1 0 0 1 1 0 0 0 0 0 0 0 1 0 0 1 0 1 0 1 0 1 1 0 1 1 0 1 1 1 1 1 21
1 1 1 1 0 0 1 0 0 1 1 0 0 1 1 1 0 0 1 0 0 1 1 0 0 0 0 1 0 0 1 0 0 1 0 0 1 0 0 1 1 1 0 0 1 1 1 0 1 0 24
0 0 0 1 0 0 1 1 1 1 1 0 0 1 0 1 0 1 0 0 0 1 1 1 0 0 0 0 0 1 1 1 0 1 1 0 1 0 0 1 1 1 1 1 0 0 0 0 1 1 25
1 1 1 0 0 0 0 0 0 0 1 0 0 1 1 0 0 0 1 0 0 1 0 0 0 0 0 0 0 0 1 0 0 0 0 1 1 1 1 1 0 1 0 1 1 1 0 1 1 1 21
0 0 1 0 0 0 1 0 1 1 1 0 1 1 1 0 0 0 1 0 0 1 0 1 0 1 0 1 0 1 1 1 0 1 1 0 1 1 0 1 0 0 0 1 1 1 0 1 0 1 26
0 1 1 1 1 0 1 0 1 0 1 0 0 1 1 0 0 0 1 0 0 1 0 0 0 0 0 1 0 0 1 0 0 0 0 0 1 1 1 1 0 0 1 1 1 1 0 1 0 1 23
1 0 1 1 0 0 0 0 1 1 1 0 1 1 1 1 0 1 1 0 0 1 1 0 1 0 0 1 0 0 1 1 0 1 0 0 1 1 1 1 1 0 1 1 1 0 1 1 1 1 31
0 1 0 1 0 0 0 0 0 1 1 0 1 1 1 1 0 0 0 0 0 1 1 0 0 0 0 1 1 0 1 0 0 1 1 1 1 1 0 1 1 0 0 1 1 1 0 0 1 1 25
1 0 1 1 0 0 0 1 0 0 1 0 0 1 0 0 0 0 1 0 0 1 1 0 0 0 0 1 0 1 0 1 0 1 0 0 1 0 0 1 1 1 0 0 1 1 1 1 1 1 23
1 1 0 1 0 0 0 0 1 1 1 0 0 0 1 0 1 0 1 0 0 1 1 1 0 0 0 0 0 1 1 1 0 0 1 1 1 1 0 1 0 1 1 1 1 1 0 1 1 1 28
1 1 1 1 0 0 0 0 1 1 1 1 0 1 1 0 0 1 0 0 0 1 1 0 1 0 0 1 0 0 1 1 0 1 1 0 1 1 1 1 1 0 1 1 1 0 0 0 0 1 28
0 1 1 1 0 0 1 0 1 1 1 0 0 1 1 1 0 0 0 0 0 1 1 0 1 0 0 1 0 0 1 1 0 1 1 0 1 0 0 1 1 0 0 1 1 0 1 1 1 1 27
1 1 1 1 0 0 0 0 0 1 1 0 0 1 1 0 0 0 0 0 0 1 1 0 0 0 0 0 0 0 1 1 0 1 1 1 1 1 0 1 1 0 0 0 1 0 1 1 0 1 23
1 0 1 1 0 0 1 1 0 1 1 0 0 1 1 1 1 0 0 0 0 1 1 0 0 0 0 1 1 1 1 1 0 1 1 1 1 1 0 1 1 0 0 1 1 0 1 0 1 1 30
1 1 1 1 0 0 0 0 1 1 1 0 1 1 1 0 0 0 0 0 0 1 1 0 0 0 0 1 0 0 1 1 0 0 1 1 1 1 0 1 1 0 1 1 1 0 0 1 0 1 26
1 0 1 1 0 0 1 0 1 1 1 0 0 1 1 0 0 0 0 0 0 1 1 0 0 0 0 0 0 0 1 1 0 0 0 0 1 1 0 1 1 0 1 1 1 1 1 1 0 1 24
0 0 1 1 0 0 1 0 0 1 1 1 0 1 1 1 1 1 1 0 0 1 1 0 0 0 0 1 0 0 1 1 0 0 0 0 1 1 0 1 1 1 1 1 1 0 1 1 0 1 28
1 0 1 1 0 0 1 0 1 1 1 0 0 1 1 0 0 0 0 0 0 1 1 1 0 1 0 1 1 1 1 1 0 1 1 0 1 0 0 1 1 0 1 1 1 0 1 0 1 1 29
1 1 1 1 0 0 0 0 0 0 1 0 0 0 1 1 1 0 0 0 0 1 0 0 0 0 0 0 0 1 0 0 0 0 1 1 1 0 0 1 1 0 0 1 1 0 1 1 0 1 20
1 0 1 1 0 0 0 1 0 1 1 0 0 1 1 0 0 0 1 0 0 1 1 0 0 1 0 1 1 0 1 1 0 1 0 1 1 1 0 1 1 1 0 0 1 1 0 1 0 1 27
0 0 1 1 0 0 0 1 0 1 1 0 0 0 1 0 0 0 0 0 0 1 1 0 0 1 0 0 0 1 1 1 0 1 1 0 1 0 0 1 1 1 1 0 1 1 0 1 0 1 23
0 0 1 1 0 0 1 1 1 1 1 1 0 1 1 0 0 1 1 0 0 1 1 0 0 0 0 1 0 0 1 0 0 1 1 0 1 1 0 1 1 0 1 0 1 1 1 0 1 1 28
1 1 1 0 1 0 1 0 1 1 1 0 0 0 1 1 0 1 1 0 0 1 0 0 0 1 0 0 1 1 1 1 0 0 1 0 1 1 1 1 1 0 0 0 0 1 0 1 1 1 28
1 1 1 0 0 0 1 0 0 0 1 0 0 1 1 1 0 0 1 0 0 1 1 0 1 0 0 0 0 0 1 1 0 1 0 1 1 1 1 1 1 0 0 0 1 0 0 1 1 1 25
0 0 1 1 0 0 0 0 1 0 1 0 0 1 1 0 0 1 1 0 0 1 1 0 1 0 0 1 0 0 1 0 0 1 0 0 1 1 0 1 1 1 1 0 1 1 0 0 1 1 24
1 1 1 1 0 0 0 1 1 1 1 1 0 1 1 1 0 1 0 0 0 1 0 0 0 0 0 1 0 0 1 1 0 1 0 1 1 1 0 1 1 0 0 0 1 1 1 1 0 1 28
1 0 1 1 0 0 1 0 1 1 1 0 0 1 0 1 0 0 0 0 0 1 1 0 0 0 0 1 1 0 1 1 0 1 1 1 1 0 0 1 1 0 1 0 0 1 1 1 1 1 27
1 0 1 1 0 0 1 0 1 0 1 1 0 1 1 1 0 0 0 0 0 1 1 1 0 0 0 0 0 0 0 1 0 0 0 0 1 1 0 1 1 1 0 1 0 1 0 1 0 1 23
1 0 1 1 0 0 0 0 1 1 1 0 0 1 1 1 0 1 0 0 0 1 1 0 0 0 0 0 0 1 0 0 0 0 1 0 1 1 0 1 1 1 0 1 1 0 1 0 1 1 24
1 1 1 1 0 0 1 0 1 1 1 0 0 1 1 0 0 1 1 0 0 1 1 0 0 0 0 1 0 0 1 0 0 1 1 0 1 1 1 1 1 0 0 1 1 1 0 1 1 1 29
0 0 0 1 0 0 1 0 0 1 1 0 1 0 1 0 0 0 1 0 0 1 0 0 0 0 0 0 0 1 0 1 0 0 0 1 1 1 1 1 0 0 1 0 1 1 0 1 0 1 20
0 1 1 1 0 0 1 0 0 0 1 1 0 1 1 0 0 0 0 0 0 1 0 0 0 1 0 1 0 1 0 1 0 1 1 1 1 0 0 1 1 1 1 0 0 1 1 0 1 1 25
1 0 1 1 0 0 0 1 1 0 1 0 0 1 1 1 0 0 1 0 0 1 1 0 0 0 0 1 0 0 1 1 0 1 0 0 1 1 0 1 1 0 0 0 1 1 0 0 0 1 23
0 1 1 1 0 0 1 0 0 0 1 0 0 1 1 1 0 1 1 1 0 1 0 0 1 1 0 1 0 0 1 1 0 1 0 1 1 0 1 1 0 0 0 0 0 1 1 0 1 1 26
0 1 1 1 1 0 1 0 1 1 1 0 0 0 1 0 0 1 1 0 0 1 0 0 0 0 0 1 0 0 0 1 0 1 1 0 1 1 0 1 0 0 0 1 1 0 0 1 1 1 24
1 1 1 1 0 0 0 0 1 0 1 0 0 1 1 1 0 0 1 0 0 1 1 0 0 0 0 1 0 0 0 1 0 1 0 1 1 0 0 1 1 0 1 1 1 0 0 1 1 1 25
1 0 1 1 0 0 0 1 0 1 1 0 0 1 1 0 0 0 1 0 0 1 1 0 0 0 0 1 0 0 1 1 0 0 1 1 1 1 0 1 1 0 1 0 1 0 0 0 1 1 24
0 0 1 1 0 0 0 0 0 0 1 0 0 1 1 0 0 0 0 0 0 1 0 0 0 0 0 0 0 0 1 1 0 1 1 1 1 1 1 1 1 0 1 1 1 1 0 0 1 1 22
1 0 1 0 0 0 0 0 1 1 1 0 1 0 1 0 0 1 0 0 0 1 1 1 1 0 0 0 0 1 1 1 0 0 0 1 1 1 0 1 1 1 0 0 1 1 1 0 0 1 25
1 0 0 1 0 0 1 0 0 0 1 0 0 1 1 0 0 1 0 0 0 1 0 1 1 0 0 1 0 1 0 0 0 1 1 1 1 0 0 1 1 1 1 1 1 0 0 0 1 1 24
1 1 1 1 0 0 1 0 0 0 1 0 0 1 0 1 1 1 1 0 0 1 0 0 0 0 0 0 0 1 1 0 0 0 1 0 1 0 0 1 0 0 0 0 1 1 0 1 1 1 22
1 1 1 1 0 0 1 0 1 0 1 0 0 1 1 1 0 0 0 0 0 1 1 0 1 1 0 1 0 0 1 1 0 0 0 1 1 0 0 1 1 1 1 1 1 1 1 0 1 1 29
0 0 0 1 0 0 0 0 1 1 1 1 0 1 1 0 1 0 0 0 0 1 0 0 0 0 0 0 0 0 1 0 0 0 1 0 1 1 1 1 1 0 0 0 1 1 1 0 0 1 20
0 1 0 1 0 0 1 0 1 1 1 0 1 0 1 0 0 0 0 0 0 1 1 0 1 0 0 0 1 0 0 0 0 1 1 0 1 1 0 1 0 0 0 1 1 1 1 0 1 1 23
1 0 1 1 0 0 0 0 0 1 1 0 0 1 1 1 0 0 0 1 0 1 1 1 1 0 0 0 0 1 1 1 0 0 1 1 1 1 1 1 0 0 1 1 0 0 1 1 1 1 28
1 0 1 1 0 0 0 1 0 1 1 0 0 0 1 0 0 0 1 0 0 1 1 0 1 0 0 0 1 1 1 1 0 1 1 0 1 0 0 1 1 0 1 1 1 1 1 1 0 1 27
1 1 1 1 0 0 1 0 1 1 1 0 0 1 1 1 0 0 0 0 0 1 1 1 0 0 0 1 0 1 1 1 0 1 1 1 1 0 0 1 1 1 0 1 1 0 0 1 1 1 30
0 0 1 0 0 0 1 0 1 1 1 1 0 1 1 1 0 1 1 0 0 1 0 0 0 0 0 1 0 1 1 1 0 1 1 1 1 1 0 1 1 0 1 1 1 1 0 0 0 0 27
0 1 1 1 0 0 0 1 0 0 1 0 0 1 1 0 0 1 0 0 0 1 1 1 0 0 0 1 0 0 1 1 0 0 1 1 1 0 0 1 1 0 0 0 1 1 0 0 1 1 23
0 1 1 1 0 0 1 0 1 1 1 0 0 1 1 1 0 0 0 0 0 1 0 0 0 0 0 0 0 0 0 0 0 1 1 0 1 1 0 1 1 1 1 1 1 1 0 0 0 1 23
0 0 1 1 0 0 1 0 1 0 1 0 1 0 1 1 0 0 1 0 0 1 1 1 1 0 0 1 0 1 1 1 0 1 1 0 0 1 1 1 1 1 1 1 1 0 1 1 1 1 31
1 1 1 0 0 0 1 0 0 1 1 0 0 1 1 0 1 1 0 0 0 1 0 0 1 0 0 1 0 1 1 1 0 1 1 0 1 1 0 1 1 1 0 1 1 1 0 0 1 1 28
1 0 0 1 0 0 0 0 1 1 1 0 0 1 1 0 1 1 0 0 0 1 1 1 0 0 0 0 0 0 1 1 0 1 1 0 1 0 1 1 1 1 0 1 0 1 1 1 1 1 27
1 1 1 0 0 0 0 0 1 0 1 0 0 1 1 0 0 1 1 0 0 1 0 0 1 0 0 0 1 0 1 1 0 1 1 1 1 0 0 1 1 0 0 0 1 1 1 1 1 1 26
1 0 1 0 0 0 1 0 0 1 1 0 0 1 1 0 1 1 1 0 0 1 0 0 0 1 0 1 0 0 1 1 0 1 0 1 1 1 0 1 1 0 0 0 1 1 1 0 1 1 26
1 1 1 1 0 0 1 0 1 0 1 0 0 0 1 0 0 0 0 0 0 1 1 0 1 0 0 1 1 0 1 1 0 1 1 1 1 1 0 1 1 0 0 0 1 1 0 1 1 1 27
0 1 1 1 0 0 1 0 0 1 1 0 0 1 1 0 0 1 1 0 0 1 1 0 0 0 0 1 1 1 1 0 0 1 1 0 1 0 0 1 1 1 0 1 1 0 0 1 0 1 26
0 0 1 1 0 0 1 0 0 0 1 0 0 1 1 0 0 1 0 0 0 1 0 1 1 1 0 1 1 1 1 0 0 0 1 0 1 1 0 1 1 0 1 1 1 0 1 0 0 1 25
0 0 1 1 0 0 1 1 0 1 1 0 0 1 1 1 0 0 0 0 0 1 0 1 0 0 0 1 0 1 1 1 0 1 1 1 1 0 1 1 1 1 1 0 1 1 1 0 0 1 28
1 1 0 1 0 0 0 0 1 1 1 0 0 1 1 1 1 1 0 1 0 1 0 1 1 1 0 1 0 0 1 0 0 0 1 0 1 1 0 1 1 0 0 0 1 1 1 1 1 1 29
0 0 1 1 0 0 0 1 0 1 1 0 0 0 1 1 0 1 0 0 0 1 1 0 0 0 0 0 0 0 1 1 0 1 1 1 1 0 1 1 0 0 1 1 1 0 1 1 0 1 24
0 1 1 0 0 0 0 0 0 1 1 1 0 0 1 1 0 1 1 0 0 1 1 0 0 0 0 0 0 0 1 1 0 1 0 1 1 1 1 1 0 1 0 0 1 1 0 1 1 1 25
1 1 1 0 0 0 1 0 1 1 1 0 0 0 1 1 1 1 1 0 0 1 0 0 0 0 0 1 0 0 1 1 0 1 0 0 1 1 1 1 1 1 1 0 0 1 0 1 0 1 27
0 0 1 1 0 0 1 0 0 0 1 0 0 0 1 1 1 0 1 0 0 1 0 1 1 0 0 1 0 1 0 1 0 0 0 1 1 1 1 1 1 0 0 1 1 1 0 0 1 1 25
0 0 1 1 0 0 0 0 0 0 1 0 0 0 1 1 0 0 1 0 0 1 0 0 0 1 0 1 0 0 1 1 0 0 0 1 0 0 0 1 0 0 1 0 1 1 0 1 0 1 18
0 0 0 1 0 0 1 0 0 0 1 0 0 1 1 1 0 0 0 0 0 1 0 0 0 0 0 1 0 0 1 0 0 1 1 0 1 1 0 1 0 0 0 1 1 1 0 0 0 1 18
1 0 1 1 0 0 0 0 0 1 1 0 0 1 1 0 0 1 0 0 0 1 0 0 0 0 0 1 1 0 1 1 0 1 0 0 1 1 0 1 1 0 0 0 1 0 1 1 1 1 23
1 0 1 1 0 0 0 1 1 0 1 0 0 1 1 0 0 0 1 0 0 1 0 0 1 0 0 1 0 0 0 1 0 1 0 0 1 0 0 1 1 1 0 1 1 1 1 1 1 1 25
0 1 1 1 0 0 0 0 1 1 1 0 0 0 1 0 0 1 0 0 0 1 1 1 1 0 0 0 1 1 1 1 0 1 0 1 1 1 0 1 1 0 1 0 1 1 0 1 1 1 28
1 0 0 1 0 0 0 0 0 0 1 1 0 1 1 0 0 1 1 0 0 1 0 1 0 0 0 0 0 0 1 1 0 0 1 1 1 0 0 1 0 1 0 1 1 0 0 1 0 1 21
1 0 0 1 0 0 0 1 0 1 1 0 0 1 1 0 0 0 0 0 0 1 0 0 1 0 0 0 0 0 1 1 0 1 1 1 1 1 0 1 1 0 1 1 0 1 0 1 1 1 24
0 1 1 1 0 0 0 0 1 0 1 0 0 1 1 0 1 0 1 0 0 1 1 0 0 0 0 0 1 0 1 1 0 1 1 0 1 0 0 1 1 1 0 1 1 1 0 1 1 1 26
1 0 1 1 0 0 0 0 0 1 1 0 0 0 1 0 0 0 0 0 0 1 0 1 0 1 0 0 0 0 0 1 0 0 0 1 1 1 0 0 1 0 0 0 1 1 0 1 1 1 19
0 0 1 1 1 0 1 0 0 1 1 0 0 1 1 0 0 1 1 0 0 1 1 0 1 0 0 0 0 0 1 0 0 0 0 0 1 1 0 1 1 0 1 1 1 1 1 1 1 1 26
1 1 1 1 0 0 0 0 0 0 1 1 0 1 1 0 0 0 0 0 0 1 1 1 1 0 0 1 0 0 1 0 0 1 1 0 1 1 0 1 1 1 0 0 1 1 0 1 0 1 25
0 1 1 1 0 0 1 0 0 1 1 0 0 0 1 1 0 0 0 0 0 1 0 1 0 1 0 1 0 0 1 1 0 1 1 0 0 1 0 1 1 0 1 0 1 1 0 1 1 1 25
0 0 1 0 0 0 0 1 1 1 1 0 0 1 1 0 0 0 0 0 0 1 0 0 0 0 0 1 0 0 1 1 0 1 0 0 1 0 0 1 0 0 0 0 0 1 0 1 1 1 18
1 0 1 0 0 0 0 1 0 1 1 0 0 1 1 1 0 0 1 0 0 1 0 0 0 0 0 1 0 0 1 0 0 1 0 1 1 1 0 1 1 1 0 0 0 1 1 1 1 1 24
1 1 1 1 0 0 1 0 0 0 1 0 0 1 1 1 0 1 1 0 0 1 0 0 0 0 0 1 0 1 1 1 0 0 1 1 1 1 1 1 1 0 0 1 1 1 0 1 1 1 29
1 1 1 1 0 0 1 0 1 1 1 0 0 1 1 1 0 1 0 0 0 1 1 1 0 0 0 1 0 1 1 1 0 1 0 0 1 1 1 1 1 0 0 0 1 1 0 1 1 1 30
1 0 1 1 0 0 1 0 1 0 1 0 0 0 1 0 0 0 1 0 0 1 1 1 0 0 0 0 0 0 1 0 0 0 0 0 1 1 1 1 1 1 0 0 1 0 1 0 0 1 21
1 1 1 1 0 0 0 0 0 1 1 0 0 1 1 0 0 1 0 0 0 1 0 0 0 0 0 0 1 0 1 0 0 1 0 0 1 1 0 1 1 1 0 1 1 0 0 0 1 1 22
1 0 0 1 0 0 0 0 1 1 1 0 0 1 1 0 0 1 0 0 0 1 0 0 0 0 0 1 0 1 0 1 0 0 0 0 1 0 1 1 1 0 0 0 1 0 1 0 1 1 20
0 1 1 1 0 0 0 0 1 1 1 0 0 0 1 1 0 1 1 0 0 1 1 1 0 0 0 0 0 0 1 0 0 1 1 0 1 1 0 1 1 0 0 0 1 0 0 0 1 1 23
1 0 1 1 0 0 0 0 1 0 1 0 0 1 1 1 0 0 1 0 0 1 0 0 0 0 0 0 0 1 1 0 0 1 0 1 1 1 1 1 1 0 1 0 1 1 0 0 0 1 23
0 0 0 1 1 0 1 0 1 1 1 0 0 1 1 0 1 0 1 0 0 1 1 0 0 1 0 1 0 0 1 0 0 1 0 0 1 1 1 1 1 0 1 1 0 1 0 0 1 1 26
1 1 1 1 0 0 1 0 0 1 1 0 0 1 1 0 0 0 0 0 0 1 1 0 1 0 0 0 0 1 1 0 0 0 1 0 1 1 0 1 1 0 1 0 1 0 0 1 0 1 23
0 1 0 0 0 0 1 0 1 1 1 0 0 0 1 1 0 1 0 0 0 1 1 0 1 0 0 0 0 0 1 1 0 0 1 0 1 1 1 1 1 1 0 0 1 0 0 0 1 0 22
1 0 1 0 0 0 0 0 1 1 1 1 0 1 1 1 0 0 0 0 0 1 1 0 0 0 0 1 0 0 0 1 0 1 0 1 1 1 0 1 1 0 0 0 1 1 1 1 1 1 25
285 245 422 401 15 5 258 93 225 317 489 62 64 368 468 188 133 189 237 15 7 499 317 159 116 92 2 255 114 159 407 368 1 334 277 212 480 379 163 488 432 199 233 288 418 366 198 279 310 469 12500
