1 1 1 1 1 0 1 0 0 1 1 1 1 1 0 0 1 0 0 0 0 1 0 1 1 0 1 1 1 1 0 1 1 0 0 0 1 1 0 1 0 0 0 0 0 1 0 0 0 0 25
1 1 0 0 1 0 1 0 0 1 1 1 0 1 1 0 1 0 1 0 0 1 1 1 0 1 1 1 1 1 1 1 1 0 0 1 0 1 1 1 1 0 1 0 0 1 0 0 1 0 30
1 1 1 0 1 1 0 0 0 1 1 1 0 1 1 1 1 0 1 0 0 1 0 1 0 0 1 1 1 1 0 0 0 0 0 0 0 0 0 1 1 0 0 0 0 1 1 1 0 0 24
0 0 1 1 1 0 1 0 0 1 1 1 0 0 1 1 1 0 1 0 0 0 0 1 0 0 1 1 1 0 0 1 1 0 0 0 0 1 1 1 0 1 1 0 0 1 0 1 1 0 25
1 0 1 1 1 0 0 1 0 1 1 1 1 0 0 0 1 0 1 1 1 1 0 1 0 0 0 1 0 1 1 1 1 0 0 0 1 0 1 1 0 0 1 0 0 1 1 1 0 0 27
0 0 1 0 1 0 1 0 0 1 1 1 1 0 0 1 0 1 1 0 0 1 1 1 0 1 1 1 1 0 1 1 1 1 0 1 0 1 0 1 0 0 1 0 0 1 1 0 1 0 28
0 0 1 1 1 0 1 0 1 0 0 1 0 1 0 0 1 1 1 1 0 1 1 1 0 0 0 1 0 1 0 1 1 0 1 0 0 1 1 0 0 0 1 0 0 1 0 1 0 0 24
1 0 1 1 1 1 1 0 0 1 0 1 0 0 1 0 0 1 1 0 0 1 1 1 0 0 0 0 0 1 0 0 1 0 0 0 0 0 1 1 1 0 1 0 0 1 1 1 1 0 24
0 0 0 1 1 0 0 0 0 1 1 1 1 1 0 0 0 0 1 1 0 1 0 1 0 1 0 1 1 1 0 0 0 1 0 1 0 1 0 0 0 0 1 0 0 1 0 0 0 0 20
0 1 0 0 1 0 1 0 0 1 1 1 1 1 0 0 0 1 1 0 0 0 1 1 0 1 1 1 0 0 1 1 1 1 0 1 1 1 1 0 1 0 1 0 0 1 1 1 1 0 29
0 0 1 1 1 0 1 0 0 1 1 1 1 0 1 0 1 0 1 1 0 1 0 1 1 1 1 1 1 1 1 0 0 0 0 0 0 1 0 0 1 0 1 0 0 1 1 1 1 0 28
0 0 0 0 1 0 1 0 1 1 1 1 0 0 1 0 1 0 1 1 0 1 1 1 1 0 1 1 1 0 1 1 1 0 0 1 0 1 0 1 1 0 1 1 0 1 0 0 1 0 28
0 1 1 1 1 1 0 0 1 0 1 1 1 0 1 0 0 0 1 0 0 1 1 1 0 1 0 1 1 1 1 0 0 0 0 1 1 1 0 0 0 0 1 1 1 1 1 0 1 0 28
0 1 1 1 1 0 1 0 1 1 1 1 0 0 1 0 0 0 0 1 0 1 1 1 0 0 0 1 1 0 0 1 1 0 1 1 1 0 1 1 0 0 1 0 0 0 0 0 1 0 25
0 0 1 1 1 0 1 0 0 1 0 1 0 0 1 1 1 0 1 0 0 1 1 1 1 0 0 1 1 1 1 1 1 0 0 1 0 1 0 0 0 0 1 0 1 1 0 0 1 0 26
1 1 0 0 1 0 0 0 0 1 0 1 0 0 0 0 1 0 1 1 0 1 0 1 0 0 0 1 0 1 1 0 1 1 0 1 0 1 1 0 0 0 1 0 0 1 0 0 1 0 21
1 0 0 0 1 0 0 0 1 1 1 1 0 0 0 0 0 0 1 1 0 1 1 1 1 1 1 0 0 1 1 0 1 0 1 0 0 1 0 0 0 0 1 0 0 1 0 0 1 0 22
0 1 0 0 1 0 0 0 1 0 1 1 0 0 1 1 1 1 1 1 0 1 0 1 1 1 1 1 1 1 1 0 1 0 1 1 0 0 0 1 0 0 1 0 0 1 0 1 0 0 27
0 0 1 0 1 0 1 0 0 1 1 1 1 1 1 0 1 0 1 1 0 0 1 1 1 0 1 1 0 1 0 0 1 0 0 1 0 1 1 1 0 0 1 0 0 1 1 1 0 0 27
0 0 0 0 1 0 1 1 0 1 1 1 0 1 1 0 0 0 1 0 0 0 1 1 0 0 1 1 1 0 0 1 0 1 0 1 1 1 0 0 0 1 1 0 1 1 1 0 1 0 25
0 0 0 0 1 0 0 0 1 0 1 1 0 0 0 1 1 0 1 0 0 1 1 1 0 1 1 1 1 0 0 0 1 0 0 1 1 1 0 0 1 0 0 0 0 1 1 1 1 0 23
0 0 0 0 1 1 0 1 1 1 1 1 1 0 0 0 1 0 0 0 1 0 0 1 0 1 0 1 1 1 1 0 0 0 0 1 1 1 0 0 1 0 1 0 0 1 0 0 1 0 23
1 0 1 0 1 0 0 0 0 1 1 1 1 0 1 0 1 0 1 0 0 1 1 1 0 0 1 1 1 1 1 1 0 0 1 0 0 1 0 0 0 0 1 0 0 0 1 1 1 0 25
0 0 1 0 1 0 0 0 0 1 1 1 0 0 0 1 0 0 0 1 0 1 0 1 0 1 0 1 1 1 1 0 1 0 0 0 1 0 0 1 1 1 1 0 0 1 0 0 1 0 22
1 1 1 1 1 0 1 0 1 1 1 1 0 0 0 1 1 1 1 0 0 1 1 1 0 0 1 1 0 0 0 1 0 0 0 0 0 0 1 0 0 0 1 0 0 1 1 0 1 0 25
1 1 1 0 1 0 1 0 0 1 1 1 1 0 0 0 1 0 1 1 0 0 1 1 1 0 1 1 0 1 0 0 1 0 0 0 1 1 1 0 1 0 1 1 0 1 0 0 0 0 26
0 1 1 1 1 0 0 0 1 1 1 1 0 0 1 0 0 0 1 1 0 1 1 1 0 0 1 1 1 1 1 1 1 1 0 0 1 1 0 0 0 0 1 0 0 0 0 1 1 0 27
1 0 1 0 1 0 0 0 0 0 1 1 1 0 0 0 1 0 1 0 0 1 1 1 0 0 0 1 1 1 1 0 0 0 0 0 0 0 0 1 0 1 1 0 0 1 1 0 1 0 21
0 0 1 0 1 0 1 0 1 1 1 1 1 0 1 0 1 0 1 1 0 0 1 1 0 0 1 1 1 0 0 1 0 0 0 1 0 0 0 1 0 1 1 0 0 1 1 0 1 0 25
1 1 1 0 1 0 1 0 0 1 1 1 0 0 0 0 1 0 0 0 1 1 0 1 0 0 1 1 1 0 1 0 0 0 0 0 0 1 0 1 1 0 1 0 0 1 1 1 1 0 24
0 1 0 0 1 0 0 0 0 1 1 1 0 0 1 1 1 0 1 0 0 1 0 1 1 0 0 1 0 0 1 0 1 0 0 1 0 1 1 0 1 1 1 0 0 1 0 0 0 0 22
1 0 0 0 0 0 1 0 0 0 1 1 1 0 0 0 1 0 1 0 0 0 0 1 0 0 0 1 0 0 0 0 0 0 0 0 0 1 1 0 1 0 1 0 0 1 1 0 1 0 16
0 1 0 0 1 0 1 0 0 1 1 1 0 0 0 0 1 0 0 1 0 0 1 1 1 0 1 1 1 0 1 1 1 1 0 1 0 1 0 0 0 0 1 0 0 0 1 1 1 0 24
1 0 1 0 1 0 1 0 0 1 0 0 1 0 0 1 1 0 1 1 0 1 0 1 1 0 1 1 1 1 1 0 1 0 0 0 0 1 0 1 0 0 1 0 0 1 1 1 1 0 26
1 0 1 0 0 0 0 0 0 1 1 1 0 1 1 0 0 0 1 1 0 1 0 1 0 0 1 1 0 1 0 0 1 0 1 0 0 1 0 0 0 0 1 0 0 1 1 0 0 0 20
0 1 1 1 1 0 1 0 1 1 1 1 1 0 1 0 1 0 1 1 0 0 1 1 0 1 1 1 1 0 0 0 1 1 0 0 1 1 0 1 0 0 1 0 0 1 1 0 1 0 29
0 1 1 0 1 0 0 0 1 0 1 1 1 0 1 0 1 0 1 0 0 0 1 1 1 0 0 1 0 1 1 0 0 0 0 1 0 1 1 0 0 0 1 0 0 1 0 0 1 1 23
0 0 1 1 0 1 1 0 0 1 1 1 1 1 1 1 1 1 1 1 0 0 1 1 0 0 0 1 1 1 1 1 0 0 0 0 1 0 0 1 0 0 1 0 0 1 0 0 1 0 27
0 0 1 0 0 0 0 0 0 1 0 1 1 0 0 0 1 0 1 0 0 0 0 1 1 1 1 1 1 1 0 0 0 0 1 0 1 1 0 0 0 0 1 0 0 1 0 0 0 0 18
0 0 0 0 1 0 0 0 0 1 1 1 0 0 1 1 1 0 1 1 1 1 0 1 0 1 1 1 1 1 0 0 1 0 0 0 1 0 0 1 0 0 0 0 0 1 0 0 0 0 21
0 0 0 1 1 0 1 0 0 1 1 1 1 0 0 0 1 0 1 1 0 1 0 1 0 1 1 1 1 1 1 0 0 0 0 1 1 1 0 0 0 0 1 0 0 1 0 1 1 0 25
0 0 1 0 1 0 1 0 1 1 0 1 1 0 1 0 0 0 1 0 0 1 1 1 0 1 1 1 0 1 0 0 0 1 0 0 1 1 1 1 0 0 0 0 0 1 1 1 1 0 25
1 0 1 1 1 0 0 1 0 0 1 1 0 0 0 0 1 0 1 0 0 1 0 1 0 1 0 1 1 1 1 0 1 0 0 1 0 1 0 0 0 0 1 1 1 0 0 1 0 0 23
0 0 1 0 1 0 0 0 0 0 1 1 0 0 1 1 1 1 1 1 0 1 1 1 1 0 1 1 1 1 0 1 1 0 0 0 0 0 0 0 0 1 0 0 0 1 0 1 0 0 23
0 0 1 0 1 0 1 0 0 1 1 1 0 0 0 0 1 0 1 1 1 1 1 1 0 0 1 1 1 1 1 1 0 1 0 0 0 0 1 0 0 0 1 0 0 0 0 1 1 1 25
1 1 1 1 1 0 0 0 1 1 0 1 1 0 1 0 0 0 1 0 0 1 1 1 0 0 1 1 1 1 1 1 0 0 0 1 1 1 1 0 0 0 1 0 1 1 0 1 1 0 29
0 1 1 0 1 0 1 0 1 0 1 1 0 1 1 1 1 1 1 0 0 1 1 1 1 0 1 1 0 1 0 0 1 0 0 0 0 0 0 0 0 1 1 0 0 0 1 0 0 0 24
1 0 1 1 1 0 1 0 1 1 1 1 1 0 0 1 1 0 1 1 1 1 1 1 0 0 1 1 1 0 1 0 1 0 0 1 1 0 0 0 0 0 1 1 0 0 1 1 1 0 30
1 1 1 1 1 0 1 1 0 1 1 1 1 0 1 1 1 0 1 1 0 0 0 1 1 0 1 1 1 0 0 0 0 0 1 1 1 0 1 0 0 0 1 0 0 1 1 0 1 0 29
0 1 1 1 1 0 1 0 0 1 1 1 0 0 0 0 1 0 1 0 0 1 0 1 1 0 0 1 1 1 1 0 1 0 0 0 1 1 1 1 1 0 1 0 0 0 0 0 0 0 24
0 1 1 1 1 1 1 0 1 1 1 1 1 0 0 0 1 0 1 0 0 1 0 1 0 0 1 1 1 1 0 0 1 1 0 1 0 1 0 0 1 0 1 0 1 1 1 0 0 0 28
1 1 1 1 0 0 0 0 0 1 0 1 1 1 1 0 0 0 1 0 1 0 0 1 1 1 1 1 1 0 1 1 1 0 0 1 1 1 0 0 1 1 1 0 1 1 0 0 0 0 28
0 1 1 1 0 0 0 0 0 1 1 1 0 0 0 1 1 0 1 1 0 0 1 1 1 1 1 1 1 1 1 1 1 0 1 1 0 1 0 0 1 0 1 0 0 1 1 0 1 0 29
0 1 1 0 1 0 1 0 0 1 1 1 0 0 1 0 1 0 1 0 1 1 1 1 0 1 0 1 1 1 0 1 1 0 0 1 1 1 1 0 0 1 1 1 1 1 1 1 1 0 32
0 0 0 1 1 0 0 0 0 0 1 1 0 1 1 0 1 0 1 0 0 1 1 1 0 0 0 1 0 0 0 0 0 0 0 1 0 0 1 0 0 0 1 1 0 1 1 1 1 0 20
0 1 1 0 1 0 1 0 0 0 1 1 0 0 1 0 0 0 1 1 0 1 1 1 1 1 1 1 0 0 0 1 0 0 0 1 1 1 1 1 0 0 1 0 0 0 0 1 1 0 25
0 0 0 1 1 1 1 0 1 1 1 1 0 0 1 1 1 0 1 1 0 0 1 1 0 0 1 1 1 1 1 0 0 0 0 0 1 1 0 1 0 0 0 1 0 1 1 1 0 0 27
0 0 0 0 1 0 1 0 0 1 1 1 0 0 1 0 1 0 1 0 1 1 1 1 0 0 1 1 0 0 0 1 1 1 0 0 1 1 0 1 0 0 1 0 0 1 0 1 0 0 23
0 0 0 0 0 0 0 0 1 1 1 1 0 1 1 0 0 0 1 0 0 1 1 1 0 0 0 1 1 1 1 0 0 0 1 1 0 1 0 1 0 1 1 0 0 0 0 1 0 0 21
0 0 1 1 1 0 0 1 1 1 1 1 1 1 1 0 0 0 1 1 0 1 1 1 0 0 1 1 1 1 1 1 1 0 0 1 0 1 1 1 0 0 1 0 0 1 0 0 1 0 30
0 0 1 0 1 0 0 0 1 1 1 1 0 0 0 0 0 0 1 0 0 1 0 1 1 0 1 0 1 1 1 0 1 0 1 1 0 0 1 0 0 0 1 0 1 1 1 0 0 0 22
1 0 0 0 1 0 1 0 1 0 1 1 0 0 1 1 1 1 1 0 0 1 1 1 1 0 0 1 1 1 0 1 1 1 0 1 0 1 0 0 0 0 1 1 0 1 1 0 1 0 28
0 0 1 0 0 1 0 0 0 1 1 1 0 0 1 1 1 0 1 0 0 0 1 1 0 1 1 1 1 1 1 1 0 1 0 1 1 1 0 1 1 1 1 0 0 1 1 0 1 0 29
0 1 1 0 1 0 1 1 1 1 0 1 0 1 0 0 1 0 1 0 0 1 1 1 0 1 0 1 1 0 0 0 1 0 0 1 1 1 1 0 0 0 0 0 0 0 1 0 0 0 23
1 1 1 0 1 0 1 1 1 1 1 1 0 0 0 0 1 1 1 0 0 1 0 1 1 0 0 1 1 1 0 1 1 1 0 0 1 1 0 0 0 0 1 0 1 1 1 0 1 0 29
0 0 1 0 1 0 1 0 0 1 1 1 1 0 0 0 0 1 1 0 0 1 1 1 0 1 1 1 1 1 1 0 1 0 1 1 0 0 0 0 1 0 1 0 0 1 0 1 1 0 26
0 1 0 1 1 0 1 0 1 1 1 1 0 0 0 1 0 0 1 1 0 0 0 1 1 0 0 1 1 1 1 0 0 0 0 0 0 1 1 1 1 0 1 0 0 0 0 1 0 0 23
1 1 0 0 1 0 1 0 1 1 0 1 0 0 1 1 0 0 1 1 0 1 1 1 0 1 1 1 0 0 1 0 1 0 1 0 0 1 0 0 0 0 1 0 0 1 1 0 1 0 25
0 1 1 1 0 0 1 0 0 1 1 1 0 0 0 0 1 0 1 1 0 1 0 1 1 0 0 1 1 1 0 1 1 0 0 1 1 1 1 1 0 0 1 0 0 1 1 1 0 0 27
1 1 1 1 0 0 1 0 1 1 1 1 0 0 1 0 1 0 1 1 0 0 1 1 0 1 0 1 1 1 1 0 0 0 1 1 0 0 0 1 1 0 1 0 0 1 0 0 0 0 26
0 0 1 0 1 0 1 0 0 0 1 1 0 0 0 0 1 0 1 0 0 1 0 1 1 1 1 1 1 1 0 1 0 0 0 0 0 1 0 0 0 0 1 0 0 1 1 1 1 0 22
0 0 1 0 0 1 1 0 0 1 1 1 0 0 0 0 1 1 1 1 0 1 0 1 0 0 0 1 1 1 1 1 0 0 0 0 0 0 1 0 0 1 1 0 0 1 1 1 0 0 23
1 0 1 0 1 0 1 0 0 1 0 1 1 0 1 0 1 1 1 1 0 1 0 1 0 1 0 1 1 1 1 0 0 0 0 0 0 1 1 1 1 0 1 0 0 1 1 0 1 0 27
1 0 0 0 1 1 0 0 1 0 1 1 0 0 1 0 1 1 1 0 0 1 0 1 1 0 1 1 1 1 0 0 1 0 0 0 1 1 1 0 0 0 1 0 0 1 0 0 0 1 24
1 0 0 1 0 0 1 0 1 1 1 1 0 0 1 0 1 0 1 0 0 1 1 1 1 1 0 1 1 1 0 0 0 0 0 1 1 1 0 0 0 0 1 0 0 1 1 0 0 0 24
0 1 1 1 1 0 0 0 1 1 1 1 1 0 1 1 1 0 1 0 0 1 0 1 0 1 1 1 1 1 1 0 0 0 0 1 1 1 0 0 1 0 1 0 0 1 0 0 0 0 27
1 0 1 1 1 0 1 0 0 1 1 1 0 0 0 0 0 0 0 1 0 0 0 1 0 0 1 1 1 0 1 0 0 0 0 1 0 1 0 0 1 0 1 0 0 0 0 0 1 1 20
0 1 1 0 1 1 1 0 1 0 1 1 0 0 1 0 1 1 1 0 0 1 1 1 1 0 1 1 1 1 1 1 0 0 0 0 1 0 0 0 0 1 1 1 0 1 1 0 0 0 28
1 1 0 0 0 0 0 0 0 1 1 1 0 1 1 0 1 0 1 0 0 1 0 1 1 1 0 1 1 1 1 0 1 0 0 0 0 0 0 0 0 1 1 0 0 1 1 0 1 0 23
0 0 1 1 1 0 0 0 1 1 1 1 0 0 0 0 0 1 1 0 0 0 0 1 0 1 1 1 1 1 1 0 0 1 1 0 0 1 0 1 0 0 1 0 0 1 1 0 1 0 24
0 1 1 1 0 0 0 0 1 1 1 1 1 0 1 0 1 1 1 1 0 0 1 1 0 0 0 1 1 1 1 0 1 0 1 0 0 1 0 1 1 0 1 0 1 1 0 0 0 0 27
0 1 1 0 0 0 1 0 1 1 1 0 0 0 0 1 1 0 1 0 0 1 1 1 0 0 1 1 1 1 0 1 0 0 0 0 0 0 0 0 1 0 1 0 0 1 0 0 1 0 21
0 1 1 0 1 1 1 0 0 1 1 0 1 0 0 1 1 0 1 0 0 1 0 1 0 0 1 1 0 1 1 0 0 0 0 1 0 1 0 1 0 0 1 0 0 1 0 1 1 0 24
0 0 0 0 1 1 1 0 0 1 1 1 0 0 1 1 0 0 1 1 0 0 0 1 1 0 0 1 1 1 1 0 0 0 1 1 0 1 1 0 1 0 1 1 0 1 0 0 0 0 24
0 1 1 0 1 0 1 0 1 1 1 1 0 0 1 1 1 0 1 0 1 1 0 1 1 1 1 1 1 1 1 1 0 0 0 0 1 1 0 1 0 1 1 0 0 1 0 1 0 0 30
1 0 1 0 0 0 1 0 1 1 0 1 0 0 1 0 1 0 1 0 0 1 1 1 0 1 1 1 1 1 1 0 1 0 0 1 1 1 0 0 0 0 1 0 0 1 0 1 0 0 25
1 0 0 1 1 1 1 1 0 1 1 1 0 0 0 1 1 1 1 1 0 0 1 1 1 0 1 1 1 1 1 0 1 0 0 0 1 0 0 1 0 0 1 0 1 1 1 0 0 1 30
1 0 1 1 1 0 0 0 0 1 1 1 0 1 0 0 0 1 1 1 0 1 1 1 0 0 0 1 0 1 0 1 1 0 0 1 1 1 0 0 0 0 1 1 0 1 1 0 0 1 26
1 0 1 1 1 0 0 0 0 0 1 1 1 0 1 1 1 0 1 1 0 1 0 1 0 0 1 1 1 1 0 1 1 0 0 0 1 1 0 0 0 1 1 0 0 1 0 0 0 0 25
0 0 1 0 1 0 0 0 0 1 1 1 0 0 0 0 1 0 1 1 0 1 0 1 0 0 0 1 1 1 1 1 1 0 0 0 0 1 1 1 0 0 1 0 0 0 0 1 0 0 21
0 0 1 1 1 0 1 0 1 1 0 1 0 0 0 1 0 0 1 1 0 1 1 1 0 1 1 1 1 1 0 0 0 0 1 0 0 0 0 0 0 0 1 0 1 1 1 0 1 0 24
0 0 0 0 0 0 0 0 1 1 1 1 0 0 0 0 1 1 1 1 0 1 0 1 0 0 0 1 1 1 0 1 1 0 0 1 0 0 1 1 0 0 1 0 0 1 0 1 1 0 22
0 0 0 1 1 0 1 0 1 1 1 1 1 0 0 0 1 0 1 0 0 0 1 1 0 0 1 1 1 1 0 0 1 0 0 1 1 1 0 0 0 1 1 0 0 0 1 0 0 0 23
0 1 1 0 1 0 1 1 0 1 0 1 1 0 0 0 1 1 1 0 1 1 1 1 1 1 0 1 0 1 1 0 1 0 0 0 0 1 0 0 0 0 1 0 0 1 0 1 0 0 25
0 0 0 0 1 0 1 0 0 1 1 1 1 0 0 0 1 1 1 1 0 1 1 1 1 0 0 1 1 0 0 0 0 0 0 0 0 1 0 0 0 1 1 0 0 1 1 1 1 0 23
0 0 1 1 1 0 1 0 0 1 1 1 0 0 0 0 0 0 1 0 0 1 1 1 0 0 1 1 1 1 0 1 1 0 1 0 1 1 0 1 1 0 0 0 0 1 1 1 1 0 26
1 1 1 1 1 0 1 1 1 1 0 1 0 0 0 1 1 0 1 0 0 1 1 1 0 1 0 1 1 0 1 0 0 0 0 1 1 1 0 0 1 0 0 0 1 1 1 1 1 0 29
0 0 1 1 1 0 1 0 1 1 1 1 0 0 0 0 1 0 1 0 0 0 0 1 0 1 1 1 1 1 1 0 1 0 0 0 1 1 1 1 0 0 1 0 0 1 1 0 1 0 26
0 1 1 0 0 0 1 0 1 1 1 1 0 0 0 1 1 0 1 0 0 1 1 1 0 0 1 1 1 0 0 1 1 0 1 1 1 1 0 0 0 0 1 0 0 1 0 0 1 0 25
0 0 0 1 0 0 1 1 1 1 1 1 0 0 1 0 1 1 1 0 0 0 1 1 0 0 0 1 0 1 1 0 1 0 0 0 1 1 1 0 0 0 1 0 1 0 1 0 1 0 24
34 41 69 43 81 14 63 12 44 83 84 97 36 18 50 32 73 24 93 45 11 72 58 100 35 38 61 97 77 74 57 41 58 16 20 49 45 73 35 40 29 19 90 12 15 83 52 42 59 6 2500
