1 0 1 0 1 0 0 1 1 1 6
0 0 1 0 0 0 0 0 1 1 3
0 0 1 0 1 0 0 1 1 1 5
0 0 1 1 0 0 0 1 1 1 5
0 0 1 0 0 0 1 0 1 1 4
0 0 1 0 0 0 1 0 1 1 4
1 0 1 0 0 0 0 0 1 1 4
0 0 1 0 1 0 0 0 1 1 4
1 0 1 0 0 1 0 1 1 1 6
0 1 1 0 1 0 0 0 1 1 5
0 0 1 0 1 0 0 1 1 1 5
0 1 1 0 1 0 0 1 1 1 6
0 0 0 0 1 0 1 1 1 1 5
0 0 1 0 0 1 0 1 1 1 5
0 0 1 0 0 0 1 1 1 1 5
0 0 1 0 0 1 1 1 1 1 6
0 0 1 0 1 0 0 1 1 1 5
0 0 1 0 0 0 1 1 1 1 5
0 0 1 0 0 0 0 1 1 1 4
0 1 1 0 0 0 0 0 1 1 4
0 0 1 0 0 0 1 1 1 1 5
0 0 1 1 0 0 1 0 1 1 5
0 1 1 1 1 0 1 1 1 1 8
0 0 1 0 0 0 0 1 1 1 4
0 0 1 1 1 0 0 1 1 1 6
1 0 1 0 1 0 0 1 1 1 6
0 0 1 1 0 0 1 1 1 1 6
0 0 1 1 1 0 0 1 1 1 6
0 0 1 1 1 0 0 0 1 1 5
0 0 1 0 1 0 0 1 1 1 5
0 0 0 1 1 0 0 0 1 1 4
0 0 0 0 0 0 1 1 1 1 4
0 0 1 0 0 0 0 1 1 1 4
0 0 1 0 1 0 0 1 1 1 5
1 0 1 0 1 0 1 1 1 1 7
0 0 1 0 1 0 0 1 1 1 5
0 0 0 0 1 0 0 1 1 1 4
0 0 1 1 0 0 0 0 1 1 4
0 0 1 0 0 0 1 1 1 1 5
0 0 1 0 0 0 0 0 1 1 3
0 0 1 1 1 1 0 1 1 1 7
0 0 1 0 1 0 0 1 1 1 5
0 0 1 1 0 0 1 1 1 1 6
0 1 1 0 1 1 0 1 0 1 6
0 0 1 1 0 0 1 1 1 1 6
0 0 1 0 0 0 0 0 1 1 3
0 0 1 0 0 0 0 0 1 1 3
0 0 1 0 0 0 0 1 1 1 4
0 0 1 0 0 0 0 1 1 1 4
0 0 1 0 1 1 0 1 1 1 6
0 0 1 0 0 0 0 1 1 1 4
1 1 1 1 1 0 1 0 1 1 8
1 0 1 0 0 1 1 1 1 1 7
0 0 1 0 1 0 1 1 1 1 6
0 0 1 0 0 0 0 1 1 1 4
0 0 1 0 0 0 0 1 1 1 4
0 0 1 1 0 0 0 1 1 1 5
0 0 1 1 0 0 1 1 1 1 6
0 0 1 0 0 0 0 0 1 1 3
0 0 1 1 1 0 1 1 1 1 7
0 0 1 1 1 0 0 1 1 1 6
0 0 1 0 1 0 1 1 1 1 6
1 0 1 0 1 1 1 0 1 1 7
0 0 1 1 0 0 0 1 1 1 5
0 0 1 0 0 0 0 1 1 1 4
0 0 1 0 0 0 1 1 1 1 5
1 0 0 1 0 0 0 1 1 1 5
0 0 1 0 1 0 1 1 1 1 6
0 1 0 0 0 0 0 0 1 1 3
0 1 1 1 0 0 0 1 1 1 6
0 0 1 0 1 0 0 1 1 1 5
0 1 1 1 0 0 0 1 1 1 6
0 0 1 0 1 0 0 1 1 1 5
0 0 1 0 1 0 0 1 1 1 5
0 0 1 0 1 0 0 1 1 1 5
0 0 1 0 1 0 0 0 0 1 3
0 0 1 0 1 0 1 1 1 1 6
0 0 1 0 0 0 1 1 1 1 5
1 0 1 1 0 0 0 1 1 1 6
0 0 1 1 1 0 1 1 1 1 7
0 0 1 0 0 0 1 1 1 1 5
0 0 1 0 1 0 0 1 1 1 5
0 0 1 0 1 0 0 0 1 1 4
0 0 0 0 0 0 0 1 1 1 3
0 0 0 0 1 0 1 1 1 1 5
0 0 0 1 0 0 0 1 1 1 4
1 0 1 0 1 0 0 1 1 1 6
0 0 1 0 1 1 0 1 1 1 6
0 0 1 0 1 0 1 1 1 1 6
1 0 1 1 0 0 1 1 1 1 7
0 0 1 0 0 0 0 0 1 0 2
0 0 1 0 0 0 0 1 1 1 4
0 0 1 0 0 0 0 0 1 1 3
0 0 1 0 0 0 1 0 1 1 4
0 0 1 0 0 0 0 1 1 1 4
0 1 1 1 1 0 0 1 1 1 7
1 0 1 0 1 0 0 0 1 1 5
0 0 0 0 0 0 0 0 1 1 2
0 0 1 0 1 0 1 1 1 1 6
0 0 1 0 0 0 1 1 1 1 5
13 10 90 26 46 9 34 75 98 99 500
