0 0 1 0 1 1 0 1 0 1 5
0 0 1 1 1 0 0 1 0 1 5
1 0 1 0 1 1 0 1 1 1 7
0 0 0 1 1 1 0 0 0 0 3
1 0 0 0 1 1 0 1 1 1 6
1 1 1 1 0 1 0 1 1 1 8
0 1 1 1 1 0 0 1 1 0 6
0 1 1 1 1 1 1 0 1 0 7
1 1 1 0 0 0 1 0 1 0 5
1 0 0 1 0 0 1 1 1 0 5
1 0 0 1 1 0 1 0 1 0 5
1 1 1 0 0 1 0 0 1 0 5
0 1 0 0 0 1 0 0 1 1 4
0 1 0 0 1 0 1 0 0 0 3
0 0 0 0 0 0 0 0 1 1 2
1 1 1 1 1 1 1 1 1 0 9
1 0 0 1 1 1 0 0 0 1 5
1 1 1 0 1 0 1 1 1 0 7
0 1 0 1 1 0 1 1 1 0 6
1 0 0 0 1 0 0 0 0 0 2
1 0 0 0 1 0 0 1 0 0 3
1 0 1 1 1 1 1 0 0 1 7
0 1 1 0 1 1 0 1 0 1 6
1 1 0 0 1 0 1 1 1 1 7
1 1 0 0 0 1 1 1 1 0 6
0 0 0 1 0 0 1 1 0 0 3
0 1 1 0 0 0 1 0 0 1 4
1 0 1 0 0 0 1 1 0 1 5
1 0 0 1 0 0 0 1 1 0 4
1 0 1 0 1 1 1 0 0 0 5
0 1 0 1 0 0 0 0 0 0 2
0 0 0 0 1 1 0 0 1 0 3
1 1 1 1 0 0 1 1 1 0 7
0 1 0 1 1 1 1 0 0 0 5
0 1 0 0 1 1 1 1 0 0 5
1 0 0 1 1 0 0 1 0 0 4
0 0 1 0 0 1 1 0 1 0 4
1 1 0 0 1 1 0 1 0 0 5
0 1 1 1 0 1 0 0 1 1 6
1 1 0 1 1 1 1 0 0 0 6
1 1 1 0 1 1 0 1 1 0 7
1 0 1 1 1 0 1 1 1 1 8
1 0 1 0 0 1 0 0 0 0 3
0 1 0 1 1 0 1 1 0 1 6
1 1 1 0 0 1 0 0 1 0 5
0 1 0 0 1 0 0 1 0 0 3
1 0 1 1 1 0 0 0 0 0 4
0 1 1 1 1 1 0 1 0 0 6
1 0 0 1 0 0 0 0 1 0 3
0 0 0 1 0 0 1 0 0 0 2
0 1 1 1 0 1 1 0 1 0 6
0 1 0 1 0 0 1 1 0 0 4
0 0 1 0 0 1 1 1 0 1 5
0 1 0 0 0 0 1 0 0 0 2
0 0 1 1 0 1 1 1 1 0 6
1 1 1 0 0 1 0 0 0 0 4
1 0 0 0 0 0 0 0 1 1 3
0 0 1 1 0 1 0 0 0 1 4
0 0 0 0 0 0 0 0 0 1 1
1 1 0 0 1 0 0 0 0 0 3
0 1 0 1 1 1 0 0 0 0 4
0 0 1 1 0 1 0 1 0 0 4
0 1 1 0 0 1 0 0 1 0 4
1 1 0 1 0 1 0 0 1 0 5
1 0 1 1 0 0 0 0 1 0 4
1 0 1 1 1 0 0 0 1 0 5
0 0 1 0 1 0 1 1 1 0 5
1 0 1 0 0 0 1 0 0 0 3
0 0 1 0 0 1 1 1 0 1 5
0 0 1 1 0 0 1 1 1 0 5
1 1 0 0 1 1 1 1 1 1 8
0 1 0 1 1 1 1 0 0 0 5
1 0 1 1 1 1 1 1 0 1 8
1 0 1 1 1 1 0 0 0 1 6
1 1 0 0 1 1 0 1 1 0 6
1 1 1 1 1 0 1 0 1 1 8
1 1 1 1 1 1 1 0 0 0 7
1 0 1 1 0 1 1 0 0 1 6
1 1 1 1 1 1 1 0 0 0 7
1 0 1 0 0 0 1 1 0 1 5
1 1 1 1 0 1 1 0 0 0 6
1 1 0 0 1 1 1 1 1 0 7
1 1 1 1 0 1 1 0 0 1 7
0 0 0 1 1 1 0 0 1 0 4
1 1 1 1 1 1 0 0 1 0 7
1 1 1 0 0 0 1 1 0 1 6
0 0 0 1 0 0 1 0 0 1 3
0 0 1 1 0 1 1 1 1 0 6
0 0 0 1 1 1 0 1 1 1 6
0 1 0 0 0 0 1 0 1 1 4
0 0 0 1 0 0 1 1 1 1 5
0 0 0 1 1 1 0 1 0 0 4
1 0 1 1 1 0 0 0 0 0 4
0 0 0 0 0 0 0 1 0 1 2
0 1 1 1 1 0 0 1 1 0 6
0 1 1 1 1 0 1 1 1 0 7
0 1 1 0 1 1 0 0 0 0 4
0 1 0 0 0 0 0 0 0 1 2
1 1 1 1 1 0 1 1 1 1 9
1 1 0 0 0 1 0 1 0 0 4
52 52 54 55 53 53 50 48 47 36 500
