0 0 0 1 0 0 0 0 0 0 1
0 0 0 0 0 0 0 1 0 0 1
0 0 0 0 1 0 0 0 0 0 1
1 0 0 0 0 0 0 0 0 0 1
0 0 0 0 0 1 0 0 0 0 1
0 0 0 1 0 0 0 0 0 0 1
0 0 0 0 0 0 1 0 0 0 1
0 0 1 0 0 0 0 0 0 0 1
0 0 0 0 0 0 0 0 1 0 1
0 0 0 0 0 0 1 0 0 0 1
0 0 0 0 0 0 0 0 0 1 1
0 0 1 0 0 0 1 0 0 0 2
0 0 1 0 0 1 0 0 0 0 2
0 0 1 0 1 0 1 0 0 0 3
1 0 0 0 0 0 1 0 1 0 3
1 0 0 0 0 0 1 0 0 1 3
0 0 0 1 0 0 0 0 1 0 2
0 0 0 1 1 0 0 0 1 0 3
0 1 1 0 0 0 0 0 1 1 4
0 1 1 0 0 1 1 1 1 1 7
1 0 0 1 0 0 1 0 0 1 4
0 0 1 1 1 1 0 0 0 1 5
0 1 0 1 0 1 1 0 0 0 4
0 0 0 0 0 1 1 0 1 1 4
1 1 0 0 0 1 1 1 1 0 6
0 1 0 0 1 0 1 0 0 1 4
0 1 1 0 1 1 1 0 0 1 6
1 0 1 0 1 1 0 0 0 0 4
0 1 1 1 0 1 1 1 0 1 7
0 1 1 0 0 0 0 0 0 0 2
1 0 1 0 0 0 1 1 0 0 4
0 0 1 0 0 0 1 1 0 0 3
0 0 1 0 1 1 0 0 0 1 4
0 1 0 1 1 1 1 0 1 1 7
0 1 1 0 0 0 1 0 1 1 5
1 0 0 1 1 0 1 0 1 1 6
1 1 0 0 0 0 1 0 0 0 3
1 0 1 1 1 1 0 0 0 0 5
0 1 0 1 1 0 0 0 0 0 3
0 0 0 0 1 0 1 0 0 0 2
0 0 0 0 1 0 0 0 0 1 2
0 0 0 0 0 0 1 0 1 1 3
0 1 1 0 1 0 1 0 0 1 5
0 1 0 1 1 0 0 0 0 1 4
0 1 0 0 1 0 1 0 0 0 3
0 0 1 0 0 0 0 0 0 0 1
1 0 0 0 0 0 0 0 0 0 1
0 1 0 0 0 0 0 0 0 0 1
1 0 0 0 0 0 0 0 0 0 1
0 0 0 1 0 0 0 0 0 0 1
0 0 0 0 0 0 0 1 0 0 1
0 0 1 0 0 0 0 0 0 0 1
0 1 0 0 0 0 0 0 0 0 1
0 1 0 0 0 0 0 0 0 0 1
0 1 0 0 0 0 0 0 0 0 1
0 0 0 0 0 1 0 0 0 0 1
0 0 0 0 0 0 1 0 0 0 1
0 0 0 0 0 0 0 0 0 1 1
0 1 0 0 0 0 0 0 0 0 1
0 0 0 0 1 0 0 0 0 0 1
0 0 0 0 0 0 0 1 0 0 1
0 0 0 0 0 0 0 1 0 0 1
0 0 0 0 0 1 0 0 0 0 1
0 0 1 0 0 0 0 0 0 0 1
0 0 0 0 0 1 0 0 0 0 1
1 0 0 0 0 0 0 0 0 0 1
0 0 0 0 0 0 0 0 1 0 1
0 0 0 1 0 0 0 0 0 0 1
0 0 0 0 0 0 0 0 0 1 1
0 0 0 0 0 0 0 0 0 1 1
0 0 0 0 0 0 0 1 0 0 1
0 0 0 0 0 0 0 0 1 0 1
0 0 0 0 0 0 0 1 0 0 1
0 0 1 0 0 0 0 0 0 0 1
0 0 0 0 1 0 0 0 0 0 1
0 0 0 0 0 0 0 1 0 0 1
1 0 0 0 0 0 0 0 0 0 1
0 0 0 0 0 0 0 1 0 0 1
0 0 0 0 0 0 0 1 0 0 1
0 0 0 0 0 1 0 0 0 0 1
0 0 0 0 0 0 0 0 0 1 1
0 0 0 0 0 1 0 0 0 0 1
0 0 0 0 0 0 0 1 0 0 1
0 0 0 0 0 0 0 0 1 0 1
1 0 0 0 0 0 0 0 0 0 1
0 0 1 0 0 0 0 0 0 0 1
0 0 0 0 0 0 0 1 0 0 1
0 0 0 0 0 0 0 0 1 0 1
0 0 0 0 0 0 0 0 0 1 1
0 0 0 0 1 0 0 0 0 0 1
0 0 0 0 0 0 1 0 0 0 1
1 0 0 0 0 0 0 0 0 0 1
1 0 0 0 0 0 0 0 0 0 1
0 0 0 0 0 0 0 0 1 0 1
1 0 0 0 0 0 0 0 0 0 1
0 1 0 0 0 0 0 0 0 0 1
0 0 0 0 0 0 0 1 0 0 1
0 1 0 0 0 0 0 0 0 0 1
1 0 0 0 0 0 0 0 0 0 1
0 0 0 0 0 0 0 0 0 1 1
19 22 22 15 20 18 26 17 17 24 200
