0 1 1 1 1 0 0 0 0 1 1 1 1 0 0 0 1 0 0 0 0 1 1 1 0 1 1 1 1 0 0 0 0 1 1 0 1 0 0 0 0 0 0 0 0 0 0 0 0 0 19
0 1 1 0 1 1 0 0 0 1 0 0 1 1 0 0 0 0 0 0 0 0 1 0 0 1 0 1 1 0 1 0 0 1 0 0 1 0 0 0 0 0 0 0 0 0 0 0 0 0 14
0 0 0 0 1 0 1 0 0 1 0 1 1 1 0 1 1 1 0 0 0 1 1 0 1 0 0 1 0 0 1 0 0 1 1 0 0 0 0 0 0 0 0 0 0 0 0 0 0 0 16
0 1 0 1 1 0 1 0 0 1 0 1 0 1 0 0 0 0 0 0 0 0 1 1 0 1 0 1 1 0 0 0 1 1 1 0 1 0 0 0 0 0 0 0 0 0 0 0 0 0 16
0 1 1 0 1 0 1 0 0 1 1 0 0 1 0 0 1 0 0 0 0 1 1 0 1 0 0 0 1 0 1 0 1 1 0 0 0 0 0 0 0 0 0 0 0 0 0 0 0 0 15
0 1 1 0 1 1 0 0 0 0 0 1 1 0 0 0 0 1 0 0 0 0 1 1 0 0 0 0 1 0 0 0 0 1 0 0 0 0 0 0 0 0 0 0 0 0 0 0 0 0 11
0 1 0 0 1 1 0 0 0 1 1 0 1 0 0 0 1 0 0 0 0 0 1 0 0 0 0 1 1 0 0 0 1 1 0 0 0 0 0 0 0 0 0 0 0 1 0 0 0 0 13
1 1 1 0 1 1 0 0 0 1 0 1 0 1 1 0 0 1 0 1 1 0 1 1 0 1 0 1 1 1 0 0 0 1 0 0 0 0 0 0 0 0 0 0 0 0 0 0 0 0 19
0 0 1 1 1 1 1 0 0 1 1 1 0 1 0 1 1 1 0 0 0 0 1 1 0 1 0 0 1 0 0 0 1 1 0 0 0 0 0 0 0 0 0 0 0 0 0 0 0 0 18
0 1 1 1 1 1 0 0 0 1 1 0 0 0 0 0 1 1 0 0 1 1 1 1 0 0 0 0 0 0 1 0 1 1 1 1 1 0 0 0 0 0 0 0 0 0 0 0 0 0 19
0 1 1 0 1 1 0 1 0 1 0 1 1 0 0 0 1 0 0 0 0 0 1 1 0 1 0 1 1 0 0 0 1 1 1 0 0 0 0 0 0 0 0 0 0 0 0 0 0 0 17
0 0 0 1 1 0 0 0 0 1 1 1 0 0 0 0 0 0 0 0 0 0 1 1 0 1 0 1 1 0 0 1 0 1 1 0 0 0 0 0 0 0 0 0 0 0 0 0 0 0 13
1 1 1 0 1 0 0 0 0 1 1 1 1 0 0 0 0 0 0 0 0 0 1 0 0 1 0 1 1 0 0 0 1 1 1 1 0 0 1 0 0 0 1 0 0 0 0 0 0 0 18
0 1 0 0 1 0 1 0 0 1 0 1 1 1 0 1 1 1 0 0 0 0 1 1 0 0 0 0 1 0 1 0 1 1 0 0 1 0 0 0 0 0 0 0 0 0 0 0 0 0 17
0 1 0 1 1 1 0 0 0 0 1 0 0 0 0 1 0 0 0 1 0 0 1 1 0 0 0 0 1 1 0 0 0 1 0 1 0 0 0 0 0 0 0 0 0 0 0 0 0 0 13
0 1 1 0 1 0 1 0 0 1 1 1 1 0 0 0 0 1 0 0 0 0 1 0 0 0 0 1 1 0 1 0 0 1 1 1 0 0 0 0 0 0 0 0 0 0 0 0 0 0 16
0 1 1 0 1 0 1 0 0 1 1 1 0 1 0 0 1 0 0 0 0 0 1 0 1 1 1 1 1 0 0 0 1 1 1 0 0 0 0 0 0 0 0 0 0 0 0 0 0 0 18
0 1 1 1 0 0 0 0 0 1 0 1 1 1 0 0 1 1 0 0 0 0 1 1 1 0 0 0 1 0 0 0 0 1 0 1 0 0 0 0 0 0 0 0 0 0 0 0 0 0 15
0 0 1 1 1 0 0 0 0 1 1 1 1 1 1 1 1 1 0 0 0 1 1 0 0 0 0 0 1 0 1 0 0 1 0 0 0 0 0 0 0 0 0 0 0 0 0 0 0 0 17
1 1 0 0 0 0 0 0 0 1 0 1 1 1 0 0 0 0 0 0 0 1 1 1 1 0 0 1 1 0 1 1 1 1 0 0 0 0 0 0 0 0 0 0 0 0 0 0 0 0 16
0 1 1 0 0 0 1 0 1 1 1 1 1 1 0 1 1 0 0 0 0 1 1 0 1 0 0 1 1 0 0 1 0 0 1 0 1 0 0 0 0 0 0 0 0 0 0 0 0 0 19
1 1 1 0 1 0 1 0 0 1 1 1 1 0 0 0 0 1 0 0 0 0 1 0 0 0 1 1 1 0 0 1 0 1 1 0 1 0 0 0 0 0 0 0 0 0 0 0 0 0 18
0 1 0 1 0 0 0 0 0 1 0 1 0 0 0 0 1 1 0 0 0 0 1 1 0 1 0 0 1 0 0 0 1 1 0 0 1 0 0 0 0 0 0 0 0 0 0 0 0 0 13
0 1 1 0 0 0 0 0 0 1 0 1 1 0 0 1 1 0 0 0 0 0 1 1 1 0 0 0 1 0 1 1 0 1 1 0 0 0 0 0 0 0 0 0 0 0 0 1 0 0 16
0 1 1 0 1 0 0 1 0 1 1 1 0 1 0 0 1 0 0 0 0 1 1 0 0 1 0 0 1 0 0 0 1 0 1 0 0 0 0 0 0 0 0 0 0 0 0 0 0 0 15
0 1 1 1 1 1 0 0 0 0 1 1 1 1 0 0 1 1 0 0 0 0 1 1 0 1 0 0 1 0 1 0 1 1 0 0 0 0 0 0 0 0 0 0 0 0 0 0 0 0 18
0 1 1 0 1 1 0 0 0 1 0 0 0 1 1 1 1 1 0 0 0 0 1 1 0 1 0 1 1 0 0 0 0 1 0 0 1 0 0 0 0 0 0 0 0 0 0 0 0 0 17
0 1 1 0 1 1 0 1 0 1 1 0 1 0 0 0 1 1 0 0 0 1 1 1 0 1 0 0 0 0 0 0 0 1 1 0 1 0 0 0 0 0 0 0 0 0 0 0 0 0 17
0 1 0 0 0 1 0 0 0 1 1 1 0 0 0 1 0 0 0 0 0 0 1 0 0 0 0 0 1 0 0 0 1 1 0 0 1 0 0 0 0 0 0 0 0 0 0 0 0 0 11
0 1 1 0 1 0 0 0 1 1 0 1 1 0 0 1 1 0 0 0 0 0 1 0 0 0 0 0 1 0 1 0 0 1 1 0 0 0 0 0 0 0 0 0 0 0 0 0 0 0 14
0 1 1 0 1 0 0 0 0 1 1 0 0 0 0 0 0 0 0 0 0 0 1 0 1 1 0 0 1 0 1 0 0 1 1 0 0 0 0 0 0 0 0 0 0 0 0 0 0 0 12
1 1 0 1 1 0 0 0 0 1 1 1 1 0 0 0 1 1 1 0 0 1 1 1 0 1 1 0 1 0 0 0 0 1 0 1 0 0 0 0 0 0 0 0 0 0 0 0 0 0 19
1 1 1 0 0 0 0 0 1 1 0 1 1 1 0 0 1 0 0 0 1 0 1 1 0 1 0 1 1 0 0 0 1 1 0 0 1 0 0 0 0 0 0 0 0 0 0 0 0 0 18
0 1 1 0 1 0 0 0 0 1 1 0 0 1 0 1 0 1 0 0 0 0 1 1 0 0 0 1 1 0 0 1 0 1 0 1 0 0 0 0 0 0 0 0 0 0 0 0 0 0 15
0 1 1 1 1 0 0 0 0 1 1 1 0 0 1 0 0 0 0 0 0 1 1 1 0 1 0 1 1 0 0 0 0 1 1 0 0 0 0 0 0 0 0 0 0 0 0 0 0 0 16
0 1 0 1 1 1 0 0 1 1 0 1 1 1 0 1 1 1 0 0 0 0 1 1 1 1 0 0 1 0 0 1 0 0 1 0 0 0 0 0 0 0 0 0 0 0 0 0 0 0 19
0 1 1 1 1 1 0 1 1 1 0 1 1 1 0 1 1 1 0 0 0 1 1 1 1 1 1 0 1 0 0 1 1 1 1 0 0 0 0 0 0 0 0 0 0 0 0 0 0 0 25
0 1 1 1 1 0 0 1 0 1 1 1 1 1 1 0 1 1 0 0 0 0 1 1 1 1 0 1 1 0 1 0 0 1 0 0 0 0 0 0 0 0 0 0 0 0 0 0 0 0 21
0 1 1 0 1 1 1 0 0 1 1 0 0 1 1 0 1 1 0 0 0 1 1 1 1 1 0 1 1 0 0 0 0 1 0 0 0 0 0 0 0 0 0 0 0 0 0 0 0 0 19
1 1 1 0 1 1 1 0 0 1 1 0 1 1 0 0 1 0 0 0 0 0 1 1 1 0 0 0 1 0 0 0 0 0 1 0 0 0 0 0 0 0 0 0 0 0 0 0 0 0 16
0 0 1 0 1 0 0 1 0 1 1 0 1 1 0 0 1 1 0 0 0 0 1 0 0 0 0 1 1 0 0 0 0 1 0 0 0 0 0 0 0 0 0 0 0 0 0 0 0 0 13
0 1 1 0 0 1 1 1 0 1 1 1 1 1 0 1 1 1 0 0 0 0 1 1 0 1 0 1 1 0 1 0 0 1 0 0 1 0 0 0 0 0 0 0 0 0 0 0 0 0 21
0 1 1 0 1 0 1 0 0 0 0 1 1 0 0 1 1 1 0 0 0 0 1 1 0 1 0 1 1 0 0 0 1 0 0 0 0 0 0 0 0 0 0 0 0 0 0 0 0 0 15
0 1 1 0 1 0 1 0 0 1 0 1 1 0 0 0 1 1 0 0 0 1 1 1 0 0 0 1 1 0 1 0 1 1 1 0 0 0 0 0 0 0 0 0 0 0 0 0 0 0 18
1 1 1 0 0 0 0 0 0 0 1 0 0 0 0 0 1 1 0 0 0 1 1 0 0 1 0 0 1 1 1 0 0 1 1 0 0 0 0 1 0 0 0 0 0 0 0 0 0 0 15
0 1 1 0 1 0 0 0 1 1 0 1 0 1 0 0 1 1 0 0 0 1 1 1 0 0 0 0 1 0 1 0 0 1 0 0 0 0 0 0 0 0 0 0 0 0 0 0 1 0 16
0 1 0 1 1 0 0 0 1 1 1 1 1 1 0 0 1 1 0 0 0 0 1 1 1 1 0 1 1 0 0 1 1 1 0 0 0 0 0 0 0 0 0 1 0 0 0 0 0 0 21
0 1 1 0 1 1 1 0 0 1 0 1 1 1 0 0 1 1 0 0 0 1 1 1 0 1 0 1 1 0 0 1 0 1 0 0 0 0 0 0 1 0 0 0 0 0 0 0 0 0 20
1 1 0 1 1 0 0 0 0 1 1 1 1 1 1 0 1 0 0 0 0 0 1 1 0 1 0 1 1 0 1 0 0 0 0 1 0 0 0 0 0 0 0 0 0 0 0 0 0 0 18
0 1 0 1 1 0 0 0 0 1 1 1 1 1 1 0 1 0 0 0 0 1 1 1 0 0 0 1 1 0 0 0 1 1 1 1 0 0 0 0 0 0 0 0 0 0 0 0 0 0 19
0 1 0 0 1 0 1 0 1 1 1 1 0 1 0 0 1 0 0 0 0 0 1 1 0 1 0 0 1 1 0 0 0 1 1 0 0 0 0 0 0 0 0 0 0 0 0 0 0 0 16
0 1 0 0 1 0 1 0 0 1 0 1 1 0 0 1 1 0 0 0 0 0 1 0 0 1 0 1 1 0 0 0 0 1 1 0 1 0 1 0 0 0 0 0 0 0 0 0 0 0 16
0 1 1 1 0 0 0 0 0 0 0 0 1 0 0 0 1 1 0 0 0 1 1 0 0 0 0 1 1 0 0 0 0 0 0 1 0 0 0 0 0 0 0 0 0 0 0 0 0 0 11
0 1 1 0 1 1 0 1 0 1 0 1 0 1 0 0 1 1 0 0 0 0 1 0 1 1 0 0 1 0 0 0 1 1 0 0 0 0 0 0 0 0 0 0 0 0 0 0 0 0 16
1 1 1 1 1 1 0 0 0 1 1 1 1 1 0 1 1 1 0 0 0 1 1 1 0 1 1 1 1 0 1 0 0 0 0 0 0 0 0 0 0 0 0 0 0 0 0 0 0 0 22
0 1 1 1 1 0 0 0 0 1 1 1 1 1 1 0 1 1 0 0 0 0 1 1 0 1 0 1 1 0 0 0 1 1 1 0 0 0 0 0 0 0 0 0 0 0 0 0 0 0 20
0 1 0 0 1 0 1 0 0 1 1 1 1 1 0 0 1 1 0 0 1 0 1 0 0 0 0 1 1 0 0 0 0 1 1 0 0 0 0 0 0 0 0 0 0 0 0 0 0 0 16
0 1 0 0 1 0 0 1 0 1 0 1 1 0 0 0 0 0 0 0 0 0 1 0 0 1 0 1 1 0 1 0 1 1 1 0 1 0 0 0 0 1 0 0 0 0 0 0 0 0 16
0 1 1 0 1 1 0 0 0 1 0 0 1 1 1 1 1 0 0 0 0 0 1 1 0 0 0 0 1 0 0 1 0 1 1 0 0 1 0 0 0 0 0 0 0 0 1 0 0 0 18
0 1 0 1 1 1 1 0 1 1 1 0 1 0 0 0 1 1 0 0 0 0 1 1 0 1 0 0 1 0 0 0 0 1 0 0 0 0 0 0 0 0 0 0 0 0 0 0 0 0 16
0 1 0 0 1 0 0 0 0 1 0 1 0 1 0 0 1 1 0 0 0 0 1 0 1 0 0 0 1 0 0 0 1 1 1 0 0 0 0 0 0 0 0 0 0 0 0 0 0 0 13
0 1 1 0 1 0 0 0 0 1 0 0 1 1 0 0 1 0 0 0 0 0 1 1 1 1 0 0 1 0 0 0 0 1 0 0 0 0 0 0 0 0 0 0 0 0 0 0 0 0 13
0 1 1 1 1 1 0 1 1 1 1 0 1 1 0 0 0 1 0 0 1 1 1 1 0 0 0 0 1 1 0 1 0 1 1 0 1 0 0 0 0 0 0 0 0 0 0 0 0 0 22
0 1 1 0 1 0 0 0 0 1 0 0 1 0 0 0 0 1 0 0 0 1 0 1 1 1 0 0 1 0 1 0 0 0 0 0 0 0 0 0 0 0 0 0 0 0 0 0 0 0 12
1 1 0 1 0 1 1 1 1 1 1 1 0 1 0 1 1 0 0 0 0 0 1 1 0 1 0 0 1 0 0 0 1 1 1 0 0 0 0 0 0 0 0 0 1 0 0 0 0 0 21
0 1 1 1 1 1 1 0 0 1 0 1 0 1 0 0 1 1 1 0 0 0 1 1 0 1 1 0 1 0 1 0 0 1 1 0 0 0 0 0 0 0 0 0 0 0 0 0 0 0 20
0 1 1 1 1 1 0 0 0 1 0 1 0 1 1 0 1 0 0 0 0 0 1 1 0 1 0 0 1 1 0 0 0 1 0 0 0 0 0 0 0 0 0 0 0 0 0 0 0 0 16
0 1 1 1 1 0 1 1 0 1 1 0 1 1 1 0 0 1 1 0 0 0 1 1 0 1 0 0 1 0 0 0 0 1 1 0 0 0 0 0 0 0 0 0 0 0 0 0 0 0 19
0 1 0 0 1 0 1 0 1 1 0 0 0 0 0 1 0 1 0 0 0 0 1 0 0 0 0 1 1 0 0 0 1 1 1 0 0 0 0 0 0 0 0 0 0 0 0 0 0 0 13
0 1 1 1 1 0 0 0 0 1 1 0 0 1 1 0 1 1 0 0 0 0 1 0 0 0 0 1 1 0 1 1 1 1 1 0 0 1 0 0 0 0 0 0 0 0 0 0 0 0 19
0 1 1 0 1 0 1 0 0 1 1 0 1 0 0 1 0 1 0 0 0 1 1 0 0 1 0 1 1 0 1 0 1 1 0 0 1 0 0 0 0 0 0 0 0 0 0 0 0 0 18
0 1 1 0 1 1 0 0 0 1 1 1 1 1 0 0 1 1 0 0 0 0 1 1 0 0 0 0 1 0 0 0 0 0 0 0 0 0 0 0 0 0 0 0 0 0 0 0 0 0 14
0 1 1 0 1 1 0 0 0 1 0 1 0 1 0 1 1 1 0 0 0 0 1 1 0 0 0 0 1 0 1 0 0 0 1 0 0 0 0 0 0 0 0 0 0 0 0 0 0 0 15
0 1 1 0 1 0 1 0 0 0 0 1 0 0 0 1 1 0 0 0 0 0 1 0 0 1 0 1 1 0 0 0 1 1 1 1 0 0 0 0 0 0 0 0 0 0 0 0 0 0 15
0 0 1 1 1 1 1 1 0 1 0 0 1 1 0 0 0 1 0 0 0 0 1 1 0 1 1 0 1 0 0 0 0 1 0 0 0 0 0 0 0 0 0 0 0 0 0 0 0 0 16
0 1 1 0 1 0 1 1 0 1 1 1 1 0 0 1 1 1 0 1 0 0 1 1 0 1 0 0 1 0 0 0 1 1 0 0 0 0 0 0 0 0 0 0 0 0 0 0 0 0 19
1 1 1 1 1 0 0 1 0 1 1 0 1 1 0 0 1 1 0 0 0 0 1 0 0 1 0 1 1 0 0 1 1 1 0 1 0 0 0 0 0 0 0 0 0 0 0 0 0 0 20
0 1 1 0 1 0 1 0 0 1 1 0 1 0 0 0 1 0 0 0 0 0 1 1 0 0 0 0 1 0 0 0 0 1 0 0 1 0 0 0 0 0 0 0 0 0 0 0 0 0 13
0 1 0 0 1 0 0 0 0 1 0 1 1 0 0 0 1 1 0 0 0 0 1 1 0 1 0 0 1 0 1 0 1 0 0 0 0 0 0 0 0 0 0 0 0 0 0 0 0 0 13
0 1 0 1 1 1 1 0 0 0 1 1 0 0 0 0 1 0 0 0 0 0 1 0 0 1 0 0 1 0 1 0 0 1 0 1 0 0 0 0 0 0 0 0 0 0 0 0 0 0 14
0 1 1 1 1 0 0 0 0 1 0 1 0 0 0 0 1 1 0 0 0 0 1 1 1 1 0 0 1 0 1 1 0 1 1 0 0 0 0 0 0 0 0 0 0 0 0 0 0 0 17
0 1 1 0 1 0 0 0 0 1 1 0 1 0 0 0 1 0 0 0 0 0 1 0 0 1 1 0 1 0 0 0 1 1 1 0 0 0 0 0 0 0 0 0 0 0 0 0 0 0 14
0 1 1 0 0 1 1 0 0 0 1 0 1 0 0 0 1 0 0 0 0 0 1 0 0 1 0 0 1 0 0 0 0 1 0 1 0 0 0 0 0 0 0 0 0 0 0 0 0 0 12
1 1 0 0 0 1 0 0 0 1 1 0 0 0 0 0 1 1 0 0 0 0 1 1 0 1 0 0 1 0 1 0 0 1 0 0 0 0 0 0 0 0 0 0 0 0 0 0 0 0 13
0 1 1 0 0 0 0 1 0 1 1 1 0 0 0 0 0 1 1 0 0 0 1 1 0 1 0 1 1 0 1 1 0 0 0 0 1 0 0 0 0 0 0 0 0 0 0 0 0 0 16
0 1 1 1 1 0 1 1 1 1 1 0 0 0 0 0 1 0 1 0 0 1 1 0 1 1 0 1 1 0 1 0 1 1 0 1 0 0 1 0 0 0 0 0 0 0 0 0 0 0 22
1 1 0 1 1 0 0 0 1 1 0 1 1 1 0 0 1 0 0 0 0 1 1 1 1 0 0 1 1 0 0 0 0 1 0 0 0 0 0 0 0 0 0 0 0 0 0 0 0 0 17
0 1 1 0 1 0 0 0 1 0 0 1 1 1 0 0 1 0 0 0 0 0 1 1 1 1 0 1 1 0 1 0 0 1 0 0 0 0 0 0 0 0 0 0 0 0 0 0 0 0 16
0 1 0 0 1 1 0 0 0 1 0 1 0 0 0 0 0 0 1 0 0 0 1 0 0 0 0 0 1 0 0 0 1 1 1 0 0 0 0 0 0 0 0 0 0 0 0 0 0 0 11
0 0 1 1 1 0 0 0 0 1 0 1 0 1 0 0 1 0 0 0 0 0 1 0 0 0 0 1 1 0 1 0 1 0 1 0 0 0 0 0 0 0 0 0 0 0 0 0 0 0 13
0 1 1 0 0 1 1 0 0 1 1 1 0 1 0 0 1 1 0 0 0 1 1 0 1 1 0 0 1 0 1 0 1 1 1 0 0 0 0 0 0 0 0 0 0 0 0 0 0 0 19
0 1 1 0 1 0 0 1 1 1 1 1 0 1 0 0 1 1 0 0 0 0 1 1 0 1 0 0 1 0 0 1 1 0 1 0 0 0 0 0 0 0 0 0 0 0 0 0 0 0 18
0 1 0 1 0 0 0 0 0 1 0 1 0 1 0 0 1 0 0 0 0 0 1 1 0 1 0 0 1 1 0 0 0 1 1 1 1 0 0 0 0 0 0 0 0 0 0 0 0 0 15
1 1 1 1 1 0 0 0 1 1 1 1 0 1 1 0 1 1 0 0 0 1 1 0 0 1 0 1 1 1 0 1 0 1 0 0 1 0 0 0 0 0 0 0 0 0 0 0 0 0 22
0 1 1 0 1 0 1 1 1 1 0 1 0 0 0 0 1 1 0 0 0 0 1 1 0 1 0 1 1 0 0 0 0 1 1 0 0 0 0 0 0 0 0 0 0 0 0 0 0 0 17
1 1 1 1 1 1 0 1 0 1 0 1 1 1 0 0 1 1 0 0 0 0 1 0 0 0 0 0 1 0 0 0 1 1 0 0 0 0 0 0 0 0 0 0 0 0 0 0 0 0 17
0 1 0 1 1 0 1 0 0 1 1 1 1 1 0 0 1 1 0 0 0 1 1 0 0 1 1 0 1 0 1 0 1 1 1 0 0 0 0 0 0 0 0 0 0 0 0 0 0 0 20
0 1 1 1 1 1 0 1 0 1 1 1 0 0 0 0 1 0 1 0 0 0 1 1 0 0 0 1 1 0 1 0 0 1 0 0 1 0 0 0 0 0 0 0 0 0 0 0 0 1 19
0 1 1 0 1 1 1 0 0 1 0 1 1 1 0 0 1 0 0 0 1 0 1 1 0 1 0 1 1 0 0 0 1 1 1 0 0 0 0 0 0 0 0 0 0 0 0 0 0 0 19
1 1 1 0 1 0 1 1 0 1 1 1 0 0 0 1 0 1 0 0 1 1 1 1 0 1 1 1 1 0 1 0 1 1 0 0 1 0 0 0 0 0 0 0 0 0 0 0 0 0 23
17 93 71 40 84 37 36 22 18 90 56 70 58 57 14 25 76 58 7 3 7 29 99 63 23 63 11 49 97 8 37 18 42 85 48 16 23 2 3 1 1 1 1 1 1 1 1 1 1 1 1666
