0 0 0 0 1 0 1 1 1 1 1 1 1 1 0 0 1 0 0 0 0 1 1 0 0 0 1 0 0 0 0 1 1 0 1 0 0 1 1 1 0 1 1 1 0 1 1 1 1 1 27
1 0 1 1 1 0 0 0 0 1 1 1 0 1 1 1 1 0 0 1 1 0 1 0 1 0 1 0 1 1 1 0 1 0 1 1 1 0 0 0 0 1 0 0 1 1 1 1 0 0 28
1 1 1 0 1 0 1 1 0 0 1 1 1 1 0 0 0 1 0 0 1 1 1 1 1 1 1 1 0 0 0 1 0 1 1 0 0 1 0 1 1 1 0 1 0 1 0 0 0 0 28
0 1 0 1 1 1 0 1 1 1 0 1 1 1 0 0 0 1 1 1 1 1 1 1 0 0 0 1 0 0 1 0 1 1 0 0 0 0 0 0 0 1 1 0 0 0 0 0 0 1 24
0 1 0 0 0 1 1 1 0 1 0 1 0 1 1 0 1 0 0 0 0 0 0 0 1 1 0 1 1 1 0 0 1 0 1 0 1 1 1 1 0 1 0 1 0 1 0 1 0 0 24
1 1 0 1 1 0 0 1 0 0 1 1 1 0 1 1 1 1 0 0 0 1 0 0 1 1 1 1 1 0 1 1 0 1 0 0 0 1 1 1 0 1 1 1 0 0 1 1 0 0 29
0 1 1 1 0 0 0 1 1 0 0 0 1 1 1 1 0 1 0 0 0 1 1 0 0 0 0 1 1 0 1 0 0 1 1 0 0 0 0 0 0 0 1 1 0 0 1 0 0 0 20
1 1 1 1 0 1 1 1 0 1 1 0 1 1 1 1 0 1 0 1 0 1 1 1 1 0 1 0 1 0 0 1 1 1 0 0 0 1 0 1 1 1 0 1 1 0 0 0 1 0 31
1 1 0 0 0 0 1 0 0 1 1 0 0 1 0 0 1 0 0 0 0 0 0 0 1 0 0 0 0 0 1 1 0 1 1 1 0 0 1 0 0 1 0 1 0 1 0 0 1 0 18
1 1 0 0 0 1 0 1 0 1 0 1 1 0 1 0 0 0 1 0 0 1 0 1 1 0 0 1 1 0 1 0 1 1 0 1 1 1 0 0 1 1 0 0 0 0 0 1 1 1 25
0 0 0 0 1 0 1 1 1 1 0 1 0 1 0 1 0 0 1 1 0 0 1 1 1 0 0 1 1 1 0 1 0 0 0 0 1 1 1 0 1 0 0 1 1 1 1 0 0 1 26
1 1 0 0 0 0 0 0 1 1 1 1 1 0 0 1 1 0 0 0 0 1 1 1 1 1 1 1 0 1 1 1 0 1 1 0 1 1 1 1 0 1 1 0 0 1 0 0 0 0 28
0 1 1 1 0 1 1 0 1 1 0 0 0 0 1 0 1 1 0 0 0 0 0 0 0 0 1 0 0 0 0 0 1 0 1 1 0 1 1 0 1 1 1 0 0 1 1 1 0 1 23
0 1 0 1 1 0 0 0 0 1 0 1 1 1 0 0 0 1 0 1 0 1 0 0 0 0 0 1 1 1 0 0 0 0 0 0 0 1 1 1 1 0 1 1 1 1 1 0 1 0 23
1 1 0 1 0 1 0 0 1 1 1 0 1 0 0 0 1 0 1 0 1 0 1 0 1 0 1 0 1 0 0 0 1 0 0 1 0 1 1 1 1 1 0 0 1 0 1 0 0 1 25
0 1 0 1 0 0 1 0 0 1 1 1 0 0 1 0 0 1 1 1 1 1 0 1 0 1 1 1 0 1 0 0 0 0 1 1 0 1 0 1 1 1 1 1 1 0 0 1 1 1 29
0 0 1 0 0 0 0 1 1 1 0 1 1 1 1 0 0 1 0 1 1 0 1 1 0 1 0 0 1 0 0 1 1 1 1 1 0 1 0 1 0 0 0 1 1 0 1 0 0 0 25
0 1 0 0 1 1 0 1 1 1 1 0 0 1 0 1 1 1 0 0 0 1 1 0 1 1 0 1 1 1 1 1 0 0 1 1 1 1 0 0 0 1 1 1 1 0 1 0 1 0 30
0 1 0 1 0 0 0 1 0 0 0 0 1 1 1 1 1 1 0 0 0 0 0 0 1 1 0 1 1 0 0 1 1 1 0 1 0 1 1 0 1 1 0 1 0 0 1 0 0 0 23
0 1 1 1 1 0 1 0 0 1 1 0 1 1 0 0 1 1 1 1 1 1 1 0 0 1 0 0 1 0 1 1 0 1 1 0 1 0 1 0 0 1 1 1 1 0 1 1 1 1 32
1 0 0 0 1 0 0 0 1 0 1 1 0 1 0 1 1 1 0 1 0 1 1 1 1 1 1 0 0 0 1 1 0 1 1 1 1 1 1 0 1 0 0 0 1 1 1 0 1 1 30
1 1 0 0 1 0 1 1 0 0 1 0 1 0 0 0 0 0 0 0 0 0 1 0 1 0 0 1 1 1 0 0 0 0 1 0 1 1 0 0 0 0 1 1 0 1 0 1 0 0 19
0 1 0 0 1 1 0 0 1 0 1 0 1 0 0 0 1 1 1 1 0 1 0 1 1 1 1 0 1 1 1 0 0 0 0 1 1 1 0 1 0 1 0 1 1 0 0 1 1 0 27
1 1 1 0 1 0 1 0 1 1 1 1 1 1 0 1 1 1 1 0 0 0 0 1 1 0 1 0 1 1 1 1 1 1 1 1 1 1 0 0 0 1 0 1 0 0 1 0 0 1 32
1 0 0 0 1 0 1 0 0 0 1 0 1 0 1 1 0 1 0 0 1 1 1 1 0 0 0 0 1 1 1 0 0 1 1 0 0 0 0 0 0 1 0 0 0 1 0 0 0 0 19
0 0 0 0 1 0 0 0 1 1 0 0 0 0 1 0 1 0 1 0 0 0 1 1 0 0 0 1 1 1 1 0 0 1 1 0 0 1 0 1 0 1 1 1 1 0 0 1 0 0 21
0 0 1 1 0 1 0 0 0 0 1 1 0 1 0 0 1 1 1 1 0 1 0 1 1 1 0 0 1 1 0 1 0 1 0 1 0 1 0 0 1 0 0 0 0 1 1 0 0 1 24
1 0 1 1 0 1 0 1 0 0 0 1 1 0 1 0 1 0 1 1 0 0 1 0 1 0 1 1 0 0 0 0 0 0 1 1 0 1 1 1 0 0 1 1 0 1 0 0 0 0 23
1 1 1 0 0 1 1 0 1 0 1 1 0 0 0 1 1 0 0 1 0 0 1 1 0 0 0 1 0 1 1 1 0 1 1 1 0 0 0 0 1 1 1 1 0 1 0 0 0 0 25
0 1 0 0 1 1 1 1 0 1 1 1 1 1 0 0 1 1 1 0 0 1 1 1 1 0 1 0 1 0 0 1 1 1 1 0 1 1 0 1 1 0 0 0 1 1 0 1 1 1 32
0 1 1 0 0 0 0 1 1 1 1 0 0 1 1 0 1 0 1 1 1 1 1 0 0 1 0 0 0 0 1 0 0 0 0 1 0 1 0 0 0 1 0 1 1 0 0 1 0 0 22
1 1 0 1 1 0 0 0 1 1 1 0 1 1 0 1 1 1 1 1 1 0 1 1 0 1 0 0 0 1 1 0 0 0 1 1 1 0 0 1 0 1 1 0 1 1 0 1 0 0 29
0 0 0 0 1 0 0 0 0 1 1 1 1 1 1 1 1 0 0 0 0 1 1 0 1 0 0 1 1 0 1 0 1 1 0 0 1 0 0 1 0 0 0 1 0 1 1 1 0 0 23
0 0 0 0 1 0 1 1 1 0 1 0 0 1 0 1 1 1 0 1 1 0 0 1 0 0 1 0 1 0 0 1 0 0 1 1 1 1 1 0 1 1 1 1 0 1 0 1 1 1 28
0 0 1 0 1 0 1 1 0 0 1 0 1 0 0 1 1 0 0 0 0 0 0 0 1 1 1 0 1 0 1 1 0 1 1 1 1 0 1 1 1 1 0 0 1 1 1 0 0 1 26
1 0 0 1 0 1 1 1 0 1 1 1 0 1 0 0 1 0 1 0 0 1 0 1 1 0 1 1 1 0 1 0 1 0 1 1 1 1 1 1 0 0 1 1 0 1 0 1 1 1 31
0 0 0 0 0 0 0 0 0 0 0 0 0 0 0 0 0 0 1 0 0 0 0 1 0 0 1 0 0 0 1 0 0 0 0 0 0 0 0 0 0 0 0 0 0 0 0 0 0 0 4
0 1 1 1 0 0 0 1 1 1 1 0 0 0 1 0 1 1 0 1 0 0 0 0 0 0 1 1 1 0 1 1 0 0 0 0 0 0 1 1 0 1 0 1 0 0 0 0 0 1 21
0 1 1 1 0 0 0 0 1 1 1 1 1 0 1 1 0 0 0 1 1 0 1 0 0 1 1 0 0 1 1 1 1 1 1 1 0 1 1 1 1 1 1 0 0 0 0 0 0 0 28
0 1 1 1 1 1 1 0 1 0 0 0 0 0 0 1 0 1 0 1 1 0 1 0 0 0 1 0 1 1 0 0 0 0 0 0 0 1 1 1 1 0 1 0 0 1 0 0 1 1 23
1 1 1 0 0 0 0 1 0 1 0 1 0 0 0 0 1 1 1 0 1 0 0 0 1 1 0 1 1 1 0 1 1 1 0 1 0 1 0 1 0 1 1 0 0 1 0 0 1 1 26
1 0 0 0 1 0 0 0 1 1 0 0 1 0 0 0 0 1 1 0 1 1 0 0 0 1 0 0 1 1 0 1 1 0 0 1 1 0 0 1 1 0 0 1 1 1 0 0 1 0 22
0 1 1 1 1 0 0 0 1 1 1 0 0 0 0 1 0 1 0 0 0 0 0 0 1 1 0 1 1 1 0 0 1 1 1 0 0 1 1 0 0 1 0 0 0 1 1 1 0 0 23
1 0 1 1 1 0 1 0 0 0 1 1 1 0 1 0 1 1 0 0 1 0 0 1 0 0 1 1 1 0 1 1 1 1 1 1 1 1 1 1 0 0 0 1 0 0 1 1 0 0 29
0 1 0 1 1 0 1 1 0 1 1 1 0 1 0 0 1 0 0 0 1 0 0 1 1 0 1 1 0 1 1 0 0 1 0 0 0 0 0 0 1 0 1 0 1 0 0 0 1 0 22
1 1 1 0 0 1 1 1 1 0 0 1 0 0 1 0 1 0 1 1 1 1 1 0 0 0 0 0 1 1 1 1 0 1 1 0 1 1 1 1 1 1 1 0 0 0 0 0 1 1 30
0 1 1 0 0 1 1 1 0 0 0 0 0 1 0 1 1 0 0 0 0 0 0 0 0 0 0 0 1 0 1 1 1 0 1 0 0 0 1 0 0 0 0 0 1 1 0 0 1 1 18
1 1 1 0 1 0 0 1 1 0 0 1 0 1 1 0 0 1 0 1 1 0 0 1 1 1 0 1 1 0 1 1 0 0 0 0 0 1 1 0 1 0 1 1 0 0 1 0 0 0 25
0 0 0 0 0 1 0 1 0 1 1 0 0 0 1 1 0 1 0 1 1 1 0 1 0 0 0 0 0 0 0 1 0 0 0 1 0 1 0 1 1 1 1 0 1 1 0 1 1 0 22
1 0 0 0 0 0 1 1 1 0 0 1 1 1 1 1 1 1 1 0 1 0 1 1 1 1 0 1 1 1 1 1 1 0 0 0 0 1 0 0 1 0 0 0 0 1 0 1 0 0 27
0 1 0 1 1 0 0 0 0 1 0 1 0 0 0 0 0 1 0 0 1 1 1 1 0 0 1 1 0 0 1 1 1 1 1 1 1 1 1 1 1 1 1 0 1 1 1 0 0 0 28
0 1 0 1 0 1 0 1 1 1 0 1 0 1 1 1 0 0 0 1 0 0 1 0 0 0 1 0 1 1 0 0 1 1 1 0 1 0 1 1 0 1 1 1 0 0 1 0 0 0 25
0 1 1 1 0 1 0 1 1 1 1 0 0 0 0 0 0 1 0 1 0 1 1 0 0 0 0 1 0 0 0 0 0 1 0 1 1 1 0 1 0 1 0 1 1 1 1 1 1 1 26
0 1 0 0 0 1 0 0 0 0 1 1 1 0 0 1 1 1 1 0 0 0 0 1 1 0 1 1 0 0 1 0 0 1 1 0 1 1 1 0 0 0 0 0 0 0 1 0 1 1 22
0 1 0 0 1 1 0 1 0 0 0 0 1 1 1 0 1 0 0 1 0 1 1 0 1 1 0 1 1 1 1 1 0 0 1 0 1 1 1 0 1 1 1 0 1 0 1 1 1 0 29
0 1 0 1 1 0 0 0 0 0 1 1 0 1 0 1 0 0 0 1 0 0 1 0 1 1 0 0 0 0 1 0 1 0 0 0 0 1 1 0 0 1 1 0 0 0 0 1 0 1 19
1 0 0 0 0 0 0 1 0 0 1 1 0 1 1 1 1 1 0 0 0 0 0 1 1 1 0 0 1 1 0 0 1 0 1 1 0 1 0 1 0 0 0 1 1 1 0 1 0 0 23
0 0 1 1 0 0 1 0 0 0 1 1 0 0 1 0 0 1 1 1 1 1 1 0 1 0 0 0 0 0 1 1 1 1 0 1 1 1 0 0 0 1 0 1 1 1 1 1 0 1 27
0 1 0 1 1 1 0 1 0 1 0 1 0 0 1 0 1 1 1 0 1 1 0 0 1 0 1 0 1 0 0 1 0 0 0 1 0 1 1 0 1 0 1 0 1 0 1 0 0 1 25
1 0 1 1 0 1 1 1 0 0 0 1 1 1 0 0 0 1 1 1 0 1 1 1 1 0 1 0 1 0 1 0 1 0 0 1 1 0 0 0 1 1 1 1 1 0 0 0 0 0 27
1 0 1 0 1 0 0 1 1 0 1 1 0 1 0 1 1 0 1 0 1 0 1 1 0 1 0 1 0 0 1 0 1 1 0 1 0 1 1 1 1 1 1 0 1 1 1 1 0 1 31
1 1 0 1 0 0 1 1 0 1 1 0 0 0 1 0 0 1 0 1 0 1 0 0 0 0 0 1 1 0 1 0 1 0 1 1 1 1 1 1 1 1 1 1 0 0 1 1 1 1 29
1 1 1 1 1 0 1 0 0 0 1 0 1 1 1 1 0 1 1 1 0 1 0 0 1 0 1 0 0 0 1 1 0 1 1 0 1 1 0 0 0 0 1 1 0 0 0 1 0 0 26
1 1 1 0 1 0 0 0 1 0 1 1 1 0 1 1 0 0 1 0 0 0 0 1 0 1 1 1 1 0 0 0 1 1 0 0 0 1 1 0 1 1 0 1 0 1 0 1 0 0 25
1 1 1 1 0 0 0 0 0 1 1 0 1 1 1 1 0 0 1 0 0 1 0 0 1 1 0 1 1 1 1 0 1 0 1 0 1 1 0 0 1 1 0 1 1 1 1 0 0 1 29
0 0 1 1 0 0 0 1 0 1 0 1 0 1 0 0 1 1 1 1 0 0 0 1 1 0 0 0 0 0 0 0 1 1 0 1 0 0 1 1 0 0 0 1 0 1 0 0 0 0 19
0 0 0 0 0 1 0 0 0 0 0 1 1 0 1 0 0 0 0 1 1 0 0 0 1 1 0 1 1 1 0 1 1 1 0 1 1 0 0 0 1 1 0 1 1 0 0 0 0 1 21
1 1 0 1 1 1 0 0 0 1 0 0 0 0 1 0 1 0 1 1 1 0 0 1 1 1 1 1 1 0 1 1 0 0 1 1 0 0 1 1 1 0 1 1 0 1 1 0 1 0 29
1 1 1 0 0 0 1 1 1 0 0 0 0 1 1 1 1 0 0 1 1 1 0 0 1 1 0 1 1 0 1 0 1 1 0 0 0 1 0 1 0 1 0 1 0 0 0 0 0 1 25
0 0 1 1 1 0 0 1 1 1 0 0 1 1 1 0 0 0 1 0 1 1 0 1 1 0 1 1 1 1 0 1 0 0 0 0 1 0 0 0 0 0 0 0 1 1 1 0 1 1 25
1 0 1 1 1 0 1 0 1 1 1 1 0 1 0 1 0 1 0 1 1 0 0 1 0 0 0 0 0 0 1 0 1 0 0 0 0 1 1 0 1 0 1 1 1 1 1 1 1 0 27
0 0 0 1 0 1 0 0 0 0 1 0 1 1 0 1 1 0 0 1 1 1 0 1 1 0 0 1 1 0 0 0 1 0 1 1 0 1 0 0 1 0 0 1 0 0 0 0 1 1 22
1 1 1 1 1 0 1 0 1 0 0 1 0 0 0 1 1 0 1 1 1 0 0 1 1 1 0 1 1 1 0 0 0 1 1 1 0 1 0 1 1 1 0 0 0 1 1 1 1 0 30
1 0 1 0 1 0 0 0 1 1 1 0 1 1 1 1 1 0 1 0 0 0 0 0 0 0 0 0 0 1 1 0 0 1 0 1 0 0 1 1 0 0 0 0 0 0 1 1 1 1 22
0 1 0 0 0 1 1 1 0 1 0 1 1 0 1 0 0 1 1 1 0 0 1 0 1 0 1 1 0 1 0 1 0 0 0 0 1 1 1 0 0 0 0 0 0 1 1 1 0 1 24
0 0 1 1 1 0 0 1 0 1 0 1 0 0 0 1 0 0 0 0 1 1 1 0 0 1 1 0 0 0 0 0 1 1 1 0 0 1 1 1 0 0 0 1 1 0 1 0 1 0 22
0 1 0 1 1 1 0 1 0 0 1 0 1 0 0 0 0 0 0 1 0 0 1 0 1 0 1 0 1 1 1 1 0 1 1 0 1 0 0 0 1 0 0 1 0 0 0 0 1 0 21
0 1 0 0 0 0 1 0 0 0 1 0 1 0 0 1 0 1 0 1 1 1 1 0 1 1 0 1 1 0 1 0 0 1 1 1 1 0 1 0 0 0 0 0 0 0 1 1 1 1 24
1 1 1 0 0 0 0 1 0 1 0 1 0 0 0 1 1 0 1 1 1 0 0 0 0 0 0 1 0 0 1 0 1 0 1 1 1 0 1 1 1 0 1 0 1 0 0 1 0 1 24
1 0 1 0 1 0 1 0 1 1 0 1 0 0 0 1 0 0 1 1 1 0 0 1 0 0 0 1 1 1 0 0 1 0 0 1 1 1 1 1 1 1 1 0 1 1 1 1 0 0 28
1 1 1 0 0 0 0 1 1 1 0 0 1 0 0 0 1 0 0 1 0 0 1 0 0 0 0 0 1 1 1 0 0 1 0 0 1 0 1 0 0 0 0 0 0 0 1 1 1 0 19
1 0 0 0 1 1 1 1 1 0 0 1 0 1 1 0 1 0 1 1 1 0 0 0 1 0 0 1 1 1 0 1 1 1 0 1 0 1 0 1 0 0 0 1 1 1 1 1 1 0 29
1 0 0 1 1 0 0 0 1 0 1 1 1 1 1 0 0 1 0 1 0 1 1 1 0 1 0 0 0 1 1 1 1 1 1 0 1 1 0 0 1 0 0 1 0 0 1 0 1 1 28
0 1 0 0 0 0 1 1 1 0 1 1 1 0 0 1 1 1 1 1 0 1 1 0 1 0 0 0 1 1 0 0 1 0 1 1 0 0 0 1 0 1 0 0 0 1 0 1 0 1 25
0 1 0 0 1 1 1 0 0 0 0 0 1 0 0 0 1 0 1 0 0 1 1 1 1 1 0 1 0 0 0 1 0 0 0 1 0 1 1 0 0 0 0 0 1 0 1 1 1 0 21
0 1 0 1 1 1 0 0 1 1 0 1 1 0 0 1 1 0 0 1 1 0 0 1 1 0 1 0 1 1 1 0 1 1 0 0 1 0 0 1 1 1 1 0 1 1 0 0 1 0 28
1 1 0 1 1 0 0 0 1 1 1 0 1 1 0 0 0 0 1 1 0 1 1 0 0 0 0 0 1 1 1 0 0 1 1 0 0 1 1 0 1 0 0 1 1 0 1 1 0 0 25
1 1 0 1 1 0 1 1 0 1 0 1 0 0 0 1 1 0 1 1 1 0 0 1 0 0 1 1 0 0 0 0 1 1 0 1 1 1 1 1 0 1 1 1 1 1 1 0 0 0 29
0 0 1 1 1 0 0 0 0 0 0 0 0 0 0 1 0 0 1 0 1 1 0 0 1 0 1 0 1 1 0 0 0 1 0 0 1 1 1 1 1 1 0 1 1 1 0 1 1 0 23
1 1 1 0 1 1 0 0 1 0 0 1 0 1 1 1 0 1 0 1 1 1 1 1 1 0 0 0 0 1 0 0 0 0 0 0 1 0 1 1 1 0 0 0 0 0 0 0 0 0 22
0 0 1 0 1 0 1 1 0 1 0 0 1 0 1 1 1 1 1 0 1 0 1 0 0 1 1 0 0 0 0 1 1 0 0 0 1 1 1 1 0 1 0 0 0 1 0 1 1 1 26
1 1 1 1 0 1 0 1 1 0 0 1 0 0 0 0 0 0 1 0 1 1 1 1 0 0 0 1 1 0 0 1 1 1 1 1 0 1 1 1 1 1 1 0 1 1 0 0 0 0 28
1 0 0 0 1 1 1 1 0 1 1 0 1 0 0 1 1 0 1 1 0 0 1 0 0 0 0 0 0 0 1 1 1 1 0 1 1 0 1 0 1 1 1 1 0 0 1 1 1 1 28
1 0 1 0 0 0 1 1 1 0 0 1 1 0 1 0 0 1 0 0 0 0 0 1 1 0 0 0 0 0 0 0 0 1 1 1 1 1 0 0 1 0 1 0 1 0 1 1 1 1 23
0 0 0 1 1 1 0 1 1 1 0 0 1 0 0 0 1 0 1 0 0 1 0 0 0 1 0 0 1 0 1 1 1 0 0 0 1 0 1 0 1 0 0 0 0 1 0 1 1 1 22
1 0 0 0 0 1 1 0 0 0 0 0 1 0 1 1 0 1 0 0 0 1 0 1 1 0 1 1 1 0 1 0 0 1 1 1 0 0 0 0 1 1 1 0 1 0 0 0 0 0 21
0 0 1 0 0 0 0 0 1 1 1 0 1 0 0 1 0 0 1 0 1 0 0 1 0 1 1 1 1 0 1 1 0 1 1 1 0 0 0 1 1 0 1 1 0 0 0 1 0 0 23
0 1 1 0 0 1 0 1 0 1 0 1 1 1 1 1 0 0 0 0 0 0 1 0 1 0 0 0 1 0 0 0 0 1 1 0 0 0 0 1 0 0 1 0 1 1 1 0 0 0 20
1 1 1 0 0 0 1 1 1 1 0 1 0 1 0 1 1 0 0 1 0 1 1 0 0 1 1 0 1 1 0 1 0 0 1 1 1 0 0 1 0 0 1 0 1 1 1 1 1 0 29
0 1 0 1 1 1 0 1 1 1 1 1 0 1 1 0 0 0 0 0 0 1 1 0 0 1 0 0 1 0 0 1 0 1 0 1 0 1 1 0 1 0 0 1 1 1 1 1 1 1 28
47 61 47 47 53 38 42 54 48 56 52 56 52 48 45 50 54 48 47 52 44 48 50 47 55 40 42 49 64 43 54 48 48 56 53 53 48 65 53 51 51 54 46 53 47 53 50 50 45 43 2500
