1 1 0 0 0 0 0 0 1 0 0 0 1 0 1 0 1 0 0 1 1 0 1 1 0 1 0 0 1 0 1 0 1 1 1 0 0 0 0 1 0 0 0 1 0 1 0 0 0 0 19
1 1 1 0 1 0 1 0 1 0 1 0 1 1 1 1 0 0 0 1 0 1 1 0 0 1 0 1 0 1 1 0 1 0 1 0 1 1 1 0 1 1 0 1 1 0 1 0 1 1 30
0 0 0 0 0 1 1 0 1 1 0 0 0 0 0 0 0 1 1 0 1 0 0 1 1 1 1 1 1 0 1 0 0 0 0 0 0 1 0 0 1 0 0 0 0 0 0 0 1 0 17
0 0 0 1 0 1 0 0 1 1 0 0 0 0 1 1 1 1 0 1 0 1 1 1 1 0 0 1 0 1 0 0 1 0 0 1 0 1 1 0 1 1 1 1 0 0 0 1 1 0 25
1 0 1 0 0 1 0 0 1 0 1 1 1 0 1 1 0 0 0 1 0 0 0 0 1 1 0 1 0 1 1 0 0 1 0 0 0 1 0 1 0 1 1 1 0 0 1 1 0 1 24
1 1 0 0 0 1 1 1 0 0 0 0 1 0 1 0 1 1 1 0 0 0 1 0 0 1 0 0 1 1 1 0 1 0 1 1 1 0 0 1 0 1 0 0 1 0 0 0 0 0 22
0 0 0 1 1 0 0 1 1 1 0 0 0 0 0 1 1 1 0 1 1 1 0 0 1 1 1 0 0 1 0 1 0 0 0 0 1 1 1 0 1 1 0 1 1 1 1 1 0 1 27
1 0 1 0 0 1 0 0 0 1 0 1 1 0 1 0 1 1 0 1 1 0 1 1 0 0 0 1 0 1 1 1 0 0 0 0 1 1 0 1 0 0 1 1 1 0 1 0 1 0 25
0 0 0 0 1 1 1 0 1 0 0 1 0 0 0 0 0 0 0 0 1 0 0 0 1 1 0 0 1 0 0 1 1 1 0 0 1 0 1 0 0 0 1 0 1 1 0 0 0 1 18
0 1 0 0 1 1 0 1 0 0 0 1 1 1 1 1 0 0 0 1 0 1 0 1 0 0 1 1 1 1 0 0 0 1 0 1 0 1 1 0 1 0 1 0 1 0 1 0 0 1 25
0 1 1 0 0 0 1 1 1 1 0 1 0 0 1 1 0 0 1 1 0 0 1 1 1 1 0 1 1 0 0 0 1 1 0 0 1 1 0 1 0 0 0 1 1 0 1 0 0 0 25
0 1 0 1 0 1 1 0 1 1 0 1 0 1 0 1 1 1 0 1 1 1 1 0 0 0 1 1 1 0 1 1 0 1 0 1 0 0 0 0 1 0 0 1 0 1 1 0 0 0 26
1 0 0 1 0 0 1 0 1 1 0 0 0 0 0 0 1 0 1 0 0 1 0 1 1 0 1 1 1 0 0 0 0 0 0 0 0 1 0 1 1 0 0 1 1 0 0 1 1 0 20
0 1 0 0 1 1 0 1 1 0 1 1 1 1 0 0 0 0 1 0 1 0 1 0 1 1 1 0 0 1 1 0 1 0 0 1 0 0 0 0 0 1 0 0 1 0 1 0 1 0 23
0 1 1 1 1 1 1 0 0 1 1 0 1 1 1 1 1 1 0 0 0 1 0 1 0 1 0 1 0 0 0 0 0 1 1 1 0 1 0 1 1 0 1 0 1 1 1 0 1 1 30
0 0 1 1 0 1 1 1 1 0 1 0 1 0 1 1 1 1 0 1 0 1 0 1 1 1 1 0 1 0 0 0 0 0 1 0 0 0 1 0 1 1 1 0 0 1 0 0 0 1 26
0 0 0 1 1 0 0 0 1 1 0 1 0 0 0 1 1 1 0 1 0 0 1 1 1 1 0 1 0 1 0 1 1 1 1 0 1 0 1 1 0 1 0 1 0 1 0 1 0 1 27
0 1 0 1 0 1 0 1 1 0 0 0 0 0 0 0 0 0 0 0 0 0 0 0 0 0 0 1 1 0 1 0 1 0 1 1 1 0 0 0 1 1 0 1 1 0 0 1 1 1 19
0 0 0 0 0 0 0 0 0 0 0 0 0 0 0 0 0 0 0 0 0 0 0 0 0 0 0 0 0 0 0 0 0 0 0 0 1 0 0 0 0 0 0 0 0 0 0 0 0 0 1
0 0 0 0 0 0 0 0 0 1 0 0 0 0 0 0 0 0 0 0 0 0 0 0 0 0 0 0 0 0 0 0 0 0 0 0 0 0 0 0 0 0 0 0 0 0 0 0 0 0 1
0 0 1 1 1 1 0 0 0 1 0 1 1 0 1 1 1 0 1 0 0 1 1 0 1 1 1 0 1 1 0 0 1 0 1 0 1 1 0 1 1 0 1 1 1 1 1 0 0 0 29
0 0 0 1 1 0 1 1 1 1 1 0 1 0 1 1 0 0 1 1 1 1 0 0 0 1 0 1 0 1 0 1 0 1 1 1 0 0 1 1 1 1 1 1 1 1 0 1 1 0 31
1 1 1 1 0 1 1 0 1 1 1 0 1 1 1 0 1 0 0 1 1 1 0 0 1 0 0 0 1 1 1 0 1 1 1 1 1 0 0 1 1 1 0 1 1 1 0 1 0 1 33
1 0 1 0 0 1 1 1 1 1 0 0 0 1 1 1 1 0 0 0 0 1 0 0 0 0 0 0 0 0 0 0 1 1 1 0 0 0 0 0 0 0 1 0 0 0 0 0 0 0 16
1 1 0 1 0 1 1 1 1 1 1 0 1 1 1 1 0 0 0 0 0 0 1 0 1 1 0 0 1 0 0 0 0 0 0 0 0 0 1 1 0 1 0 0 0 0 1 0 1 0 22
1 1 1 1 1 0 1 1 1 1 1 0 1 1 1 0 1 1 0 1 0 1 1 0 1 0 1 1 1 1 0 1 1 0 1 0 1 0 0 0 1 1 1 0 0 0 1 1 0 1 33
1 0 0 0 1 1 1 0 0 1 1 1 1 0 1 1 0 0 1 0 0 0 0 1 0 0 1 1 0 0 0 0 1 1 0 1 0 0 0 1 1 0 1 0 1 0 1 0 1 1 24
1 0 1 0 0 0 1 0 0 1 1 1 1 0 1 0 1 1 0 1 1 0 1 0 1 1 1 1 1 1 1 1 1 1 0 1 1 0 1 0 0 1 1 1 0 0 1 0 1 0 31
1 0 1 1 1 0 0 0 1 1 1 0 1 0 0 0 0 1 1 0 0 1 0 0 0 0 1 0 0 1 1 0 1 0 1 1 0 0 0 0 1 1 0 0 1 0 0 1 1 1 23
1 1 1 1 0 0 0 1 0 0 0 1 1 1 0 1 0 0 0 1 1 1 1 0 1 0 1 0 0 1 0 1 1 1 1 0 1 0 1 1 0 0 0 1 1 1 0 0 0 1 27
0 1 1 1 1 0 0 0 1 1 0 0 1 0 0 0 1 0 0 1 1 0 1 0 0 0 1 0 1 0 0 1 0 0 1 0 1 0 1 1 0 0 1 1 0 0 0 0 1 1 22
0 1 0 0 0 0 1 0 0 1 0 0 1 1 0 1 1 0 1 0 0 1 1 1 1 0 1 0 0 0 0 1 0 0 1 0 1 1 1 1 1 1 1 0 1 0 0 0 1 1 25
1 0 0 0 0 0 1 1 1 1 0 0 1 0 0 0 0 1 0 0 1 0 0 0 1 0 1 1 0 0 1 1 1 1 1 0 0 1 0 0 0 0 1 0 1 1 0 1 0 1 22
0 1 1 0 1 0 1 0 0 1 1 0 1 0 1 0 1 1 0 1 1 1 0 0 1 0 1 0 1 0 1 1 0 1 1 1 0 0 0 0 0 0 1 1 1 0 0 0 1 0 25
1 1 1 1 1 0 0 0 1 1 0 1 0 1 0 1 1 1 1 0 1 1 0 1 1 1 1 0 0 1 0 0 1 1 1 1 0 1 1 1 0 0 1 1 0 1 1 0 0 1 32
0 0 1 1 1 1 0 1 1 0 0 1 1 1 1 0 1 1 0 0 0 0 1 0 1 1 0 1 1 1 1 0 1 0 1 0 1 1 0 0 1 0 1 1 0 0 0 0 1 0 27
0 0 1 1 1 0 1 0 0 1 1 0 1 1 0 0 1 0 0 1 0 0 0 1 1 0 1 0 1 0 1 1 1 0 0 1 1 1 0 1 0 0 1 0 1 0 1 1 0 1 26
0 1 1 0 1 1 0 0 1 1 0 0 1 0 0 0 0 0 1 1 0 0 1 0 1 1 1 1 1 1 1 0 0 0 1 0 1 1 0 0 0 0 0 1 0 1 0 1 1 1 25
1 0 1 1 1 1 1 0 0 0 0 0 1 0 0 1 1 1 1 0 1 1 0 0 0 1 1 1 1 1 1 0 1 1 1 1 0 1 1 1 1 1 0 1 1 0 1 1 0 1 33
0 0 0 0 1 0 1 0 1 0 1 0 0 1 1 1 0 1 1 1 0 0 0 0 1 0 0 1 1 1 0 1 1 1 0 0 1 0 1 0 0 1 0 0 0 1 0 1 0 1 23
0 0 1 1 0 0 1 1 1 0 1 1 0 1 1 1 0 0 0 1 0 1 1 0 0 0 0 1 0 0 1 0 1 0 1 0 0 1 0 0 1 0 1 1 1 0 0 0 1 1 24
1 1 0 0 1 1 1 1 1 1 1 1 1 0 0 0 1 0 1 1 1 0 0 1 0 0 0 0 1 0 1 1 1 0 1 0 0 1 0 0 0 1 0 1 0 0 0 1 1 0 26
1 1 1 0 1 0 0 1 0 1 1 0 0 0 1 1 1 1 1 1 1 1 0 1 0 0 0 0 0 0 1 0 0 0 1 1 1 1 0 1 1 1 1 1 1 1 1 0 0 0 29
1 0 0 0 0 1 1 0 0 0 1 1 1 1 1 0 0 1 0 0 0 1 0 0 0 1 0 1 1 0 1 1 0 0 1 1 0 1 1 1 1 0 1 0 0 0 0 1 1 0 24
0 0 1 0 1 0 0 0 1 1 0 1 1 0 1 0 1 0 0 1 0 1 0 1 0 0 1 1 1 1 1 0 1 0 1 1 1 1 1 0 1 1 1 0 0 1 0 0 1 0 27
0 0 0 0 0 0 1 0 0 1 0 1 1 0 1 1 0 0 0 1 0 1 1 0 0 1 0 1 0 1 1 1 1 1 0 0 1 0 1 1 1 0 0 0 1 1 1 1 0 1 25
1 1 0 1 1 1 1 1 0 0 1 0 0 1 0 0 0 0 0 1 1 0 0 0 0 0 1 0 1 0 0 0 1 0 0 1 1 0 0 1 1 0 1 0 1 1 1 0 0 0 22
1 0 0 1 1 1 1 1 1 1 0 1 0 0 0 0 0 0 0 0 1 1 1 0 0 0 1 0 1 1 0 1 0 1 0 1 0 0 0 1 1 1 0 0 0 0 0 1 0 0 22
0 1 1 0 0 0 1 1 1 0 0 1 1 1 1 0 1 0 1 1 1 1 1 1 1 1 1 0 1 0 0 1 1 0 1 0 0 0 0 0 0 1 1 0 0 0 1 0 0 0 26
0 1 1 1 0 0 1 0 1 1 1 1 1 1 1 1 1 1 1 1 1 1 0 0 1 1 0 1 1 0 0 0 0 0 0 1 0 1 1 1 0 0 1 1 1 0 0 1 1 0 31
1 1 1 1 1 1 1 0 1 0 1 0 0 1 0 1 1 1 0 1 1 1 0 1 1 0 0 0 1 1 0 1 1 0 1 0 0 0 1 0 1 0 0 1 0 1 1 1 1 1 31
1 0 1 1 0 1 1 1 1 0 1 1 1 0 0 1 0 0 1 1 1 1 1 1 0 0 0 1 0 1 0 1 0 0 1 0 0 1 0 1 0 0 1 0 0 1 1 1 1 1 29
1 0 0 1 1 0 1 0 0 0 1 1 0 1 0 1 0 0 0 1 0 0 1 1 1 0 1 0 1 1 0 0 0 1 1 0 0 1 0 0 1 0 1 1 1 1 0 0 0 0 23
0 0 1 0 1 0 1 1 1 0 1 0 1 0 0 1 1 0 1 1 0 0 0 1 0 0 0 1 0 1 0 0 1 1 1 0 1 0 0 0 1 0 0 0 1 1 0 0 1 1 23
0 0 0 0 1 0 0 1 1 1 1 1 0 0 0 1 1 0 0 0 1 1 1 0 0 0 1 0 0 0 1 0 0 0 0 1 1 0 0 1 0 0 0 1 1 1 0 1 0 0 20
1 1 0 0 0 0 1 0 1 1 1 1 1 0 0 1 0 1 0 1 1 1 0 0 0 1 1 0 0 1 0 0 1 0 0 0 0 1 0 0 0 0 1 0 1 1 0 0 0 1 22
0 1 1 0 0 0 0 0 0 1 0 0 1 1 1 0 1 0 0 1 1 1 0 0 0 0 0 0 1 1 0 0 1 0 0 1 1 0 1 1 0 1 1 0 1 1 0 1 1 0 23
0 0 1 1 0 1 1 1 1 1 0 0 0 0 1 1 1 0 1 1 1 1 1 0 1 1 1 1 1 1 0 1 0 1 0 1 0 1 1 0 0 1 1 1 1 1 1 1 1 1 35
1 1 0 0 1 1 0 1 1 1 1 1 0 0 0 1 0 1 1 0 1 1 0 1 1 1 0 1 0 0 1 1 0 1 0 1 1 1 1 1 1 1 0 0 1 1 1 1 0 0 32
1 1 0 0 0 0 1 1 0 1 1 0 0 0 0 1 0 0 1 0 1 1 1 1 0 0 1 0 1 1 1 1 1 0 1 0 0 1 0 0 1 1 1 1 0 1 0 1 0 0 26
0 1 0 1 1 1 0 1 1 1 0 0 0 1 0 0 0 1 1 1 1 0 1 1 0 0 0 0 0 0 1 0 1 1 1 0 1 0 0 1 1 0 0 0 0 1 1 1 0 0 24
1 0 1 1 1 0 1 0 1 1 1 1 1 1 0 0 0 1 0 0 1 1 0 0 0 0 1 0 0 0 0 1 1 1 0 1 0 1 0 1 1 1 1 1 0 0 0 1 0 1 27
0 0 0 0 1 0 1 0 1 0 0 1 0 1 0 0 1 1 1 0 1 1 0 1 1 0 1 0 1 0 1 0 1 1 0 1 0 1 1 0 1 0 1 1 1 1 1 0 1 0 27
1 0 0 1 1 0 0 0 1 1 0 0 1 0 0 1 0 0 0 0 0 1 0 1 0 0 0 1 0 1 0 0 1 1 0 1 0 0 0 0 1 1 0 0 0 0 1 1 0 0 18
1 0 1 0 1 0 1 0 1 1 0 1 0 1 0 1 1 0 1 0 1 0 1 0 0 0 0 1 1 1 0 1 1 0 1 1 1 1 1 1 0 0 1 0 1 0 1 0 1 0 28
0 0 1 1 0 0 0 0 0 1 1 1 1 0 0 1 1 1 0 0 0 0 1 1 1 0 1 1 1 0 0 1 1 1 0 1 1 0 1 0 1 1 0 1 1 1 1 0 1 1 29
1 0 0 1 0 0 0 1 0 1 0 0 1 0 1 0 1 1 1 0 0 0 1 1 0 1 0 1 0 0 1 1 0 1 1 1 1 0 1 1 1 1 1 1 0 0 1 0 1 0 27
0 0 1 1 1 1 0 1 1 1 1 1 0 0 0 0 0 0 0 1 1 0 1 1 1 0 0 0 1 0 1 0 0 1 1 1 1 0 1 1 0 1 1 0 0 0 0 1 0 1 26
0 1 0 0 1 1 1 0 0 0 0 0 1 0 1 0 0 1 0 0 0 1 0 0 0 0 0 0 1 1 0 0 0 0 1 0 0 0 0 0 1 1 1 0 0 0 1 0 1 1 17
1 1 0 1 1 0 1 0 1 0 1 0 1 0 1 0 1 1 0 0 1 0 0 1 0 0 1 0 1 1 0 1 0 0 1 0 1 0 0 0 1 0 1 0 0 0 0 1 0 0 22
1 1 0 1 1 0 1 0 1 1 1 0 0 0 1 0 1 0 0 1 0 1 1 0 1 1 0 0 0 0 0 1 1 0 0 0 0 1 1 1 1 0 1 0 0 0 0 0 1 0 23
1 0 1 1 0 1 1 1 0 0 1 0 1 1 0 0 1 1 0 0 1 0 0 1 0 1 0 0 0 1 1 0 1 1 0 1 0 0 1 0 1 0 1 0 1 0 0 0 0 0 23
0 1 1 1 0 0 0 0 1 1 1 0 1 0 0 0 0 1 0 0 1 1 0 0 1 1 0 0 0 0 1 0 1 1 0 0 0 0 0 1 1 1 0 1 1 0 1 0 1 1 23
0 1 1 1 0 0 1 1 0 1 0 0 1 1 1 0 0 0 0 0 0 0 0 1 0 1 0 0 1 1 0 0 0 1 0 1 1 1 0 0 0 0 1 0 1 1 1 0 1 0 22
0 1 0 0 1 0 0 1 0 0 0 1 1 0 0 1 0 0 1 0 1 1 0 1 0 1 1 0 0 1 1 0 1 1 1 1 1 0 0 0 0 1 1 0 1 1 1 1 1 1 27
0 0 1 1 0 1 1 0 1 1 0 0 0 0 0 1 1 1 0 1 0 0 0 0 1 1 0 1 1 1 1 1 0 1 0 0 1 1 1 0 1 1 0 0 1 1 1 0 0 0 26
0 0 0 0 1 0 0 0 0 0 1 1 1 0 1 1 1 1 0 1 1 1 1 0 1 1 1 0 0 1 0 0 1 0 0 0 1 1 1 1 1 0 1 1 1 1 1 0 1 0 28
1 0 1 0 1 1 1 0 0 1 0 0 1 1 0 1 1 1 0 1 0 1 0 1 0 1 1 1 0 1 0 0 0 1 1 1 1 1 0 1 0 1 1 1 1 0 0 1 1 1 31
1 1 1 1 1 0 1 0 0 1 0 1 1 1 1 1 1 0 1 0 0 1 0 1 0 0 0 1 0 0 0 0 0 0 1 1 0 0 0 1 0 1 1 0 0 0 0 1 0 1 24
0 0 0 0 1 0 0 0 0 0 0 1 1 1 1 1 0 0 0 1 0 1 0 1 1 1 0 1 1 1 1 0 0 1 1 1 1 1 1 1 1 1 1 0 0 0 0 1 0 1 27
0 1 1 0 0 0 0 1 1 0 0 1 0 1 1 1 0 0 1 0 1 1 0 0 0 1 0 1 1 1 1 1 1 1 0 0 1 0 1 0 0 1 1 0 1 0 0 0 1 0 25
1 0 0 1 1 1 0 1 1 1 1 0 0 1 1 0 1 0 1 0 1 0 1 1 1 1 0 1 0 0 0 1 0 0 1 0 1 0 1 1 1 1 0 0 0 0 1 1 1 0 28
1 0 0 0 1 1 1 0 0 1 0 1 0 1 1 0 1 1 0 1 1 1 1 0 1 1 1 1 0 1 1 1 0 0 0 1 1 1 0 1 0 0 1 1 0 1 1 1 0 1 31
0 1 1 0 0 0 1 1 0 0 1 1 1 0 0 1 1 1 1 0 0 0 1 1 0 1 1 0 1 1 0 1 0 1 0 0 0 1 1 1 0 0 1 1 0 1 1 0 0 1 27
0 0 0 0 1 1 1 1 0 0 0 1 1 1 1 0 1 1 1 0 0 1 0 0 1 0 1 1 0 0 0 0 0 1 1 0 1 1 1 1 1 1 0 0 0 0 0 0 0 1 24
1 0 1 0 0 1 0 1 1 0 1 0 1 1 1 0 1 1 1 1 1 1 1 0 0 1 0 1 0 0 1 0 1 1 0 1 1 1 0 0 0 1 1 1 0 0 0 0 0 1 28
0 1 0 0 1 1 0 1 0 0 0 1 1 0 0 1 0 0 0 0 0 1 0 1 0 0 1 1 1 1 0 1 0 1 1 1 0 0 0 0 0 1 0 0 1 0 1 1 1 0 22
0 1 0 1 0 0 1 0 0 1 0 1 1 1 0 0 0 0 1 0 1 1 1 1 0 1 0 1 0 1 1 1 0 1 0 0 0 1 0 1 1 1 0 1 1 1 1 1 1 0 28
0 0 0 0 0 0 1 0 1 1 0 0 1 1 0 1 1 1 0 1 1 1 0 1 0 0 0 1 1 0 0 0 1 1 1 0 1 1 0 0 0 0 1 0 1 1 0 1 0 0 23
0 0 1 0 1 0 1 1 0 0 0 1 0 0 1 1 1 1 1 0 0 0 1 0 1 0 1 1 0 0 0 0 1 0 1 0 0 1 0 0 0 0 0 0 1 1 0 0 0 1 20
1 1 1 1 0 1 1 1 0 1 1 1 1 1 1 0 1 0 1 1 0 1 1 1 1 1 0 0 1 1 0 1 0 1 0 0 0 0 0 1 1 0 1 1 0 1 0 1 1 0 32
0 0 1 0 0 1 1 0 0 0 0 0 0 1 0 0 1 0 0 1 0 1 0 0 0 0 1 1 1 1 1 0 1 0 0 0 0 1 1 0 0 1 0 0 0 0 0 1 0 1 18
1 1 0 1 0 0 0 0 0 0 1 1 1 1 1 0 0 1 0 0 0 0 0 1 0 0 1 0 0 1 0 0 0 0 0 0 1 1 0 1 0 1 1 1 1 1 0 1 0 0 21
0 0 1 0 1 1 1 0 0 0 1 0 1 1 0 0 0 0 0 0 1 1 1 0 0 1 0 0 0 1 1 0 1 0 1 1 1 1 1 0 0 0 1 0 0 0 1 0 0 0 21
1 0 0 0 0 1 1 0 0 0 0 1 0 0 1 1 1 1 1 1 1 0 0 1 1 0 1 0 1 0 0 0 0 1 0 0 1 1 0 0 1 1 0 0 0 1 0 0 1 1 23
0 1 0 0 0 0 0 0 0 1 1 0 0 1 1 1 1 1 1 0 0 1 0 1 1 1 0 1 1 0 1 0 0 0 0 0 0 0 0 0 1 0 0 1 0 0 0 0 1 0 19
1 0 0 0 1 0 1 0 0 0 0 0 0 0 0 1 0 1 1 0 1 0 1 0 0 1 1 1 0 0 1 0 1 1 1 1 1 1 0 1 0 1 0 1 0 1 1 0 1 1 25
0 1 1 0 0 1 1 1 1 0 0 0 0 0 1 0 0 0 1 1 1 1 1 1 1 1 1 1 0 1 1 0 0 1 1 1 0 1 0 1 1 0 0 1 1 0 1 1 0 0 29
0 1 1 1 0 0 1 0 1 0 1 0 1 0 0 0 0 0 0 0 0 0 1 0 1 0 1 0 0 1 0 0 1 0 0 1 0 0 0 0 1 0 0 0 1 1 1 1 0 0 18
0 1 0 1 1 1 1 0 1 1 1 0 0 1 1 1 1 1 0 1 0 0 1 1 0 1 1 0 0 0 0 0 0 1 0 1 1 0 0 1 0 0 1 1 1 0 0 0 1 1 27
0 0 0 0 0 0 1 0 1 1 0 1 1 0 0 1 1 0 1 1 1 0 1 1 0 0 0 1 0 0 0 0 1 1 1 0 1 0 1 0 0 1 1 1 1 0 1 0 1 1 25
1 1 1 1 0 1 1 1 0 1 1 1 1 1 1 1 0 0 1 1 1 0 1 1 0 0 0 0 1 1 0 1 1 0 0 1 0 1 0 1 0 0 1 1 0 0 0 1 1 1 31
0 0 1 1 0 1 1 0 1 0 1 0 0 1 1 0 1 0 0 1 1 1 0 0 1 1 0 1 0 0 0 1 0 0 0 0 1 0 1 0 1 1 0 1 1 1 0 0 1 0 24
1 0 1 0 1 0 1 1 0 0 0 0 0 1 0 1 1 0 0 1 1 0 1 0 1 0 1 1 0 1 0 1 1 0 0 1 1 1 1 0 0 0 0 0 0 0 1 1 0 1 24
0 0 1 0 1 1 0 1 0 0 0 1 0 1 0 1 0 0 0 1 0 0 1 0 1 0 1 0 1 0 0 0 0 1 0 1 0 0 1 0 1 0 1 0 1 1 1 1 1 1 23
0 1 0 1 0 1 1 0 1 0 1 0 0 1 0 1 1 0 0 1 1 1 0 1 0 1 0 0 0 1 0 1 1 1 1 1 0 1 1 0 0 1 1 1 0 0 1 1 0 1 28
0 0 0 0 1 1 1 0 1 0 0 0 1 0 1 1 1 0 0 1 1 1 0 1 0 0 0 1 1 0 0 1 0 0 1 1 0 1 1 1 0 1 0 0 1 0 1 0 1 1 25
1 1 1 1 0 0 1 0 1 0 0 1 0 0 0 1 0 0 0 0 0 1 1 1 0 1 1 0 1 1 0 1 1 0 1 0 1 0 0 1 1 1 1 0 1 1 0 0 1 1 27
0 1 0 0 0 1 1 0 0 1 1 1 1 0 0 0 1 1 0 0 1 1 0 0 1 1 0 0 0 0 0 0 0 0 0 0 0 1 1 0 1 0 0 1 0 1 0 1 1 0 20
1 1 0 1 1 1 1 1 1 0 0 0 0 1 0 0 0 0 1 1 0 1 1 0 1 1 1 1 1 0 1 1 1 1 0 1 1 0 1 0 1 0 0 1 0 1 1 1 0 0 30
1 1 0 0 1 1 0 0 0 0 1 1 0 0 1 0 0 1 1 0 0 0 0 1 1 1 0 1 0 0 0 0 0 0 0 0 0 1 0 1 1 0 0 1 0 0 0 0 1 0 18
0 0 1 0 1 0 1 0 1 1 0 0 0 0 1 1 0 0 1 0 1 0 0 0 1 0 1 1 1 1 1 1 1 1 0 0 1 0 1 1 1 0 1 0 0 1 1 1 0 1 27
0 1 1 1 0 1 1 1 0 1 0 1 1 0 0 0 1 1 1 0 0 1 1 0 1 0 0 0 0 0 1 1 1 0 1 0 1 0 0 1 1 0 0 0 0 1 1 0 1 1 26
1 1 0 0 0 1 0 1 0 0 0 0 0 0 1 1 0 0 0 0 1 0 1 0 0 1 0 0 1 0 1 1 1 0 0 0 1 1 1 1 0 1 0 1 1 1 1 1 1 1 25
1 0 0 1 1 0 1 0 0 1 1 1 1 1 0 0 1 1 0 0 1 0 1 0 0 1 0 0 1 0 0 0 1 0 0 1 0 1 0 1 0 1 0 0 0 1 0 0 0 0 21
1 1 0 0 0 1 0 0 0 0 0 1 1 1 0 1 0 0 1 1 0 0 0 0 1 0 1 0 0 0 1 0 1 1 0 1 0 1 0 1 1 0 0 0 1 1 1 0 1 0 22
0 1 0 1 1 0 0 0 0 0 0 1 1 0 1 0 1 1 0 0 1 0 0 1 0 1 0 1 0 1 1 1 0 1 1 1 1 1 0 1 0 0 1 0 1 0 0 1 1 0 25
0 1 0 0 0 0 1 0 1 1 0 1 1 1 0 1 0 0 0 1 1 0 1 1 0 1 0 1 0 1 1 1 1 1 0 1 0 1 1 0 1 1 0 0 0 1 0 1 0 1 27
0 0 0 1 1 0 1 0 1 0 1 1 1 1 0 1 0 0 1 1 0 0 0 1 0 0 0 1 0 1 1 1 1 0 0 1 0 1 1 1 1 1 0 0 0 0 0 0 0 1 24
0 1 0 0 0 1 1 1 1 1 0 1 0 1 0 0 0 0 1 0 1 0 0 0 1 0 0 0 0 0 1 0 0 0 1 1 0 0 0 0 1 1 0 0 0 1 1 0 0 0 18
1 0 0 1 0 1 1 0 1 1 0 1 0 1 1 1 1 1 0 0 1 0 0 1 1 0 0 0 0 1 1 0 1 0 1 0 0 1 0 1 1 1 0 0 1 1 1 0 0 1 27
1 0 0 1 1 1 1 1 1 0 0 1 0 0 1 1 0 0 0 0 1 1 1 0 0 1 0 1 0 1 1 1 1 1 1 0 0 1 1 1 1 0 1 1 1 1 1 1 1 0 32
0 1 1 0 1 1 0 1 0 1 1 0 0 0 1 1 1 0 1 1 1 1 0 0 0 0 0 1 1 0 1 1 1 1 0 0 0 1 0 0 1 0 0 1 0 1 1 0 1 0 26
1 0 0 1 1 1 1 1 0 0 1 0 1 1 0 1 1 0 0 0 0 1 1 1 0 1 1 1 1 0 0 1 0 0 1 0 0 1 0 1 0 1 1 0 1 1 0 1 1 1 29
0 0 0 1 0 1 1 0 0 0 0 1 0 0 0 0 1 0 1 0 0 0 0 0 1 1 0 1 1 1 1 0 1 0 0 0 0 1 0 1 1 0 0 0 0 1 1 1 1 0 20
1 1 0 1 1 0 1 0 0 1 0 0 1 0 1 0 1 0 0 1 0 1 1 1 1 1 0 0 0 1 0 0 0 1 1 0 1 1 1 1 1 0 1 0 0 0 0 0 1 0 25
1 0 1 1 1 0 1 1 1 1 0 0 1 1 0 0 0 1 1 1 0 1 0 0 1 0 0 0 0 1 0 0 1 1 0 1 1 1 1 1 1 1 0 0 0 1 1 1 0 0 28
0 1 1 1 1 1 0 0 1 0 1 1 0 0 1 1 1 0 1 1 1 0 0 0 0 1 1 0 0 0 1 1 0 0 0 1 0 0 1 1 1 1 0 0 1 0 1 1 0 1 27
1 0 1 0 0 0 1 1 1 1 1 0 0 1 1 1 0 0 0 1 0 0 1 0 0 0 1 0 1 0 1 1 1 0 0 1 0 0 0 1 0 0 0 1 0 0 1 0 1 1 23
0 0 0 0 1 1 0 1 1 1 0 0 0 1 0 1 0 0 1 0 0 0 1 1 0 1 0 0 0 1 1 0 1 1 1 1 1 0 1 1 1 0 0 0 0 0 1 1 1 1 25
1 1 1 1 1 0 0 0 0 1 0 1 0 1 1 0 0 0 1 0 1 0 0 1 0 1 1 0 1 1 1 0 1 0 1 1 0 0 1 0 0 1 0 1 0 0 1 0 0 0 24
1 1 0 0 0 1 1 0 1 1 0 0 1 0 1 0 1 0 0 1 1 0 1 1 1 0 0 1 1 1 1 1 1 0 0 1 1 1 1 1 1 0 1 1 0 1 0 1 0 1 31
1 1 1 1 1 1 0 0 1 0 1 0 0 0 0 0 1 1 1 0 0 0 1 1 0 1 0 1 1 0 1 1 1 0 1 0 0 1 0 0 1 0 1 1 1 0 1 1 0 0 27
0 0 0 0 0 0 1 1 0 0 0 1 0 0 1 1 0 1 0 0 0 1 1 1 0 1 1 1 1 0 1 0 0 0 1 1 1 0 1 0 0 1 0 0 1 0 1 1 1 1 24
1 0 1 0 0 0 1 1 1 1 1 1 0 1 0 0 0 0 1 0 0 1 0 1 0 0 1 0 1 0 1 1 0 0 1 0 1 0 0 0 0 0 1 1 0 0 0 1 1 1 23
1 1 1 1 1 0 1 1 1 0 0 0 0 0 1 0 1 1 1 1 0 0 1 1 1 0 0 1 0 1 1 1 1 1 0 1 1 0 0 1 1 1 0 0 1 1 1 1 1 1 33
0 0 1 1 1 0 0 1 1 0 0 1 0 1 1 1 1 1 1 1 1 1 1 1 1 0 1 1 1 0 0 1 0 0 1 0 0 0 1 1 1 1 1 1 1 1 0 0 1 1 33
1 1 1 0 0 0 0 0 0 1 0 0 1 1 1 1 1 1 1 0 1 1 1 0 1 1 1 1 0 0 0 1 1 0 1 0 0 0 0 0 0 0 0 1 1 1 1 1 1 1 28
1 0 1 0 0 0 1 0 1 1 1 0 1 0 1 0 1 0 1 0 1 1 1 0 1 0 0 0 1 0 1 0 0 1 1 0 0 0 1 1 1 0 0 1 1 0 0 0 0 1 24
0 0 1 1 0 0 1 0 0 0 1 1 0 1 1 0 1 0 0 1 1 0 0 1 0 1 0 0 1 1 1 0 0 0 1 1 0 1 1 0 0 0 0 1 0 1 1 1 1 0 24
1 1 1 1 0 1 0 1 0 1 0 0 1 0 0 1 1 1 0 1 1 1 1 0 1 1 1 1 0 0 1 1 1 0 1 1 0 1 0 0 0 1 1 1 0 0 0 1 1 1 31
0 0 1 1 0 1 1 1 1 0 1 1 0 0 1 1 0 0 1 1 0 1 1 1 0 0 0 1 1 1 0 0 1 0 0 1 1 1 0 0 1 1 1 0 0 0 0 0 0 0 25
0 1 1 0 1 1 1 1 0 1 1 1 1 1 1 1 1 0 1 0 1 0 1 1 1 1 1 0 0 1 0 0 0 0 0 0 0 0 1 1 1 1 0 1 0 1 0 1 0 1 30
1 0 0 1 1 0 0 0 1 1 1 1 1 0 0 1 0 1 0 0 0 0 0 1 0 0 0 1 0 1 1 0 0 0 1 1 1 0 0 0 1 0 1 0 1 1 1 0 1 0 23
1 0 0 1 1 0 0 0 0 0 0 1 0 1 0 0 0 1 1 1 1 1 1 1 0 0 1 0 1 0 1 0 1 1 0 1 1 0 0 0 0 0 0 1 1 0 0 0 0 1 22
1 1 0 0 0 0 0 1 1 0 1 1 1 1 1 0 1 0 1 1 1 1 0 1 1 0 1 0 0 0 1 1 1 1 0 1 1 0 0 1 0 0 1 1 0 0 0 0 0 0 26
0 1 0 1 0 0 1 1 1 0 1 0 1 1 1 0 0 0 0 1 1 1 0 0 0 1 0 0 1 1 1 0 0 0 0 1 0 0 0 0 0 1 1 0 0 1 1 0 0 1 22
0 1 0 1 0 0 1 1 1 0 0 1 1 1 0 0 1 1 0 0 1 1 0 1 1 0 1 1 1 1 0 1 0 0 0 1 0 0 0 0 1 1 1 0 1 1 1 1 0 0 27
0 0 1 0 1 0 0 1 1 1 0 0 1 1 0 0 0 1 1 0 1 0 1 0 0 1 1 1 1 0 1 1 1 0 1 0 0 0 0 0 0 1 1 1 0 1 0 1 1 0 25
1 1 0 1 0 0 1 1 0 0 1 0 0 0 0 1 0 1 0 1 0 0 1 1 0 0 0 1 0 1 0 1 1 1 1 1 0 1 0 0 1 1 1 0 0 0 1 0 0 1 24
0 1 0 0 1 0 1 0 0 0 0 1 1 0 1 0 1 0 1 0 0 1 0 0 1 0 1 0 1 1 0 0 1 0 1 0 1 1 0 1 0 1 1 0 1 0 0 1 1 0 23
1 1 0 1 1 0 0 0 1 0 1 1 0 1 1 1 1 1 0 1 0 1 1 1 1 0 0 0 1 1 0 0 1 1 0 0 1 1 0 1 0 0 0 0 1 0 0 1 1 0 27
1 1 0 0 1 1 0 0 1 0 0 1 1 1 1 0 0 1 1 1 1 1 1 0 0 1 0 0 1 1 0 0 0 1 0 1 0 1 1 0 1 0 1 0 0 1 1 1 0 0 27
1 0 1 1 1 1 0 1 1 1 1 1 0 1 0 0 0 0 0 1 0 1 0 0 1 1 0 1 1 1 0 0 0 1 0 0 1 0 0 0 0 0 1 0 1 0 1 0 0 0 23
1 0 1 1 0 0 1 0 0 1 1 0 1 1 0 1 1 1 0 1 1 1 0 0 0 0 1 1 0 1 1 0 0 1 0 1 0 0 1 1 0 1 0 1 0 1 0 1 1 1 28
0 1 1 0 1 1 0 1 1 1 0 1 1 0 0 0 0 1 0 0 0 0 1 0 1 1 0 0 0 0 0 1 1 1 1 1 0 1 1 1 1 1 0 0 0 1 1 1 0 0 26
0 0 0 1 1 0 1 1 0 1 0 0 0 0 1 0 1 1 0 1 0 0 1 0 0 0 1 0 1 1 1 1 1 0 1 1 0 1 1 1 0 0 1 0 0 0 1 0 1 1 25
0 1 0 1 1 1 1 1 1 0 0 0 1 0 1 0 0 0 1 1 1 0 0 1 1 0 1 0 0 1 1 0 1 1 0 0 1 0 0 1 0 0 1 1 1 0 0 0 0 0 24
0 1 0 1 1 1 1 0 1 0 0 0 0 0 0 0 0 1 1 1 1 0 0 1 0 0 0 0 1 1 1 1 1 1 0 1 0 1 1 1 0 1 1 0 0 1 1 0 0 0 25
1 0 0 0 0 1 0 1 0 0 1 1 1 1 1 1 0 1 1 1 1 0 0 1 1 0 1 0 1 0 0 0 0 0 1 1 0 0 0 1 1 0 0 0 0 0 0 1 1 1 24
0 1 0 0 0 0 0 1 1 1 0 1 0 1 1 1 1 0 0 1 0 0 1 1 0 0 1 0 0 1 0 1 0 1 0 1 0 0 1 0 0 1 1 0 0 0 0 0 0 1 21
0 0 1 0 0 1 1 0 1 1 0 1 0 0 1 0 1 0 1 0 0 1 0 0 0 1 1 0 1 1 1 1 1 0 1 1 0 0 1 1 0 1 0 1 1 0 1 0 0 0 25
0 0 1 1 0 0 1 1 0 0 0 0 1 1 1 0 0 1 0 1 0 1 0 1 1 1 1 1 1 1 1 0 1 0 1 1 1 0 1 1 0 0 1 1 0 1 0 0 0 1 28
1 1 1 0 1 0 1 1 1 1 1 1 1 0 1 0 1 1 1 1 1 0 0 0 1 0 0 0 0 1 1 1 1 1 0 1 1 1 0 0 0 0 0 1 0 1 1 1 1 1 32
0 1 0 1 0 0 1 1 1 1 1 1 1 1 0 1 1 1 1 1 1 0 1 0 1 0 1 1 1 1 0 1 0 1 1 1 1 0 0 0 0 0 0 0 0 1 0 0 1 1 30
1 1 0 0 0 1 0 0 1 0 1 1 0 0 1 0 0 0 0 0 1 0 0 0 0 0 0 0 0 0 1 1 1 1 1 0 0 0 1 0 0 0 1 0 1 1 1 1 1 0 20
0 0 1 0 1 1 1 0 1 0 0 0 0 0 1 1 0 0 0 0 1 0 0 0 0 1 1 1 0 1 0 0 0 1 0 0 0 0 0 0 1 1 1 0 1 1 1 1 1 1 22
0 0 1 0 0 1 0 1 1 1 0 1 1 0 1 0 1 1 1 1 0 0 1 0 0 0 0 1 0 0 1 0 1 0 0 1 0 1 1 0 0 0 0 0 1 1 0 1 0 1 23
0 0 1 0 0 0 0 1 1 1 0 0 1 1 0 0 1 0 1 1 0 0 1 1 1 1 1 0 1 1 0 1 0 0 1 0 0 1 0 1 0 1 0 0 1 1 0 1 1 1 26
0 1 0 1 1 1 1 1 1 1 1 0 1 0 0 0 0 0 1 0 1 1 1 0 1 0 1 0 1 0 1 1 0 0 0 1 0 1 1 1 1 1 1 1 0 1 1 0 0 1 30
0 0 0 1 1 1 0 1 0 1 0 0 1 1 1 0 1 1 0 1 0 0 1 1 0 1 0 1 1 1 1 1 1 1 1 1 1 0 0 1 0 1 0 0 0 1 1 1 1 0 30
1 1 0 1 1 0 1 0 0 0 0 1 1 0 1 1 1 1 0 0 0 0 1 0 0 0 0 1 0 0 1 0 1 1 0 1 0 0 0 0 1 1 0 1 1 0 0 1 1 0 23
0 1 1 1 1 1 1 1 1 1 1 1 0 1 1 0 0 0 1 1 0 0 0 0 0 0 0 0 0 1 1 0 1 1 1 1 1 0 0 0 1 0 1 0 0 0 0 1 1 0 26
1 0 1 1 1 0 0 1 0 1 0 1 0 1 0 1 0 0 1 1 0 1 1 0 0 0 0 1 1 0 1 1 0 0 1 0 0 1 0 1 0 0 0 0 1 0 0 0 0 1 22
1 0 0 1 1 0 0 0 1 1 0 1 1 1 1 1 1 0 1 0 1 0 0 1 0 1 1 0 0 1 0 1 1 0 1 1 0 1 0 1 1 0 0 1 1 0 0 0 1 1 28
1 1 0 1 0 1 0 0 0 1 0 1 1 0 1 1 1 0 0 1 0 1 0 0 1 1 1 0 1 1 0 1 0 1 0 1 0 0 0 0 1 0 0 1 1 1 0 1 0 1 26
0 1 1 1 0 1 0 1 1 0 1 1 1 0 0 0 1 1 1 1 1 0 0 1 1 1 1 0 0 1 1 1 0 0 0 1 1 1 0 0 0 1 0 1 0 0 0 1 1 0 28
0 1 1 1 0 1 1 1 1 0 1 0 1 0 1 1 1 1 0 0 1 0 0 0 1 0 0 0 1 0 0 0 0 1 1 0 1 1 1 1 1 1 0 1 0 1 1 0 0 1 28
1 0 0 0 1 0 1 0 1 0 0 1 0 1 1 0 0 0 1 1 1 1 0 1 0 0 1 0 1 0 1 0 0 1 0 0 1 0 0 1 1 1 1 1 1 1 0 1 1 0 26
0 1 0 1 1 0 0 1 1 0 0 1 0 0 0 0 0 0 1 1 0 0 1 0 0 1 0 0 0 0 1 0 1 1 1 1 1 0 0 1 0 1 0 1 0 0 0 1 1 0 21
0 0 0 0 1 1 0 0 1 0 1 1 1 0 0 0 0 0 0 0 1 0 1 1 0 0 0 1 0 1 0 0 0 0 0 0 1 0 1 0 0 1 0 0 1 1 0 0 0 0 16
1 1 1 0 0 0 0 1 0 1 1 0 0 1 1 1 1 1 1 1 0 1 1 1 1 1 0 1 0 1 0 0 1 0 0 1 1 0 0 1 0 0 0 0 1 0 0 1 1 0 27
0 0 0 0 0 1 0 0 0 0 0 0 1 0 1 0 1 1 0 1 1 1 0 1 1 1 0 0 0 1 1 0 1 1 0 1 1 1 1 1 0 1 0 0 1 1 0 0 1 1 25
1 0 0 1 0 1 0 0 1 0 1 0 1 0 0 1 1 0 1 0 0 1 0 0 0 1 0 1 0 0 0 1 1 0 0 1 1 1 0 0 0 0 1 1 0 1 1 0 0 1 22
0 0 1 1 0 1 1 1 0 1 1 0 1 1 0 1 0 0 1 0 0 1 1 0 0 0 0 0 0 1 1 1 1 0 0 0 0 1 0 0 1 1 0 1 0 1 1 1 1 1 26
0 1 1 0 0 0 0 1 0 1 1 0 1 0 1 1 0 1 0 1 0 0 1 1 0 0 1 1 0 1 1 0 1 0 0 1 1 0 1 0 1 1 0 1 0 1 0 1 1 0 26
0 1 1 1 0 0 1 1 1 1 1 1 0 1 1 0 0 1 1 1 0 1 0 0 0 1 1 0 0 1 0 1 0 1 0 0 0 0 0 1 0 1 0 0 0 0 1 1 0 0 24
0 0 1 1 1 0 0 1 0 0 1 0 1 1 1 0 1 0 0 1 0 1 0 1 1 0 0 1 0 1 0 0 1 1 1 1 0 1 1 1 1 0 1 0 1 1 1 0 0 1 28
0 0 1 1 0 0 1 0 1 1 1 0 1 0 1 0 0 0 1 0 1 1 0 0 0 1 1 0 0 0 0 1 0 0 0 1 1 0 0 1 0 1 1 1 0 0 0 1 0 0 21
0 0 0 0 0 0 0 0 1 0 1 1 0 0 1 1 1 1 1 1 0 0 0 0 1 0 1 1 0 1 1 0 0 1 1 1 0 1 1 1 0 0 1 0 1 0 1 0 1 0 24
1 1 1 0 1 0 1 0 0 1 0 1 0 1 1 0 0 0 1 1 1 0 0 0 1 1 1 0 0 1 1 1 1 1 1 1 0 1 0 1 0 1 0 0 0 0 1 0 1 1 28
1 0 1 0 1 1 1 1 1 0 0 0 1 0 1 1 1 0 0 1 1 0 1 0 1 1 0 1 0 0 1 1 0 0 1 1 0 0 1 1 0 1 1 0 1 1 1 0 0 0 28
0 0 0 0 0 0 0 1 1 0 1 1 0 0 0 1 1 0 1 1 1 0 0 0 1 0 1 1 1 0 1 0 1 1 0 0 1 0 0 0 0 0 1 1 0 1 0 0 0 1 21
1 1 1 1 0 1 0 0 1 0 0 1 0 0 1 0 1 0 0 1 1 0 1 0 1 1 1 1 0 0 0 0 1 1 0 0 1 1 0 1 1 0 0 1 0 1 0 0 1 1 26
1 0 0 1 0 0 1 0 0 1 1 1 0 0 1 1 0 1 1 1 0 0 0 1 1 1 0 1 0 1 0 0 1 1 1 1 0 1 0 1 0 0 1 1 0 0 0 0 0 1 25
1 1 1 1 0 0 1 0 0 0 0 0 1 1 0 1 0 1 1 1 0 1 0 0 1 0 1 1 0 0 1 1 1 0 1 1 1 0 0 0 1 0 1 1 0 0 0 1 0 0 25
0 0 1 1 1 1 0 0 1 1 1 0 1 0 1 0 0 1 0 1 1 0 0 1 1 1 0 0 1 0 1 0 1 0 1 1 1 0 1 0 1 1 0 1 0 1 1 0 1 1 29
1 0 1 0 1 1 0 1 0 1 1 0 1 1 1 1 1 0 0 0 0 1 1 0 1 0 0 0 1 0 1 1 0 1 0 1 1 0 1 0 0 1 1 0 1 1 0 1 1 0 28
0 0 1 1 1 1 1 0 1 1 1 1 0 0 0 1 1 0 1 1 0 1 1 1 1 0 0 1 0 1 0 0 1 0 0 1 0 1 0 1 0 1 1 0 0 0 1 0 1 0 27
0 1 1 0 0 1 0 0 1 1 0 1 1 1 0 1 0 0 1 0 0 0 0 1 0 0 1 0 1 0 0 0 1 1 1 1 1 1 0 0 1 0 0 0 0 0 0 0 0 1 21
1 0 1 1 0 1 1 1 1 1 0 1 1 1 0 1 0 1 0 0 1 0 0 1 1 1 1 0 1 1 0 0 1 0 0 0 0 0 1 0 1 1 1 1 1 0 1 0 1 1 30
0 0 0 0 1 0 0 1 1 1 0 0 0 1 1 0 1 1 0 0 0 0 0 0 1 0 0 1 1 1 0 0 0 0 0 0 1 0 1 0 0 1 1 1 0 1 1 1 0 0 20
0 0 1 1 1 0 0 1 0 1 1 1 1 1 0 0 0 1 0 1 0 1 0 0 0 0 1 0 0 1 0 1 1 1 1 0 0 0 1 1 1 1 0 0 1 0 1 0 0 1 25
1 0 1 1 0 0 1 0 0 0 0 1 0 1 1 0 1 1 0 0 1 1 1 1 1 0 1 0 1 1 1 0 1 0 1 0 0 0 1 0 0 1 1 0 1 0 1 0 1 1 27
0 0 1 0 1 0 1 1 0 0 1 1 0 0 1 0 0 0 0 1 1 1 0 0 0 0 1 1 0 1 0 0 1 0 0 0 1 1 0 1 1 0 1 0 0 1 1 0 0 1 22
1 0 1 1 1 0 0 0 0 0 1 1 1 0 0 1 1 1 1 1 1 0 0 1 1 1 0 1 1 1 0 0 1 1 0 0 0 1 0 0 0 1 0 1 0 0 1 1 1 0 27
0 0 1 0 0 0 0 0 0 1 1 1 0 1 1 1 0 1 0 0 0 1 0 0 1 0 0 0 0 0 0 0 1 1 1 1 0 0 1 0 0 0 1 0 0 0 0 1 1 1 19
0 1 0 1 0 1 0 0 1 0 0 1 1 0 1 1 0 0 1 0 1 0 1 1 1 0 1 1 0 1 0 0 1 1 1 1 0 0 0 0 1 0 0 0 0 0 0 0 0 0 21
0 1 1 1 1 1 1 0 1 0 1 1 0 0 0 1 1 1 0 1 1 1 0 0 0 1 0 1 1 1 1 0 0 0 1 0 1 1 0 1 1 1 1 1 0 1 1 0 1 0 31
0 1 1 1 0 0 1 1 1 0 1 0 1 1 0 1 1 0 0 0 0 1 1 1 1 1 1 0 0 1 0 1 0 0 1 0 0 1 1 1 0 1 1 1 0 1 0 1 0 0 28
0 1 0 0 0 0 0 1 1 0 1 1 0 1 0 0 1 0 1 1 0 0 0 1 1 0 0 1 1 1 1 1 1 1 0 1 1 0 0 1 1 0 1 1 0 1 0 1 1 1 28
0 0 1 0 1 1 0 1 1 0 0 1 0 1 0 1 0 0 0 1 1 1 1 0 1 1 1 1 1 0 1 0 1 1 1 1 1 0 0 1 1 0 0 0 1 0 1 0 0 1 28
1 0 1 0 0 1 1 0 1 0 0 0 0 0 0 1 0 0 1 1 1 1 0 0 1 1 1 0 1 1 1 0 1 0 0 1 0 1 1 0 0 0 0 1 0 0 1 0 0 1 23
0 0 0 1 1 1 0 1 0 0 0 1 1 1 1 1 0 0 0 0 0 1 1 1 1 0 1 0 1 1 0 1 0 1 0 0 0 0 1 1 0 0 0 1 0 1 0 1 1 0 24
0 1 1 0 1 0 0 0 0 1 1 1 0 0 1 0 1 0 1 0 1 1 1 0 0 0 1 0 1 0 1 0 1 0 1 1 0 1 0 0 1 0 0 1 1 1 1 0 1 1 26
1 1 1 1 0 0 0 1 0 1 1 1 0 0 0 1 1 1 0 1 0 1 1 0 1 0 1 1 1 0 1 1 1 1 0 0 1 0 0 0 1 0 1 1 0 1 1 1 1 1 31
0 1 1 0 0 1 1 1 1 1 0 1 0 0 0 1 1 1 1 0 1 1 1 0 1 0 0 0 1 0 0 0 1 0 1 1 1 1 1 1 0 1 0 0 0 0 1 1 1 1 29
0 0 1 1 0 0 0 0 0 1 1 0 1 0 0 0 0 0 1 1 0 0 1 0 0 0 1 0 1 0 1 0 0 0 1 0 1 1 1 1 0 1 0 1 0 0 0 1 1 0 20
1 0 1 0 1 1 0 0 0 0 0 0 1 1 0 1 1 0 1 0 1 0 1 0 0 1 1 0 0 1 1 1 1 1 0 0 1 1 1 1 0 0 1 0 0 1 0 0 0 0 24
0 0 1 0 1 0 0 0 1 0 0 1 0 1 0 0 0 0 1 1 0 1 0 0 0 1 0 1 0 0 1 1 1 0 1 0 1 1 0 0 0 1 1 1 1 0 0 1 1 0 22
1 0 1 1 0 1 1 0 1 0 1 0 0 1 1 1 1 0 0 0 1 0 1 1 0 0 0 0 0 0 0 1 1 0 1 0 1 1 1 0 0 0 1 1 1 0 0 0 0 1 24
1 0 1 1 1 1 1 1 0 0 0 0 1 1 0 0 1 1 1 0 0 0 1 1 0 1 0 0 1 0 0 0 1 1 1 0 1 0 0 0 0 0 0 0 1 1 0 1 0 0 23
1 1 0 1 0 0 1 0 1 0 1 1 0 1 0 0 0 1 0 0 1 0 0 1 0 0 0 1 1 1 1 1 1 0 0 1 1 1 1 1 0 1 0 0 1 0 0 0 1 0 25
1 0 0 1 1 0 0 1 1 1 0 1 0 0 1 1 0 1 0 1 1 0 0 0 1 1 1 1 1 0 1 0 0 0 0 0 0 0 1 0 0 0 0 1 1 0 0 1 0 1 23
1 1 1 1 1 0 1 0 0 0 0 0 1 0 0 0 1 0 0 0 1 1 0 0 1 0 0 1 1 1 0 0 1 1 0 0 1 0 1 0 1 0 0 1 1 0 0 0 0 1 22
1 1 1 1 1 1 1 0 0 1 0 0 0 0 1 0 0 1 1 0 0 0 1 0 0 0 0 1 1 1 0 1 1 0 0 0 1 0 1 1 1 1 1 0 1 1 0 1 0 1 27
0 1 0 0 0 1 0 0 0 0 0 1 1 1 0 1 1 0 0 0 1 1 0 1 1 0 0 0 1 1 0 0 1 1 1 1 1 0 1 1 0 1 0 0 0 1 0 1 0 1 24
0 1 1 1 0 1 0 0 0 0 1 0 0 1 0 0 0 0 1 1 0 0 0 0 0 1 0 0 0 0 0 0 0 1 1 0 0 1 1 1 0 1 0 0 0 1 0 1 1 0 18
1 0 1 1 1 0 0 0 1 0 0 0 0 1 0 1 0 0 0 1 0 1 0 0 0 0 1 0 0 1 1 0 1 1 1 0 0 1 0 0 1 1 1 0 0 0 0 1 0 1 21
0 1 1 0 1 1 1 0 0 1 0 1 0 0 1 0 1 1 1 0 0 0 1 1 0 1 1 0 0 0 1 1 0 1 0 0 0 0 1 1 1 1 0 1 1 0 1 0 0 0 25
1 0 1 0 0 0 1 1 0 1 0 0 0 1 0 1 1 1 1 0 0 1 0 0 0 1 1 0 0 0 1 1 1 1 0 1 1 1 1 1 1 1 1 1 0 0 1 1 0 0 28
1 0 0 0 1 1 1 1 0 0 1 1 0 1 1 0 0 1 0 1 0 0 0 1 1 1 1 1 1 1 0 1 0 0 0 1 1 1 0 0 0 1 1 1 0 1 1 0 0 1 28
1 0 1 0 1 1 1 1 1 0 1 0 0 1 1 1 1 0 1 0 0 1 0 1 0 1 1 0 0 1 0 1 0 1 1 0 1 0 0 1 1 1 1 0 1 0 0 0 1 1 29
1 1 0 0 0 0 1 1 0 1 0 0 1 0 1 1 1 1 0 1 0 0 1 0 1 1 0 1 0 1 1 0 1 1 1 1 1 0 0 0 0 1 0 0 1 0 1 1 0 0 26
1 0 0 0 0 0 1 1 0 0 0 0 1 1 1 0 1 1 0 1 0 0 1 0 0 1 1 0 0 1 1 0 0 0 0 1 0 1 0 1 0 1 0 0 1 1 0 0 1 0 21
0 1 1 1 0 0 1 1 0 0 0 0 0 1 1 1 0 1 1 1 1 0 0 1 1 1 1 1 0 0 1 1 0 0 1 1 1 1 0 1 0 1 1 1 0 1 1 0 0 1 30
1 0 0 0 1 0 0 0 0 0 0 0 0 1 0 1 0 0 0 0 1 0 0 1 1 0 1 0 1 0 1 0 0 0 0 1 1 0 0 1 1 1 1 1 0 1 1 0 0 0 19
1 0 0 1 1 1 1 1 1 0 1 1 1 0 1 1 1 1 1 0 1 0 1 1 1 1 0 1 1 0 1 0 0 0 1 1 1 1 0 0 1 1 0 1 0 1 0 0 1 1 33
0 0 0 1 0 1 0 1 0 0 0 1 0 0 0 0 0 1 0 0 1 0 0 1 1 0 1 1 1 0 0 1 0 0 0 0 1 1 0 1 0 0 1 0 0 0 1 1 1 1 20
0 0 0 0 1 0 1 0 0 1 0 0 0 0 0 1 1 1 1 0 0 0 1 0 1 0 0 1 0 0 0 1 1 1 0 0 1 0 0 1 0 1 0 0 1 0 0 0 0 0 17
1 1 1 0 1 0 1 0 0 1 1 0 1 1 1 0 0 1 0 0 0 0 0 0 0 1 1 0 1 1 1 1 0 1 0 0 1 1 1 0 0 0 0 1 0 1 1 1 0 1 26
1 0 0 0 0 1 1 0 1 1 0 0 0 1 0 0 0 0 0 0 1 0 1 0 1 0 1 0 1 0 1 0 1 1 0 0 1 0 0 0 0 1 0 1 1 0 1 1 0 1 21
1 1 1 0 1 1 1 0 1 1 0 1 0 0 0 1 1 1 1 1 1 0 1 1 1 0 0 0 0 1 1 0 1 0 1 0 1 0 1 1 0 1 0 0 0 1 0 1 0 1 29
1 1 1 0 0 1 0 1 1 1 1 0 1 0 1 1 0 0 0 0 0 0 1 0 1 0 0 0 0 1 1 1 1 0 1 0 0 0 0 1 0 1 1 0 1 1 0 0 1 0 24
1 0 0 1 1 1 1 1 1 1 0 1 0 0 0 1 0 0 1 1 1 0 0 0 0 1 1 0 1 0 0 0 1 0 1 0 0 0 0 0 1 0 1 1 1 0 1 0 0 1 24
1 1 1 1 0 0 1 1 1 1 1 0 1 0 1 0 0 1 1 1 0 1 0 1 1 0 0 0 0 0 1 0 1 0 0 1 1 1 1 1 1 0 1 0 1 1 0 0 0 1 29
1 0 0 0 1 0 0 1 0 1 0 0 0 1 0 1 0 1 1 0 0 0 1 1 1 1 0 1 0 1 0 1 0 0 1 1 1 0 0 0 1 1 0 1 1 1 1 1 1 1 27
0 0 0 0 0 1 1 1 1 1 0 1 1 1 1 1 1 1 1 0 0 0 0 1 1 0 0 0 1 0 0 0 0 0 0 0 0 0 0 1 1 1 1 0 0 1 0 1 1 0 23
1 1 0 1 1 0 0 0 0 0 0 1 1 0 1 1 0 0 1 0 0 1 1 0 1 1 0 1 1 0 1 1 0 0 1 0 1 1 1 1 0 0 0 0 0 0 1 1 1 0 25
0 0 0 1 1 1 1 1 1 1 0 0 0 0 1 0 1 1 0 0 1 0 0 0 1 1 1 0 1 1 1 1 0 0 1 0 0 1 0 1 0 0 1 0 1 0 0 1 0 1 25
118 116 129 128 128 119 146 118 139 131 111 129 132 121 131 130 131 116 120 132 126 122 118 118 128 120 121 119 126 136 129 113 144 119 124 129 127 125 108 133 122 130 127 119 118 125 120 124 125 130 6250
