1 0 1 0 0 1 0 0 0 0 3
1 0 1 0 1 1 0 0 0 0 4
1 0 1 1 0 0 1 0 0 0 4
1 0 0 0 1 1 0 0 0 0 3
1 0 1 1 1 1 0 0 0 0 5
1 0 1 1 1 1 0 0 0 0 5
1 0 0 0 1 0 0 0 0 0 2
1 1 1 0 1 0 0 0 0 0 4
1 0 1 0 0 1 0 0 0 0 3
1 0 1 1 0 1 0 0 0 0 4
1 0 0 1 1 1 0 0 0 0 4
1 0 1 0 0 1 1 0 0 0 4
1 0 1 0 1 1 0 0 0 0 4
1 0 0 0 0 1 0 0 0 0 2
1 1 1 1 0 0 0 0 0 0 4
1 0 1 1 0 1 0 0 0 0 4
0 0 1 0 0 1 0 0 0 0 2
1 0 1 0 0 0 0 0 0 0 2
1 0 0 1 0 0 1 0 0 0 3
1 0 1 0 0 1 0 0 0 0 3
1 0 1 1 0 1 0 0 0 0 4
1 0 0 0 0 0 0 0 0 0 1
1 0 1 1 0 1 0 0 0 0 4
1 0 0 1 0 1 0 0 0 0 3
1 0 0 0 0 0 0 0 0 0 1
1 0 1 0 1 1 0 0 0 0 4
1 0 1 0 1 1 1 0 0 0 5
1 0 1 0 1 0 0 0 0 0 3
1 0 0 0 0 0 0 0 0 0 1
1 0 1 0 1 1 0 0 0 0 4
1 0 1 1 0 1 0 0 0 0 4
1 0 1 0 1 0 0 0 0 0 3
1 0 1 0 0 1 0 0 0 0 3
1 0 1 1 1 0 0 0 0 0 4
1 0 1 1 0 1 0 0 0 0 4
1 0 1 0 1 1 0 0 0 0 4
1 0 1 0 0 1 0 0 0 0 3
1 0 1 0 0 1 0 0 0 0 3
1 0 1 0 1 1 0 0 0 0 4
1 0 0 0 1 1 0 0 0 0 3
0 0 1 0 0 0 0 0 0 0 1
1 0 1 0 1 0 0 0 0 0 3
1 0 0 0 1 0 0 0 0 0 2
1 0 1 0 0 1 0 1 0 0 4
1 0 1 0 0 0 0 0 0 0 2
1 0 1 0 1 1 0 0 0 0 4
1 1 1 1 0 1 0 0 0 0 5
1 0 1 0 0 1 0 0 0 0 3
1 0 1 1 0 0 0 0 0 0 3
1 0 1 1 1 1 0 0 0 0 5
1 0 1 0 1 1 0 0 0 0 4
1 0 1 0 0 1 0 0 0 0 3
1 0 1 1 0 1 0 0 0 0 4
1 0 1 0 0 1 0 0 0 0 3
1 0 0 0 0 1 0 0 0 0 2
1 1 1 0 0 1 0 0 0 0 4
1 1 0 0 1 0 0 0 0 0 3
1 0 1 0 1 1 0 0 0 0 4
1 0 1 0 0 0 0 0 0 0 2
1 0 1 0 0 1 0 0 0 0 3
1 0 1 1 0 0 0 1 1 0 5
1 0 1 1 1 0 0 0 0 0 4
1 0 0 1 0 0 0 0 0 0 2
1 0 1 1 0 1 1 0 0 0 5
1 0 1 1 1 0 0 0 0 0 4
1 1 1 0 0 1 0 0 0 0 4
1 0 0 0 0 0 0 0 0 0 1
1 0 1 0 1 0 0 0 0 0 3
1 0 1 0 1 1 0 0 0 0 4
1 0 1 0 0 0 0 0 0 0 2
1 0 1 1 1 1 0 0 0 0 5
1 0 0 0 0 0 0 0 0 0 1
1 0 0 1 0 0 0 0 0 0 2
1 0 0 0 0 1 0 0 0 0 2
1 0 1 1 0 0 0 0 0 0 3
1 0 1 1 1 0 0 0 0 0 4
1 0 0 0 1 0 0 0 0 0 2
1 0 1 0 0 1 0 0 0 1 4
1 1 0 0 1 1 0 0 0 0 4
1 0 1 0 0 1 0 0 0 0 3
1 0 0 0 1 1 0 0 0 0 3
1 0 1 0 0 0 0 0 0 0 2
1 1 1 1 0 1 0 0 0 0 5
1 0 0 1 0 1 0 0 0 0 3
1 0 1 1 0 0 1 0 0 0 4
1 0 1 0 0 1 0 0 0 0 3
1 0 1 0 1 1 0 0 0 0 4
1 1 0 1 1 1 0 0 0 0 5
1 0 1 0 1 1 0 0 0 0 4
1 0 1 1 0 0 1 0 0 0 4
1 0 1 1 0 1 0 0 0 0 4
1 1 1 1 1 0 0 0 0 0 5
1 0 1 0 0 1 0 0 0 0 3
0 0 1 1 0 1 0 0 0 0 3
1 0 0 0 0 1 0 0 0 0 2
1 0 1 0 1 0 0 0 0 0 3
1 0 1 1 0 0 0 0 0 1 4
1 0 1 0 1 1 0 0 0 0 4
1 0 1 1 0 1 0 0 0 0 4
1 0 1 0 0 0 0 0 0 0 2
97 10 76 37 39 62 7 2 1 2 333
