0 1 0 1 1 0 0 1 1 1 1 1 1 1 1 0 1 0 0 0 0 0 1 0 1 1 1 0 1 1 0 1 1 1 1 0 0 1 0 1 1 1 0 1 1 1 0 0 0 1 1 0 0 0 0 1 0 1 1 0 1 0 1 1 1 1 0 1 1 1 1 1 0 1 0 1 0 0 1 1 1 1 1 1 0 1 1 0 1 1 1 0 1 0 0 0 0 0 0 0 58
1 1 1 0 1 1 0 1 1 1 1 1 0 1 1 0 1 1 1 1 1 0 0 0 0 0 1 0 1 0 0 1 1 0 1 0 0 1 0 1 0 0 1 1 1 1 0 0 1 0 1 0 0 0 0 1 0 0 0 0 0 0 0 1 0 1 1 0 0 0 1 1 1 0 1 1 0 0 1 1 1 0 0 1 1 0 0 0 0 0 1 0 0 0 0 0 0 0 0 0 45
0 1 0 0 0 0 0 1 1 1 1 1 1 1 1 1 1 0 0 1 1 0 1 0 0 0 1 0 0 0 0 1 1 1 1 0 0 1 0 1 0 0 0 1 1 1 0 0 1 0 1 1 0 0 0 1 0 0 1 1 1 0 1 1 0 1 0 0 1 1 1 1 0 0 1 0 1 0 1 1 1 1 1 1 1 1 1 0 0 0 1 0 0 0 0 0 0 0 0 0 50
1 1 0 1 1 0 0 0 1 1 1 1 1 1 1 0 1 1 0 1 1 0 1 0 1 0 1 0 0 1 0 1 1 1 1 0 0 1 0 1 0 0 0 1 1 1 1 0 1 0 1 1 1 0 0 1 0 0 1 0 0 0 0 1 0 1 1 0 1 0 1 1 0 0 0 0 1 1 1 1 1 1 1 1 1 1 1 0 0 0 1 1 1 0 0 0 0 0 0 0 55
0 1 1 0 0 0 0 0 1 1 1 1 1 1 1 1 1 0 0 1 1 0 1 0 0 0 0 0 0 0 0 1 1 1 1 1 0 0 0 1 0 0 0 0 1 1 0 0 1 1 1 1 0 0 0 1 0 0 0 0 0 1 1 0 0 0 1 1 1 1 1 1 0 0 1 0 1 1 1 1 1 1 0 1 1 1 0 0 1 1 1 1 0 0 0 0 0 0 0 0 49
1 1 0 1 0 0 0 1 0 1 1 1 1 1 1 0 0 1 1 0 1 0 1 1 0 1 0 0 1 1 0 0 1 0 1 1 0 1 1 1 0 0 0 1 1 1 1 0 1 0 1 1 0 0 0 1 0 0 0 1 0 1 1 0 0 1 1 0 1 1 0 1 0 0 0 1 1 1 1 1 1 1 1 1 1 1 1 1 0 1 0 0 0 0 0 0 0 0 0 0 54
1 1 0 0 1 0 0 0 1 0 1 1 1 1 1 1 1 0 1 1 1 0 0 1 1 0 0 0 1 1 0 0 1 1 1 0 0 1 0 1 0 0 0 1 1 0 0 1 1 0 1 1 0 0 0 1 0 0 0 1 0 0 1 1 1 1 1 0 0 1 0 1 0 0 1 1 1 0 0 1 1 1 1 1 1 1 1 0 1 0 1 0 1 0 0 0 0 0 0 0 52
0 1 0 1 0 0 0 0 1 0 1 1 1 1 1 0 1 0 0 0 1 0 1 0 0 0 0 0 0 1 0 1 1 0 1 1 0 0 1 1 0 1 0 0 1 1 1 0 1 1 1 1 0 0 0 1 0 0 0 0 0 1 1 1 0 1 1 0 0 1 0 1 0 1 1 0 1 1 1 1 0 1 1 1 1 1 1 0 1 1 0 0 0 0 0 0 0 0 0 0 48
0 1 1 1 1 0 0 0 1 1 0 1 1 1 1 0 0 0 0 1 1 0 1 0 1 0 0 1 1 1 0 0 0 1 1 1 0 1 0 1 0 0 0 1 1 1 0 0 0 1 1 1 0 0 0 1 0 0 0 0 0 1 1 1 0 0 1 0 0 0 1 1 0 0 0 1 1 0 0 1 1 1 1 1 1 1 1 1 1 1 1 1 0 0 0 0 0 0 0 0 50
0 1 1 0 0 0 0 1 1 1 1 1 0 0 1 1 0 1 0 1 1 0 0 0 1 0 1 0 0 1 0 0 1 1 1 1 1 0 0 1 0 0 0 1 1 0 1 0 0 0 1 0 0 0 0 0 0 1 0 1 0 0 1 0 0 1 1 1 1 1 0 1 0 0 1 1 1 0 1 1 1 1 1 1 1 1 1 0 0 0 0 0 0 0 0 0 0 0 0 0 46
1 1 0 1 1 0 1 0 1 1 1 1 1 1 1 1 1 0 1 0 0 0 1 0 1 0 0 0 0 1 0 1 1 1 1 0 0 1 1 1 0 0 1 0 1 1 1 0 0 0 1 1 0 0 0 1 0 0 0 1 0 0 1 1 0 1 1 1 1 0 0 1 0 0 0 0 0 0 0 1 1 1 1 1 1 1 0 1 1 1 0 0 1 0 0 0 0 0 0 0 51
1 0 1 1 1 0 0 1 1 1 1 1 1 0 1 0 0 1 1 1 1 0 1 0 1 0 1 0 0 0 0 0 1 1 1 0 0 0 1 1 0 0 1 1 1 1 0 0 1 1 1 1 0 0 0 1 0 0 0 1 0 1 1 1 1 1 1 1 1 1 0 1 0 0 1 1 1 0 1 1 1 1 1 1 1 1 1 1 1 1 0 0 0 0 0 0 0 0 0 0 58
1 1 0 1 0 0 0 1 1 1 1 1 1 1 1 0 1 0 1 1 1 0 1 0 1 0 0 0 1 1 0 1 1 0 1 0 1 1 0 1 0 0 0 0 1 0 1 0 0 0 1 1 0 0 0 0 0 0 0 1 1 1 1 1 1 1 1 0 0 0 1 1 1 0 0 1 0 0 0 1 1 1 1 1 1 1 1 1 0 1 1 0 1 0 0 0 0 0 0 0 53
0 1 0 0 0 0 0 0 1 0 1 1 0 1 1 0 1 0 1 0 1 1 1 0 1 0 1 0 0 1 0 1 1 1 1 0 0 0 1 1 0 0 0 1 1 1 0 0 1 1 1 1 0 0 0 1 1 0 0 1 1 0 1 1 0 1 1 0 1 0 0 1 0 0 0 1 1 0 1 1 1 1 1 1 1 1 1 1 1 1 0 0 0 0 0 0 0 0 0 0 51
0 1 0 0 0 0 0 1 1 1 1 1 1 1 1 1 1 1 0 0 1 0 0 0 1 1 0 0 1 1 0 1 1 1 1 1 0 1 1 1 0 0 0 1 1 1 0 0 1 1 1 1 0 0 1 1 0 0 0 0 1 1 1 1 1 1 1 1 1 0 0 1 0 0 0 1 1 1 1 1 1 1 1 1 0 1 1 1 0 0 1 0 1 0 0 0 0 0 0 0 58
1 1 0 0 1 0 0 1 0 1 1 0 1 1 1 1 0 0 1 1 1 0 1 0 1 1 1 0 0 0 0 0 1 1 1 0 0 0 0 1 0 0 0 0 1 0 0 0 0 0 1 1 0 1 0 1 0 0 0 0 1 1 0 0 0 0 1 0 1 1 0 1 1 0 1 1 1 1 1 1 1 1 1 0 1 1 1 0 1 0 0 0 0 0 0 0 0 0 0 0 46
0 1 0 0 0 0 0 1 1 1 1 1 1 1 1 0 0 1 1 1 0 0 1 0 1 0 0 0 1 1 0 1 1 0 1 0 1 1 1 1 0 0 0 0 1 0 0 1 0 0 1 1 0 0 0 1 0 0 0 1 0 1 1 1 0 1 1 0 1 1 0 1 0 0 1 1 0 0 0 1 1 0 1 1 1 1 1 0 1 1 0 1 1 0 0 0 0 0 0 0 50
0 1 0 1 0 0 1 1 1 1 1 1 0 1 1 0 1 1 0 0 1 0 1 0 1 1 0 0 0 1 0 1 1 0 1 1 0 1 0 1 0 0 1 1 1 1 0 0 0 1 1 0 0 0 0 1 0 1 0 0 0 0 1 0 1 1 1 0 1 0 1 1 0 0 1 1 1 0 0 1 0 1 1 1 1 1 1 1 0 0 0 0 1 0 0 0 0 0 0 0 50
0 1 1 0 0 0 1 1 1 1 1 1 1 1 0 0 1 0 0 1 1 0 1 0 1 1 0 0 0 1 0 1 1 1 1 0 0 1 0 1 0 1 1 0 1 0 0 0 0 1 1 1 0 0 0 1 0 0 1 0 0 0 1 1 0 1 1 1 1 0 0 1 0 0 1 0 1 1 1 1 0 0 1 1 1 1 0 0 0 0 1 0 0 0 0 0 0 0 0 0 48
1 1 0 1 0 1 0 0 0 1 1 1 1 1 1 0 0 1 0 1 1 1 1 0 0 1 0 0 0 1 0 1 1 1 1 0 0 0 0 1 0 0 0 0 1 0 0 0 1 0 1 0 0 0 0 1 0 0 0 1 0 1 1 1 0 0 1 1 1 0 0 1 0 0 1 0 1 1 0 1 1 0 1 1 1 1 1 0 1 1 1 0 0 0 0 0 0 0 0 0 47
1 1 0 1 0 0 0 1 0 0 1 1 1 1 1 0 1 1 1 0 1 1 1 0 0 0 1 0 1 1 0 1 1 1 1 1 0 1 1 1 0 1 1 1 1 1 0 0 1 0 1 1 0 0 0 1 0 1 0 1 1 0 0 0 0 1 1 0 1 0 1 1 1 0 0 0 1 0 1 1 1 0 1 1 1 0 1 0 1 1 1 1 1 0 0 0 0 0 0 0 57
1 1 1 0 0 0 0 1 1 1 1 1 1 1 1 0 0 1 1 1 0 0 1 0 1 1 0 1 0 1 0 1 0 0 1 1 0 1 0 1 0 0 0 1 1 0 0 0 0 0 1 0 0 0 0 0 0 0 0 1 0 0 1 1 0 1 0 0 1 0 0 1 0 0 0 1 1 0 1 1 1 1 1 1 1 1 1 0 0 1 0 0 0 0 0 0 0 0 0 0 45
0 0 1 1 0 0 0 0 0 1 1 1 1 1 1 1 1 1 0 1 1 0 1 0 1 1 1 0 0 1 0 0 1 1 1 0 0 1 1 1 0 0 1 1 1 1 0 0 1 0 1 1 0 0 0 1 0 0 0 1 1 1 0 1 0 1 1 0 1 1 0 1 1 0 1 1 1 0 0 1 0 1 1 1 1 1 1 1 0 0 0 0 0 0 0 0 0 0 0 0 53
1 1 0 0 1 0 0 0 0 0 1 1 1 1 1 0 0 1 1 1 0 0 1 1 1 1 0 0 1 1 0 0 1 1 1 0 0 0 0 1 0 0 0 1 1 1 0 0 0 1 1 1 1 0 0 1 0 0 0 1 0 0 1 0 0 1 1 0 1 0 1 1 1 0 1 0 1 0 1 1 0 1 1 1 1 1 1 1 1 1 1 0 0 0 0 0 0 0 0 0 51
0 1 0 0 0 0 0 1 1 1 1 1 1 1 1 0 1 0 1 1 1 0 1 1 0 0 0 0 0 1 0 1 1 1 1 0 1 0 0 1 1 0 0 1 1 0 0 0 0 0 1 1 0 1 0 0 0 0 1 1 0 0 1 0 0 1 0 0 1 1 1 1 0 0 1 0 0 0 1 1 1 1 1 1 1 1 0 1 0 1 1 0 0 0 0 0 0 0 0 0 48
0 0 0 1 1 0 0 0 0 1 1 1 1 1 0 0 1 1 0 0 1 0 1 0 1 0 1 0 1 1 0 1 1 1 1 0 0 0 1 1 0 1 0 1 1 1 1 0 1 0 1 1 0 0 0 1 1 1 0 1 0 0 1 1 1 1 0 0 0 0 0 1 0 1 1 1 1 0 1 1 0 1 1 1 1 0 0 0 0 0 0 1 0 0 0 0 0 0 0 0 49
1 1 0 0 0 0 0 0 1 1 1 1 0 1 1 0 1 1 0 0 1 0 1 1 1 0 0 0 0 1 0 0 1 0 1 0 0 1 0 1 0 0 0 0 1 0 0 0 1 1 1 1 0 0 0 1 1 1 0 1 1 0 1 1 0 1 1 1 1 0 0 0 1 1 1 0 0 1 1 1 1 1 1 1 1 1 0 0 0 1 1 0 0 0 0 0 0 0 0 0 49
1 1 1 0 0 0 0 1 1 1 1 1 0 1 1 0 1 0 0 1 1 0 1 0 0 0 0 0 0 1 0 1 1 0 1 0 1 1 1 1 0 0 0 1 0 1 0 0 1 1 1 1 0 1 0 1 0 1 1 1 1 0 0 1 1 1 0 0 1 1 0 1 0 0 0 1 1 0 1 1 1 1 1 0 1 1 1 0 1 1 1 0 0 0 0 0 0 0 0 0 53
0 0 0 0 1 0 0 1 1 0 1 1 1 1 0 0 1 1 1 1 1 0 1 0 1 0 1 0 1 1 0 0 0 1 1 0 0 1 1 1 0 0 0 1 1 1 0 0 0 0 1 1 0 0 0 1 0 0 0 0 0 1 1 1 0 1 1 1 1 0 0 1 0 0 1 0 0 1 0 1 1 1 1 1 1 1 1 1 1 1 1 0 0 0 0 0 0 0 0 0 50
0 1 0 1 0 1 0 1 0 1 1 1 0 1 1 0 1 1 1 0 1 0 1 0 1 1 0 0 0 1 0 1 1 1 1 1 1 1 1 1 1 0 1 1 1 1 0 0 0 1 0 1 0 1 0 0 1 0 0 1 0 1 1 1 1 1 0 0 1 0 1 1 0 0 1 1 1 0 0 1 0 1 1 1 1 0 0 0 1 0 1 0 1 0 0 0 0 0 0 0 55
0 1 0 0 1 1 0 0 1 1 1 1 1 1 1 0 0 0 0 0 1 0 1 1 0 0 0 0 1 1 0 1 0 1 1 1 0 1 1 0 0 1 0 0 1 1 1 0 1 0 1 1 0 0 0 1 0 1 0 0 1 1 0 1 1 0 1 0 1 0 0 1 0 0 1 1 1 1 1 1 1 0 1 1 1 1 1 1 1 1 1 0 0 0 0 0 0 0 0 0 53
0 1 0 1 0 1 0 0 1 1 1 1 1 1 0 1 0 0 0 1 1 0 1 1 0 0 1 0 1 0 0 1 1 1 1 1 0 1 1 1 0 1 0 1 1 0 0 0 1 1 1 1 1 1 0 1 0 0 0 1 0 1 1 1 1 1 1 0 1 0 0 1 1 0 1 0 1 0 1 1 1 1 1 1 1 1 0 1 1 0 1 1 1 0 0 0 0 0 0 0 59
0 1 1 1 0 1 0 1 1 1 1 1 0 1 1 0 1 0 1 0 1 0 1 1 1 1 0 0 0 1 0 1 1 0 1 0 1 0 1 1 1 0 0 0 1 1 0 0 1 1 1 1 0 0 0 1 0 0 1 1 0 0 0 0 1 1 0 0 0 1 0 1 1 1 1 1 0 1 0 1 1 0 1 0 1 1 0 0 1 1 1 1 0 0 0 0 0 0 0 0 53
0 1 0 0 0 0 0 0 1 1 1 1 0 1 1 0 1 1 1 0 1 0 1 1 1 1 1 0 1 1 0 1 0 0 1 1 0 0 0 1 0 0 0 1 1 0 1 0 1 0 1 1 0 0 0 1 0 0 0 1 0 1 1 1 0 0 1 1 0 1 1 1 1 1 1 1 0 0 1 1 0 0 1 1 1 1 0 0 0 1 0 0 0 0 0 0 0 0 0 0 49
1 1 0 0 0 0 0 0 1 0 1 1 0 1 1 0 0 0 1 0 1 0 1 1 1 0 1 0 0 1 0 1 1 1 1 0 0 1 0 1 0 0 0 1 1 1 1 0 0 0 1 1 0 0 0 1 0 0 0 1 0 1 1 1 0 1 1 0 1 1 1 1 0 0 1 0 1 1 1 1 0 1 0 1 1 1 0 1 1 0 0 0 0 0 0 0 0 0 0 0 48
1 1 0 1 0 0 0 0 1 1 1 1 1 1 1 1 0 1 1 0 1 0 1 0 0 1 0 0 0 0 0 0 1 1 1 0 0 0 1 1 0 1 1 1 1 0 0 0 1 1 1 1 0 0 0 0 0 1 0 1 1 0 1 1 0 1 1 0 1 1 0 1 1 0 0 1 1 1 1 1 0 0 0 1 1 1 0 1 0 1 0 0 1 0 0 0 0 0 0 0 51
0 1 0 0 0 1 0 0 1 1 1 1 0 1 1 0 0 1 1 1 0 1 0 0 1 0 1 0 0 1 0 0 1 0 1 0 0 0 0 1 0 1 1 1 1 0 0 0 1 0 1 1 0 0 0 1 1 0 0 1 0 1 1 1 1 1 1 1 1 0 1 1 1 0 0 1 1 0 0 1 1 1 1 1 1 1 1 1 1 0 1 1 0 0 0 0 0 0 0 0 53
0 0 0 1 0 0 0 1 1 1 1 1 1 1 1 0 1 1 1 0 0 0 1 0 1 0 1 0 0 1 0 1 1 1 1 0 0 0 0 1 0 0 0 0 1 1 0 0 0 0 1 1 1 0 0 1 0 0 0 0 0 1 1 1 1 1 0 0 1 0 0 1 0 1 0 0 1 1 1 1 1 1 1 1 1 1 0 0 1 0 1 0 0 0 0 0 0 0 0 0 47
1 0 0 1 0 0 0 1 0 1 1 1 1 1 1 0 1 0 1 0 0 0 1 0 0 0 0 0 0 1 0 1 1 1 1 0 1 1 0 1 0 1 0 1 1 0 0 0 0 1 1 1 0 0 0 1 1 0 0 1 0 0 1 1 0 0 1 0 1 0 0 1 0 1 1 0 1 0 0 1 0 1 1 1 1 1 0 0 1 1 1 0 0 0 0 0 0 0 0 0 46
0 1 0 0 0 0 0 0 1 0 1 1 1 1 1 0 1 1 1 1 1 0 1 1 0 1 0 0 0 0 0 1 1 0 1 0 0 1 0 1 0 0 0 0 1 1 0 0 1 1 1 1 0 0 0 1 0 0 0 0 0 0 1 0 1 0 1 0 1 0 0 1 0 1 1 1 0 0 0 1 0 1 1 1 1 1 1 1 0 0 0 0 1 0 0 0 0 0 0 0 44
1 1 0 1 0 0 0 0 0 1 1 1 1 1 1 0 1 0 1 0 1 0 1 0 1 1 1 0 0 1 0 1 1 1 1 0 0 0 1 1 1 1 1 1 1 1 0 0 0 1 1 1 0 0 0 1 0 0 0 1 0 0 1 1 1 1 1 1 0 0 0 1 0 0 1 0 0 0 0 1 1 1 1 1 1 1 1 1 0 1 0 0 1 0 0 0 0 0 0 0 53
0 1 0 0 0 1 0 0 1 0 1 1 1 1 1 0 1 0 0 1 1 0 0 0 1 0 0 0 0 1 0 0 1 0 1 1 0 1 1 1 0 0 0 0 1 0 0 1 0 0 1 1 0 0 0 1 0 0 0 1 1 0 1 0 0 0 0 1 1 1 0 1 0 0 0 1 0 1 1 1 1 1 1 1 1 1 0 1 0 0 1 1 0 0 0 0 0 0 0 0 44
1 0 0 1 0 1 0 1 1 1 1 1 1 1 1 0 1 0 1 1 1 0 1 0 0 1 1 0 0 1 0 1 1 1 1 0 0 1 1 1 1 1 1 0 1 1 1 1 0 0 1 1 0 0 0 1 0 0 0 1 0 0 1 1 0 1 1 0 1 0 0 1 0 0 1 1 0 0 1 1 1 1 1 1 1 1 0 0 0 0 0 0 0 0 0 0 0 0 0 0 53
0 1 0 1 1 0 0 0 1 1 1 1 1 1 0 0 1 1 0 0 1 0 1 0 1 0 0 0 0 0 0 0 1 1 1 0 0 1 1 1 0 0 0 1 1 1 0 0 1 0 1 1 0 0 0 0 0 1 0 1 1 1 1 1 1 1 1 1 1 0 0 1 0 0 1 1 1 0 0 1 1 1 1 1 1 1 0 0 1 1 1 0 0 0 0 0 0 0 0 0 51
0 1 1 1 0 0 0 1 1 1 1 1 0 1 1 1 0 1 1 1 0 0 1 0 0 0 0 0 0 1 0 0 1 1 1 0 0 0 0 1 0 0 0 1 1 1 0 0 1 0 1 1 0 1 0 1 0 0 0 0 0 0 0 1 0 0 0 1 1 1 1 1 0 0 1 1 1 0 1 1 1 1 1 1 1 1 0 0 0 0 1 1 0 0 0 0 0 0 0 0 47
1 1 0 1 1 0 0 0 0 1 1 0 1 1 1 0 1 1 1 0 0 0 1 1 1 0 0 0 0 0 0 0 1 0 1 0 0 0 1 1 1 1 0 0 1 1 0 0 1 1 1 1 0 1 0 1 0 0 0 1 1 0 1 0 0 1 1 0 1 1 0 1 0 0 0 0 0 0 0 1 0 1 1 1 1 1 1 1 0 0 1 0 0 0 0 0 0 0 0 0 46
1 0 0 1 0 0 0 0 1 1 1 1 1 1 1 0 1 0 0 1 1 0 1 0 1 0 0 0 0 1 0 0 1 1 1 1 0 1 0 1 1 0 0 0 1 0 0 0 0 1 1 0 0 0 0 1 0 0 0 1 0 1 1 1 0 1 1 1 1 0 1 1 0 0 0 0 0 0 1 1 1 1 1 1 1 1 1 0 1 0 1 0 0 0 0 0 0 0 0 0 47
1 1 0 1 0 0 0 1 0 1 1 1 1 1 1 0 0 1 0 0 0 0 1 1 1 1 1 0 1 0 0 1 1 0 1 1 0 0 1 1 0 0 0 1 1 1 0 0 0 0 1 1 0 0 0 0 0 1 0 1 0 0 1 0 0 0 1 0 1 0 1 1 1 0 1 0 1 0 1 1 0 1 1 1 1 1 1 0 1 1 1 0 0 0 0 0 0 0 0 0 49
1 0 0 1 0 0 0 0 0 1 1 1 1 1 1 1 0 1 0 0 1 1 1 1 0 0 1 0 1 1 0 1 1 1 1 0 0 0 1 1 0 0 0 1 1 1 0 1 0 1 1 1 0 1 0 1 1 0 0 1 1 0 0 1 0 1 1 0 0 0 1 1 0 1 0 0 1 0 1 1 0 1 1 1 1 1 1 1 1 0 0 0 0 0 0 0 0 0 0 0 52
0 1 0 0 0 0 0 0 1 1 1 1 1 1 1 0 0 1 0 0 1 0 1 0 1 0 0 0 0 1 0 0 1 1 1 0 0 0 0 1 0 0 0 0 1 1 0 0 1 0 1 0 0 0 0 0 0 0 0 1 0 1 1 1 0 1 0 0 1 1 1 1 1 0 1 1 1 1 1 1 1 1 1 1 1 1 1 0 1 0 1 0 0 0 0 0 0 0 0 0 46
1 1 1 1 0 0 0 0 1 1 1 1 0 1 1 0 1 0 1 0 1 0 1 1 0 0 1 0 1 1 0 1 1 1 1 0 0 1 1 1 1 0 0 1 1 1 0 0 0 1 1 1 0 0 0 0 0 0 0 0 0 0 0 1 0 1 0 0 1 1 1 1 0 0 0 1 0 0 0 1 1 1 0 1 1 0 0 0 1 1 0 0 0 0 0 0 0 0 0 0 46
0 1 1 1 1 0 1 0 0 0 1 1 1 0 1 0 0 0 0 0 0 0 1 1 0 1 1 0 0 1 0 0 1 0 1 0 0 0 1 1 0 1 0 0 1 0 1 0 1 1 0 1 0 0 1 1 1 0 0 1 0 0 1 0 0 1 1 0 1 0 0 1 0 0 1 0 1 0 1 1 1 1 1 0 1 1 0 1 1 0 1 0 1 0 0 0 0 0 0 0 46
0 1 0 1 0 0 0 1 1 1 1 1 1 1 1 1 1 0 0 1 1 0 1 0 1 1 0 0 0 1 0 0 1 1 1 0 0 1 0 1 0 1 0 1 1 1 0 0 0 0 1 1 0 0 0 1 0 0 0 1 0 0 1 1 0 1 1 0 1 0 0 1 0 0 0 0 0 0 1 1 1 1 1 1 1 1 0 1 0 1 1 0 0 0 0 0 0 0 0 0 48
1 1 0 0 1 0 0 1 1 1 1 1 0 1 0 0 0 0 1 1 1 0 1 0 0 1 1 0 1 0 0 0 1 1 0 1 0 1 0 1 0 1 0 0 1 0 0 0 0 0 0 0 0 0 0 1 0 0 1 1 0 1 0 1 1 1 1 0 1 1 0 1 1 0 1 1 1 0 1 1 1 1 1 1 0 0 0 1 0 0 0 1 0 0 0 0 0 0 0 0 46
0 1 1 0 0 0 0 0 1 1 1 1 1 1 1 0 1 1 0 0 0 0 1 0 1 0 0 0 1 1 0 1 1 1 1 0 0 1 1 0 0 0 1 0 1 1 0 1 1 1 1 1 0 0 0 1 0 0 0 1 0 0 1 1 1 1 1 0 1 1 1 1 0 1 1 1 1 0 1 1 1 0 1 1 0 1 0 0 0 0 1 0 1 0 0 0 0 0 0 0 52
0 1 0 1 0 0 0 1 1 1 1 1 0 1 1 0 1 1 0 0 0 0 1 0 1 0 0 0 1 1 0 1 1 1 1 1 0 0 1 1 0 0 0 0 1 0 1 1 0 0 0 1 1 0 0 1 0 0 0 1 0 1 1 1 1 1 1 0 1 1 0 1 0 1 0 1 1 1 1 1 1 1 1 1 0 1 1 1 0 1 0 0 0 0 0 0 0 0 0 0 52
1 1 0 0 1 0 0 1 1 1 1 1 1 1 1 1 0 0 0 0 0 0 1 0 0 1 0 0 0 1 0 0 1 1 1 0 0 1 1 1 0 0 0 1 1 1 0 0 1 0 1 1 1 0 1 1 0 0 0 1 1 0 1 1 0 1 1 1 1 1 1 1 0 0 0 0 1 1 1 1 1 1 1 1 1 1 0 0 0 0 1 0 0 0 0 0 0 0 0 0 52
0 1 0 1 0 1 0 1 0 1 1 1 1 1 1 1 1 0 1 0 1 0 1 1 1 0 0 0 0 1 0 1 1 0 1 0 1 0 0 1 0 0 0 0 0 1 0 0 1 1 0 1 1 1 0 1 0 0 1 0 0 0 1 0 0 1 0 0 1 1 0 1 1 0 1 1 0 1 1 1 1 1 1 1 1 1 0 0 0 0 1 1 1 0 0 0 0 0 0 0 51
1 1 0 0 0 0 0 0 1 0 1 1 1 1 1 0 1 1 0 1 1 0 0 0 1 0 1 0 1 1 0 1 1 1 1 0 0 1 0 1 0 0 0 1 1 1 1 1 0 0 1 1 1 1 0 1 0 1 0 0 0 1 1 1 0 1 1 1 1 0 1 1 0 0 1 1 1 1 1 1 1 1 1 0 1 1 0 0 1 0 1 0 1 0 0 0 0 0 0 0 56
1 1 0 1 0 0 0 1 0 0 1 1 1 1 1 0 0 1 0 1 1 0 1 1 1 0 0 0 0 1 0 0 0 0 1 0 0 0 0 1 0 1 0 1 1 1 1 0 0 0 0 1 0 0 0 1 0 0 0 1 0 0 0 1 0 1 1 0 1 1 1 0 0 0 0 0 0 0 0 1 1 1 0 1 1 1 1 1 1 0 0 1 0 0 0 0 0 0 0 0 42
0 1 0 0 1 1 0 1 1 1 1 1 1 1 1 0 0 0 0 0 1 0 1 0 0 0 0 0 1 0 0 1 1 1 1 0 0 0 0 0 0 1 0 0 1 1 1 0 0 0 0 1 0 0 0 1 0 0 0 0 0 1 1 1 0 1 1 0 1 1 1 1 0 0 1 0 1 1 0 1 1 1 1 0 1 1 1 1 0 1 1 0 1 0 0 0 0 0 0 0 47
0 1 0 0 0 0 0 1 1 1 1 1 1 0 1 0 1 0 1 0 1 0 1 0 0 0 0 1 0 1 0 1 0 1 1 0 0 1 1 1 0 1 1 0 1 0 0 0 0 0 1 0 0 0 0 1 0 0 0 0 0 0 1 1 0 0 0 1 0 1 0 1 0 1 0 1 1 0 1 1 1 1 1 1 0 1 0 1 1 0 1 1 1 0 0 0 0 0 0 0 45
0 1 0 0 0 0 0 0 1 1 1 1 1 1 1 0 1 1 0 1 1 1 1 1 0 1 1 0 0 1 0 1 1 1 1 0 0 1 0 1 0 0 0 1 1 0 0 0 0 0 1 1 0 0 0 1 0 0 0 0 1 1 1 1 0 0 1 1 1 1 0 1 0 1 1 1 0 0 1 1 1 1 1 1 1 1 1 0 1 0 0 1 1 0 0 0 0 0 0 0 53
0 1 0 1 0 0 0 1 1 1 1 1 1 1 1 0 1 0 1 0 1 1 1 0 1 1 1 0 1 0 0 1 1 1 1 0 0 0 1 1 0 0 0 1 1 1 1 0 0 1 1 1 0 0 0 1 0 0 0 1 0 0 1 1 1 1 0 1 0 1 1 1 0 1 1 0 1 1 1 1 0 1 1 1 1 1 1 0 0 1 1 0 0 0 0 0 0 0 0 0 56
1 0 0 1 0 0 0 0 1 1 1 1 1 1 0 0 0 0 1 0 1 0 0 0 0 1 0 0 0 1 0 0 1 1 1 0 0 0 0 1 0 0 0 1 1 1 1 1 1 1 1 1 1 0 0 1 0 0 0 0 0 1 0 0 0 1 0 0 1 1 0 1 0 1 0 1 0 0 0 1 1 1 1 1 1 1 1 1 1 0 1 0 1 0 0 0 0 0 0 0 46
0 1 0 0 1 0 0 0 1 1 1 1 0 1 1 0 1 1 0 1 1 0 1 0 1 0 0 0 0 0 0 1 1 1 1 0 0 1 1 1 0 1 0 1 1 1 1 0 1 0 1 1 0 0 0 1 0 1 1 1 0 1 1 1 0 1 1 0 0 1 0 1 1 0 0 1 0 1 1 1 1 1 1 1 1 0 0 1 0 1 1 0 1 0 0 0 0 0 0 0 54
0 0 0 1 0 1 1 0 1 1 1 1 0 1 0 0 0 1 1 0 1 0 1 1 0 0 0 0 0 1 0 0 1 1 1 0 0 0 0 1 0 0 1 1 1 0 0 0 0 0 1 0 0 0 0 0 0 0 1 0 0 0 1 1 0 1 0 0 1 0 0 1 0 0 0 1 0 1 1 1 1 1 1 1 1 1 0 0 1 0 0 0 0 0 0 0 0 0 0 0 39
0 1 0 0 0 0 0 1 1 0 1 1 1 1 1 1 1 1 1 1 0 1 1 0 0 1 1 0 1 1 0 0 1 1 1 0 0 0 1 1 0 0 1 1 1 0 0 0 0 0 1 1 0 0 0 0 0 0 0 0 0 1 1 1 0 1 1 1 0 1 0 1 0 1 1 0 0 1 1 1 1 1 1 1 1 1 1 0 1 0 1 0 0 0 0 0 0 0 0 0 51
0 1 0 1 0 0 0 1 1 1 1 1 1 1 1 0 1 0 1 1 1 0 1 1 0 1 0 0 1 1 0 0 1 0 1 0 1 1 0 1 0 0 1 0 1 0 0 0 1 1 1 1 1 0 0 0 0 0 0 1 0 1 0 1 0 0 1 0 1 1 0 1 0 0 0 0 1 0 1 1 1 1 1 1 1 1 1 0 0 1 1 0 0 0 0 0 0 0 0 0 50
1 1 0 1 1 0 0 0 0 0 1 1 1 1 1 0 0 0 1 1 0 0 1 0 1 1 0 0 1 1 0 1 0 1 1 1 0 1 0 1 0 0 0 0 1 1 0 0 1 0 1 0 0 1 0 1 0 0 0 1 0 0 0 1 1 1 1 1 1 1 0 1 0 0 0 1 1 0 1 1 1 0 1 1 1 1 1 0 1 1 0 0 0 0 0 0 0 0 0 0 49
0 1 0 1 0 0 0 1 1 1 1 1 0 1 1 0 1 0 0 0 1 0 1 0 0 0 0 0 0 1 0 1 0 0 1 0 0 0 1 1 0 0 0 1 1 1 0 1 1 0 1 1 0 0 0 1 0 0 1 0 0 0 1 1 1 1 1 0 0 1 0 1 0 1 1 1 0 1 1 1 0 1 1 1 1 1 1 0 0 1 1 0 0 0 0 0 0 0 0 0 47
0 1 0 0 1 0 0 1 1 1 1 1 0 0 1 1 0 1 0 0 1 0 1 0 0 0 1 1 1 1 0 1 0 1 1 0 0 1 1 0 0 0 1 0 1 0 0 0 0 1 1 1 0 0 0 1 0 0 1 1 1 0 1 1 1 0 1 1 0 1 0 0 0 0 0 0 1 0 0 1 1 0 1 1 1 1 0 1 1 1 1 0 0 0 0 0 0 0 0 0 47
0 1 0 1 0 0 0 0 1 1 1 1 1 1 0 1 1 1 1 1 1 0 1 0 1 0 1 0 1 1 0 0 0 1 1 0 0 1 1 1 0 0 0 0 1 0 1 0 1 0 1 1 1 0 0 0 0 0 0 1 0 1 1 0 0 1 1 0 1 0 0 1 1 0 0 1 0 1 1 1 0 1 1 1 1 1 1 0 1 0 1 0 0 0 0 0 0 0 0 0 50
0 1 0 1 1 0 0 1 0 1 1 1 1 1 1 0 1 1 1 1 0 0 1 0 1 0 1 0 1 1 0 1 1 1 1 0 1 1 1 1 0 0 0 0 1 1 0 0 1 0 1 1 0 0 0 1 1 0 0 1 0 0 1 1 0 0 0 0 0 0 1 1 1 0 0 0 0 0 1 1 1 1 1 1 1 1 1 0 1 1 1 0 0 0 0 0 0 0 0 0 52
0 1 0 1 0 0 0 1 0 0 1 1 1 1 1 0 1 0 1 1 1 0 1 0 1 0 0 0 0 1 0 1 0 1 1 0 1 1 0 1 0 0 0 0 1 0 0 0 1 1 1 0 0 0 0 1 0 0 1 1 1 0 1 1 0 1 1 1 1 0 0 1 0 0 1 0 1 1 1 1 1 1 1 1 1 1 1 1 1 1 0 0 0 0 0 0 0 0 0 0 51
0 1 0 0 0 0 1 1 1 0 1 1 1 1 0 0 1 0 1 0 1 0 1 0 0 0 0 0 0 1 0 1 0 0 1 0 0 0 1 1 0 1 1 0 1 1 1 0 1 1 1 0 0 1 0 1 0 0 1 1 0 1 1 1 1 0 0 0 1 0 0 0 0 0 1 0 1 1 1 1 1 1 0 1 1 1 0 1 1 1 1 1 0 0 0 0 0 0 0 0 49
1 1 1 1 1 0 0 0 0 1 1 1 1 1 1 0 1 1 0 1 1 0 1 0 0 0 0 0 0 0 0 0 1 0 1 1 0 1 1 1 0 1 0 0 1 1 0 0 1 1 1 1 0 0 0 1 0 0 0 1 0 1 1 1 0 1 1 1 1 0 1 1 0 0 0 1 0 1 1 1 1 1 1 1 1 1 0 0 0 1 1 0 0 0 0 0 0 0 0 0 52
0 1 0 0 0 0 0 0 0 1 1 1 1 1 1 1 0 1 0 1 0 0 1 0 1 1 0 1 0 1 0 1 1 0 1 0 0 1 0 1 0 1 0 1 1 1 1 0 0 1 1 1 0 0 0 1 1 0 0 0 0 1 1 1 0 1 0 1 1 1 0 1 0 1 1 0 1 1 0 1 1 1 1 1 1 1 0 1 0 0 1 0 0 0 0 0 0 0 0 0 51
0 0 0 1 0 1 0 1 1 1 1 1 0 1 1 0 1 0 0 0 0 0 1 0 0 0 0 0 0 1 0 1 1 1 1 1 0 0 0 1 0 0 0 0 1 1 0 0 1 1 1 1 0 0 0 0 0 0 0 1 0 0 1 1 1 1 1 1 1 1 1 1 0 0 1 0 1 0 0 1 1 1 0 1 1 1 1 0 0 0 0 0 1 0 0 0 0 0 0 0 45
1 0 0 1 1 1 0 0 1 1 1 1 1 0 1 1 1 1 0 0 1 0 0 0 0 0 1 0 0 1 0 1 1 1 1 1 0 0 0 0 1 0 1 1 1 1 0 0 0 0 1 1 0 0 0 1 0 0 0 1 0 1 0 1 0 1 0 0 1 0 1 1 0 0 1 0 1 0 1 0 1 1 1 1 1 1 1 0 1 0 1 0 1 0 0 0 0 0 0 0 49
0 1 0 1 0 0 0 1 1 1 1 1 1 1 0 0 0 1 0 1 0 0 1 1 1 1 1 0 0 1 0 1 1 0 1 0 1 1 0 1 0 0 0 0 1 1 1 0 1 1 1 0 1 0 0 1 0 0 1 1 0 1 1 1 0 1 1 0 1 1 0 1 0 1 0 1 1 0 0 1 1 1 1 1 1 1 0 1 0 1 0 0 0 0 0 0 0 0 0 0 53
0 0 1 1 0 0 1 0 1 1 1 1 1 1 1 0 1 0 0 0 1 1 1 0 1 1 1 0 0 1 0 1 1 0 1 0 0 0 1 1 0 1 0 1 1 1 1 0 1 0 1 1 0 1 0 1 0 0 0 1 0 1 1 1 0 1 1 0 1 1 1 1 0 1 0 0 1 0 1 1 0 1 1 1 1 1 1 0 0 1 1 0 0 0 0 0 0 0 0 0 55
0 1 0 1 1 1 0 1 1 1 1 1 0 1 1 1 1 0 0 1 1 1 1 1 1 0 0 0 1 1 0 1 1 1 0 0 1 1 1 1 0 1 1 0 1 0 0 0 1 0 1 1 0 0 0 1 0 1 0 0 0 0 0 0 0 1 1 0 1 0 1 1 0 0 0 0 0 0 1 1 1 1 1 1 1 1 0 0 1 0 0 0 1 0 0 0 0 0 0 0 51
0 1 1 0 1 0 0 1 1 1 1 1 1 1 1 0 0 0 0 0 1 0 1 1 0 0 1 1 1 0 0 1 1 1 1 0 0 1 0 1 0 0 0 0 1 0 1 1 0 1 1 1 0 0 0 1 0 0 0 1 0 0 1 1 0 1 1 0 1 0 1 1 0 0 0 0 1 0 1 1 1 1 1 1 1 1 0 1 0 0 1 1 1 0 0 0 0 0 0 0 51
0 1 1 1 0 0 0 0 1 1 1 1 1 1 1 0 1 1 1 1 1 0 1 1 1 0 0 1 0 1 0 1 1 1 1 0 0 1 1 1 0 0 0 0 1 1 0 0 0 0 0 1 0 1 0 1 0 0 1 1 1 0 1 1 0 0 0 1 1 0 0 1 0 0 1 0 1 0 1 1 0 1 1 1 1 1 1 0 1 0 1 0 1 0 0 0 0 0 0 0 53
1 1 1 0 1 0 0 0 0 1 1 1 0 1 1 0 0 1 1 0 1 0 1 1 1 0 0 0 0 1 0 1 0 1 1 0 0 1 0 1 0 0 1 1 1 0 0 1 0 1 1 1 0 0 0 0 0 0 0 0 0 0 1 1 0 1 1 0 0 1 0 1 0 0 0 1 1 1 1 1 1 1 1 1 1 1 1 0 1 1 0 0 1 0 0 0 0 0 0 0 49
0 0 0 1 0 0 0 1 1 1 1 1 1 1 1 1 1 1 1 1 1 1 1 0 0 0 0 0 0 0 0 0 1 0 1 0 0 1 0 1 0 0 0 1 1 0 0 0 0 1 1 1 0 0 0 1 0 0 0 0 0 1 1 1 0 1 1 0 0 0 1 1 1 1 0 1 1 1 1 1 0 1 1 0 1 1 1 1 1 1 0 0 1 0 0 0 0 0 0 0 50
0 1 0 1 0 0 0 1 1 1 1 1 1 1 1 1 1 1 1 1 0 0 0 0 1 1 0 0 0 1 0 0 1 1 1 0 0 0 0 1 0 0 0 1 1 1 0 0 1 0 1 1 0 0 1 1 1 0 0 0 0 0 1 1 1 1 1 0 1 0 0 0 1 0 1 0 1 0 0 1 1 0 1 1 1 1 1 0 0 0 1 0 0 0 0 0 0 0 0 0 48
0 1 0 1 0 1 0 1 0 1 1 1 1 1 1 1 0 0 1 1 1 0 1 0 0 1 1 0 0 1 0 0 1 1 1 0 0 0 0 1 0 0 0 1 1 0 0 0 1 1 1 1 0 0 0 1 0 0 0 0 0 1 0 1 0 1 1 1 1 0 0 1 0 0 0 1 1 1 1 1 0 1 1 1 1 1 0 1 1 0 1 0 0 0 0 0 0 0 0 0 49
0 1 0 0 0 0 0 0 1 1 1 1 1 1 1 0 1 1 1 1 1 0 1 0 1 0 0 0 0 1 0 0 1 1 1 0 0 1 0 1 0 1 0 0 1 0 1 1 0 0 1 1 0 1 0 1 0 0 0 1 0 1 1 1 0 0 0 1 1 0 0 1 1 0 0 1 0 0 1 1 0 1 1 1 1 1 0 0 1 1 1 1 0 0 0 0 0 0 0 0 49
1 1 0 1 0 0 0 0 1 1 1 1 0 1 1 0 0 1 1 0 1 0 1 0 0 0 0 0 0 1 0 1 1 1 1 1 0 1 0 1 0 0 1 1 1 1 0 0 0 1 1 0 0 0 0 1 0 1 0 1 1 0 1 1 1 0 0 0 1 0 0 1 0 0 1 0 0 0 0 1 1 1 1 1 1 1 1 1 1 0 1 0 0 0 0 0 0 0 0 0 48
0 0 0 1 1 0 0 1 1 1 1 1 0 1 1 0 0 1 0 1 1 1 1 0 0 0 0 0 0 1 0 1 1 1 1 1 0 1 0 1 0 0 0 1 1 1 0 0 1 0 1 1 0 0 0 1 1 1 0 1 1 1 0 1 0 1 0 0 1 1 0 1 0 1 1 0 1 1 1 1 1 1 1 1 1 1 1 0 1 0 1 0 1 0 0 0 0 0 0 0 55
0 1 1 1 0 0 0 1 1 1 1 1 1 1 1 0 1 1 1 0 1 0 1 0 0 0 1 0 0 0 0 1 1 0 1 0 0 0 0 1 0 0 1 1 1 1 0 0 1 0 1 0 0 0 0 1 0 0 0 0 0 0 1 1 0 1 0 0 0 1 0 1 0 0 0 0 0 0 1 1 1 1 1 1 1 1 0 1 1 1 1 0 0 0 1 0 0 0 0 0 46
1 1 0 0 1 0 0 0 1 1 1 1 1 1 0 1 1 1 1 0 1 0 1 1 0 1 0 0 1 1 0 0 1 1 1 0 0 0 1 0 0 0 1 1 1 1 1 1 1 1 1 1 1 0 0 0 0 0 0 1 0 1 1 1 1 1 1 0 1 0 1 1 0 0 1 1 1 1 1 1 1 1 1 1 1 0 0 1 0 1 1 0 0 0 0 0 0 0 0 0 58
0 1 1 0 0 1 0 0 0 1 1 1 1 1 1 0 0 0 0 1 1 0 1 1 1 0 0 0 0 1 0 0 0 0 1 0 0 1 1 1 0 0 1 0 1 1 1 0 1 0 1 1 0 0 0 0 0 0 0 1 0 1 1 0 0 0 1 0 0 0 0 1 1 0 0 0 1 0 1 1 1 1 1 1 1 1 0 1 1 1 1 1 1 0 0 0 0 0 0 0 47
0 1 0 1 0 0 0 1 1 1 1 1 1 1 1 1 1 0 0 0 1 0 1 1 0 1 0 0 0 0 0 0 1 0 1 0 0 1 0 1 1 0 0 1 1 1 1 0 0 1 1 0 0 0 0 1 0 1 0 0 1 0 1 0 0 1 1 0 1 0 1 1 1 0 1 0 1 1 0 1 1 1 1 1 1 1 0 0 1 0 0 0 1 0 0 0 0 0 0 0 49
1 1 0 0 0 0 0 0 1 0 1 1 1 1 1 0 1 1 1 1 1 0 1 0 1 0 1 0 0 0 0 1 1 0 1 0 0 0 0 1 0 0 0 0 1 0 0 0 0 0 1 1 0 0 0 1 1 0 0 1 0 0 0 1 0 1 1 1 1 0 1 1 1 0 0 1 1 0 1 1 1 1 1 1 1 1 0 0 1 0 1 0 0 0 0 0 0 1 0 0 47
0 1 1 0 1 0 0 1 0 1 1 1 1 1 1 0 1 1 1 1 1 0 1 0 1 0 0 0 0 1 0 1 1 0 1 0 0 0 1 1 0 0 1 0 1 1 1 0 0 0 0 1 0 0 0 0 0 0 0 1 1 1 1 0 1 1 1 1 1 0 0 1 0 1 0 1 1 1 0 1 1 1 1 1 1 1 1 1 1 0 0 1 0 0 0 0 0 0 0 0 53
1 0 0 0 0 0 0 1 1 0 1 1 1 1 0 0 1 1 1 0 1 0 1 1 1 0 0 0 0 0 0 0 1 1 1 0 0 1 1 1 0 1 1 0 1 1 0 0 1 0 1 1 0 0 0 1 0 0 1 1 1 0 1 1 1 1 1 0 1 0 0 1 0 0 0 1 1 0 0 1 0 0 0 1 1 1 0 1 0 0 1 1 1 0 0 0 0 0 0 0 48
1 1 0 0 1 0 0 0 0 1 1 1 1 1 1 1 0 0 1 0 1 0 1 0 1 1 0 0 0 1 0 0 1 1 0 0 0 1 1 1 0 1 0 1 1 0 0 0 1 0 1 1 0 0 0 0 0 0 1 1 0 0 1 1 0 1 0 0 0 1 1 1 0 0 0 0 0 1 0 1 1 1 1 1 1 1 0 1 0 1 1 1 0 0 0 0 0 0 0 0 47
1 1 0 1 0 0 0 1 1 1 1 1 1 1 1 0 1 0 0 1 1 0 1 1 1 0 0 0 0 1 0 0 0 0 1 0 1 0 1 1 0 0 1 1 1 0 0 0 1 0 1 1 0 0 0 1 0 0 0 0 0 1 1 1 0 1 0 0 1 0 0 1 0 1 1 1 1 1 0 1 0 1 1 1 1 1 0 1 1 0 0 0 1 0 0 0 0 0 0 0 49
0 0 0 0 0 0 0 0 1 0 1 1 0 0 1 1 1 0 0 0 0 0 1 0 0 1 1 0 0 1 0 1 1 1 1 0 0 0 0 1 0 0 0 0 1 1 1 0 0 0 1 0 0 0 0 0 0 0 0 0 0 0 0 1 0 1 1 0 1 0 1 1 1 0 0 0 1 1 1 1 1 1 1 1 1 1 1 1 1 0 1 1 0 0 0 0 0 0 0 0 41
1 1 1 1 0 0 0 0 1 0 1 1 1 1 1 0 1 1 0 1 1 0 1 1 0 1 1 0 1 1 0 1 1 1 1 0 0 1 0 1 0 0 0 1 1 1 0 0 0 1 1 1 0 0 0 1 0 0 1 0 0 1 1 1 1 1 0 0 1 0 1 1 0 0 1 0 1 0 1 1 1 1 1 1 1 1 0 0 0 0 1 0 0 0 0 0 0 0 0 0 53
0 1 0 1 0 0 0 0 0 1 1 1 1 1 0 0 1 1 0 1 1 0 1 0 1 1 0 0 1 1 0 0 1 1 1 0 0 0 0 1 0 1 0 1 1 1 0 0 1 0 0 1 0 0 1 0 0 0 1 1 1 0 1 1 1 1 1 1 1 0 0 1 0 0 1 1 0 0 0 1 0 1 1 1 1 1 1 0 1 0 0 0 0 0 0 0 0 0 0 0 48
0 1 0 1 0 0 0 1 0 1 1 1 1 1 1 0 0 1 1 1 1 0 1 0 1 0 0 0 0 0 0 1 1 0 1 0 0 1 1 1 0 1 0 1 1 1 0 0 1 1 1 1 0 1 0 0 0 0 0 1 0 0 1 1 0 1 0 0 1 1 0 1 1 0 0 1 0 1 1 1 1 1 1 1 1 0 1 1 1 0 1 0 1 0 0 0 0 0 0 0 52
0 1 1 1 0 0 0 0 1 1 1 1 1 1 1 0 0 1 1 1 1 0 1 0 0 0 1 0 0 1 0 0 0 1 1 0 0 1 1 1 0 0 0 1 1 0 0 0 0 0 1 1 0 1 0 1 0 0 0 0 1 0 1 1 1 0 0 0 1 1 0 1 1 0 1 1 0 1 0 1 1 1 1 1 1 1 1 1 0 0 1 0 0 0 0 0 0 0 0 0 49
1 1 0 0 0 0 0 0 0 1 1 1 1 1 1 0 0 0 1 1 1 0 1 0 1 0 0 0 0 1 0 1 1 0 1 1 0 0 0 1 0 1 0 1 0 1 0 0 1 0 0 1 0 1 0 1 0 1 0 0 1 0 0 0 0 1 0 0 0 1 0 1 0 0 0 0 1 0 0 1 1 1 1 1 1 1 0 0 0 0 1 0 1 0 0 0 0 0 0 0 41
1 1 0 1 0 0 0 0 0 1 1 1 1 1 1 1 0 0 1 0 1 0 1 0 1 0 1 0 0 1 0 1 1 1 1 0 0 1 1 1 0 0 0 1 1 1 0 0 1 0 1 1 1 1 1 1 0 0 0 1 1 0 1 1 0 1 0 0 0 1 0 1 0 0 1 1 1 0 0 1 0 1 1 1 1 1 1 0 1 0 1 1 1 0 0 0 0 0 0 0 54
1 1 0 0 0 0 0 0 0 1 1 1 0 0 1 1 1 0 1 0 0 0 1 1 1 0 0 0 0 1 0 1 1 0 1 0 0 1 0 1 0 1 0 0 1 0 0 1 1 1 1 1 0 0 0 0 0 0 0 1 1 0 1 1 0 1 1 1 1 0 1 1 0 1 0 0 1 0 1 1 0 1 1 1 1 1 0 1 0 0 0 0 0 0 0 0 0 0 0 0 45
0 1 0 1 0 0 0 0 0 0 1 1 0 1 1 0 0 1 1 0 1 0 0 0 1 0 0 0 0 1 0 0 0 0 1 0 0 0 1 1 0 0 0 0 1 0 1 0 1 0 1 1 1 0 0 1 0 0 0 1 0 0 1 0 0 0 1 1 1 1 0 1 0 1 1 0 1 0 1 1 0 1 1 1 1 1 0 1 0 0 0 0 0 0 0 0 0 0 0 0 39
1 1 1 1 1 0 0 0 1 1 1 1 1 1 1 1 1 1 0 1 0 0 1 1 0 0 0 0 0 1 0 1 1 1 0 0 1 1 1 1 0 1 0 1 0 0 0 0 0 0 0 1 0 0 0 1 0 1 0 1 0 0 1 1 0 1 1 1 1 0 1 1 1 1 1 0 1 0 0 1 1 1 0 1 1 1 1 0 0 0 1 0 0 0 0 0 0 0 0 0 52
0 1 0 0 0 0 0 0 0 0 1 1 0 1 0 0 1 1 0 1 1 0 1 1 0 0 0 0 0 1 0 0 1 1 1 0 0 1 0 1 0 1 1 0 1 0 0 0 0 1 1 1 1 0 0 1 0 0 0 0 1 0 1 0 1 1 1 0 0 1 0 1 0 0 1 0 1 0 1 1 1 0 1 1 1 1 0 0 0 1 0 0 0 0 0 0 0 0 0 0 41
1 1 0 0 1 0 1 1 1 1 1 1 1 1 1 0 1 1 0 1 0 0 1 0 0 0 0 0 0 0 0 1 1 1 1 0 0 0 0 1 0 0 1 0 1 0 0 0 1 1 1 1 0 0 0 1 0 0 1 0 0 0 1 1 0 1 0 0 1 0 1 1 0 0 1 1 0 0 1 1 1 1 1 1 1 1 0 1 0 0 0 0 0 0 0 0 0 0 0 0 46
1 0 0 1 0 0 1 1 1 1 1 1 0 1 1 0 1 0 1 0 1 0 1 0 0 0 0 0 0 1 0 1 1 1 1 0 0 1 0 1 0 0 0 1 1 1 0 0 0 0 1 1 1 0 0 0 0 0 1 0 0 0 1 0 0 1 1 0 1 1 0 1 0 0 1 1 1 0 1 1 0 0 1 1 1 1 0 1 1 1 0 0 0 0 0 0 0 0 0 1 47
1 1 0 1 1 0 1 0 1 0 0 1 1 1 1 0 1 1 1 1 0 0 1 0 0 0 1 0 1 1 0 1 1 1 1 0 0 1 1 1 0 0 0 0 1 1 0 0 0 0 1 1 1 0 0 0 0 0 0 1 1 0 1 1 1 1 1 0 1 0 1 0 0 0 0 0 1 1 0 1 1 1 0 1 1 1 1 1 1 1 0 1 0 0 0 0 0 0 0 0 52
1 1 0 1 0 0 0 1 1 1 1 1 1 1 1 1 0 1 0 1 1 0 1 0 1 0 0 0 0 0 0 1 1 1 1 0 0 1 1 0 0 0 0 1 1 1 0 0 0 0 0 1 1 1 0 1 0 0 0 0 1 0 1 1 0 1 1 1 0 1 0 1 0 0 1 1 1 0 1 1 1 1 1 1 1 1 0 0 0 0 1 1 1 0 0 0 0 0 0 0 52
1 1 0 1 0 0 0 1 1 1 1 1 1 1 1 0 1 0 1 0 1 0 1 0 1 0 0 0 0 1 0 1 1 1 1 0 0 1 1 1 0 1 0 1 1 1 0 0 0 0 1 0 0 0 0 0 0 0 0 1 1 1 0 0 1 1 0 0 1 0 1 1 0 1 0 0 0 0 1 1 1 1 1 1 1 1 1 0 1 1 1 0 1 0 0 0 0 0 0 0 51
0 1 1 0 0 0 0 0 0 1 1 1 1 1 1 0 0 0 1 1 1 0 1 0 0 0 0 0 1 0 0 1 1 1 0 0 0 1 1 1 0 0 1 1 1 0 0 1 0 0 1 1 0 0 0 1 1 0 1 1 0 0 1 0 0 1 1 1 1 1 0 0 0 0 1 1 1 0 1 1 1 1 1 1 1 1 1 0 0 0 0 0 0 0 0 0 0 0 0 0 47
1 0 0 1 0 0 1 1 1 1 1 1 1 1 1 0 1 1 1 0 1 0 1 0 0 0 1 1 1 1 0 1 1 0 1 0 0 1 0 1 0 0 0 1 1 1 1 0 1 1 1 1 1 0 0 1 1 0 1 0 1 0 1 0 1 1 0 0 0 0 1 1 1 1 0 0 1 1 0 1 0 1 1 1 1 1 1 0 1 1 0 0 0 0 0 0 0 0 0 0 56
0 1 1 1 1 1 1 1 0 1 1 1 1 1 1 0 0 0 0 1 0 0 0 0 0 0 1 0 0 1 0 1 1 1 1 0 0 1 1 1 1 0 0 0 1 1 0 0 1 0 0 1 0 0 0 1 0 0 0 0 1 0 1 1 0 1 1 0 1 0 0 1 1 0 0 0 0 0 0 1 1 1 1 1 1 0 0 0 1 1 1 1 0 0 0 0 0 0 0 0 47
0 1 1 0 1 0 0 1 0 1 1 1 0 0 1 0 0 0 0 0 0 0 1 1 1 0 0 0 0 1 0 1 1 1 1 0 0 0 0 1 0 0 0 1 1 1 1 1 0 0 1 1 0 0 0 0 0 1 0 0 0 0 1 1 0 1 1 1 1 1 1 1 0 0 0 1 1 0 1 1 1 1 1 1 1 1 0 0 0 0 1 0 1 0 0 0 0 0 0 0 46
0 1 0 0 0 0 0 1 1 1 1 1 0 1 1 0 1 0 0 0 1 1 1 0 0 0 0 0 0 0 0 0 1 1 1 0 0 0 1 1 0 1 1 0 1 1 0 0 0 0 1 1 0 0 0 1 0 1 0 0 0 0 1 1 1 1 0 0 0 1 1 1 0 0 1 0 1 1 1 1 1 1 1 1 1 1 1 1 1 0 0 0 1 0 0 0 0 0 0 0 47
1 0 0 0 1 0 0 1 1 1 1 1 0 1 1 0 1 1 1 1 1 0 1 1 0 0 0 0 0 1 0 0 1 1 1 0 0 1 1 1 0 1 0 1 0 0 1 0 1 1 1 1 1 0 0 1 0 0 0 1 1 1 1 0 0 1 1 0 1 0 1 1 1 0 1 0 1 0 0 1 0 1 1 1 1 1 1 0 0 1 1 1 0 0 0 0 0 0 0 0 54
0 0 1 0 0 0 0 1 1 1 1 1 1 0 1 0 1 1 1 1 1 0 1 0 0 1 0 0 0 1 0 1 1 1 0 1 0 0 1 1 0 0 1 1 1 1 1 0 1 0 1 0 0 0 0 1 0 0 0 0 0 1 1 1 0 1 1 0 1 0 0 1 1 0 1 0 0 0 1 1 1 1 1 1 1 0 0 1 1 0 0 0 0 0 0 0 0 0 0 0 48
1 1 1 0 0 0 0 1 1 1 1 1 1 1 1 0 1 0 1 1 1 0 1 0 0 0 0 0 1 1 0 0 1 1 1 1 0 1 1 1 0 0 0 0 1 0 0 0 1 0 1 1 0 0 0 1 0 0 0 0 1 0 1 1 0 1 1 1 1 0 1 1 1 0 0 1 1 1 0 1 1 0 1 1 1 1 0 1 0 1 0 1 1 1 0 0 0 0 0 0 54
1 0 0 1 1 0 0 1 1 1 1 1 1 1 1 0 1 0 1 0 0 0 1 0 0 0 0 0 0 0 0 0 1 1 0 0 0 0 1 1 0 0 0 0 1 1 0 1 1 1 1 0 0 0 0 0 0 0 0 1 0 1 1 1 0 1 1 1 1 1 1 1 0 0 1 0 0 1 1 1 0 0 0 1 1 1 1 1 0 0 1 0 0 0 0 0 0 0 0 0 45
0 1 0 1 1 0 0 0 1 1 1 1 1 1 1 0 1 0 1 0 1 0 1 0 1 0 1 0 0 1 0 1 1 1 1 0 0 1 1 1 0 0 0 1 1 1 0 0 1 0 0 1 0 1 0 1 0 0 1 0 0 1 1 0 1 1 1 0 1 1 1 1 0 1 1 1 0 0 1 1 1 1 1 1 1 1 0 1 1 1 1 0 0 0 0 0 0 0 0 0 56
1 1 1 1 0 0 0 1 0 1 1 1 1 1 1 0 1 1 1 1 1 0 1 0 1 0 0 0 0 0 0 1 1 1 1 0 0 1 0 1 0 0 0 0 1 1 0 1 0 0 1 1 0 0 0 1 0 0 0 1 1 0 1 1 0 0 1 0 1 1 0 1 0 0 1 0 1 1 0 1 1 1 1 1 1 1 0 1 0 0 1 0 0 0 0 0 1 0 0 0 51
0 1 0 1 0 0 0 0 1 1 1 1 1 1 1 0 0 1 1 1 0 0 1 0 1 1 0 0 0 0 0 1 1 1 1 1 0 1 1 1 0 0 0 0 1 0 1 1 1 1 1 1 0 0 1 0 0 1 0 1 0 0 1 1 0 1 1 0 1 0 0 1 0 0 0 1 1 0 1 1 1 1 1 1 0 1 1 1 1 1 1 0 0 0 0 0 0 0 0 0 53
0 1 1 0 0 1 0 1 1 1 1 1 0 1 1 0 0 0 0 0 0 0 1 0 0 1 0 0 0 1 0 1 1 1 1 0 0 0 0 1 0 0 1 0 1 1 1 0 0 0 1 1 0 1 0 1 0 0 1 1 0 1 1 1 0 1 1 0 1 0 1 1 0 1 0 1 1 1 1 1 0 1 1 1 0 1 0 0 1 0 1 0 0 0 0 0 0 0 0 0 48
0 1 0 1 0 0 1 1 1 1 1 1 1 1 0 1 0 1 0 0 1 0 1 0 0 0 1 0 1 1 0 1 1 1 1 1 1 1 0 1 1 0 1 1 1 1 0 0 1 0 0 1 0 0 0 1 1 0 0 0 0 1 1 1 0 1 1 0 1 0 0 1 0 0 1 1 1 0 0 1 1 1 1 1 1 1 0 1 0 0 0 0 0 0 0 0 0 0 0 0 52
0 1 0 0 0 0 0 1 1 1 1 1 1 1 0 1 0 1 0 0 0 0 1 1 0 0 0 0 1 1 0 0 1 0 1 0 0 1 1 1 1 0 0 1 1 0 0 1 0 1 1 1 0 1 0 1 1 0 0 0 0 1 1 1 0 1 1 1 1 1 1 1 0 1 0 1 1 0 0 1 1 0 0 1 1 1 0 1 1 0 1 1 0 0 0 0 0 0 0 0 51
1 1 1 1 1 0 0 0 1 1 1 1 1 1 1 0 1 0 1 1 0 0 1 0 1 0 0 0 0 0 0 1 1 1 1 0 0 1 0 1 0 0 0 0 1 0 0 0 0 0 1 1 0 1 0 1 0 0 0 1 0 1 1 1 0 1 1 0 1 1 0 0 1 1 1 1 1 1 1 1 0 1 1 1 1 1 1 0 1 0 1 0 1 0 0 0 0 0 0 0 53
0 1 0 1 0 0 0 1 1 1 1 1 1 1 1 0 1 1 0 0 0 0 1 0 0 0 1 0 0 1 0 0 1 0 1 1 0 1 0 1 0 1 0 1 1 1 0 1 1 0 1 1 0 0 0 1 0 1 1 1 0 0 1 1 1 1 1 1 1 0 0 1 0 0 1 1 0 1 1 1 1 1 1 1 1 1 0 0 0 0 1 0 0 0 0 0 0 0 0 0 52
0 1 0 0 0 0 0 1 1 1 1 1 1 1 1 0 0 0 1 0 1 0 1 1 1 0 1 1 0 0 0 0 1 1 1 0 0 0 1 1 0 0 1 1 1 0 0 0 1 0 1 1 0 0 0 0 0 0 0 0 1 1 0 1 0 0 1 0 1 1 0 1 0 0 0 1 1 0 0 1 1 0 0 1 1 1 1 0 0 0 1 0 0 0 0 0 0 0 0 0 43
0 1 1 0 0 0 0 1 1 1 1 1 1 1 1 0 1 0 0 0 1 0 0 1 1 1 1 0 0 1 0 1 1 1 1 0 0 0 1 1 0 1 0 0 1 0 1 0 1 1 1 1 0 0 0 1 0 0 0 1 0 1 0 1 0 1 0 0 1 0 0 1 0 1 0 1 1 1 1 1 1 1 1 1 1 1 0 0 0 0 1 0 0 0 0 0 0 0 0 0 50
1 1 0 1 0 0 1 1 1 1 1 1 1 1 1 0 0 1 0 1 1 0 1 1 1 1 0 0 1 1 0 0 1 1 1 1 0 1 0 1 0 1 0 1 1 1 0 0 0 0 1 1 0 0 0 1 1 0 0 1 0 1 1 1 0 1 1 1 0 1 1 1 0 0 1 1 1 0 1 1 1 1 1 1 1 1 1 0 1 1 0 0 1 0 0 0 0 0 0 0 60
1 1 0 1 0 0 0 0 1 1 1 1 0 1 0 0 0 0 1 1 1 0 1 0 0 1 1 0 0 1 0 0 0 1 1 0 0 0 0 1 0 0 1 0 1 0 1 0 0 0 1 1 1 0 0 1 0 0 0 1 1 0 1 1 0 1 1 1 1 1 0 1 1 1 1 1 1 0 1 1 1 1 1 1 1 0 0 0 1 0 1 0 0 0 0 0 0 0 0 0 49
0 1 0 0 0 0 0 1 1 1 1 1 0 1 1 0 1 0 0 1 1 0 1 0 0 0 0 0 0 1 0 0 1 1 1 0 0 1 1 1 0 1 1 1 1 1 0 0 1 0 1 1 0 0 0 1 0 0 1 1 0 0 1 1 1 1 1 0 1 0 1 1 0 0 1 0 1 0 0 1 1 1 1 1 1 1 1 0 0 0 0 0 0 0 0 0 0 0 0 0 48
0 1 0 0 1 0 0 0 1 1 1 1 1 1 1 0 1 0 0 0 1 0 1 0 0 0 0 0 0 1 0 0 1 1 1 0 0 0 1 1 0 1 1 0 1 1 0 0 1 0 1 1 1 0 0 0 0 1 0 1 1 0 1 0 1 1 1 0 0 1 1 1 0 0 1 1 0 0 1 1 1 1 1 1 1 1 1 1 1 0 1 0 0 0 0 0 0 0 0 0 50
1 1 0 1 0 1 0 1 1 0 1 1 1 1 1 0 1 1 0 0 1 0 1 1 1 1 0 0 0 1 0 0 1 0 1 1 0 1 1 1 0 0 0 1 1 1 0 0 1 0 1 1 0 1 0 1 0 0 0 1 0 0 1 0 0 1 0 0 1 0 0 1 0 0 0 1 1 0 1 1 1 1 1 1 1 1 0 0 0 1 1 0 0 0 0 1 0 0 0 0 51
0 1 0 0 0 0 0 0 1 1 1 1 0 1 1 0 1 1 0 1 1 0 1 0 1 1 1 0 0 1 0 1 1 1 1 1 0 1 0 1 0 1 1 0 1 0 0 0 1 0 1 1 0 0 0 0 0 0 0 0 0 0 1 1 0 1 0 0 1 0 0 1 0 0 0 1 0 1 1 1 1 1 1 1 0 1 0 0 1 0 1 1 1 0 0 0 0 0 0 0 47
0 0 1 1 1 0 0 1 1 1 1 1 1 1 1 1 1 0 0 0 1 0 1 0 0 0 0 0 0 1 0 0 1 1 0 0 0 1 0 1 0 0 0 1 1 0 0 0 1 1 1 1 0 0 0 1 0 0 1 0 1 1 1 1 0 1 1 0 1 0 1 1 0 0 0 0 0 1 0 1 0 1 1 0 1 1 1 0 0 1 0 0 1 0 0 0 0 0 0 0 46
1 1 0 0 0 0 0 1 0 1 1 1 1 1 1 0 1 0 0 1 1 1 1 1 1 0 1 0 1 1 0 1 1 1 1 0 0 0 0 1 0 0 1 1 1 1 0 1 1 1 1 1 0 0 0 1 0 0 0 0 0 1 1 1 1 1 1 0 1 1 1 1 0 1 0 0 1 1 1 1 1 1 1 1 1 1 1 0 0 0 1 1 1 0 0 0 0 0 0 0 59
0 1 0 0 0 1 0 1 1 1 1 1 0 1 0 0 1 1 1 1 1 0 1 0 1 1 0 0 0 1 0 0 1 1 1 0 0 0 0 1 0 0 0 1 1 1 0 0 1 0 1 1 0 0 0 0 0 0 1 1 0 1 1 1 1 1 1 0 1 1 1 1 0 1 0 1 1 0 0 1 1 1 1 1 1 1 1 1 0 0 1 1 0 0 0 0 0 0 0 0 53
1 1 1 0 0 1 0 1 1 1 1 1 1 1 1 1 1 0 1 0 1 1 1 1 0 0 1 0 0 0 0 0 1 1 1 0 0 0 1 1 0 0 0 0 1 0 0 0 1 0 1 1 0 1 0 0 0 1 1 1 1 0 1 1 0 1 1 1 1 1 0 1 0 0 1 1 1 0 0 1 1 1 0 1 1 0 1 0 1 1 1 0 0 0 0 0 0 0 0 0 54
0 1 0 0 1 1 0 1 0 1 1 1 1 1 0 0 1 0 0 0 1 0 1 0 1 1 0 0 1 1 0 1 1 1 1 0 0 0 0 1 0 0 0 1 1 0 0 0 0 0 1 1 0 0 0 1 0 0 0 1 0 1 1 0 0 1 1 1 1 1 0 1 0 0 0 0 1 0 1 1 1 1 1 1 1 0 0 1 1 0 1 0 0 0 0 0 0 0 0 0 46
0 1 0 0 0 0 0 1 0 1 1 1 1 1 1 0 1 0 0 1 1 0 0 0 0 0 1 0 0 0 0 1 1 1 1 1 0 0 0 1 0 0 0 0 1 1 0 1 0 0 1 0 0 0 0 1 0 0 1 0 0 0 0 1 1 1 0 0 1 0 0 1 0 0 1 1 1 0 1 1 1 1 1 1 1 1 0 0 0 0 1 0 0 0 0 0 0 0 0 0 41
1 1 0 1 0 0 0 0 0 1 1 1 0 1 1 0 1 0 1 0 0 0 1 0 1 0 1 0 1 1 0 1 1 1 1 0 0 1 1 1 0 0 1 0 1 1 1 0 1 0 1 1 1 1 0 1 0 0 1 1 1 1 1 1 0 1 1 0 1 0 0 0 1 1 0 1 1 0 0 1 1 1 1 1 1 1 0 1 1 0 0 1 0 0 0 0 0 0 0 0 55
0 0 0 0 0 0 0 0 1 1 1 1 1 1 1 0 1 1 1 0 0 0 0 1 0 0 1 0 1 1 1 1 1 1 1 1 0 0 1 1 0 1 0 1 1 1 0 0 1 0 1 1 0 1 0 1 0 1 1 1 1 0 1 0 0 1 1 0 1 0 0 1 0 1 1 0 1 1 1 1 0 1 1 1 1 1 1 1 0 1 0 0 1 0 0 0 0 0 0 0 55
0 0 0 1 1 1 0 1 1 1 1 1 1 1 1 1 1 0 1 1 1 0 1 1 0 0 0 0 1 1 0 0 1 1 1 1 0 0 0 1 0 0 1 0 1 1 0 1 1 0 1 0 0 0 0 1 0 0 0 0 0 1 1 1 1 1 0 0 1 1 0 1 0 0 0 0 1 0 1 1 1 1 1 1 1 1 1 1 1 0 1 0 1 0 1 0 0 0 0 0 55
1 1 0 1 1 0 0 1 1 0 1 1 1 1 1 0 1 0 0 1 1 0 1 0 0 1 0 0 0 1 0 1 1 1 0 0 0 0 1 1 0 1 0 0 1 1 0 0 1 0 1 1 1 0 0 1 1 0 1 0 0 0 1 1 0 1 1 0 1 1 0 1 0 1 0 0 1 1 0 1 0 1 1 1 1 1 1 0 0 1 0 1 0 0 0 0 0 0 0 0 51
0 0 0 1 0 0 0 0 1 0 1 1 1 1 0 0 0 1 1 1 1 0 1 1 0 0 1 0 1 1 0 1 1 1 1 0 0 1 0 0 0 0 0 0 1 0 0 0 0 1 1 1 0 0 0 1 0 1 1 0 0 0 1 1 0 1 0 0 1 0 0 1 0 1 0 1 0 1 1 1 1 1 0 1 1 1 1 1 1 1 0 1 0 0 0 0 0 0 0 0 47
1 1 0 1 0 0 0 0 0 1 1 1 1 1 1 1 0 0 0 1 1 0 1 0 1 0 1 0 1 1 0 0 1 1 1 1 0 1 0 1 0 0 1 0 0 0 0 1 0 0 1 1 0 0 0 1 0 0 1 1 0 1 1 0 0 1 1 0 1 0 1 1 0 1 1 1 1 0 0 1 1 1 1 1 1 1 1 0 1 0 0 1 0 0 0 0 0 0 0 0 51
1 1 0 1 1 0 0 0 0 1 1 1 0 1 1 1 0 0 0 1 1 0 1 1 0 0 0 0 0 1 0 0 0 1 1 1 0 0 1 1 1 0 0 1 1 0 1 0 0 1 1 1 0 0 0 1 0 0 0 0 0 0 1 1 1 0 1 0 0 0 0 1 0 0 0 1 1 1 0 1 0 1 1 1 1 1 1 0 0 0 0 1 1 0 0 0 0 0 0 0 45
0 1 0 0 0 1 0 1 1 1 1 1 1 0 1 0 1 0 0 1 0 0 1 0 1 1 1 0 0 1 0 0 1 0 0 0 0 1 1 1 0 1 0 1 1 1 0 0 1 0 1 1 0 1 0 1 0 0 0 0 0 0 0 1 1 1 1 0 1 1 0 1 1 0 0 1 1 1 1 1 1 1 1 1 1 1 1 1 1 0 1 0 0 0 0 0 0 0 0 0 52
1 1 1 1 0 0 0 0 1 1 1 1 0 1 1 1 0 0 1 0 1 0 1 0 0 1 0 0 0 1 0 1 0 1 1 1 0 1 1 1 0 1 1 0 1 1 0 0 0 0 1 1 0 0 0 0 1 0 1 0 0 1 1 1 0 1 0 0 1 0 1 1 1 1 1 0 1 0 0 1 1 0 1 1 1 1 1 1 1 0 1 0 1 0 0 0 0 0 0 0 53
1 1 0 1 1 0 0 1 1 0 1 1 1 1 0 1 1 0 1 1 1 0 0 0 0 0 0 1 0 1 0 0 1 1 1 0 0 1 0 1 0 0 1 0 1 1 1 0 0 0 1 1 0 0 0 1 0 0 1 1 0 0 1 1 1 1 1 0 1 0 0 1 0 0 0 1 1 0 0 1 0 1 1 1 1 1 1 1 0 1 1 0 0 0 0 0 0 0 0 0 50
1 1 0 0 0 0 0 1 1 1 1 1 1 1 1 0 1 1 1 0 1 0 1 1 1 1 0 0 1 1 0 1 1 1 1 1 0 0 1 0 0 0 1 0 1 1 0 0 1 0 1 1 0 0 0 1 1 0 1 0 0 0 1 1 1 1 1 1 0 1 1 1 0 0 0 1 1 1 1 1 0 0 1 1 1 0 0 1 0 1 1 0 0 0 0 0 0 0 0 0 55
0 1 0 0 0 1 0 1 0 1 1 1 1 1 1 1 1 1 0 1 1 0 1 0 1 0 1 0 0 1 0 1 1 1 1 0 0 0 1 1 0 0 1 1 1 1 1 0 0 1 1 1 0 0 0 1 0 0 0 1 0 1 1 1 0 0 1 1 1 0 1 1 0 0 0 0 1 0 1 1 1 1 1 1 1 1 1 1 0 1 1 0 0 0 0 0 0 0 0 0 55
1 1 0 1 0 0 0 1 1 0 1 1 1 1 1 0 1 1 1 0 1 0 1 0 0 1 0 0 0 0 0 1 1 1 1 1 0 1 1 1 0 0 0 1 1 1 0 0 0 0 1 1 0 1 0 0 0 0 0 1 1 0 1 1 0 1 1 0 1 0 1 1 0 0 0 0 1 1 1 1 1 0 0 1 1 1 1 1 1 1 0 1 0 0 0 0 0 0 0 0 52
0 1 0 1 0 0 0 0 1 0 1 1 1 0 1 0 1 1 0 0 1 0 0 0 1 1 1 0 1 1 0 1 1 1 1 0 0 1 0 1 0 0 0 0 0 1 1 0 1 1 1 1 0 1 0 1 0 1 0 1 0 0 1 1 0 0 1 0 1 0 0 1 0 1 0 0 1 1 0 1 0 1 1 1 1 1 1 1 1 1 0 0 0 0 0 0 0 0 0 0 49
0 1 0 1 0 1 0 0 1 1 1 1 1 1 1 0 1 1 0 1 1 0 0 0 0 1 0 0 1 0 0 1 1 1 1 0 1 0 0 1 0 0 0 1 1 1 0 0 0 1 1 1 0 0 1 1 1 0 0 1 0 0 0 1 0 1 0 0 0 1 1 1 0 0 1 0 1 1 1 1 1 1 0 1 1 1 1 0 0 1 1 0 1 0 0 0 0 0 0 0 51
1 1 1 1 1 0 0 0 1 0 1 1 1 1 1 0 1 0 1 0 1 0 1 1 1 1 1 0 1 1 0 1 0 1 1 0 0 1 0 1 0 1 1 0 1 1 1 0 1 1 1 1 1 0 0 0 0 0 1 0 1 0 1 1 0 1 0 0 1 1 0 1 0 1 0 1 0 0 1 1 1 1 1 1 1 1 0 1 0 1 1 0 0 0 0 0 0 0 0 0 57
0 1 0 1 0 0 0 0 1 1 1 1 1 1 1 1 1 1 1 0 1 0 1 0 0 0 1 0 1 1 0 1 1 1 1 0 0 0 1 1 0 0 0 0 1 1 0 0 1 1 1 1 0 0 1 1 0 0 0 1 1 1 1 0 0 1 1 0 1 0 1 1 0 0 1 1 1 0 0 1 1 0 1 1 1 1 1 1 1 0 0 0 0 0 0 0 0 0 0 0 53
0 1 0 1 0 1 1 0 1 0 1 1 1 1 1 0 0 0 1 0 0 0 1 0 1 1 1 1 1 1 0 0 1 1 1 0 0 1 1 1 0 0 0 1 0 1 1 0 0 0 1 1 1 0 0 1 0 0 0 1 0 0 1 1 0 1 1 0 1 0 0 1 1 0 0 1 1 0 1 1 1 1 1 1 0 1 1 0 1 1 1 0 1 0 0 0 0 0 0 0 53
0 1 0 0 0 0 0 1 1 1 1 1 1 1 0 1 0 1 0 1 1 0 1 0 1 1 1 1 0 0 0 1 1 1 1 1 0 0 1 1 0 0 0 0 1 1 0 0 1 0 1 1 0 1 1 0 1 0 0 0 0 0 1 1 0 1 1 0 1 0 0 1 0 1 1 0 1 1 1 1 1 1 1 1 1 1 1 1 1 0 0 0 0 0 0 0 0 0 0 0 53
0 1 0 0 1 0 1 0 1 1 1 1 1 0 1 0 1 0 0 1 1 0 1 0 0 0 1 0 1 1 0 1 1 0 1 1 0 1 0 1 0 0 0 0 1 1 0 0 1 0 1 1 0 0 0 1 0 0 0 1 0 1 0 1 0 1 1 0 0 1 0 1 0 0 0 1 0 1 1 1 1 1 1 1 1 0 0 0 0 0 1 0 0 0 0 0 0 0 0 0 45
0 1 0 1 0 0 0 0 1 1 1 1 1 1 1 0 0 1 1 1 0 0 1 0 0 0 1 0 1 1 0 1 1 0 1 0 1 1 0 1 0 0 0 1 1 0 0 1 1 1 0 1 0 0 0 1 0 0 0 1 0 0 1 1 0 1 1 0 0 0 1 1 0 0 1 1 1 1 1 1 1 0 1 1 1 0 1 1 0 0 0 0 1 0 0 0 0 0 0 0 49
0 1 0 0 0 0 0 0 1 0 1 0 1 1 0 0 0 0 0 0 1 0 1 1 1 0 0 0 1 1 0 1 0 1 1 0 0 1 1 1 0 1 0 1 1 0 0 0 0 1 1 1 0 0 0 1 0 0 0 1 0 0 0 0 1 1 0 0 1 0 1 1 1 0 0 1 1 1 0 1 0 1 1 1 1 0 1 1 0 0 0 0 0 0 0 0 0 0 0 0 41
0 0 1 1 1 1 1 0 1 1 1 1 1 1 1 0 0 1 1 1 1 0 1 0 0 1 0 0 1 1 0 1 1 1 1 0 1 1 1 1 0 0 0 0 1 0 0 0 1 0 1 1 0 0 0 1 0 0 0 1 0 1 1 0 0 1 1 1 1 1 0 1 0 1 0 0 0 1 1 1 1 1 1 1 1 1 1 0 0 0 1 0 1 0 0 0 0 0 0 0 55
1 0 0 1 0 0 0 1 1 0 1 1 0 1 0 1 1 1 1 0 1 0 1 0 0 0 1 0 0 1 0 1 0 1 1 1 0 1 1 1 1 0 1 0 1 1 0 0 1 0 1 1 0 0 0 1 0 0 0 1 0 0 1 1 0 1 0 1 0 1 1 1 0 0 1 0 0 1 1 1 0 1 1 1 1 1 1 0 0 0 0 1 0 0 0 0 0 0 0 0 49
0 1 0 0 0 0 1 0 1 1 1 1 1 1 1 0 1 1 1 1 1 0 0 0 0 1 0 0 0 1 0 0 1 1 0 0 1 1 0 0 0 0 0 1 1 0 0 0 1 1 1 1 0 0 0 1 1 0 0 0 1 1 1 0 0 1 1 0 1 1 0 1 0 1 1 0 0 0 0 1 0 0 1 1 1 1 0 0 0 1 0 1 0 0 0 0 0 0 0 0 45
1 1 0 1 0 0 1 0 1 1 1 1 0 1 1 0 0 1 0 1 1 0 0 0 0 0 0 0 0 1 0 1 1 1 1 0 0 0 0 1 0 0 0 1 1 1 0 0 1 1 0 1 0 0 0 1 0 0 0 1 1 1 1 0 0 1 0 0 0 1 1 1 0 0 1 0 1 1 1 1 1 1 1 1 1 1 0 0 0 1 0 0 0 0 0 0 0 0 0 0 46
1 1 1 1 1 1 0 0 1 1 1 1 1 1 1 0 1 0 0 1 1 0 1 0 1 0 1 1 0 1 0 1 1 1 1 0 1 0 0 1 0 1 0 1 1 1 1 0 0 0 1 1 0 0 0 0 0 0 0 1 0 1 1 1 0 1 1 1 0 1 0 1 0 1 0 0 1 1 1 1 1 1 1 1 1 1 0 1 0 0 0 1 0 0 0 0 0 0 0 0 56
0 1 0 1 0 0 0 0 1 1 1 1 1 1 1 0 1 1 0 1 1 0 1 1 1 1 0 0 0 1 0 1 1 1 1 1 0 0 1 1 0 0 0 0 1 0 0 0 1 0 1 1 0 0 0 1 0 0 0 1 0 0 0 1 1 1 1 0 0 0 0 1 0 0 1 0 0 0 1 1 1 1 1 1 1 1 1 1 1 0 0 1 0 0 0 0 0 0 0 0 49
0 1 0 0 0 0 1 0 1 1 1 1 1 1 1 0 1 0 1 0 1 0 1 0 1 0 0 0 1 0 0 1 1 0 1 1 0 1 1 1 0 1 0 0 1 0 0 0 1 0 1 1 0 0 0 1 1 0 0 1 0 0 0 1 0 1 0 0 1 1 0 1 0 0 0 0 1 1 0 1 1 1 1 1 1 1 1 0 0 0 0 0 0 0 0 0 0 0 0 0 45
0 0 0 1 0 0 0 1 1 0 1 1 1 1 0 0 1 0 1 0 1 0 1 0 0 0 1 0 1 0 0 1 1 1 1 0 0 0 0 1 0 0 1 1 1 0 1 0 1 1 1 1 0 0 0 1 0 0 0 1 0 0 1 1 0 1 0 1 1 1 0 1 0 1 1 0 1 0 1 1 1 1 1 1 1 1 1 0 1 1 0 0 0 0 0 0 0 0 0 0 49
0 1 0 1 0 1 0 1 1 1 1 1 1 1 0 1 0 0 1 0 1 0 1 0 0 1 1 0 0 1 0 1 1 1 1 0 1 0 1 1 0 1 0 1 1 0 0 0 1 1 1 1 0 0 0 1 0 0 0 1 0 1 1 1 1 1 1 0 1 1 0 1 1 1 0 1 1 0 1 1 1 0 1 1 0 1 1 0 1 0 1 1 0 0 0 0 0 0 0 0 56
0 0 0 1 0 0 0 1 1 1 1 1 1 1 1 1 0 0 0 0 1 0 1 1 0 0 0 0 0 0 0 0 1 1 1 0 0 1 0 1 0 1 1 0 1 1 0 0 1 0 1 1 0 0 0 1 0 0 1 0 0 1 1 1 0 1 0 0 1 1 0 1 1 0 0 1 1 0 0 1 1 0 1 1 1 1 1 0 1 1 1 0 1 0 0 0 0 0 0 0 48
1 1 1 1 0 0 0 0 1 1 1 1 0 1 1 1 1 1 1 0 0 0 0 0 1 1 1 0 0 1 0 0 1 1 1 0 0 1 1 1 0 1 0 1 1 1 1 1 1 0 0 1 0 0 0 0 1 0 0 1 0 0 1 1 1 1 1 0 1 0 0 1 0 1 1 1 0 1 1 1 1 1 0 1 1 1 0 0 0 0 0 1 0 0 0 0 0 0 0 0 53
0 1 0 0 1 0 0 0 0 0 1 1 0 1 1 0 0 1 1 1 0 0 1 1 1 1 1 0 0 0 0 0 1 1 1 0 0 1 0 1 0 0 1 0 1 0 0 0 1 1 1 1 1 0 0 1 1 0 0 1 0 0 0 1 0 0 0 1 0 1 0 1 1 0 1 0 0 1 0 1 0 0 1 1 1 1 1 1 1 1 1 0 1 0 0 0 0 0 0 0 47
1 1 0 0 1 0 0 1 1 1 1 1 1 1 1 1 1 1 0 1 1 0 1 0 0 0 1 0 0 1 0 1 1 0 1 0 0 1 1 1 0 0 0 0 1 1 0 0 1 0 1 1 0 0 0 1 0 0 0 1 0 1 1 0 0 1 0 0 1 0 1 1 0 0 0 1 1 1 0 1 1 1 1 1 1 1 1 1 0 0 1 0 1 0 0 0 0 0 0 0 52
1 1 0 1 0 1 0 1 1 1 1 1 0 1 0 0 1 1 1 1 1 0 1 0 1 0 1 0 0 1 0 1 1 0 1 0 1 0 0 1 0 0 0 0 1 1 1 0 1 1 0 0 0 0 0 1 0 0 0 1 1 1 1 0 0 1 1 1 0 0 1 1 0 0 0 1 0 1 1 1 1 1 1 1 1 1 0 0 1 0 1 1 1 0 0 0 0 0 0 0 53
0 1 0 1 0 0 0 1 0 0 1 1 1 1 1 0 1 0 1 0 1 0 1 0 0 1 0 0 0 1 0 0 1 1 1 0 1 0 1 1 0 0 1 1 0 0 1 0 0 0 1 1 0 0 0 1 0 0 1 1 0 1 1 1 0 1 1 1 1 0 0 1 1 0 1 1 0 0 1 1 1 1 1 1 1 1 0 1 1 0 1 0 0 0 0 0 0 0 1 0 51
0 1 0 1 0 0 0 1 0 0 1 1 1 1 1 0 0 1 1 0 1 0 1 0 0 0 0 0 0 1 0 1 1 1 1 0 0 1 0 1 0 1 0 1 1 0 0 0 0 1 1 1 0 0 0 0 0 0 0 1 0 0 1 1 1 1 1 1 1 0 0 1 0 1 0 0 1 1 1 1 1 1 1 1 1 1 1 0 0 0 0 1 0 0 0 0 0 0 0 0 47
0 1 0 1 1 0 0 0 1 1 1 1 1 1 1 0 0 0 1 1 0 0 1 0 0 0 0 0 0 0 0 1 1 1 1 0 0 1 1 1 0 0 0 1 1 1 1 0 1 0 1 0 1 1 0 1 0 1 0 1 0 0 1 1 0 0 1 1 1 0 1 0 1 0 0 0 0 0 0 1 1 1 1 1 1 1 0 1 1 1 1 1 1 0 0 0 0 0 0 0 51
0 1 0 0 0 0 0 0 1 0 1 1 1 1 1 1 1 0 1 1 0 0 1 1 1 0 0 0 0 0 0 1 1 1 1 0 0 1 0 0 0 1 0 1 1 0 0 0 0 0 1 0 0 0 0 1 0 0 1 0 0 1 1 1 0 1 1 0 1 0 1 1 0 0 0 1 0 0 0 1 1 1 1 1 1 1 1 0 1 0 1 0 1 0 0 0 0 0 0 0 45
0 0 0 0 1 0 1 1 1 1 1 1 1 1 1 0 1 0 1 0 1 0 1 0 0 1 0 0 0 1 0 0 1 1 1 0 0 0 0 1 1 0 0 0 1 1 1 0 0 1 1 1 0 0 0 1 0 0 1 1 0 0 1 1 0 1 0 0 1 1 1 1 1 0 0 1 1 1 0 0 1 1 1 1 1 1 1 1 1 1 0 0 0 0 0 0 0 0 0 0 51
1 1 0 0 0 0 1 1 1 1 1 1 1 1 1 0 0 0 0 1 1 1 1 1 1 1 0 1 1 1 0 0 1 1 1 0 0 0 1 1 0 1 0 1 1 1 0 0 1 0 1 1 0 0 0 1 0 0 1 1 0 1 1 0 0 1 1 1 1 0 1 1 0 0 0 0 1 0 1 1 1 1 0 1 1 1 1 0 1 0 0 0 0 0 0 0 0 0 0 0 54
1 1 0 1 0 1 0 1 1 1 1 1 1 1 1 1 0 1 1 1 1 0 0 0 1 1 1 0 1 1 0 1 1 1 1 0 0 1 0 1 0 0 0 1 1 0 0 0 1 0 1 1 0 0 0 0 0 0 1 0 1 1 0 1 1 0 0 0 1 0 1 1 1 0 1 0 1 1 0 1 1 1 1 1 1 1 0 1 0 0 0 0 0 0 0 0 0 0 0 0 53
0 1 0 1 0 1 0 1 1 1 1 1 1 1 1 0 1 1 0 0 1 0 1 1 0 1 1 0 0 1 0 1 1 0 0 0 0 1 0 1 0 1 0 1 1 1 1 0 1 0 1 1 0 0 0 0 0 0 1 1 0 1 1 1 0 1 1 0 1 0 0 1 1 0 1 0 1 1 1 1 1 1 1 1 1 1 0 0 0 1 1 0 0 0 0 0 0 0 0 0 54
1 1 0 0 1 0 0 1 1 0 1 1 1 1 1 0 0 0 0 1 0 0 1 1 1 1 0 0 1 1 0 1 1 0 1 0 0 0 1 1 0 0 1 1 1 0 0 0 0 1 1 1 1 0 0 0 1 1 1 0 0 0 1 1 0 1 1 0 1 1 1 1 0 1 1 1 1 1 1 1 0 1 1 1 1 1 0 1 1 0 1 0 0 0 0 0 0 0 0 0 55
1 1 0 0 0 0 0 1 1 1 1 1 0 1 1 0 1 0 0 0 1 1 1 0 1 0 1 0 0 1 0 0 1 0 1 0 0 1 1 1 1 0 0 0 0 1 0 1 1 0 1 1 0 0 0 1 0 0 0 1 0 0 1 1 0 1 1 1 0 0 1 1 0 1 0 1 0 0 1 1 1 0 1 1 1 1 0 0 0 1 0 0 0 0 0 0 0 0 0 0 46
0 1 0 1 1 0 0 0 0 0 1 1 1 1 1 0 1 0 1 1 1 0 1 1 1 1 1 0 0 1 0 1 1 1 1 1 0 0 1 1 0 1 0 1 1 1 0 0 1 1 1 1 0 1 0 1 0 0 0 0 0 0 1 1 0 1 0 0 0 1 0 1 0 1 0 1 0 0 1 1 1 1 0 1 1 1 0 1 1 0 0 0 1 0 0 0 0 0 0 0 52
0 1 0 1 0 0 0 0 1 1 1 1 1 0 1 1 1 1 0 1 1 0 1 0 0 0 1 0 0 1 0 1 1 1 1 1 0 1 0 1 0 0 1 0 1 1 0 0 0 1 1 0 1 0 0 0 0 0 0 0 0 1 0 1 0 0 1 1 1 1 0 1 0 0 1 1 1 0 1 1 0 1 0 1 1 1 1 1 0 0 0 1 1 0 0 0 0 0 0 0 49
1 0 0 1 0 0 1 1 1 0 1 1 1 1 1 0 0 1 0 1 1 0 1 0 0 1 1 0 0 1 0 0 1 0 1 0 0 1 1 1 0 0 0 0 1 1 0 0 1 0 1 1 0 0 0 0 0 0 1 1 0 0 1 1 0 1 1 0 1 0 1 1 0 0 0 0 1 1 1 1 1 1 1 1 1 1 0 1 0 0 0 0 1 0 0 0 0 0 0 0 48
0 1 0 1 0 0 0 1 1 1 1 1 1 1 1 1 1 0 1 0 1 0 1 0 1 0 1 0 0 1 0 0 1 1 0 1 0 1 1 1 0 0 0 1 1 0 0 0 0 0 1 1 0 0 0 1 0 0 0 1 1 1 1 1 1 1 1 1 1 0 1 1 0 1 1 1 1 1 0 1 1 1 1 1 1 1 1 1 0 1 1 0 0 0 0 0 0 0 0 0 57
1 1 0 1 0 0 0 1 1 1 1 1 1 0 0 0 1 1 0 1 1 0 1 0 0 0 0 0 0 0 0 1 1 0 0 0 0 1 0 1 0 1 1 0 1 1 0 0 0 0 1 1 1 0 0 1 0 0 1 1 0 1 1 1 0 1 1 0 0 0 0 1 0 0 1 0 1 0 1 1 0 1 1 1 1 1 0 0 0 0 1 0 0 0 0 0 0 0 0 0 44
0 0 1 1 1 0 0 0 1 1 1 1 1 1 1 1 1 1 0 0 0 1 1 0 0 0 1 1 0 1 0 1 1 0 1 0 0 0 0 1 0 0 1 0 1 0 1 0 0 1 1 0 0 0 0 0 0 0 0 0 0 0 1 0 0 1 0 1 0 0 0 0 0 1 1 0 1 1 1 1 1 1 1 1 1 1 0 0 0 0 1 1 0 0 0 0 0 0 0 0 44
81 166 42 117 58 34 23 107 152 159 198 197 154 185 171 54 129 103 106 106 154 18 178 59 103 73 84 15 64 156 1 126 176 147 186 49 25 118 100 189 18 60 59 110 190 125 56 29 113 77 180 171 32 34 10 152 28 30 52 127 55 86 164 156 58 168 141 65 155 92 83 189 49 59 102 107 138 87 131 198 151 170 178 192 189 182 110 96 104 84 121 51 65 1 2 1 1 1 1 1 10000
