1 1 0 0 0 0 1 0 0 0 0 1 0 0 1 0 0 1 0 0 0 0 0 0 1 1 1 1 1 0 0 1 0 0 0 0 0 1 0 0 0 0 1 0 0 1 0 0 1 1 17
1 0 1 1 1 0 1 1 0 0 0 0 1 0 1 0 0 0 1 0 0 0 1 0 1 1 0 1 1 0 1 0 0 0 0 0 0 1 0 0 1 1 0 0 1 1 1 1 1 1 24
0 0 0 1 0 0 1 1 0 0 1 1 0 0 1 0 0 1 0 0 1 0 1 1 0 0 0 1 1 0 1 0 1 1 0 0 1 1 1 0 1 1 0 0 0 1 0 1 0 1 23
1 0 1 0 1 1 1 0 1 0 0 1 0 1 1 1 0 1 0 1 1 0 0 1 1 0 0 1 1 1 1 1 1 0 0 0 0 0 0 1 1 0 1 0 0 1 0 0 0 0 25
1 0 0 0 0 1 0 1 1 1 1 1 1 0 0 1 0 0 0 0 0 0 0 1 0 0 0 0 0 1 0 1 1 1 0 1 0 0 0 1 0 0 0 1 0 0 1 1 0 1 20
1 1 0 1 1 1 0 0 1 1 1 0 0 1 1 1 1 0 1 1 1 0 1 1 1 1 0 1 1 0 0 1 1 1 1 1 0 1 0 0 0 1 0 0 1 0 0 0 1 0 30
1 0 0 0 1 1 1 0 0 0 0 0 0 0 0 0 1 1 1 0 1 1 1 1 1 0 1 1 0 0 0 0 0 0 1 0 1 1 1 0 1 0 0 0 1 1 1 0 0 1 23
1 0 1 1 0 1 0 0 1 1 0 1 0 0 0 0 1 0 0 0 0 1 0 1 0 1 0 1 0 0 0 0 0 1 0 1 1 0 0 1 1 1 0 1 1 0 1 1 0 0 22
1 1 1 0 1 1 0 1 0 1 0 1 1 0 0 0 0 1 1 0 0 1 1 0 1 0 1 1 1 1 1 0 0 0 1 0 0 1 0 0 0 1 0 1 0 1 0 1 0 0 25
1 0 0 1 0 1 0 0 1 1 0 1 1 1 1 1 0 0 1 0 1 1 0 1 0 1 1 1 1 0 0 1 0 0 0 1 0 1 0 0 0 0 1 1 1 1 1 1 1 1 29
0 1 0 1 1 0 1 0 0 1 1 1 0 1 1 1 0 0 1 1 0 0 1 0 1 1 1 1 1 1 0 0 1 1 0 1 1 1 0 1 0 0 1 0 0 0 0 0 0 1 27
1 1 0 0 1 0 0 1 0 1 1 0 0 0 1 0 1 1 1 1 0 0 0 1 0 0 0 1 0 1 1 1 1 0 1 0 0 1 1 1 1 1 0 1 1 0 1 0 1 0 27
1 1 0 1 0 0 0 1 1 0 1 1 0 0 1 0 0 0 0 1 1 1 0 0 1 0 1 0 0 0 0 0 1 1 0 0 1 0 0 1 1 1 0 0 1 1 0 0 0 0 21
0 1 0 1 0 1 1 0 1 1 0 0 0 1 1 1 1 1 0 1 1 1 1 0 0 1 1 1 0 0 0 1 0 0 0 0 0 0 0 0 0 0 0 0 1 1 1 0 1 0 23
0 0 0 0 0 0 0 0 0 0 0 0 0 0 1 0 0 0 0 0 0 0 0 0 0 0 0 0 0 0 0 0 0 0 0 0 0 0 0 0 0 0 0 0 0 0 0 0 0 0 1
0 0 0 0 0 0 0 0 1 0 0 0 0 0 0 0 0 0 0 0 0 0 0 0 0 0 0 0 0 0 0 0 0 0 0 0 0 0 0 0 0 0 0 0 0 0 0 0 0 0 1
0 0 0 0 0 0 0 0 0 0 0 0 0 0 0 0 0 0 0 0 0 0 0 0 0 0 0 0 0 0 0 0 0 0 0 0 0 0 0 0 0 0 1 0 0 0 0 0 0 0 1
0 0 0 0 0 0 0 0 0 0 0 0 0 0 0 0 0 0 0 0 0 0 0 0 0 0 1 0 0 0 0 0 0 0 0 0 0 0 0 0 0 0 0 0 0 0 0 0 0 0 1
0 1 0 0 0 0 0 1 0 1 0 0 0 1 1 1 1 1 1 0 0 0 1 1 1 1 0 0 0 0 1 0 0 0 0 0 0 0 1 1 1 1 1 1 1 0 1 0 0 1 23
0 1 1 0 1 0 0 1 1 1 1 0 0 0 0 1 1 0 0 0 1 0 1 0 1 1 1 1 0 0 1 1 1 1 0 1 1 0 1 1 0 1 1 1 1 1 0 1 1 0 30
1 0 0 0 0 0 0 0 1 0 0 0 1 0 1 0 1 0 0 1 0 1 0 0 1 0 1 1 1 0 1 1 1 0 0 1 1 1 1 1 1 1 1 0 1 0 1 0 1 0 25
0 1 0 0 1 0 0 0 0 0 1 1 1 1 0 1 0 0 1 1 1 0 0 1 1 1 1 0 0 0 1 0 0 1 0 0 0 1 0 0 1 1 0 1 1 1 0 0 1 1 24
1 0 1 1 0 1 0 0 0 1 1 0 0 0 0 1 0 0 1 1 1 1 0 1 0 0 1 1 0 1 1 1 0 1 1 0 0 1 1 0 1 0 0 1 1 0 1 1 1 1 28
0 0 0 1 1 1 1 0 1 1 0 1 1 1 1 0 0 1 1 1 0 1 1 1 0 0 1 0 0 0 1 1 0 0 0 0 0 0 0 1 0 0 1 1 1 1 1 1 0 0 26
0 0 1 0 1 1 0 0 0 0 0 1 0 1 0 1 0 0 1 0 1 1 0 0 0 1 1 0 0 1 1 1 1 0 0 1 0 0 1 0 1 0 0 0 1 1 0 1 1 1 23
0 1 0 0 0 0 1 1 1 1 0 0 1 0 0 1 0 1 0 1 1 1 0 1 1 0 1 0 1 1 1 0 1 0 0 0 0 1 1 1 0 1 1 1 0 0 0 0 1 0 25
1 1 0 0 1 1 0 0 0 0 1 0 0 1 0 0 0 0 1 1 0 0 1 1 0 0 1 0 0 1 0 1 1 1 1 0 0 0 0 1 0 1 0 1 0 0 1 1 1 0 22
1 0 1 1 1 1 1 1 1 0 0 1 0 0 0 1 0 1 0 0 0 0 1 0 1 1 0 1 1 0 1 1 0 0 1 1 0 0 0 0 0 0 1 0 1 0 0 0 0 1 23
0 1 1 0 1 1 1 1 1 0 0 1 1 0 1 0 1 0 0 0 0 0 1 1 0 1 1 0 1 0 0 0 1 0 1 1 0 0 0 0 1 0 0 1 0 1 0 1 0 1 24
0 1 1 1 0 0 1 1 0 1 1 0 1 1 1 1 0 0 1 0 1 0 1 0 1 1 1 1 1 1 1 0 0 0 1 1 0 1 1 1 1 1 1 1 0 1 0 0 0 0 31
1 1 1 0 0 1 0 0 0 0 0 1 0 0 1 0 1 0 1 1 1 1 1 0 0 1 1 0 0 0 1 1 0 0 0 1 1 1 1 1 1 0 0 0 1 1 1 0 1 0 26
1 1 1 1 0 0 0 0 1 0 1 1 1 0 1 1 1 0 0 1 1 0 0 0 1 0 1 0 1 0 1 1 1 0 1 1 0 0 1 1 1 0 0 0 1 1 0 1 1 1 29
0 0 0 1 0 1 1 1 1 1 1 1 0 0 1 1 1 0 0 1 0 1 1 0 1 0 1 0 0 0 0 0 1 0 1 0 0 0 0 0 0 0 1 1 0 0 0 1 1 0 22
0 0 1 0 0 0 0 1 1 0 1 0 1 0 0 1 0 0 1 0 0 0 1 1 0 0 1 0 1 0 1 1 1 0 1 0 0 1 1 1 1 1 1 0 0 1 0 1 1 1 25
0 0 1 1 0 0 1 0 0 0 1 1 1 0 1 1 0 0 1 0 0 1 1 0 0 0 0 1 1 1 1 0 0 0 1 1 0 1 1 0 1 1 0 1 0 1 1 1 1 0 26
0 1 1 1 1 1 0 1 1 1 0 1 1 0 1 0 0 0 0 0 1 1 0 0 0 0 0 0 0 1 0 1 0 1 1 1 0 1 0 0 0 1 0 1 0 0 0 0 1 1 23
1 1 0 1 1 0 1 1 1 0 0 0 1 0 1 0 0 1 1 0 1 0 1 1 1 0 0 0 0 1 1 1 1 1 1 0 0 0 0 1 0 0 0 0 1 0 0 0 0 1 24
0 0 0 0 1 1 1 0 0 0 1 1 1 1 1 1 0 1 1 1 0 0 1 1 0 0 1 1 0 1 0 0 1 0 0 1 0 0 0 1 0 1 0 0 1 1 1 0 0 0 24
1 1 1 0 0 1 0 0 1 1 0 1 1 1 1 1 0 0 0 0 1 1 0 0 1 0 0 0 0 1 0 0 0 1 0 1 1 1 0 0 1 1 1 0 1 1 0 0 1 1 26
0 1 1 1 0 0 1 0 1 1 0 1 1 0 1 1 0 1 1 1 0 0 1 0 0 0 0 1 1 1 1 1 1 0 0 0 0 1 0 1 0 0 1 0 0 1 0 0 0 0 24
1 0 0 0 0 1 1 1 1 0 1 1 0 1 1 0 1 1 1 0 0 1 1 1 1 0 1 1 0 0 1 0 1 1 1 0 1 0 1 0 1 0 1 1 1 0 0 1 0 1 30
1 0 1 1 1 0 1 1 0 1 1 1 0 1 1 1 1 1 0 0 1 1 0 1 1 1 0 0 0 1 1 0 1 0 1 0 1 0 1 0 1 1 1 0 0 1 0 1 1 1 32
1 0 0 0 0 1 0 1 1 1 0 0 1 0 1 1 1 0 0 0 0 0 1 0 0 1 0 1 0 0 1 0 1 0 0 1 0 0 1 1 1 1 0 1 1 1 1 0 0 0 23
0 1 0 0 1 0 0 1 1 1 0 1 0 1 0 1 0 0 1 0 1 1 0 1 0 1 0 0 0 0 1 1 1 1 0 1 0 0 1 0 1 0 0 1 0 0 1 0 0 1 23
0 1 0 0 1 0 1 0 0 1 1 1 0 0 1 1 1 0 1 1 0 0 1 1 1 0 1 1 1 1 0 0 1 0 0 0 1 1 1 0 0 1 0 1 0 1 0 0 1 0 26
1 1 0 1 1 0 0 0 1 0 1 0 0 1 1 1 1 1 1 1 1 1 1 1 1 0 0 0 1 0 1 1 0 1 0 1 0 1 1 1 0 1 0 0 0 0 1 0 0 0 28
1 0 1 1 0 1 0 1 1 1 0 1 1 1 0 0 0 0 0 0 1 0 1 0 0 1 0 0 0 0 0 1 1 1 1 0 1 0 1 1 0 1 0 0 0 0 0 0 0 1 22
0 1 1 1 0 0 0 0 1 1 1 1 0 0 0 1 1 1 1 0 1 0 0 1 1 0 1 0 0 1 0 0 0 0 0 0 0 1 0 0 0 0 0 0 1 1 0 1 1 1 22
0 0 0 1 0 1 1 1 0 0 0 0 0 1 1 0 0 1 0 1 0 0 1 0 1 0 0 0 0 1 1 1 0 1 1 0 0 0 0 0 1 1 0 0 0 0 0 0 1 1 19
1 1 1 0 1 0 1 0 0 0 0 0 0 0 1 0 1 0 1 0 1 1 1 0 0 1 0 0 0 1 1 0 1 0 0 0 0 1 0 1 1 1 1 0 0 0 1 1 0 1 23
0 0 0 0 1 1 0 0 0 1 0 1 1 1 0 1 1 0 0 0 0 0 1 1 1 0 0 0 0 1 1 1 0 1 0 0 1 0 0 0 0 0 0 0 1 1 1 0 0 1 20
0 0 1 0 1 0 1 1 1 0 0 0 0 0 1 1 1 0 1 0 1 0 1 1 1 0 0 1 1 1 1 1 0 1 1 1 0 0 1 0 0 0 0 1 1 1 1 0 0 0 26
1 1 1 0 0 0 1 0 0 0 1 0 1 1 0 0 1 0 1 1 0 1 0 0 0 1 0 1 0 1 1 0 1 0 1 0 1 1 0 0 1 0 1 1 1 1 1 0 0 1 26
0 0 0 0 0 0 0 0 0 1 0 1 0 0 1 1 0 0 0 1 0 0 1 0 1 0 1 0 1 1 1 0 0 0 0 0 0 0 1 1 0 0 1 1 0 1 1 1 1 1 20
0 1 0 0 1 0 1 0 0 1 1 1 0 0 0 0 0 0 0 0 0 1 1 1 0 0 1 1 1 0 1 1 1 1 0 1 0 1 0 0 1 1 0 1 0 0 1 1 0 0 23
1 1 1 1 1 1 0 1 1 1 1 1 1 0 0 0 0 0 0 1 0 0 1 1 0 1 1 0 1 0 0 1 1 0 1 0 0 0 0 1 0 1 0 1 1 1 1 0 1 1 29
1 1 0 1 1 1 1 1 1 1 0 0 1 1 0 1 0 0 0 1 0 0 1 1 0 1 1 0 0 0 0 1 1 1 1 0 1 0 1 0 0 0 0 0 1 0 1 0 0 1 26
1 1 1 1 0 0 1 0 1 0 0 1 0 1 1 1 1 1 1 0 0 0 0 1 1 0 1 0 0 0 0 0 0 0 1 0 1 1 1 0 0 0 0 0 0 0 1 0 0 1 22
1 1 0 0 0 1 0 1 1 1 1 1 1 1 0 1 1 1 1 1 1 1 0 0 0 0 0 0 1 1 1 0 0 0 1 1 1 1 0 0 1 0 0 0 0 0 1 0 1 1 28
0 1 0 0 1 0 0 1 0 1 1 1 1 0 0 0 0 0 1 1 1 0 0 1 0 1 1 0 0 0 1 0 1 0 0 1 1 0 1 1 0 1 0 0 0 1 1 1 0 1 24
1 1 1 0 0 1 1 1 1 0 0 1 1 1 1 1 0 0 0 0 1 0 1 0 0 0 1 0 1 0 1 1 1 1 0 0 0 0 0 1 1 0 1 0 1 1 0 1 1 0 27
0 1 0 1 0 0 0 1 1 0 1 1 0 0 0 1 1 1 1 1 0 0 0 1 1 0 0 1 0 1 1 0 0 1 1 1 0 1 0 1 1 1 0 0 1 0 1 1 0 0 26
0 1 1 0 0 1 0 1 0 1 0 1 0 1 0 1 1 0 1 0 0 1 1 0 1 1 1 0 0 1 1 1 1 1 1 0 1 0 1 1 0 0 0 1 1 0 1 0 1 0 28
0 1 0 0 0 1 0 0 1 0 1 0 1 0 0 0 0 1 1 0 0 1 0 1 1 0 1 0 1 0 1 0 0 1 0 0 0 0 0 1 0 0 0 0 0 1 0 0 0 1 17
0 1 1 1 0 0 1 0 0 0 0 0 1 0 0 1 1 0 1 1 0 0 0 0 0 0 0 0 1 0 0 0 1 1 1 1 1 1 1 1 0 1 0 0 0 0 0 0 0 0 19
0 1 1 0 1 1 1 1 0 1 1 1 1 1 0 1 0 1 0 0 1 0 1 1 1 1 0 1 1 1 1 0 0 0 1 0 1 0 0 1 0 1 1 0 0 1 0 0 0 1 29
0 0 1 0 0 0 1 1 1 1 0 1 0 0 1 1 0 0 1 1 1 0 1 0 1 0 0 1 1 1 0 0 0 1 1 0 1 0 0 1 1 0 0 1 1 1 0 1 1 1 27
1 0 1 1 0 1 1 1 0 0 1 0 0 1 0 0 0 0 0 1 0 1 0 0 0 0 1 1 0 0 0 1 0 0 1 1 1 1 0 0 0 1 0 0 0 1 1 1 1 1 23
1 1 1 1 1 0 0 0 0 0 1 0 0 0 1 1 1 1 0 1 1 0 0 1 0 0 0 0 0 0 0 0 1 0 0 0 1 1 1 1 0 1 0 1 1 1 1 1 0 1 25
0 1 1 0 1 1 1 0 0 1 1 1 0 1 1 1 0 1 0 1 1 0 1 0 0 1 1 1 0 0 1 0 0 1 1 0 1 0 1 1 1 0 0 1 1 0 0 1 1 0 29
1 0 0 1 1 0 0 1 1 0 1 1 0 1 1 1 0 0 1 1 0 1 1 1 0 0 1 1 1 1 1 0 0 0 0 0 0 1 0 0 1 1 1 0 0 0 1 0 0 1 26
0 0 1 1 0 0 0 0 0 1 0 1 1 0 0 0 1 1 0 1 0 1 1 0 0 0 0 1 0 0 0 0 0 0 1 0 1 0 1 0 0 0 0 1 0 0 0 1 1 0 17
1 1 1 1 0 0 1 1 1 0 1 0 0 1 0 0 0 0 1 1 1 1 1 1 0 1 1 1 0 1 0 0 0 0 0 1 1 0 0 0 1 1 0 0 0 0 0 1 0 0 24
1 0 0 1 0 1 0 0 0 1 1 0 1 0 0 1 1 0 1 0 1 1 1 1 0 0 0 0 0 1 0 1 1 1 0 1 1 1 1 1 0 0 1 1 1 1 1 0 1 1 29
0 1 0 1 0 0 1 0 0 0 0 1 0 1 1 1 0 0 0 1 0 0 0 0 0 0 0 1 1 0 0 0 0 0 0 0 0 1 0 0 0 0 0 0 1 0 0 0 1 0 13
0 0 1 0 0 1 0 0 1 0 0 1 0 0 1 1 0 1 1 0 1 0 1 1 0 0 1 1 0 1 1 0 0 1 0 0 1 1 1 0 1 0 0 1 1 1 1 1 0 0 25
1 0 0 1 0 0 0 1 1 1 0 1 1 1 0 0 0 1 1 1 0 1 0 1 0 0 0 1 1 1 0 1 0 1 1 1 1 0 0 0 1 1 1 0 0 0 1 0 0 1 26
0 0 1 1 0 1 0 0 0 1 1 0 1 0 0 1 0 1 0 0 0 1 0 0 0 1 0 0 1 1 1 0 1 1 1 1 0 1 0 1 0 1 1 1 0 1 1 1 0 1 26
0 0 1 0 1 0 1 1 1 1 0 0 1 0 0 1 0 1 1 1 0 0 0 0 1 0 0 0 0 1 1 0 0 0 0 1 1 1 1 1 1 1 0 0 0 1 1 1 0 1 25
1 0 1 1 1 1 0 0 0 1 1 1 0 0 0 1 0 1 1 1 1 0 0 1 0 1 0 0 0 0 0 1 0 0 1 0 0 1 1 0 0 0 0 0 1 1 0 0 1 1 23
1 1 0 0 0 1 1 1 1 1 0 1 0 1 1 1 0 0 1 0 1 1 1 1 0 0 0 0 0 1 0 1 1 1 0 0 1 1 1 0 1 1 0 0 0 0 0 0 0 0 25
1 1 0 0 0 1 1 1 1 0 1 1 0 0 0 0 1 0 1 1 0 0 0 1 1 1 0 0 0 0 0 0 1 0 1 1 1 0 1 0 0 0 1 0 1 0 1 0 1 1 24
1 0 1 0 1 1 0 1 1 0 1 0 1 1 1 0 0 0 0 0 0 0 0 1 0 1 1 0 1 1 0 1 1 0 1 1 0 0 0 0 0 1 1 0 0 1 0 0 1 1 24
1 0 0 1 0 1 0 1 0 1 1 1 0 0 0 1 1 1 0 1 0 1 0 1 1 0 0 1 1 0 0 1 0 0 1 1 0 1 0 1 1 0 0 0 0 1 0 1 1 0 25
1 0 1 0 0 0 0 0 1 0 1 1 0 0 1 1 1 1 0 0 0 1 1 0 1 0 1 0 1 0 0 0 0 0 1 1 1 1 0 1 1 0 1 1 1 0 0 1 0 1 25
1 1 0 0 1 0 0 0 1 1 0 1 0 0 1 1 0 1 0 1 0 1 0 0 1 1 0 1 0 1 0 0 1 0 0 1 0 0 1 0 1 0 1 0 0 0 0 0 1 1 22
1 0 0 1 0 0 1 1 0 1 0 0 1 0 1 1 0 1 1 1 0 1 1 0 0 0 0 1 0 1 0 1 0 0 0 0 1 1 1 0 0 0 1 0 0 0 0 0 0 1 21
0 1 0 0 0 1 0 1 0 1 0 1 1 0 1 1 0 1 1 1 0 0 1 1 0 0 1 1 1 1 0 0 0 0 0 0 0 1 0 0 0 0 1 0 0 1 0 1 0 1 22
0 1 1 0 1 0 0 0 0 0 1 0 0 0 1 0 0 1 1 1 1 0 1 1 0 1 1 1 1 0 0 0 1 1 1 1 0 1 0 1 1 0 0 1 0 1 0 0 0 0 24
1 0 1 1 1 0 1 0 1 0 1 0 0 0 1 1 0 1 0 0 1 0 0 1 1 0 0 1 0 0 0 1 0 0 0 1 1 0 0 0 0 0 1 1 1 1 0 1 1 1 24
0 1 1 1 1 1 0 0 0 1 1 0 0 1 1 0 1 1 1 1 0 1 0 0 1 1 1 0 1 1 1 0 1 1 1 0 1 0 0 1 1 0 0 1 0 0 0 1 1 1 30
1 0 1 0 0 1 0 0 1 0 0 0 1 0 0 1 0 1 1 0 1 1 1 1 0 1 0 1 1 1 0 0 0 1 1 1 1 1 0 1 1 0 1 0 0 0 1 0 1 0 26
0 0 1 0 0 0 1 1 1 0 1 1 1 1 1 0 0 0 0 1 0 0 0 0 1 0 0 0 0 0 1 1 1 1 0 0 0 1 1 0 0 0 1 0 1 1 0 1 1 1 23
1 1 0 0 1 1 1 1 1 1 0 0 1 0 0 0 0 0 0 1 1 1 0 0 1 0 0 1 1 0 0 0 1 1 1 0 0 1 0 0 0 0 0 0 0 1 0 1 1 1 23
1 1 1 1 0 1 0 1 0 0 0 0 0 1 0 1 1 0 1 1 1 0 0 0 1 1 1 0 1 0 1 0 0 1 1 0 0 1 0 0 0 0 1 1 0 1 0 1 1 1 26
1 0 1 1 1 1 0 1 1 0 0 0 0 1 0 1 1 0 1 1 0 1 0 0 1 0 0 0 0 0 0 1 1 1 0 1 1 0 0 0 1 1 0 0 0 0 0 1 0 1 23
1 1 1 1 0 1 1 1 0 1 1 0 1 1 1 1 0 0 1 0 0 0 0 0 0 0 1 1 0 1 1 1 0 1 0 1 1 0 0 0 1 0 0 1 0 1 0 0 1 1 27
0 1 1 1 1 1 0 1 0 1 0 0 1 1 0 1 0 1 0 1 1 1 1 1 1 0 1 1 1 1 1 0 0 1 0 1 0 1 1 0 0 1 0 1 1 0 1 1 1 0 32
1 1 1 1 1 1 1 1 0 0 1 1 0 1 1 1 0 1 1 0 0 0 1 0 1 0 0 0 0 0 1 0 0 1 1 0 1 1 0 1 0 1 1 0 0 1 0 1 0 0 27
1 1 1 0 1 1 1 0 1 1 0 1 1 1 1 0 0 0 0 1 1 1 1 1 0 1 0 0 1 1 0 0 1 1 0 0 0 1 0 0 0 0 0 1 0 0 0 1 0 0 25
1 0 1 1 0 1 0 0 0 1 1 1 0 0 1 1 0 0 1 0 1 0 0 0 1 0 1 0 0 0 0 0 1 0 0 1 1 1 0 0 0 0 0 1 0 1 0 0 1 0 20
0 0 1 0 0 1 1 0 1 1 0 1 1 1 1 0 0 0 1 1 1 1 1 0 0 1 1 1 0 0 0 0 0 1 0 1 0 0 1 0 0 0 1 1 1 0 0 0 0 0 23
1 1 1 1 1 1 1 0 1 0 0 1 1 0 1 0 1 0 1 0 1 0 0 0 0 1 1 1 0 1 0 1 0 1 0 0 1 0 0 0 1 1 0 1 1 1 1 1 1 1 30
1 1 0 1 1 1 1 0 1 0 1 1 0 0 1 1 0 1 1 0 0 1 0 1 1 1 1 0 1 1 1 0 0 0 0 0 1 0 0 1 0 0 1 0 1 0 1 1 0 0 27
1 0 0 1 1 1 0 1 0 1 0 0 0 0 1 1 0 0 0 0 1 1 1 1 1 0 1 0 1 1 0 1 0 1 1 1 1 1 0 1 1 0 1 0 1 1 0 0 0 0 27
1 0 0 1 1 0 1 1 1 1 1 1 1 1 0 0 1 0 0 0 1 1 1 0 1 1 0 0 1 0 0 0 1 1 1 0 1 0 1 0 1 1 1 1 0 0 0 1 0 1 29
1 1 1 1 1 1 1 0 0 1 0 1 1 0 1 1 1 0 1 1 1 0 1 1 1 0 1 1 1 1 0 1 1 1 1 0 1 0 0 0 1 0 0 1 1 1 1 0 0 1 34
1 1 1 1 1 0 1 0 1 1 1 0 0 1 1 0 1 0 0 1 0 0 0 1 0 0 1 1 0 1 0 1 1 0 1 0 1 1 0 1 0 0 1 0 1 0 1 1 1 1 29
1 1 1 1 0 1 1 1 0 1 1 0 0 0 0 0 0 0 0 1 0 0 0 1 0 1 1 0 0 0 1 1 1 0 1 1 1 1 0 1 1 1 1 1 1 1 0 1 0 0 28
1 1 0 0 1 0 1 0 0 1 1 1 1 0 1 1 1 0 1 0 0 1 0 1 1 0 1 1 1 0 1 0 1 1 0 0 0 0 1 0 0 0 1 1 0 0 1 0 0 1 26
0 0 0 0 1 1 0 1 0 0 1 0 0 1 1 0 0 1 0 0 0 1 1 1 0 0 1 1 0 1 1 1 1 0 1 1 0 1 0 1 1 0 0 1 0 1 1 1 0 0 25
0 1 0 0 1 1 1 1 1 0 0 0 0 0 1 0 1 1 1 0 1 1 0 0 1 1 1 1 1 1 0 0 0 1 1 0 1 0 1 1 0 1 1 1 1 1 1 0 0 0 29
1 1 1 1 1 1 0 1 1 1 0 1 0 1 1 1 0 1 1 1 1 0 1 0 1 0 0 1 1 0 1 0 0 1 1 0 1 0 0 1 0 0 0 0 0 1 0 0 1 0 28
1 0 0 0 1 1 1 1 0 1 1 1 1 0 1 1 1 0 1 0 0 0 1 1 1 1 1 1 0 0 1 0 0 1 0 0 0 0 0 1 1 1 1 1 0 0 0 1 0 0 27
1 0 1 0 1 1 1 1 1 0 1 0 1 0 1 1 0 1 0 1 1 1 0 0 1 1 0 0 1 0 0 0 0 1 0 1 1 1 0 0 1 0 0 1 1 1 0 1 0 0 27
1 1 1 1 1 1 1 0 0 1 1 1 1 1 1 1 1 1 1 1 0 1 1 1 0 0 0 1 1 1 1 1 1 0 1 0 0 0 1 1 1 0 0 0 1 0 1 1 0 0 34
0 1 1 1 0 0 1 0 1 1 1 1 1 0 0 1 0 0 0 0 1 0 0 1 0 1 0 0 1 0 1 0 1 1 0 0 1 1 0 1 0 1 1 0 0 1 0 0 0 0 23
0 1 1 0 0 0 0 0 1 1 0 1 0 1 1 1 1 1 0 1 1 0 0 1 0 1 1 1 1 0 0 1 1 0 1 0 0 0 1 0 1 0 1 1 1 0 0 0 0 1 26
1 1 0 1 0 0 0 0 1 1 1 1 0 1 0 0 0 1 0 0 0 1 0 1 1 0 1 1 1 1 0 0 1 0 1 0 1 1 0 1 1 1 1 1 1 0 0 1 0 1 28
0 0 1 0 0 0 1 1 0 0 0 0 0 1 1 1 0 0 0 0 1 1 1 0 0 0 0 1 1 1 0 0 0 0 0 0 1 1 1 0 0 1 0 1 1 1 0 1 0 0 20
0 1 0 1 0 0 0 1 0 0 0 0 1 1 1 1 1 1 1 1 1 1 0 0 0 0 1 1 0 0 0 0 0 1 1 0 1 0 1 0 1 0 0 1 1 0 0 1 1 0 24
1 1 1 0 0 1 1 0 1 0 1 0 1 1 0 1 0 1 0 1 1 1 0 0 1 0 0 0 1 0 0 0 0 0 1 0 1 1 1 0 1 0 1 1 1 0 0 1 1 0 26
0 0 0 1 0 1 1 0 0 0 1 0 1 1 1 1 1 0 0 0 0 0 0 0 1 0 0 0 1 1 1 0 1 1 1 1 0 1 0 0 0 1 0 0 1 1 0 0 0 1 22
0 0 0 0 1 1 1 1 0 0 1 1 1 0 0 0 1 0 0 1 0 0 0 1 0 0 0 0 0 0 1 1 1 0 0 1 1 1 1 0 0 1 1 1 0 1 1 1 1 0 24
0 0 1 1 0 1 1 0 0 1 1 1 1 1 1 1 1 1 1 0 1 1 1 1 1 1 0 0 1 1 0 1 0 1 1 1 0 0 0 0 1 1 1 0 1 1 0 1 1 1 34
1 1 0 1 0 0 0 1 0 0 1 1 0 0 1 1 1 1 1 1 1 0 1 1 0 0 1 1 1 0 1 1 0 1 1 0 1 0 1 1 1 0 0 0 1 0 1 0 0 0 28
0 0 0 0 0 0 0 0 0 1 1 1 0 0 0 0 0 1 0 1 0 0 1 1 1 1 0 1 0 1 1 0 0 1 1 0 1 0 1 1 1 1 0 1 1 0 0 1 1 1 24
1 1 1 0 0 1 1 0 0 0 1 1 1 0 0 1 1 1 1 1 0 0 0 1 0 1 0 1 0 1 1 0 0 0 0 0 0 1 1 0 0 0 0 0 0 1 1 1 0 0 23
0 0 0 0 0 0 1 0 0 1 1 1 1 1 0 0 0 1 1 1 0 1 1 1 0 0 0 1 0 1 0 1 0 1 0 0 1 0 1 1 1 0 1 0 1 0 0 1 1 1 25
0 1 1 1 0 1 1 1 1 0 0 1 1 1 0 0 0 1 1 1 0 1 1 0 0 1 0 1 1 0 1 0 1 1 0 1 1 1 0 1 1 0 0 1 0 0 0 1 1 1 30
1 0 0 1 0 0 1 0 0 0 1 1 0 0 1 0 1 1 0 0 1 0 0 1 0 0 0 0 0 0 1 0 1 1 1 0 1 1 1 1 0 1 1 0 0 1 0 0 1 1 23
1 1 0 0 1 0 0 1 0 1 1 0 0 0 1 0 0 0 0 0 1 0 1 1 1 1 1 1 0 1 0 0 0 1 1 1 0 0 0 0 0 0 0 1 0 1 1 0 0 0 21
1 0 1 0 1 0 1 0 1 0 1 0 0 1 0 0 1 1 1 1 1 1 0 0 1 0 0 1 1 0 0 0 0 0 0 0 0 0 1 1 0 1 1 0 0 0 0 0 0 0 20
1 0 0 1 1 0 0 0 1 1 1 1 1 1 0 0 1 1 1 1 0 1 1 0 0 0 0 1 1 0 0 0 0 1 1 0 1 1 1 1 0 1 0 1 0 0 1 0 0 0 26
0 0 1 0 1 0 0 0 1 1 0 1 0 1 1 0 0 0 1 1 1 0 0 0 1 0 1 1 0 0 1 0 0 1 1 1 0 0 0 1 0 0 1 0 1 0 1 1 0 0 22
0 0 0 1 0 1 0 1 0 0 0 0 1 1 1 0 0 1 1 0 0 0 0 1 1 0 0 1 0 1 1 1 0 0 0 0 0 1 0 0 1 0 0 0 0 0 1 0 0 1 18
0 1 1 0 0 1 0 1 0 0 0 0 1 0 1 0 1 0 0 1 1 1 1 1 0 1 0 0 1 0 0 0 1 0 0 1 0 1 0 1 0 1 0 0 1 1 1 0 0 0 22
1 0 1 1 1 1 0 1 1 0 1 1 1 1 0 1 0 1 0 1 0 1 1 0 0 1 1 1 0 0 1 1 1 1 1 0 1 1 0 0 0 1 1 0 1 1 0 0 1 1 32
0 1 1 1 1 0 1 0 1 1 0 1 1 1 1 1 0 1 1 1 1 1 1 1 0 1 0 0 0 1 1 1 0 0 0 0 0 1 1 0 0 0 0 0 0 0 0 0 0 1 26
1 0 0 0 0 1 1 1 1 1 1 0 1 0 1 1 1 1 0 1 1 1 1 0 1 0 1 0 0 0 1 1 0 1 1 1 1 1 1 0 0 1 0 1 0 0 0 0 0 1 29
1 1 0 1 0 0 1 0 0 0 1 1 1 0 1 1 1 0 1 0 0 1 0 0 1 1 0 1 1 1 1 0 0 1 1 1 1 1 1 0 1 0 1 1 0 0 0 0 0 0 27
0 1 0 0 0 1 0 1 0 0 1 0 1 1 0 1 0 0 1 0 1 0 0 1 1 0 1 1 0 1 1 0 0 0 1 0 0 1 1 1 0 1 0 1 1 0 0 1 1 0 24
0 1 1 1 0 1 1 1 1 0 0 0 0 0 1 1 1 0 0 1 0 1 1 0 0 1 1 0 1 0 1 0 0 1 1 0 1 1 1 0 0 0 1 0 0 1 1 0 0 0 25
0 1 0 1 1 0 0 0 1 1 0 1 0 0 1 1 1 0 0 1 1 0 1 1 1 1 1 1 1 1 1 1 1 0 0 1 0 1 1 0 1 1 1 1 1 0 1 0 0 0 31
0 1 0 0 1 1 0 1 1 0 1 1 1 0 1 0 0 1 1 1 1 0 0 1 0 0 1 0 1 0 1 1 0 0 1 0 0 0 0 0 0 0 1 1 0 1 1 1 1 0 25
1 1 1 0 1 0 1 0 1 0 0 1 1 1 1 0 0 0 0 0 0 1 1 1 1 1 1 0 1 0 1 0 0 1 1 0 0 0 0 0 0 1 0 1 0 0 0 1 0 0 23
0 1 1 0 0 0 0 0 1 0 1 1 1 0 1 1 0 0 0 1 0 0 0 1 1 1 1 0 1 0 0 1 1 1 1 0 1 1 1 1 1 1 1 1 0 0 1 1 1 0 29
1 1 1 1 1 1 1 1 0 0 1 1 0 1 1 0 1 1 0 0 0 0 1 0 1 0 0 1 1 1 1 1 1 1 1 1 1 1 1 1 1 1 1 0 1 1 1 1 1 0 37
0 0 1 0 0 0 0 1 0 1 1 1 0 1 0 0 1 0 1 1 1 1 1 1 0 0 1 1 0 0 0 1 1 0 1 1 0 1 1 0 1 0 0 0 0 1 1 0 1 1 26
1 1 1 1 1 0 1 0 1 1 0 1 0 0 1 0 0 1 1 1 1 0 1 0 0 0 0 1 0 0 0 1 0 0 1 1 1 1 0 1 1 0 1 1 1 0 1 0 0 0 27
0 1 0 0 0 0 1 1 0 0 1 0 0 1 1 0 0 1 0 1 0 1 1 0 1 0 1 0 1 1 0 0 1 1 0 1 1 1 1 0 0 0 1 1 1 0 0 0 0 0 23
1 0 1 1 0 1 0 0 0 1 1 0 1 0 1 1 1 1 1 0 1 1 0 1 1 1 0 1 0 0 0 1 1 1 0 0 0 0 1 0 0 0 1 1 1 1 0 1 0 0 27
0 0 0 1 1 0 1 0 0 0 1 0 1 0 0 0 0 1 1 1 1 0 1 0 0 1 0 0 1 1 0 0 1 0 1 1 1 0 0 0 1 0 1 1 1 0 0 0 1 1 23
0 1 1 1 0 1 1 0 0 1 0 1 1 1 0 0 1 1 1 0 1 1 0 0 1 0 0 1 1 0 1 0 1 0 0 1 1 0 1 1 0 1 0 1 1 1 1 1 1 0 30
0 1 1 1 0 1 1 1 1 1 1 1 0 0 1 0 1 0 0 1 0 0 0 1 0 1 0 0 1 0 0 0 1 1 1 0 0 1 1 1 1 1 1 1 1 0 1 1 0 1 30
0 1 1 0 1 0 1 0 0 1 0 0 1 1 1 0 1 1 0 1 1 0 1 0 0 0 0 1 1 1 0 0 1 1 1 1 1 0 1 0 0 0 0 1 0 0 0 1 0 0 24
0 0 0 1 1 1 1 0 1 1 1 0 0 1 1 1 0 0 1 0 0 0 0 0 0 0 0 1 1 1 1 0 0 1 0 0 1 1 0 1 0 1 0 0 1 0 0 1 1 1 24
0 0 0 0 0 1 0 0 0 1 1 0 1 0 0 1 0 0 1 0 1 1 1 0 0 0 1 0 0 0 0 0 0 1 1 0 0 1 0 1 1 0 0 1 1 1 0 1 1 0 20
1 0 0 0 1 1 1 1 1 1 1 0 1 0 1 0 1 1 1 0 1 0 1 0 0 0 0 1 1 1 1 1 1 0 1 1 1 0 0 1 1 1 1 1 0 1 0 1 1 0 32
0 1 0 1 1 0 1 0 0 1 1 1 1 1 1 1 1 0 0 1 1 1 0 0 0 0 0 0 1 1 0 1 0 1 1 1 1 0 1 0 0 0 0 0 1 0 1 1 0 1 27
1 0 1 0 0 1 1 0 0 1 1 0 0 1 1 1 1 1 0 0 1 1 1 0 1 1 1 0 0 0 0 1 0 1 1 0 1 1 0 1 1 0 0 0 0 0 1 1 1 0 27
0 1 1 1 1 1 0 1 0 0 1 0 1 1 1 1 1 1 1 1 1 0 1 0 0 1 0 0 1 0 0 0 0 1 0 0 0 1 0 0 1 1 0 0 1 0 1 0 1 0 26
1 0 1 1 1 1 0 1 0 0 0 1 0 0 1 0 0 0 0 1 0 1 1 0 1 1 1 0 1 1 1 1 1 0 1 0 1 0 0 0 0 1 1 0 0 0 0 0 0 1 24
0 0 1 1 1 0 1 1 1 1 0 1 1 1 1 0 1 0 0 0 0 1 0 0 0 1 1 0 0 0 0 1 1 1 0 1 0 1 0 0 0 0 0 1 0 0 0 1 0 1 23
1 0 1 1 1 1 0 1 0 0 0 0 0 0 0 1 1 0 1 1 0 1 0 0 1 0 1 0 1 1 0 0 0 1 0 1 1 0 1 1 1 0 0 1 1 1 1 0 0 1 26
0 1 0 0 1 1 1 0 0 0 0 1 0 1 0 0 1 0 0 1 0 1 1 0 1 0 1 0 0 1 1 0 1 0 0 1 1 1 1 1 1 0 1 0 0 1 0 1 1 0 25
1 1 1 1 0 1 0 0 0 1 1 0 1 0 1 1 1 1 0 1 0 1 0 0 0 0 0 0 1 0 0 1 1 0 1 0 1 0 0 1 1 0 0 0 0 0 1 0 1 1 24
1 1 0 0 0 1 1 0 0 0 1 0 1 0 0 0 1 0 1 1 0 1 0 1 0 0 1 1 1 1 1 1 0 0 1 1 1 1 0 0 1 1 1 0 0 1 0 1 0 1 27
1 1 0 1 1 1 0 1 1 1 0 0 0 1 0 0 1 1 1 1 0 0 1 1 1 0 0 0 1 1 0 0 0 0 0 1 1 0 0 0 1 1 1 1 0 1 1 1 1 0 28
1 1 0 1 1 1 1 0 0 0 1 1 0 0 0 1 0 1 0 1 1 1 0 1 1 0 0 1 0 1 1 1 0 0 1 0 0 0 1 1 0 1 0 1 0 1 1 1 0 0 27
0 1 0 1 0 0 0 1 0 0 1 1 0 1 1 0 1 1 0 0 1 1 0 1 0 0 0 1 0 0 0 1 1 1 0 1 0 0 0 1 0 0 1 0 0 1 1 1 0 1 23
1 1 0 1 0 0 0 0 1 0 1 1 1 1 0 1 1 1 0 1 0 1 0 1 1 0 0 1 0 0 1 0 1 1 1 1 0 0 0 0 0 1 0 0 0 0 0 1 0 1 24
1 0 1 0 0 0 0 1 0 1 0 1 1 0 1 1 1 1 0 0 0 1 0 0 1 0 0 1 1 0 0 1 0 1 1 1 0 1 0 0 0 1 1 1 0 1 1 1 1 1 27
0 0 1 1 1 1 1 1 0 1 1 0 0 1 1 0 0 0 0 0 0 0 1 0 0 1 1 1 0 0 0 0 0 1 0 1 1 0 0 1 1 1 1 1 0 0 1 1 0 1 25
1 0 1 1 1 1 1 0 1 1 0 1 1 0 1 0 1 0 1 0 0 0 1 0 0 1 1 1 1 0 1 0 0 0 0 0 1 0 0 1 0 0 0 1 1 0 0 1 1 1 26
1 0 0 1 0 1 1 0 0 0 0 1 0 1 1 0 1 1 1 1 1 1 1 0 0 0 0 1 1 1 1 0 0 0 0 1 0 1 0 1 0 1 0 0 0 0 0 0 0 0 22
1 1 1 0 1 0 0 0 0 0 1 0 1 1 1 0 0 1 1 0 1 0 1 1 0 0 1 0 1 0 0 1 1 1 1 0 0 0 1 0 0 0 1 0 0 1 1 1 0 0 24
1 0 0 0 1 1 1 1 0 1 1 0 1 1 1 0 1 0 1 1 1 0 0 0 1 1 1 0 0 1 0 0 1 1 1 1 1 1 0 0 0 0 1 1 0 1 1 0 1 0 29
0 1 0 1 0 0 1 1 1 1 1 0 1 1 1 0 0 0 0 0 1 0 1 0 1 1 0 1 1 1 0 1 0 1 1 1 0 0 1 0 0 1 0 1 0 0 1 1 1 0 27
1 0 1 1 0 0 1 1 1 1 0 1 0 0 1 0 0 0 1 0 0 0 1 1 1 1 0 0 1 0 0 1 0 1 1 1 1 1 1 1 1 0 1 0 1 1 0 1 0 1 29
1 0 0 1 1 1 1 0 0 1 1 1 0 1 1 1 1 1 1 1 0 0 0 1 1 0 0 0 1 0 0 1 1 0 0 0 1 1 0 1 1 1 1 1 0 1 0 1 1 0 30
0 0 1 0 1 0 0 1 1 1 0 1 0 1 0 1 1 0 0 0 1 0 0 0 1 0 0 1 1 1 0 1 1 0 0 1 1 1 1 0 1 0 1 1 1 1 0 1 0 0 26
1 1 0 1 0 0 0 1 1 0 1 0 1 1 1 1 0 0 0 1 1 0 0 1 1 0 1 1 0 0 1 0 0 0 0 1 0 0 0 1 0 1 1 0 0 0 1 1 1 0 24
0 0 0 1 0 0 0 1 1 1 1 1 0 1 0 0 1 1 1 1 1 0 0 0 1 1 1 1 0 1 0 1 0 0 0 0 0 0 1 0 1 1 1 1 1 1 1 1 0 0 27
1 0 0 1 0 0 0 0 0 1 0 1 0 1 0 0 1 1 1 1 0 0 0 1 0 1 1 1 0 0 0 1 1 1 0 1 1 1 1 1 1 0 1 1 0 1 0 1 0 0 26
0 0 0 1 1 0 1 0 0 1 0 1 1 1 0 1 0 0 1 1 1 0 1 1 1 1 0 1 1 1 0 1 0 1 0 0 1 1 1 0 0 0 0 1 1 1 1 1 1 0 29
1 1 1 1 1 0 0 1 0 0 0 1 1 0 0 0 1 1 0 0 1 0 0 0 1 0 1 1 1 0 0 1 0 0 0 1 1 1 1 1 1 1 0 0 0 1 0 1 0 1 26
1 1 0 0 0 1 0 0 1 0 0 0 1 0 0 0 0 1 0 0 0 1 1 1 0 1 0 0 0 1 0 1 0 1 0 1 1 0 0 1 1 1 0 0 0 1 0 1 0 1 21
0 1 1 0 1 0 0 1 0 1 1 0 0 1 1 0 1 0 0 1 1 0 1 1 0 1 1 1 1 1 0 0 0 1 0 0 0 0 1 1 0 0 1 0 1 1 1 1 1 0 27
0 0 1 1 0 1 1 0 0 1 0 1 0 1 0 0 0 1 1 1 0 1 1 1 1 0 1 0 0 1 1 1 1 0 1 0 0 1 0 0 0 1 1 0 0 0 0 0 0 0 23
1 0 0 0 1 1 0 0 0 0 1 0 1 0 1 0 0 1 1 1 0 1 1 0 0 0 0 0 1 0 0 1 0 1 1 1 0 0 0 1 1 0 0 0 0 1 1 1 0 1 22
0 0 0 0 0 0 1 1 0 0 0 0 0 0 0 1 0 1 0 1 1 0 1 0 0 1 0 0 1 1 0 1 1 1 0 0 1 1 1 0 1 0 0 1 0 0 0 1 1 0 20
0 1 1 1 0 1 0 1 1 1 0 1 1 1 0 1 0 1 1 1 1 1 0 0 0 0 0 0 0 0 0 0 1 1 1 0 0 0 0 1 1 0 1 0 0 0 1 0 1 1 25
1 1 1 0 1 1 0 0 0 1 1 0 0 0 1 0 0 1 1 1 1 1 1 1 0 1 1 1 1 0 1 0 1 0 0 1 1 0 0 0 0 1 1 0 1 0 0 1 1 0 28
0 1 1 1 1 0 0 1 0 1 0 1 0 0 0 1 1 1 0 1 0 0 0 1 0 0 1 0 0 0 0 1 0 0 0 1 0 0 0 0 1 1 0 1 0 0 0 0 1 0 19
1 1 0 0 0 1 0 0 1 1 1 0 0 0 0 1 0 1 0 1 1 1 0 0 0 0 0 0 1 0 0 1 1 0 1 1 1 0 0 1 0 0 1 0 0 1 0 0 0 0 20
1 0 1 0 1 0 0 0 1 0 0 0 0 0 0 1 0 0 1 0 0 0 1 0 0 0 1 1 1 1 1 1 0 0 1 0 0 1 0 0 0 0 0 1 1 1 0 1 0 0 19
0 1 0 1 1 0 0 0 0 0 0 1 0 0 0 1 1 0 0 1 0 1 0 0 1 1 0 0 1 1 0 0 0 0 0 1 1 1 0 0 1 0 1 1 1 1 0 1 1 1 23
1 1 0 1 0 0 0 1 0 1 0 1 1 0 1 0 0 1 1 1 0 1 0 0 1 1 0 0 1 1 0 1 0 1 0 1 1 1 1 1 0 1 1 1 1 1 0 0 0 0 28
1 1 1 0 0 1 1 0 1 0 0 0 0 1 0 1 0 1 1 0 0 1 0 1 0 1 1 0 0 1 1 1 0 0 1 1 1 1 1 0 0 0 1 1 0 0 0 0 1 0 25
1 1 0 1 0 1 0 0 0 0 0 0 1 1 1 0 0 1 0 1 1 1 1 1 1 0 1 0 0 0 0 0 0 1 0 1 1 0 1 1 0 0 1 0 0 0 1 1 0 0 23
0 1 1 1 1 1 1 0 1 1 1 0 1 0 0 1 0 0 1 0 1 0 1 1 1 1 1 1 1 1 1 0 0 1 1 1 1 1 1 0 0 1 0 0 0 1 1 0 1 1 33
1 0 0 0 0 1 1 1 0 1 0 0 0 0 0 1 1 1 0 1 1 1 0 1 1 1 0 1 1 1 1 1 1 1 1 0 1 1 0 1 1 1 0 1 0 1 1 0 0 1 31
0 0 0 1 1 1 0 1 0 1 1 0 0 0 0 1 0 0 1 0 0 0 0 1 0 1 0 0 0 0 0 0 1 0 0 0 0 0 0 1 0 1 1 0 1 0 1 0 0 0 16
0 1 0 1 1 1 0 1 0 1 0 1 1 1 0 1 0 1 1 1 1 0 0 0 0 0 1 0 1 0 1 1 0 1 0 1 0 0 1 1 1 0 1 1 0 0 0 1 0 1 27
1 0 1 0 0 1 1 1 0 0 0 0 1 0 0 1 0 0 0 0 0 0 1 1 1 1 0 1 1 0 1 1 0 1 1 1 1 0 0 1 1 0 0 0 1 1 0 0 1 0 24
0 0 1 0 0 0 0 0 0 0 0 1 0 0 0 1 1 0 0 0 0 1 1 0 0 0 0 0 0 0 1 0 0 1 1 0 1 0 0 0 1 0 0 1 0 0 1 1 0 0 14
1 0 1 1 1 0 0 0 1 1 1 0 0 1 1 1 0 1 0 1 0 1 0 0 1 0 1 0 0 1 0 0 1 1 0 0 1 0 1 1 0 0 1 0 0 1 1 1 1 0 26
1 1 1 0 1 0 1 0 0 1 1 1 1 0 0 0 0 1 0 0 1 0 0 1 1 0 1 0 1 1 1 1 0 1 1 1 1 1 1 1 0 1 0 1 0 1 1 0 1 0 30
0 0 1 0 0 1 0 0 0 1 0 1 0 1 1 0 1 1 0 0 1 0 1 1 0 0 1 1 0 1 0 1 0 0 1 1 0 1 0 0 1 1 0 1 0 0 1 0 0 0 22
0 1 0 0 1 0 1 1 0 1 0 1 0 0 1 0 1 1 0 1 1 1 1 0 0 0 1 0 0 1 1 0 0 1 0 0 1 1 0 0 0 1 0 1 1 1 0 1 1 1 26
1 0 1 1 1 1 1 1 0 0 1 0 0 0 1 1 0 1 1 1 0 1 0 0 0 0 1 0 1 0 0 1 0 1 0 1 0 1 0 1 1 0 1 1 0 0 0 1 0 1 26
0 1 1 1 1 0 0 0 0 0 0 1 1 0 0 0 0 1 1 0 1 1 0 1 0 1 0 1 0 0 0 1 1 0 1 1 1 1 0 1 1 1 1 1 1 1 1 0 0 1 28
1 0 1 0 0 0 1 1 1 0 1 1 1 1 1 1 0 0 0 0 0 0 1 0 0 0 1 1 0 0 1 1 0 0 0 0 1 0 0 1 1 0 0 1 1 1 0 0 0 0 22
0 1 0 1 1 1 1 1 1 1 1 0 1 0 0 0 1 0 0 1 0 0 0 0 0 1 0 1 1 0 1 0 1 1 1 1 0 1 0 1 1 0 1 0 1 1 0 1 1 0 28
0 0 1 1 0 1 1 1 1 0 0 0 0 0 1 1 0 0 0 0 1 1 1 1 1 0 1 1 1 1 1 1 0 0 0 1 0 1 0 0 1 0 1 1 1 1 0 1 1 0 28
1 0 1 1 0 1 1 1 1 1 0 0 0 1 0 1 1 0 1 1 1 1 1 1 1 1 0 1 0 1 0 0 0 0 1 0 1 1 0 1 1 0 0 1 1 1 1 0 1 0 31
1 0 0 0 0 0 1 1 1 1 1 0 0 0 1 1 1 1 1 0 0 1 1 0 1 1 1 0 1 1 0 0 0 1 0 1 0 0 0 0 1 0 1 1 1 1 1 0 0 1 27
0 1 1 0 1 0 0 1 1 0 1 1 1 0 1 1 1 0 0 0 0 1 0 0 1 1 1 1 0 0 1 0 0 0 0 0 0 0 1 1 0 0 1 1 0 1 1 0 1 1 25
1 1 1 0 0 1 1 1 0 1 1 0 1 0 0 1 1 1 1 0 0 0 1 1 1 0 1 1 1 1 1 0 1 0 0 1 1 0 0 1 0 1 0 1 1 0 1 1 0 0 30
0 0 1 1 1 0 1 1 0 1 1 1 0 0 1 0 1 1 0 0 0 0 1 0 0 0 0 1 1 0 1 0 1 0 1 0 0 0 1 0 0 0 0 1 0 1 0 0 1 1 22
0 0 0 0 0 1 0 0 0 0 1 1 0 0 1 1 0 0 0 0 1 1 0 1 1 0 1 1 0 1 0 0 0 0 0 1 0 1 1 1 0 0 1 1 0 1 1 1 0 0 21
1 1 0 0 0 0 1 1 0 1 0 0 1 0 0 1 0 1 0 1 1 0 1 0 0 0 0 1 1 1 0 1 0 1 1 1 1 1 0 1 0 0 1 1 0 1 0 0 0 0 24
0 1 1 0 0 1 0 1 1 0 0 1 0 0 0 0 0 0 0 1 1 0 1 0 1 0 0 1 0 1 0 0 1 0 0 1 0 1 1 1 0 0 1 0 1 1 1 1 0 0 22
0 0 0 1 0 0 0 1 1 1 0 1 1 0 1 1 0 0 0 1 1 0 1 1 0 1 1 1 1 1 1 0 1 1 1 1 1 1 0 0 1 0 1 0 1 1 1 0 0 1 30
1 1 1 0 1 0 1 1 0 0 1 1 1 1 0 0 1 1 1 1 1 0 0 0 1 1 0 0 1 0 0 1 1 0 1 0 0 1 0 0 1 1 0 1 0 0 1 1 1 1 29
1 1 1 0 1 1 0 0 1 1 1 0 1 1 1 1 1 1 1 1 0 0 1 0 1 0 0 0 0 1 1 1 0 1 0 0 0 1 1 0 0 0 0 0 1 1 1 1 1 1 30
0 1 1 0 0 1 1 1 0 1 1 1 1 1 1 1 0 0 0 0 0 0 1 0 1 1 1 1 1 0 0 0 0 1 0 0 1 1 0 0 1 0 0 1 1 0 1 0 1 0 26
1 0 0 1 0 0 1 1 1 1 0 1 0 0 0 1 0 1 0 0 0 1 0 1 0 0 1 0 0 0 0 1 1 0 1 0 0 1 0 1 1 0 1 1 1 1 1 1 1 0 25
1 0 0 0 0 1 1 1 0 1 1 1 0 1 0 1 0 0 0 1 1 1 1 1 1 1 1 1 1 1 1 1 0 0 0 0 1 1 1 1 0 0 0 0 0 1 0 0 0 0 27
0 1 1 1 1 1 0 0 0 1 0 0 0 1 0 0 1 1 0 0 0 0 1 0 1 1 1 1 0 0 0 1 1 1 1 1 1 0 1 1 1 1 1 0 0 0 0 0 1 0 26
0 0 1 0 0 1 1 0 1 0 0 1 1 0 0 1 1 0 1 1 0 0 0 0 1 1 1 0 1 1 1 0 1 0 1 1 0 1 1 0 0 0 0 1 1 1 0 1 1 1 27
0 0 1 1 1 1 0 1 0 0 1 0 1 1 1 1 0 1 1 0 1 1 1 0 1 1 1 0 1 1 1 1 1 1 0 1 1 1 1 0 0 0 1 1 0 0 1 0 0 1 32
0 0 1 1 1 0 1 0 1 1 1 1 1 1 1 1 1 0 1 0 1 1 0 0 1 1 1 0 1 1 1 0 1 0 1 1 1 1 0 0 0 0 1 1 0 0 0 1 0 0 30
0 0 1 1 1 0 1 1 0 0 1 1 1 1 0 0 1 1 1 1 1 0 0 0 0 1 1 0 1 1 1 1 1 0 0 0 0 0 0 0 0 1 1 1 1 0 1 1 0 0 27
1 0 1 1 0 0 1 1 1 1 1 0 1 1 1 0 0 0 0 1 1 0 0 1 1 0 0 0 0 0 0 1 0 0 0 1 1 1 0 0 1 1 0 0 0 1 0 0 0 1 23
1 0 0 1 0 0 1 0 0 0 1 1 1 0 1 0 1 1 1 0 0 0 1 0 1 0 0 1 0 0 0 0 1 1 1 0 1 0 1 1 0 1 0 1 0 1 0 1 1 0 24
0 1 0 0 1 1 1 1 0 1 0 1 1 1 0 0 1 0 0 1 0 1 1 1 0 1 0 1 0 0 1 0 0 1 0 0 1 1 0 0 0 0 0 1 0 0 0 0 0 0 21
1 0 0 0 1 0 1 1 1 1 0 1 0 1 1 0 0 1 1 0 1 0 1 0 1 0 0 1 0 0 0 0 1 0 0 0 0 1 0 0 0 1 1 1 1 0 1 1 0 1 24
1 0 0 0 1 1 1 1 0 1 0 0 1 1 0 1 1 0 0 0 1 0 0 1 0 0 0 1 0 1 0 1 0 0 0 1 0 0 1 1 1 0 0 1 0 0 0 0 0 1 21
1 0 1 0 1 0 1 0 1 0 0 1 0 1 0 1 1 0 0 1 0 0 1 1 0 1 1 0 1 1 1 1 0 1 1 0 1 0 0 1 1 1 0 0 0 0 1 0 0 0 25
1 0 1 0 0 1 1 1 0 0 1 0 1 1 0 1 0 1 0 0 0 1 0 1 1 0 0 1 0 1 1 1 1 1 0 0 1 1 0 0 1 1 1 0 0 1 1 0 1 1 28
1 0 0 0 0 0 1 1 0 1 0 0 0 1 1 0 0 0 1 0 1 1 1 0 1 1 1 1 1 0 1 0 1 0 1 1 0 1 1 1 1 1 0 1 1 0 1 1 0 0 28
0 1 1 1 1 1 0 1 0 0 0 0 1 1 1 1 1 0 1 1 1 0 0 0 0 1 1 1 1 0 1 0 1 0 1 0 1 1 0 1 1 0 0 0 1 1 1 0 1 0 29
0 0 0 0 0 0 1 1 1 0 0 1 1 1 0 0 1 1 1 1 0 1 1 0 0 0 0 0 1 1 1 1 1 0 1 0 0 0 1 0 1 1 0 0 1 1 0 1 1 0 25
1 1 1 1 0 1 1 1 1 1 1 0 0 1 1 1 1 1 1 0 1 1 0 1 1 0 1 1 0 1 0 0 0 1 0 1 1 1 1 0 0 0 1 1 0 1 0 0 1 0 32
1 0 0 1 1 0 1 0 0 0 1 0 0 1 1 0 0 1 0 1 1 0 0 0 0 1 0 0 0 1 0 1 1 0 0 0 1 1 1 1 1 0 0 0 1 1 0 0 1 0 22
1 0 0 1 0 1 1 0 0 1 0 1 1 0 0 1 0 0 1 1 0 1 0 0 0 1 0 0 1 0 1 1 0 0 1 0 1 0 1 1 0 1 1 0 1 1 1 0 0 0 24
1 1 1 1 1 0 1 1 0 0 0 0 1 1 1 0 1 0 1 1 1 0 1 0 0 0 0 0 1 1 1 0 1 0 1 0 1 0 1 0 1 0 0 1 0 1 1 1 1 1 29
0 1 0 1 1 0 0 0 1 0 1 0 0 0 1 1 1 1 0 0 1 1 1 1 0 0 0 1 1 1 0 1 0 0 1 0 0 0 0 0 0 1 0 0 1 1 0 1 1 0 23
1 0 1 1 0 0 1 0 0 0 1 1 1 0 0 0 1 1 0 1 0 0 0 1 1 0 0 1 0 1 0 1 0 1 0 1 1 1 0 0 0 1 1 0 0 1 1 1 0 0 24
0 1 0 0 0 0 1 0 1 0 1 1 0 0 0 0 1 1 0 1 1 1 0 1 1 0 0 1 0 1 0 1 0 1 0 0 1 0 1 1 1 1 1 1 0 0 0 1 1 0 25
0 0 1 1 0 1 0 1 0 1 1 1 0 1 1 0 1 1 0 1 1 1 0 0 1 1 0 0 0 1 0 1 0 1 1 1 1 0 0 0 0 0 1 1 0 1 0 1 0 0 26
1 0 1 0 0 1 1 0 1 0 0 1 0 0 1 0 0 0 0 0 0 1 0 0 1 1 1 1 0 0 0 1 1 0 0 1 1 1 0 1 0 0 1 1 0 0 1 1 1 0 23
0 0 1 1 0 1 0 1 0 0 0 1 0 0 1 0 0 1 0 0 0 1 0 1 1 0 0 1 1 0 0 1 1 1 0 0 1 0 0 0 0 1 0 1 1 0 1 0 0 0 20
1 0 0 1 0 0 0 1 0 0 0 0 0 1 0 0 1 0 1 1 1 0 0 1 0 0 0 0 1 1 1 0 1 1 0 0 1 0 0 0 0 1 0 1 1 1 0 1 0 1 21
0 1 0 1 1 0 0 0 0 0 0 0 1 1 1 0 1 1 0 0 1 0 1 1 1 1 0 1 0 0 1 1 1 1 1 0 0 0 1 1 1 1 1 1 0 0 0 0 0 1 26
0 1 1 0 0 1 0 0 0 0 0 1 1 1 1 0 1 1 1 0 1 0 1 0 1 0 1 0 1 1 0 1 0 0 0 1 0 1 0 1 1 0 0 1 1 1 0 0 0 0 24
1 0 1 1 0 1 0 1 0 1 0 0 0 0 0 0 0 0 0 0 1 0 1 1 1 0 0 1 1 1 0 1 1 1 0 0 1 0 0 1 0 1 0 1 0 1 0 0 0 0 21
0 0 1 0 0 0 1 1 1 1 1 1 1 1 1 1 0 1 1 0 0 1 1 1 0 1 1 0 0 0 0 1 1 0 0 1 1 1 0 0 0 0 0 1 0 1 0 0 1 1 27
1 1 0 1 1 0 0 0 0 0 1 1 1 0 1 1 1 1 1 0 1 1 0 1 1 1 1 0 1 1 1 1 1 0 1 1 0 0 0 1 1 1 0 1 0 1 0 1 1 1 33
1 1 1 0 1 1 1 0 0 0 0 1 1 0 1 1 0 0 1 1 0 0 1 0 1 0 1 1 1 1 1 1 0 1 0 1 1 0 0 1 0 0 1 1 1 1 0 1 1 0 30
1 1 0 0 1 1 1 0 0 0 0 1 0 1 0 0 0 0 0 1 1 1 0 0 0 0 0 0 1 0 0 0 0 1 0 0 1 1 1 0 1 0 0 1 1 0 0 1 0 0 19
1 1 0 0 0 1 1 0 0 1 0 0 1 0 1 0 0 0 0 0 1 0 0 1 1 0 1 1 0 0 1 1 0 0 0 1 1 0 1 1 0 1 0 1 1 0 0 1 1 1 24
0 0 1 0 0 1 0 1 0 0 0 0 1 1 1 1 1 0 0 1 1 1 0 0 0 1 0 0 1 0 1 1 1 0 1 1 0 1 0 0 1 0 1 0 1 1 0 0 1 1 25
1 0 1 0 1 0 0 0 1 0 1 1 0 1 1 0 0 1 0 0 1 0 0 1 0 0 0 1 1 1 1 0 0 1 1 1 1 0 1 1 1 1 1 0 1 0 0 0 0 1 26
1 1 0 0 1 0 0 1 0 1 0 1 0 0 1 0 0 1 1 0 1 1 1 1 0 1 1 1 0 0 1 1 1 1 1 1 1 1 0 0 1 0 1 0 1 0 0 1 0 0 28
1 0 0 0 1 0 0 0 1 1 0 0 1 1 1 1 1 1 0 0 0 1 0 1 0 0 0 0 1 1 1 1 1 1 0 1 0 1 0 1 0 1 0 0 1 1 1 1 0 0 26
0 1 0 1 1 0 1 0 0 1 1 0 0 1 1 1 0 1 1 0 0 1 0 1 1 0 1 0 1 1 1 1 0 0 1 0 1 1 1 1 0 1 0 1 0 1 1 1 1 0 30
0 1 0 1 0 0 1 1 0 0 0 1 0 1 0 1 0 1 1 0 1 0 0 0 0 0 1 1 0 0 1 0 1 0 1 1 0 0 0 1 0 1 1 1 0 1 0 0 1 1 23
1 1 0 0 0 1 0 1 0 0 0 0 0 0 0 0 1 1 0 0 0 1 0 1 0 1 1 0 0 0 0 1 0 0 0 0 0 0 0 0 1 0 0 0 1 0 0 0 1 0 14
1 0 1 1 1 1 0 1 1 0 0 0 1 0 0 0 1 0 1 1 0 1 0 1 0 0 1 1 0 1 1 1 1 0 1 0 1 0 0 1 0 1 0 1 1 0 1 0 1 0 27
1 0 1 1 0 0 1 1 1 1 0 1 0 0 0 1 0 0 1 0 0 0 0 0 0 1 0 0 0 1 0 1 1 1 0 1 1 0 1 0 0 0 0 0 0 0 0 0 1 1 20
1 1 0 0 1 1 1 1 1 0 0 1 1 1 1 1 1 1 1 0 0 1 1 0 0 1 1 1 0 1 0 0 0 0 0 0 0 1 0 1 0 0 0 1 0 0 0 1 0 1 26
1 0 1 1 1 0 1 0 0 0 1 1 1 1 1 1 1 0 0 1 0 0 0 1 1 1 0 0 1 1 1 0 0 0 0 0 1 0 1 0 1 0 0 1 1 0 1 0 0 1 26
0 0 1 1 1 1 1 1 0 1 0 1 0 1 1 0 1 1 0 1 1 0 1 0 0 0 0 0 0 1 1 1 1 0 0 0 0 0 1 1 0 1 0 1 1 0 0 1 1 1 27
1 0 0 0 1 1 1 1 0 1 1 0 1 0 1 1 0 0 0 0 1 0 1 0 1 1 1 0 0 1 0 1 0 1 1 0 1 1 0 1 0 1 0 1 0 1 0 0 0 1 26
1 0 0 1 0 0 1 1 1 0 0 1 1 1 1 1 0 0 1 1 1 0 0 1 0 0 1 1 0 0 1 0 0 0 1 1 1 0 1 0 0 1 1 1 0 1 1 1 1 1 29
0 0 1 1 1 0 1 1 1 0 0 0 1 0 1 1 0 1 0 0 1 1 1 0 1 1 1 1 1 0 0 0 1 1 1 1 0 0 1 0 1 1 0 1 0 1 0 0 1 1 29
0 1 1 0 1 0 0 1 0 1 1 0 0 1 0 0 0 1 1 0 1 1 0 0 1 0 1 0 0 1 0 1 0 0 1 1 0 0 0 1 1 0 1 0 1 1 0 0 0 0 22
0 1 1 0 0 0 0 0 1 1 1 0 0 1 0 0 1 1 1 1 0 1 1 0 0 1 1 0 1 0 1 0 1 0 1 1 1 0 0 1 1 1 1 0 0 1 0 1 1 0 27
1 1 0 1 1 1 0 0 1 0 1 1 0 0 1 1 1 1 0 0 1 0 1 0 1 0 0 1 1 0 0 1 0 1 1 0 1 0 1 0 1 0 0 0 0 1 1 0 0 0 25
1 1 1 0 1 0 0 1 1 1 0 0 0 0 0 1 1 1 1 0 1 1 0 0 0 0 0 0 0 1 0 1 1 0 1 0 1 1 1 0 0 0 0 1 0 0 0 0 1 0 22
1 1 1 1 0 0 1 1 1 0 1 1 1 0 0 0 1 0 1 1 1 0 1 0 1 1 0 0 1 1 0 0 1 0 1 0 1 1 1 1 1 1 0 0 0 0 1 1 1 0 30
0 1 1 0 0 0 0 0 1 0 0 0 0 1 0 0 0 0 0 1 0 0 1 0 0 0 0 0 1 0 1 1 0 1 1 0 1 1 0 1 1 1 1 1 0 0 0 0 0 0 18
1 1 0 0 0 1 0 0 1 1 0 1 1 1 1 0 0 1 1 0 1 1 0 1 1 0 1 1 1 0 0 0 0 1 0 1 0 1 1 0 1 0 0 1 0 1 0 1 1 0 27
0 0 1 1 1 1 1 1 0 1 1 0 0 0 0 0 0 1 1 0 0 0 0 1 1 1 0 1 1 0 0 0 1 0 0 1 0 1 0 1 0 1 0 0 1 1 0 1 0 1 24
1 1 1 1 1 0 0 0 0 1 1 0 1 0 0 0 0 1 1 1 1 1 0 1 0 1 1 1 1 0 1 1 0 1 1 0 0 0 1 0 0 1 0 0 1 0 0 1 1 1 28
0 0 0 1 0 0 0 1 0 1 0 0 1 1 0 0 0 0 1 1 1 0 0 0 0 0 1 0 1 1 0 0 1 0 0 0 0 1 0 0 0 1 1 1 1 0 1 0 0 0 18
1 1 0 0 0 1 1 0 1 1 1 0 0 0 0 0 0 0 0 1 1 0 0 0 0 1 0 1 1 0 0 1 0 1 0 1 0 1 1 0 0 1 0 1 1 1 1 1 1 0 24
1 1 1 0 0 1 0 0 1 0 1 1 0 1 1 0 0 1 1 1 1 1 1 1 1 1 1 0 0 1 0 1 0 0 0 1 0 1 0 0 0 1 0 1 1 0 0 0 1 1 28
0 0 1 1 0 1 1 1 0 0 1 1 1 0 1 1 1 1 1 1 0 0 1 1 1 0 1 1 1 1 1 0 1 1 0 0 0 0 1 1 1 1 0 1 1 0 0 1 0 1 32
0 1 0 1 1 0 1 0 1 0 0 0 1 0 1 0 0 1 1 0 1 0 0 0 1 1 0 0 0 1 1 1 0 0 1 1 1 1 0 0 1 0 0 1 0 0 0 0 1 1 23
0 1 1 1 0 0 0 0 1 1 1 0 0 1 1 1 1 0 0 1 0 1 0 1 1 1 1 0 1 1 1 1 0 1 1 0 0 0 0 0 0 1 0 0 1 1 1 0 1 1 28
1 1 0 1 0 0 0 1 1 1 0 1 0 1 0 1 0 1 0 0 0 0 1 0 1 0 1 1 1 1 1 0 0 0 0 0 0 0 1 1 0 0 1 0 0 1 1 1 0 1 24
0 0 1 1 0 1 0 1 0 0 1 0 0 0 0 1 0 1 1 0 0 1 0 0 1 0 1 1 1 0 0 1 1 0 0 0 1 1 0 1 0 0 0 1 0 0 1 1 0 1 22
1 0 1 0 1 0 0 1 0 0 0 1 1 0 1 0 0 1 0 0 1 1 1 0 1 1 1 0 0 1 0 0 1 1 1 0 1 0 0 0 1 0 1 1 0 1 0 0 1 0 24
1 0 0 1 1 1 1 1 1 1 0 1 0 0 1 0 0 0 1 0 1 1 1 1 1 0 0 0 0 1 0 0 0 0 1 0 1 0 1 0 0 1 0 1 0 0 1 1 0 1 25
1 1 1 1 1 0 1 1 1 1 1 1 0 1 1 0 1 0 1 0 1 1 0 0 1 1 0 1 1 1 0 0 0 1 0 1 1 0 0 1 0 1 0 1 1 0 1 0 1 0 31
0 1 1 1 0 0 1 1 0 1 0 0 1 0 0 1 1 1 1 0 0 1 0 1 1 1 1 0 1 0 1 0 0 0 1 0 1 1 0 0 1 1 1 1 0 1 1 1 0 0 28
0 1 0 1 0 0 0 1 0 0 0 1 0 0 1 1 1 0 0 0 1 1 0 0 0 0 0 0 1 1 0 1 0 0 1 1 0 0 0 0 0 1 0 1 1 0 0 0 1 1 19
1 0 0 1 1 1 0 0 1 0 0 0 0 0 0 0 1 1 0 1 1 1 1 0 0 1 1 0 1 0 0 0 1 1 0 0 0 1 1 1 1 0 1 1 1 1 1 1 0 1 27
0 1 1 0 0 1 0 1 1 0 1 0 0 1 1 0 0 0 0 1 0 1 0 0 0 0 1 0 1 0 0 1 1 0 1 0 0 0 1 1 0 1 1 0 0 1 1 1 0 1 23
1 0 0 1 0 1 0 0 1 1 0 0 0 1 0 1 0 1 0 0 0 0 0 0 0 0 0 1 0 0 1 0 1 0 0 0 1 0 1 0 0 1 0 1 1 0 0 1 1 0 18
1 1 0 0 0 1 1 0 1 0 0 1 1 1 1 1 0 1 0 1 1 0 0 1 1 1 1 0 0 1 0 1 0 1 0 0 1 1 1 0 1 0 0 0 0 1 1 0 1 0 27
1 1 1 0 1 1 0 1 1 1 0 1 1 1 1 1 0 1 1 0 0 1 1 0 0 0 1 0 0 1 0 1 1 1 1 1 1 0 0 1 0 0 0 1 0 0 0 0 0 1 28
1 1 0 1 0 0 1 1 0 0 0 0 1 0 0 1 0 0 0 1 1 1 1 1 1 0 0 1 1 0 0 0 0 0 1 0 1 1 1 1 0 0 0 1 0 0 0 1 0 0 22
0 1 0 1 1 0 0 0 1 1 0 0 1 1 1 0 0 0 0 0 1 1 0 0 0 0 1 1 0 1 1 1 1 0 1 0 1 0 0 0 0 0 0 1 0 0 1 1 0 0 21
0 1 0 0 1 0 0 1 0 0 1 1 1 0 0 0 1 1 1 0 0 1 1 1 1 0 1 1 1 1 1 0 0 0 0 1 0 1 0 0 1 0 0 0 0 1 0 0 1 1 24
0 0 0 0 1 1 1 0 1 1 1 0 1 0 0 0 1 0 1 1 0 1 1 0 0 1 1 0 1 0 1 1 0 1 0 1 0 0 1 0 0 1 1 1 0 1 1 1 1 0 27
1 1 0 0 0 0 1 1 1 0 0 1 0 0 1 0 0 0 0 1 0 0 0 0 1 0 1 1 0 1 1 0 0 0 1 0 0 1 1 1 0 0 1 1 0 0 1 0 0 0 20
1 1 0 0 0 0 1 1 1 1 0 1 0 0 0 0 1 1 0 1 0 1 1 1 0 0 0 1 1 1 1 1 0 1 0 1 0 0 0 1 1 1 1 1 0 0 0 0 1 0 26
0 1 1 1 0 0 1 1 0 0 0 1 0 1 0 1 1 1 1 1 0 0 1 0 0 0 0 1 1 1 1 1 0 0 1 0 0 1 0 0 0 1 1 1 1 1 1 0 1 0 27
0 1 1 0 1 0 0 0 0 0 0 1 1 0 0 0 0 0 1 0 1 1 0 0 0 1 0 1 1 0 1 1 1 0 1 1 0 0 0 1 0 0 1 0 0 0 1 1 1 1 22
0 0 0 0 0 0 0 0 0 1 0 1 1 0 1 1 1 0 1 0 1 0 0 1 0 1 0 1 1 0 0 0 1 1 1 1 0 0 1 0 0 1 0 0 1 1 0 1 1 0 22
0 0 0 0 0 1 1 1 1 1 0 0 0 1 0 0 1 0 1 1 1 1 0 1 1 1 1 0 0 1 0 1 1 1 1 1 0 1 1 0 1 1 0 0 0 0 1 0 0 0 26
1 1 1 0 0 1 1 1 1 1 1 1 1 1 0 0 0 1 0 0 1 0 0 1 0 1 0 0 0 0 1 0 1 1 0 0 1 1 1 0 0 1 1 0 0 1 0 0 1 1 27
0 1 0 1 0 1 0 0 1 0 0 0 1 1 1 0 0 1 1 0 0 0 1 0 0 0 1 1 0 0 1 1 1 0 0 0 1 1 1 0 1 0 0 0 1 0 1 1 1 0 23
0 0 0 0 0 1 1 0 1 0 1 1 0 0 0 0 0 0 0 1 0 1 0 1 0 1 1 0 1 0 0 1 0 0 0 0 1 1 1 1 0 0 1 1 0 1 1 0 0 1 21
0 0 1 0 1 1 0 1 0 1 1 1 0 0 1 0 1 1 0 0 0 1 1 1 0 1 1 0 1 1 1 1 0 0 1 0 1 0 1 1 0 0 0 0 0 0 0 1 1 1 26
0 1 0 0 0 0 0 1 1 1 1 1 0 0 1 1 0 0 0 1 0 1 1 0 1 0 1 1 0 1 1 0 1 1 1 0 1 1 0 0 0 1 1 0 1 0 1 0 0 0 25
0 1 1 0 0 0 0 0 0 0 0 0 0 0 1 1 0 0 1 0 0 1 1 1 1 0 0 0 1 1 1 1 1 1 1 0 1 1 1 0 0 1 1 0 0 0 0 0 0 0 21
0 1 0 1 0 0 1 0 0 0 1 1 1 1 0 1 1 0 0 0 1 0 1 1 1 1 1 1 1 0 1 0 0 0 0 1 1 0 1 1 1 0 0 1 0 1 1 1 0 0 27
1 0 1 0 0 0 0 1 0 1 0 0 1 0 0 1 0 1 0 1 0 0 1 1 1 0 0 0 0 0 1 0 1 1 0 1 0 1 0 0 1 1 1 0 1 1 0 1 1 0 23
1 1 1 0 1 1 0 0 1 0 0 0 0 0 1 0 0 0 1 1 1 1 1 1 0 0 1 1 1 1 0 1 1 1 1 1 0 1 0 0 1 1 1 0 1 0 0 1 0 1 29
0 1 1 1 1 1 0 0 0 0 0 0 0 0 1 1 1 1 1 0 0 1 0 0 0 0 0 1 1 1 0 0 0 0 0 1 0 0 1 0 0 0 0 1 0 0 0 1 0 0 18
0 0 0 1 0 0 1 1 0 1 1 1 1 1 0 1 0 0 1 1 1 0 1 0 0 1 1 1 1 0 1 0 1 0 1 0 1 1 1 0 0 1 0 0 0 1 0 1 0 1 27
0 1 0 0 0 1 0 1 0 1 1 1 1 1 0 1 0 0 1 1 1 1 0 1 0 1 0 0 0 0 1 0 0 1 0 0 1 0 0 0 1 1 0 1 1 1 0 1 0 1 25
1 1 0 1 1 1 0 0 0 0 0 0 1 0 1 1 0 1 1 1 1 1 1 0 1 1 0 1 0 0 1 1 1 1 1 0 1 0 0 0 1 0 1 1 0 1 1 0 1 0 29
0 1 1 1 0 0 1 1 1 1 0 0 0 0 1 1 1 0 0 0 1 1 0 0 0 0 0 0 0 1 1 0 1 1 1 0 0 0 0 0 0 0 0 0 1 0 1 1 1 1 22
1 1 0 0 1 1 0 1 1 1 0 1 1 0 1 1 0 1 1 1 1 0 1 1 0 0 1 1 1 0 1 0 1 1 1 0 0 0 0 0 1 1 0 1 0 1 0 1 1 0 30
1 1 1 0 0 1 0 1 1 0 1 0 0 1 0 0 0 0 0 1 1 1 0 1 0 1 1 1 0 1 0 0 1 0 1 0 1 0 0 0 0 1 1 0 0 0 0 0 0 0 21
1 1 0 1 0 1 1 0 0 1 1 0 1 0 1 1 0 0 0 0 1 1 1 0 0 1 1 0 0 1 0 0 0 0 1 1 1 1 1 0 0 0 0 0 1 1 0 1 1 1 26
0 0 1 0 1 1 0 1 0 0 0 1 1 1 1 1 1 1 0 1 1 0 1 0 0 0 1 0 1 1 0 1 0 0 0 1 0 1 1 0 0 1 1 0 0 1 0 0 0 1 25
0 1 1 0 1 1 1 1 0 1 1 1 0 1 0 1 0 0 1 1 1 1 1 0 0 0 1 1 0 0 1 1 0 1 0 1 0 0 1 0 0 0 0 0 1 1 0 0 0 1 26
0 1 1 0 0 0 0 1 1 1 0 0 1 0 1 0 1 1 0 1 0 1 1 1 0 0 0 1 1 1 1 0 1 1 0 0 0 0 0 0 1 1 0 0 1 0 0 1 1 0 24
1 0 0 1 0 0 1 1 1 1 1 1 1 0 0 0 0 1 0 1 0 0 1 1 1 0 1 1 1 0 1 0 1 1 1 0 1 0 1 1 1 1 1 0 0 1 1 1 1 1 32
1 0 0 1 1 0 0 0 0 1 1 0 1 0 1 1 0 0 1 1 1 1 0 1 1 0 1 0 1 1 1 0 1 0 1 1 0 0 1 1 0 1 1 1 1 1 0 0 1 1 30
1 0 1 1 1 0 1 0 0 1 1 0 1 1 0 1 0 0 0 0 0 1 1 1 1 0 0 1 0 1 0 0 0 0 0 1 0 1 1 0 0 1 1 0 1 1 1 0 0 0 24
0 0 1 0 1 1 0 0 1 1 1 1 1 1 0 0 0 0 0 0 1 0 1 0 0 1 0 1 1 1 0 1 0 0 1 1 0 0 0 1 0 0 0 1 0 0 0 0 1 1 22
1 0 0 0 1 1 0 0 1 0 1 1 1 0 0 1 1 1 1 0 1 1 1 0 1 1 0 1 1 0 1 0 0 0 1 1 1 0 0 1 0 1 0 1 0 0 1 1 1 1 29
0 0 0 0 0 1 0 1 1 0 1 0 0 0 0 0 1 0 1 1 1 0 0 0 0 0 0 0 0 0 0 1 1 1 0 1 1 0 0 0 0 1 1 1 1 0 1 0 1 1 20
1 0 1 0 1 1 0 1 1 1 1 1 1 0 1 1 1 1 0 1 0 0 0 1 0 0 1 0 1 1 0 0 1 1 1 1 1 1 1 0 1 1 0 0 1 0 0 0 1 1 31
0 1 0 0 1 0 1 0 1 0 1 1 0 0 1 0 0 0 1 0 1 1 0 0 1 0 1 1 0 1 1 1 1 1 0 1 1 0 0 0 1 1 0 1 1 1 0 0 1 0 26
0 0 1 1 0 1 0 0 1 1 0 1 1 0 0 0 1 1 0 0 1 0 1 0 0 1 0 1 0 1 1 1 0 1 0 0 0 0 1 0 0 1 1 0 0 1 0 1 0 1 23
0 0 1 1 0 0 0 1 0 1 1 1 1 0 0 1 1 1 1 0 0 0 1 0 1 1 0 0 0 1 1 1 0 1 1 1 1 0 0 1 0 0 0 1 1 1 1 1 0 1 28
1 0 1 1 0 0 0 1 1 0 1 1 0 0 0 1 0 0 1 0 0 0 1 0 0 1 1 0 1 1 1 0 1 1 1 1 0 1 0 0 0 1 1 0 0 1 1 0 1 1 26
1 0 0 0 0 1 0 1 0 1 0 0 1 1 0 1 1 1 1 1 1 0 0 1 0 0 0 1 1 1 1 0 0 1 1 1 1 0 1 1 1 1 0 0 0 0 0 1 0 1 27
1 0 0 0 1 1 1 1 1 0 1 0 0 1 1 1 1 1 0 0 0 0 0 1 1 1 0 1 0 1 0 0 0 0 0 1 1 0 1 1 0 1 1 1 1 0 0 1 1 0 27
1 0 0 0 0 0 0 0 1 1 0 1 0 1 0 0 0 1 0 0 1 0 1 0 0 1 0 1 1 1 1 0 1 1 1 1 1 1 1 0 0 1 1 0 1 1 0 1 0 0 25
0 0 0 0 1 1 0 1 1 0 1 1 1 0 0 0 0 0 0 0 0 1 0 0 0 0 1 1 1 1 0 1 0 0 1 1 0 0 1 0 0 0 0 1 1 1 1 0 1 0 21
0 0 0 0 0 1 1 0 1 1 0 0 1 0 1 1 1 0 1 0 0 1 1 0 0 0 1 1 1 1 1 1 0 0 0 1 1 1 1 1 1 0 1 1 0 0 1 0 1 1 28
1 0 1 1 1 1 0 0 1 1 0 1 0 0 0 1 0 0 0 0 0 1 0 1 1 0 1 0 0 0 0 1 1 1 1 0 0 0 1 0 1 0 0 0 1 0 0 0 0 1 21
1 1 0 1 0 0 1 0 0 1 0 1 1 1 0 0 1 0 0 0 0 0 0 0 0 1 1 1 0 0 0 0 1 1 1 1 0 0 0 1 0 1 0 0 0 0 1 0 0 1 20
0 0 1 1 1 1 1 0 0 1 1 1 0 1 1 0 1 0 1 1 0 0 1 1 0 0 0 0 1 0 1 0 1 1 1 0 1 1 0 1 1 0 1 1 0 0 1 1 0 1 29
0 0 0 1 0 0 0 0 1 1 0 1 0 0 1 1 0 1 1 0 1 0 0 0 0 1 1 1 0 1 0 0 0 0 0 1 0 1 1 0 0 1 1 0 1 0 0 1 1 0 21
0 1 1 1 1 1 0 1 1 0 0 0 0 0 1 1 0 1 1 0 1 0 0 1 1 1 0 0 1 0 1 1 0 0 0 0 0 1 1 0 1 1 1 1 0 1 0 1 1 1 28
1 0 0 0 1 1 0 1 0 1 1 1 0 0 0 0 0 1 0 0 0 1 1 0 0 0 1 1 1 0 0 1 0 0 1 0 0 1 0 0 0 1 0 1 0 1 0 1 1 0 21
1 1 1 0 1 0 0 0 1 1 0 1 1 0 1 1 0 1 1 1 0 0 1 1 0 0 0 1 0 0 1 1 1 0 1 0 1 0 1 1 1 1 1 1 0 1 0 0 1 1 30
0 1 0 0 0 1 0 1 1 1 0 0 1 1 1 1 1 0 1 1 1 1 1 1 1 0 1 0 1 1 1 0 1 0 0 1 0 1 0 1 0 0 0 1 0 0 1 0 1 1 29
0 0 1 1 1 0 0 0 1 1 0 1 1 1 1 1 1 0 0 0 1 1 1 1 0 0 1 1 0 1 1 1 0 0 0 0 1 0 1 1 1 1 1 1 0 1 1 0 1 0 30
0 1 1 1 0 1 0 0 0 0 1 1 0 0 0 1 0 0 1 1 0 0 0 0 0 1 0 1 0 0 0 1 0 1 0 0 1 0 1 1 1 1 1 0 0 0 0 1 0 1 21
0 0 1 0 0 0 0 1 0 1 1 0 1 0 0 0 1 1 1 1 1 1 1 0 1 0 1 0 1 1 1 1 0 0 1 0 0 0 0 1 1 0 1 0 0 0 1 1 1 1 26
0 0 1 0 0 0 1 0 0 0 1 0 1 0 1 0 0 0 0 1 0 1 0 1 1 0 1 0 0 0 0 1 1 0 1 1 1 0 0 0 1 0 1 1 0 0 0 1 0 1 20
1 0 0 1 0 1 0 0 1 1 1 1 0 0 1 0 1 1 0 0 1 1 1 0 1 0 1 1 0 1 1 0 1 1 0 1 0 1 1 0 0 0 0 0 0 0 1 1 0 1 26
0 0 0 1 0 0 1 1 1 0 1 0 0 1 0 0 0 0 0 0 1 1 0 1 0 1 1 0 1 1 0 1 1 0 0 1 1 1 1 0 1 1 0 0 1 1 0 0 0 0 23
1 1 1 0 1 0 1 1 0 0 0 0 1 0 1 0 1 0 0 0 0 0 1 0 0 1 1 0 0 0 0 0 0 0 1 1 1 1 0 1 1 1 0 1 1 0 0 0 0 1 22
1 1 1 0 0 0 1 0 0 1 1 0 0 0 1 1 0 1 1 0 1 1 0 1 0 0 0 1 0 1 1 1 1 1 0 0 1 1 0 0 0 1 0 0 1 0 0 0 1 1 25
1 1 0 0 0 1 0 1 0 1 0 1 1 1 1 1 1 1 1 1 0 0 1 1 1 0 1 0 0 1 1 1 1 1 0 1 1 0 0 1 1 0 1 1 1 0 1 1 0 0 32
1 1 0 1 1 1 1 0 1 1 0 1 1 0 0 1 1 1 0 1 1 1 1 0 1 0 1 1 0 1 1 0 0 1 0 1 1 0 0 1 0 0 1 1 0 1 0 0 1 0 30
1 0 1 0 1 1 0 1 0 0 1 0 0 0 1 0 0 0 0 1 0 0 1 1 1 1 1 1 1 1 0 0 0 1 1 0 0 1 1 1 1 0 0 1 0 0 1 0 1 0 25
1 0 1 1 1 1 1 1 1 0 1 1 1 1 1 1 1 0 0 0 1 0 0 0 1 1 0 0 0 0 1 0 1 0 0 0 0 1 1 1 0 0 0 0 0 0 0 0 1 1 25
1 1 1 1 1 1 0 1 1 0 1 0 0 1 1 0 1 0 1 1 0 1 1 0 1 0 1 0 1 1 1 0 1 1 0 0 1 0 1 0 0 0 1 0 1 0 1 0 1 0 29
0 1 1 0 1 0 1 1 0 1 0 1 0 0 0 1 0 0 1 0 0 1 0 1 0 0 0 1 1 0 1 1 1 1 1 1 0 0 0 1 0 0 0 0 0 0 1 0 0 0 21
1 0 0 0 1 0 1 0 0 1 1 1 1 0 1 1 0 0 1 0 0 0 0 0 0 0 1 1 0 1 0 0 0 0 1 1 1 1 1 0 1 1 1 0 1 1 0 1 1 1 26
0 1 1 0 1 1 0 1 1 1 0 1 0 0 1 0 1 0 1 1 1 1 0 0 1 0 1 1 0 1 1 1 0 1 1 1 1 0 0 1 1 0 1 1 1 1 0 0 1 0 31
0 1 0 0 0 1 1 0 0 1 1 0 0 1 1 1 1 0 1 0 0 0 1 0 0 1 0 1 1 0 0 1 1 1 0 0 1 1 1 1 1 0 0 0 1 1 0 0 0 1 25
1 1 1 0 0 0 0 1 0 0 0 1 1 0 0 1 0 1 0 1 1 1 0 0 1 1 1 1 0 1 1 0 1 1 0 1 0 1 0 0 0 1 0 0 0 1 1 1 0 1 26
1 0 0 0 0 0 1 0 1 0 1 1 1 1 1 0 0 1 1 1 1 1 0 0 1 1 1 0 0 0 0 1 1 0 1 0 1 1 1 0 1 0 0 0 0 1 1 1 0 0 26
0 1 0 1 1 0 1 1 1 0 0 0 0 0 1 1 1 1 1 0 1 1 0 0 1 0 1 0 1 1 1 0 1 0 0 1 1 1 0 1 1 1 1 0 0 0 1 1 1 0 29
1 1 0 1 0 0 0 1 0 0 0 1 1 1 0 1 0 0 0 0 1 1 0 1 0 0 0 1 0 1 0 0 1 0 0 1 0 0 0 1 0 1 1 1 1 1 0 0 0 1 22
1 0 1 1 1 1 1 1 1 0 0 0 0 1 0 1 0 0 1 1 1 1 0 0 1 0 1 0 1 1 0 0 1 1 1 1 1 1 0 0 1 1 1 0 1 1 1 1 0 0 31
0 0 1 0 1 0 1 0 0 1 0 0 0 1 1 1 0 0 1 0 0 0 0 1 1 0 1 0 0 0 1 1 1 1 1 0 0 0 0 0 1 1 1 1 0 1 1 1 1 0 24
0 1 1 1 0 0 1 1 0 0 0 1 0 1 0 1 0 1 1 1 1 1 0 1 0 1 1 0 0 0 0 1 1 1 0 1 0 0 1 1 1 1 1 0 1 0 1 0 0 1 28
0 0 1 1 1 0 1 1 0 0 1 0 1 0 1 0 1 1 1 1 1 0 1 0 0 0 0 0 1 1 0 0 0 0 0 1 0 1 1 0 0 0 0 1 0 1 0 1 0 0 22
0 0 1 1 1 1 0 0 1 1 0 0 0 1 1 1 1 0 1 0 1 1 1 0 0 0 1 0 0 1 1 0 0 0 0 0 1 1 0 0 1 0 1 0 1 1 1 1 0 0 25
1 0 1 1 1 0 0 0 0 0 1 1 1 1 1 0 0 1 0 0 1 1 1 1 0 0 1 0 0 1 1 1 1 0 0 0 0 0 1 0 1 1 0 0 1 0 1 1 0 1 26
0 0 1 1 0 1 1 0 0 1 1 0 1 1 1 0 1 0 1 0 1 1 0 0 0 1 0 0 0 0 0 1 1 0 0 0 0 1 1 1 0 0 0 1 1 0 0 1 1 1 24
1 1 1 0 0 0 0 0 1 0 0 1 1 1 0 1 1 0 0 1 0 1 1 0 0 0 0 0 0 1 1 0 0 0 0 0 1 0 0 0 0 0 1 1 1 1 0 1 0 1 21
0 0 1 1 0 0 1 0 1 0 1 1 1 0 0 1 0 1 1 1 1 1 0 1 1 1 0 0 1 1 1 1 1 0 1 0 1 1 0 0 1 1 0 0 1 1 1 1 0 1 31
0 1 1 0 1 1 1 1 0 1 0 1 0 1 0 1 0 0 1 0 1 1 1 0 0 0 0 0 0 0 1 0 0 1 0 1 0 0 0 0 1 0 1 1 0 1 1 0 0 1 23
0 0 0 0 1 1 0 1 0 0 1 1 1 1 1 0 1 0 1 1 1 0 0 0 0 1 1 1 1 0 0 1 0 1 1 1 1 1 1 0 0 1 1 1 0 0 1 1 0 0 28
1 1 1 1 1 1 1 1 0 0 1 0 1 0 0 1 0 0 0 0 0 1 1 1 0 0 1 0 0 0 0 0 0 0 1 1 0 0 1 0 0 1 0 1 0 0 1 0 1 1 23
0 1 0 0 1 1 1 0 0 1 0 0 0 1 1 1 0 1 0 1 0 1 0 1 0 0 0 0 0 1 0 0 1 0 1 1 0 1 0 0 1 0 0 0 0 0 0 0 1 1 20
1 1 0 0 1 1 1 1 1 0 0 0 1 1 1 1 1 0 1 0 0 0 0 0 0 0 1 1 0 0 0 0 1 1 1 0 0 0 1 1 0 1 0 0 0 1 1 0 0 1 24
0 1 0 0 1 0 1 0 1 1 0 0 1 1 1 0 0 1 0 0 1 1 1 1 1 0 1 0 0 0 1 0 0 0 0 1 1 1 0 1 1 0 1 1 1 0 0 1 0 1 26
1 0 1 0 0 0 0 0 0 0 0 1 1 1 0 1 1 0 1 0 1 0 1 0 0 1 0 0 1 0 1 1 0 0 1 0 1 0 0 1 0 0 0 1 1 1 0 1 0 0 21
1 1 0 1 1 0 0 1 1 0 0 1 1 1 0 0 1 1 0 1 0 0 0 1 0 1 0 1 0 1 1 1 0 0 1 1 1 0 0 0 1 0 1 0 0 1 0 1 1 0 26
1 1 1 1 0 0 0 1 1 0 1 1 0 0 1 0 0 1 1 1 0 1 1 1 1 1 0 1 1 1 1 1 0 1 1 1 1 0 1 0 0 0 0 1 1 0 1 0 1 0 31
1 0 1 0 1 1 1 1 0 1 0 1 1 1 1 0 0 1 0 1 1 1 1 1 1 0 1 1 1 1 1 1 1 1 1 0 0 0 0 1 1 1 1 1 0 1 0 1 1 0 35
1 1 1 1 0 0 0 1 0 0 0 1 1 0 1 1 1 1 0 1 1 0 1 1 0 1 0 1 1 1 1 0 1 1 1 1 1 0 0 1 1 0 1 0 1 0 0 1 1 1 32
0 0 0 0 0 0 0 0 1 0 1 0 0 1 0 0 1 0 0 1 1 1 1 1 1 0 0 1 1 1 0 1 0 0 1 1 1 1 1 0 1 1 1 1 1 0 1 0 0 0 25
0 0 0 0 1 0 1 0 0 0 0 0 0 1 1 0 1 0 1 0 0 0 1 0 0 0 1 0 1 0 1 0 1 0 1 1 1 1 1 1 0 0 0 1 1 1 0 1 0 0 21
0 1 0 1 0 0 1 1 1 1 1 1 0 0 0 1 1 0 0 1 1 0 0 1 1 0 1 0 0 1 0 1 0 0 0 1 1 0 1 0 0 0 1 0 0 1 0 1 1 0 24
0 1 1 0 0 1 1 1 0 0 1 0 0 0 1 1 0 1 0 0 0 1 0 0 0 0 1 1 0 0 1 1 0 1 0 0 1 0 0 0 0 0 0 0 1 0 0 1 1 0 19
0 0 1 0 0 0 1 1 0 1 0 0 0 0 1 0 1 1 0 0 1 0 1 1 1 1 0 0 1 0 1 1 0 0 1 0 0 1 1 0 0 1 1 0 1 1 0 1 1 0 24
1 0 0 0 1 1 1 0 1 0 1 1 1 1 0 1 0 1 0 1 0 1 0 1 0 1 1 0 0 0 0 0 0 1 1 1 0 0 1 1 0 0 1 0 0 0 1 0 0 1 24
0 1 1 1 1 1 1 0 1 0 0 1 0 1 1 0 0 0 1 1 0 0 1 1 1 0 0 0 1 1 0 0 1 1 1 0 0 0 0 1 1 1 1 0 1 0 0 0 0 1 26
1 0 1 0 0 1 0 0 1 1 0 0 1 1 0 0 1 0 0 1 0 1 1 1 0 1 0 1 0 0 0 1 1 1 1 1 0 1 1 1 1 1 1 1 1 1 0 1 0 1 30
1 0 0 0 1 0 0 1 1 1 1 0 1 0 0 1 1 0 1 1 1 1 1 1 0 1 0 1 0 0 1 0 1 1 0 1 0 1 1 0 1 1 0 1 1 0 0 1 0 0 28
1 0 0 0 0 0 0 1 1 0 1 1 1 1 0 0 0 0 1 0 1 1 1 0 0 1 0 1 1 0 0 0 0 0 0 1 1 0 0 0 0 0 0 1 0 1 0 1 0 0 19
1 1 0 1 0 1 1 1 1 1 1 0 1 1 0 0 1 0 0 0 1 0 1 0 1 1 0 1 0 0 0 1 0 0 0 1 1 1 1 0 1 1 0 1 1 0 1 1 0 1 29
1 1 0 1 0 1 0 0 0 0 1 0 0 1 0 1 1 1 1 1 1 0 1 0 1 1 0 0 0 1 0 1 1 1 0 1 0 1 0 1 0 0 0 1 1 0 0 1 1 1 27
1 1 1 1 0 0 0 1 1 0 0 1 1 1 0 1 1 0 1 0 0 1 0 0 0 0 1 1 0 0 1 0 0 1 1 1 0 1 0 1 1 1 0 1 0 1 1 1 1 0 28
1 1 1 0 1 1 0 1 0 0 1 0 1 0 1 1 0 0 0 1 0 1 0 1 1 1 0 1 0 0 1 0 0 0 1 0 1 1 0 0 0 1 1 1 0 1 1 1 1 1 28
1 0 0 0 0 1 1 0 0 1 0 0 1 1 0 0 0 0 1 0 1 0 1 0 0 1 0 0 0 0 0 0 1 0 1 0 1 1 1 1 0 0 0 0 0 1 0 0 0 1 18
1 1 0 1 1 1 0 0 0 1 1 1 1 1 0 0 0 0 0 0 1 0 1 0 0 1 1 0 0 1 1 1 1 0 1 0 0 1 1 1 0 1 0 0 0 1 0 1 1 1 27
1 1 1 0 1 1 0 0 0 0 0 1 1 0 1 1 1 1 1 1 1 0 0 0 0 0 1 0 1 0 1 1 0 1 1 1 1 1 1 0 1 0 0 1 0 0 0 0 1 1 28
0 1 1 1 1 0 1 1 0 1 1 1 1 0 1 0 1 1 1 0 0 0 1 0 0 0 1 0 0 0 0 0 0 1 1 0 1 1 0 0 0 0 1 1 0 0 0 1 0 1 24
0 0 0 0 0 0 1 0 0 1 0 0 1 0 1 1 0 1 0 0 0 0 0 1 0 1 1 0 0 0 1 0 1 0 0 1 1 0 1 1 0 1 1 1 0 0 0 1 1 1 21
0 0 0 0 1 1 0 0 0 1 0 0 0 1 1 0 0 0 0 1 0 0 0 1 1 0 0 1 0 1 0 1 0 1 1 0 1 1 0 1 0 1 1 0 1 1 0 0 0 0 20
1 1 1 0 1 0 1 1 0 1 1 0 1 1 1 1 1 0 1 0 1 0 0 1 1 0 1 1 0 1 0 0 0 0 1 1 1 1 1 0 0 0 1 1 0 1 0 1 0 1 30
0 1 0 0 1 0 1 0 0 0 1 1 0 0 0 0 1 1 1 1 1 1 1 0 1 1 1 0 0 0 0 0 1 0 1 1 1 0 0 1 0 1 1 1 0 0 1 0 0 0 24
1 1 1 1 0 1 1 0 1 1 1 1 0 0 1 1 0 0 1 0 1 1 0 1 1 0 1 0 0 1 0 0 1 0 0 1 0 1 1 0 1 1 1 1 1 0 1 0 1 0 30
0 0 0 0 0 0 0 0 1 1 1 1 1 0 0 1 0 0 0 0 0 1 0 1 0 1 1 1 1 1 1 1 1 1 1 0 0 1 0 0 0 0 0 0 0 1 0 1 1 0 22
1 1 1 0 1 0 1 1 1 1 1 0 0 1 0 1 1 0 1 0 0 0 1 0 1 1 0 1 1 0 0 1 1 1 0 0 1 0 0 0 0 1 0 0 0 1 0 1 0 0 25
0 1 0 1 0 0 1 0 1 0 1 1 0 1 0 0 1 1 1 1 1 0 0 0 1 0 1 0 0 0 1 1 1 0 0 1 0 0 0 1 0 1 1 1 0 0 1 1 1 1 26
0 0 1 0 1 0 0 1 0 1 1 0 1 0 0 1 0 1 0 0 0 1 1 0 0 1 1 0 1 1 1 1 1 1 1 1 0 1 1 1 1 1 0 0 1 0 1 0 0 1 28
0 1 1 1 0 0 1 1 1 1 0 1 1 0 1 1 0 1 1 0 1 1 1 0 1 0 0 0 0 0 0 1 1 1 0 0 1 0 0 1 1 1 1 0 0 0 1 1 0 0 27
1 0 1 0 1 1 1 1 1 0 0 1 0 0 1 1 1 0 0 1 1 1 1 1 1 1 0 1 0 0 1 1 0 1 1 0 1 1 1 1 1 1 0 1 1 1 1 1 1 1 36
0 0 0 1 1 1 0 0 1 1 1 0 0 0 0 0 1 0 1 1 0 1 1 1 0 1 1 0 0 1 1 1 1 1 1 1 0 1 1 0 0 1 1 0 0 0 1 1 0 1 28
0 1 1 0 1 1 1 0 1 1 0 0 0 0 0 0 0 0 1 1 1 0 0 0 1 1 0 0 1 0 1 0 0 0 1 1 1 0 0 1 1 0 0 1 0 1 0 1 1 1 24
0 0 0 1 0 1 0 0 0 1 0 1 1 0 0 1 0 0 0 1 0 1 0 1 1 0 0 0 1 0 1 1 1 1 0 0 1 0 0 1 1 0 1 1 0 0 1 0 1 0 22
0 0 1 1 1 1 1 0 1 0 0 1 0 1 0 0 0 1 1 1 1 0 0 0 1 0 0 1 1 0 0 1 0 1 1 0 0 0 0 1 1 1 0 1 1 1 0 0 0 0 24
0 0 0 0 1 1 1 0 0 0 0 0 0 1 1 0 0 0 0 0 1 1 0 0 1 1 0 1 1 0 0 1 0 0 1 0 1 1 1 0 0 0 0 0 1 0 0 0 0 0 17
0 0 0 1 1 1 0 0 0 1 1 0 0 1 0 0 1 1 0 0 1 0 1 1 0 0 1 1 1 0 0 1 1 1 1 0 0 0 0 1 0 1 0 1 0 0 0 0 1 1 23
0 1 0 1 1 0 0 0 1 0 0 0 0 1 0 0 0 0 1 0 0 1 1 0 1 1 1 1 1 1 0 0 1 0 0 1 1 0 1 0 0 0 1 0 1 0 1 0 0 1 22
1 1 0 1 0 0 0 0 0 1 0 1 1 0 0 0 1 1 1 1 0 0 1 0 1 0 0 1 1 1 1 1 0 1 0 1 1 0 0 0 1 0 0 1 1 1 0 1 1 1 27
1 0 1 0 1 0 1 1 1 1 1 0 1 0 0 1 1 1 1 0 0 1 1 1 1 0 0 1 1 1 0 1 1 1 0 1 0 1 0 0 0 1 0 0 1 1 1 1 0 0 30
1 1 0 1 0 0 1 1 0 0 1 1 0 0 1 0 0 1 1 0 0 1 0 1 1 1 1 1 0 1 1 1 1 0 0 1 1 0 1 0 0 0 0 0 1 1 0 0 0 0 25
1 1 1 0 0 0 1 1 0 0 0 1 0 1 1 1 0 1 0 0 1 0 1 0 1 0 0 0 1 1 1 1 1 0 1 0 1 0 1 1 0 0 1 1 1 1 0 0 0 0 26
1 1 0 1 0 0 0 0 0 1 1 1 1 1 0 0 1 0 1 0 0 0 1 1 0 1 1 0 0 0 0 1 1 1 0 0 1 0 0 1 1 1 1 0 0 1 1 1 0 0 25
1 0 1 1 0 0 1 1 0 0 0 1 1 0 0 0 1 0 1 0 0 1 0 0 0 0 0 1 0 1 1 0 1 0 0 1 1 1 0 1 0 1 0 1 1 0 1 0 1 0 23
1 1 0 0 1 1 0 1 1 0 1 0 1 0 0 1 0 1 0 0 1 1 1 1 1 1 0 0 0 0 0 1 1 1 0 0 1 0 0 0 0 1 1 0 1 0 1 0 1 1 26
0 0 1 1 1 1 1 0 1 0 1 0 1 1 1 0 0 0 1 1 0 1 1 1 0 0 0 1 0 1 1 0 1 1 1 0 0 0 1 1 0 0 0 0 0 0 1 0 0 0 24
0 1 0 0 1 1 0 0 0 0 1 0 0 0 1 1 1 0 1 0 1 1 1 0 1 1 0 1 0 1 1 0 1 0 1 0 1 1 1 1 1 1 1 1 0 0 1 1 0 0 28
0 1 1 0 0 1 1 1 0 1 0 1 1 1 1 0 0 0 1 0 0 1 0 0 1 0 0 0 0 1 1 0 1 0 1 1 1 1 0 0 1 1 1 0 0 0 0 0 1 0 24
0 0 0 1 1 0 1 0 0 0 1 0 0 0 0 1 1 1 0 1 1 0 0 0 1 0 1 0 1 0 1 1 0 1 1 1 1 1 1 1 0 1 0 0 1 1 0 1 0 0 25
1 1 0 0 1 1 0 0 1 0 1 1 1 1 1 0 0 0 0 1 1 0 1 0 0 0 0 1 0 1 1 1 1 1 0 0 1 1 1 0 0 1 1 1 0 1 0 1 0 1 28
1 0 1 0 0 0 0 0 1 0 1 1 1 0 0 1 0 1 1 0 1 1 1 0 1 1 1 1 1 0 1 1 0 0 1 0 0 1 0 1 0 1 0 1 1 1 1 1 0 0 28
0 0 1 1 1 1 0 1 0 1 0 1 0 1 0 1 1 1 1 1 1 0 1 0 1 1 1 1 0 1 0 0 1 1 1 1 1 1 0 1 1 0 0 0 0 1 1 1 1 1 33
0 1 1 1 1 1 1 0 1 0 1 0 0 1 1 0 0 1 0 1 0 0 0 0 0 1 0 1 0 1 1 1 1 0 1 1 0 1 1 0 1 1 0 1 1 1 0 0 1 0 28
0 1 0 1 0 0 0 0 1 0 0 1 1 1 0 1 1 0 1 0 1 0 0 0 1 1 0 0 1 1 1 0 1 0 0 0 0 1 1 1 0 0 1 1 0 1 0 1 0 1 24
1 0 1 1 1 0 0 0 1 0 0 1 0 1 0 0 0 0 1 0 0 0 1 0 0 0 1 1 1 1 1 0 1 1 1 1 0 1 0 1 1 0 0 0 0 1 1 1 0 0 24
0 1 1 0 0 1 0 0 1 1 0 0 0 1 1 0 0 1 1 0 0 0 1 1 1 0 1 0 1 1 0 1 1 1 0 1 0 1 0 1 0 0 1 0 0 1 1 0 0 0 24
1 1 0 1 1 0 0 0 0 1 1 0 0 0 1 1 0 1 0 0 1 0 0 1 0 0 1 0 0 0 0 0 1 1 0 0 0 1 1 0 0 1 0 0 0 1 0 1 0 1 20
1 0 0 1 0 1 0 0 0 0 1 1 0 0 0 1 1 0 1 1 0 0 0 0 0 0 0 1 0 0 1 0 0 0 1 0 0 1 1 1 0 0 0 0 0 1 0 1 1 0 18
1 0 1 0 1 0 1 1 0 0 0 1 0 0 0 0 1 0 0 1 1 0 0 0 1 0 0 1 1 0 1 1 1 0 1 1 1 1 0 1 0 0 0 1 0 0 0 0 1 1 23
0 0 1 0 0 1 1 0 1 0 0 0 0 1 1 0 0 0 0 0 0 0 1 1 1 1 0 0 1 1 0 0 1 1 1 1 1 0 0 0 1 1 1 1 0 0 1 1 0 0 23
0 1 0 0 0 0 1 0 0 0 0 1 0 0 1 0 0 1 0 0 0 1 0 1 0 1 1 0 0 1 0 1 0 1 1 0 1 0 1 1 0 0 1 1 1 0 0 1 0 0 20
0 1 0 0 1 0 0 0 1 1 0 1 1 1 1 1 0 0 1 1 0 0 1 0 0 1 1 0 0 0 1 0 1 0 0 1 0 1 0 0 1 0 0 1 0 0 0 0 0 0 20
1 1 1 1 1 1 0 1 0 0 0 1 0 1 0 1 0 0 0 0 0 1 0 0 0 1 0 1 1 1 1 1 1 0 0 1 0 1 1 1 1 0 0 1 0 1 1 0 0 0 26
1 1 1 0 1 1 1 1 1 0 0 1 0 0 0 0 0 0 1 0 0 1 1 1 1 1 0 0 0 1 1 0 1 1 1 0 1 0 1 1 0 0 0 0 0 1 1 0 1 1 27
1 1 0 0 0 0 0 0 0 1 1 0 1 1 1 1 1 1 1 1 0 1 1 1 0 0 0 1 1 0 1 0 0 0 1 0 0 1 1 1 0 1 1 1 1 0 1 1 0 1 29
0 1 0 1 0 1 1 0 0 1 1 0 1 0 1 1 1 0 0 1 0 0 1 1 0 0 0 1 1 1 0 1 1 0 1 0 1 1 1 1 1 0 1 1 1 0 0 1 1 0 29
1 0 1 0 1 1 1 1 0 0 0 0 1 0 0 1 0 1 0 0 1 0 1 0 0 0 0 1 1 0 0 1 1 0 0 0 1 1 0 1 0 0 0 0 0 1 0 0 0 0 19
0 0 1 1 0 0 1 0 0 0 1 0 0 1 0 0 1 1 0 1 1 1 1 1 0 0 1 0 0 1 1 1 0 1 1 1 1 0 1 1 1 0 0 0 0 1 0 1 0 1 26
0 0 1 1 1 0 1 1 1 0 0 0 1 1 0 0 0 1 1 0 1 0 0 0 0 0 0 0 0 0 1 0 0 0 1 1 0 1 1 1 1 0 1 1 1 0 1 0 1 1 24
1 1 0 1 1 1 1 0 0 1 1 1 1 0 1 1 0 0 0 0 1 1 0 0 0 0 0 1 0 1 1 0 0 0 1 1 0 1 1 0 0 0 0 0 0 0 1 0 1 1 24
1 0 1 1 0 1 1 1 0 0 1 1 1 0 1 1 0 0 0 0 1 0 0 1 1 1 0 0 1 0 0 0 0 0 1 0 0 1 0 0 1 0 0 0 0 1 1 1 0 1 23
1 0 1 0 0 0 1 0 0 0 0 0 1 0 0 0 1 0 0 0 1 1 1 0 1 0 1 0 0 1 0 1 1 0 0 1 0 1 1 0 1 1 1 1 1 1 0 0 1 1 24
1 1 0 1 0 1 1 0 0 0 0 1 1 0 0 1 0 1 0 0 1 0 1 0 0 0 0 1 1 0 0 0 1 1 0 1 0 1 0 0 0 1 0 1 0 1 1 1 0 0 22
0 1 1 0 1 1 0 0 1 1 0 0 1 0 1 1 0 1 1 1 0 1 0 1 0 0 0 0 0 1 0 1 1 0 0 0 0 0 1 0 0 0 0 1 0 1 1 0 0 0 21
0 1 0 0 1 0 0 1 0 1 0 0 0 0 1 0 0 0 1 0 0 1 0 1 0 1 0 1 1 0 1 1 0 1 0 1 1 0 0 1 1 1 1 1 0 1 1 1 1 0 25
0 0 1 1 1 1 1 0 0 1 0 1 0 0 1 0 1 1 0 1 1 0 0 1 1 1 0 1 1 0 1 0 0 0 0 1 0 0 1 0 0 0 0 1 1 0 0 1 0 1 24
1 1 0 0 0 0 1 0 1 1 0 1 1 0 1 1 0 1 0 1 0 0 1 0 1 1 0 1 0 0 1 1 1 0 1 1 1 1 1 1 1 0 1 0 1 1 0 1 0 0 29
1 0 1 1 0 0 0 0 1 1 1 0 0 0 0 0 1 1 0 0 1 0 1 1 1 0 1 1 1 0 0 1 1 0 0 0 1 1 1 1 1 0 0 1 1 1 0 1 1 0 27
1 1 0 0 0 0 0 0 0 0 0 1 1 0 1 1 0 1 1 1 1 1 1 0 0 1 1 1 1 0 0 1 0 0 0 1 0 1 1 1 1 0 0 1 0 0 0 1 0 1 25
1 1 1 0 0 1 1 0 1 1 1 1 0 1 1 0 0 0 0 0 1 0 1 1 0 0 0 1 1 0 0 1 1 1 0 0 0 0 1 0 0 0 1 0 1 1 1 1 0 0 25
1 1 0 1 1 0 0 0 1 0 1 0 1 1 1 1 1 1 0 1 0 0 1 0 0 0 1 1 0 0 1 1 0 0 0 1 0 1 0 1 0 1 0 1 1 1 0 1 0 0 26
0 1 1 0 1 1 1 0 0 0 1 0 0 1 1 0 0 0 1 1 1 1 0 0 0 0 0 0 1 0 0 1 0 1 0 1 0 1 0 1 0 0 0 0 0 1 1 0 0 1 21
0 1 0 0 1 1 1 1 0 1 1 0 1 0 1 1 0 1 0 0 1 0 1 1 1 0 0 1 0 1 0 1 0 0 1 0 1 0 0 0 0 1 0 1 0 1 0 1 0 1 25
1 0 1 1 1 1 1 0 0 0 0 1 0 0 0 1 0 1 0 1 1 0 1 1 1 0 0 1 0 0 0 1 0 0 1 0 1 1 0 0 0 0 1 1 0 0 0 1 1 1 24
1 0 0 1 0 1 1 1 0 0 0 1 0 1 0 0 0 1 1 1 1 0 0 1 1 0 1 0 1 1 0 0 0 1 0 0 0 0 1 0 1 0 1 1 0 0 0 0 1 1 23
1 1 1 0 1 1 0 1 1 1 0 0 1 1 0 0 0 1 1 1 1 0 0 0 1 1 0 0 1 0 0 0 0 0 1 0 1 0 1 0 0 1 1 1 0 1 1 1 0 0 26
0 0 1 1 1 0 1 1 0 0 1 0 0 1 0 0 1 1 0 0 0 1 0 1 0 1 1 1 0 1 1 1 1 1 1 0 0 0 0 0 0 1 1 0 0 0 1 1 1 1 26
1 0 0 0 1 0 1 0 0 0 0 0 1 0 0 1 1 0 0 1 0 1 1 0 1 0 1 0 0 0 0 0 1 0 1 0 1 0 0 0 0 0 1 0 0 1 0 0 1 1 18
0 1 0 1 1 1 1 1 1 1 0 1 0 0 1 0 1 1 1 0 1 0 0 1 1 0 1 1 1 0 0 1 1 1 1 1 0 0 1 1 1 0 0 0 1 1 1 1 0 0 31
0 1 0 1 1 1 0 0 1 1 1 0 0 0 0 0 0 0 0 1 0 1 0 0 0 1 0 0 0 1 1 0 0 1 0 0 1 0 1 0 0 1 1 1 1 0 0 1 0 1 21
1 0 1 1 1 0 1 1 1 0 1 1 1 1 0 1 1 0 1 1 1 1 1 1 0 1 1 1 0 0 0 1 1 1 1 1 1 0 0 1 1 0 0 0 0 1 1 1 1 1 35
0 0 0 1 0 0 1 0 0 0 0 1 1 0 1 0 1 0 1 1 0 1 0 1 1 0 0 0 1 0 0 1 1 0 1 0 0 0 1 0 0 0 1 0 0 1 0 0 1 0 19
0 0 1 0 0 0 0 0 0 0 0 0 0 0 0 1 1 1 1 1 1 0 1 1 0 1 1 1 0 1 1 0 1 0 0 1 0 1 0 1 1 0 0 0 1 1 1 0 1 0 23
0 1 1 0 1 1 0 1 1 0 1 0 1 0 0 0 1 1 0 1 1 1 1 0 0 0 1 0 0 1 1 1 0 1 1 0 0 1 0 0 0 0 0 0 0 1 1 0 0 0 23
1 0 1 1 0 1 1 1 0 1 0 0 1 0 0 0 1 1 0 0 1 0 1 1 1 1 0 1 1 1 1 0 1 0 0 0 0 0 0 0 1 1 0 0 0 0 1 1 1 1 26
0 1 0 1 0 1 1 0 0 1 0 0 0 0 0 0 0 0 1 0 1 1 0 0 0 1 1 1 1 1 0 0 0 1 1 1 0 0 0 0 0 0 0 0 0 0 1 1 1 1 20
1 1 1 0 0 1 0 0 1 1 1 1 0 1 1 0 0 1 0 0 0 0 1 1 1 0 1 0 1 0 0 1 0 1 1 0 1 1 1 1 1 0 1 1 1 1 0 1 1 0 30
0 1 1 0 1 1 0 0 0 0 1 0 0 0 1 0 0 1 1 0 0 0 1 1 0 0 1 0 0 0 1 1 0 0 0 1 0 0 0 0 0 0 1 1 0 0 0 1 0 1 18
1 0 1 1 1 1 0 0 1 0 0 0 0 0 1 1 0 0 0 1 1 1 1 1 1 1 1 0 1 1 0 1 0 1 0 0 1 0 0 0 1 0 1 0 0 0 0 1 0 0 24
1 1 0 1 1 1 1 0 1 1 0 0 1 1 0 1 1 1 0 0 0 1 1 0 1 1 0 1 0 1 0 1 0 1 1 1 1 1 1 0 1 1 1 1 1 1 0 1 0 1 34
1 1 1 0 0 0 0 1 1 1 0 0 1 1 1 0 1 0 1 1 1 0 0 0 1 0 0 0 0 1 0 1 0 0 1 0 0 0 0 0 1 1 1 0 0 1 0 0 1 0 22
262 264 264 250 246 258 256 249 236 255 245 269 253 236 271 264 226 250 257 252 265 252 261 241 243 219 253 258 253 257 252 259 248 246 262 247 265 259 233 237 231 239 232 267 223 266 224 271 234 240 12500
