0 0 0 0 0 0 0 0 0 0 0 0 0 0 0 0 0 0 0 0 0 0 0 0 0 1 0 0 0 0 0 0 0 0 0 0 0 0 0 0 0 0 0 0 0 0 0 0 0 0 1
0 0 0 0 0 0 0 0 0 0 0 0 0 0 0 0 0 0 0 0 0 0 0 0 0 0 0 1 0 0 0 0 0 0 0 0 0 0 0 0 0 0 0 0 0 0 0 0 0 0 1
0 0 0 0 0 0 0 1 0 0 0 0 0 0 0 0 0 0 0 0 0 0 0 0 0 0 0 0 0 0 0 0 0 0 0 0 0 0 0 0 0 0 0 0 0 0 0 0 0 0 1
0 0 0 0 0 0 0 0 0 0 0 0 0 1 0 0 0 0 0 0 0 0 0 0 0 0 0 0 0 0 0 0 0 0 0 0 0 0 0 0 0 0 0 0 0 0 0 0 0 0 1
0 0 0 0 0 0 0 0 0 0 0 0 0 0 0 0 0 0 0 0 0 0 0 0 0 0 0 0 0 0 0 0 0 0 0 0 0 0 0 0 0 0 0 0 1 0 0 0 0 0 1
0 0 0 0 0 0 0 0 0 0 1 0 0 0 0 0 0 0 0 0 0 0 0 0 0 0 0 0 0 0 0 0 0 0 0 0 0 0 0 0 0 0 0 0 0 0 0 0 0 0 1
0 1 0 0 0 0 0 0 0 0 0 0 0 0 0 0 0 0 0 0 0 0 0 0 0 0 0 0 0 0 0 0 0 0 0 0 0 0 0 0 0 0 0 0 0 0 0 0 0 0 1
0 0 0 0 0 0 0 0 0 0 0 0 0 1 0 0 0 0 0 0 0 0 0 0 0 0 0 0 0 0 0 0 0 0 0 0 0 0 0 0 0 0 0 0 0 0 0 0 0 0 1
0 0 0 0 0 0 0 0 0 0 0 0 0 0 0 0 0 0 0 0 0 0 0 0 0 0 0 0 0 0 0 0 0 0 0 0 0 0 0 0 0 0 1 0 0 0 0 0 0 0 1
0 0 0 0 1 0 0 0 0 0 0 0 0 0 0 0 0 0 0 0 0 0 0 0 0 0 0 0 0 0 0 0 0 0 0 0 0 0 0 0 0 0 0 0 0 0 0 0 0 0 1
0 0 0 0 0 0 0 0 0 0 0 0 0 0 0 0 0 0 0 0 0 0 0 0 0 1 0 0 0 0 0 0 0 0 0 0 0 0 0 0 0 0 0 0 0 0 0 0 0 0 1
0 0 0 0 0 0 0 0 0 0 0 1 0 0 0 0 0 0 0 0 0 0 0 0 0 0 0 0 0 0 0 0 0 0 0 0 0 0 0 0 0 0 0 0 0 0 0 0 0 0 1
0 0 0 0 0 0 0 0 0 0 0 0 0 0 0 0 0 0 0 0 0 0 0 0 0 0 0 0 0 0 0 0 0 0 0 0 0 0 0 0 1 0 0 0 0 0 0 0 0 0 1
0 0 0 0 0 0 0 0 0 0 0 0 0 0 0 0 0 1 0 0 0 0 0 0 0 0 0 0 0 0 0 0 0 0 0 0 0 0 0 0 0 0 0 0 0 0 0 0 0 0 1
0 0 0 0 0 0 0 0 0 0 0 0 0 0 0 0 0 0 0 0 0 0 0 1 0 0 0 0 0 0 0 0 0 0 0 0 0 0 0 0 0 0 0 0 0 0 0 0 0 0 1
0 0 0 0 0 0 0 0 0 0 0 0 0 0 0 0 0 0 0 0 0 0 0 0 0 0 0 0 0 0 0 0 0 1 0 0 0 0 0 0 0 0 0 0 0 0 0 0 0 0 1
0 0 0 0 0 0 0 0 0 0 0 0 0 0 1 0 0 0 0 0 0 0 0 0 0 0 0 0 0 0 0 0 0 0 0 0 0 0 0 0 0 0 0 0 0 0 0 0 0 0 1
0 0 0 0 0 0 0 0 0 0 0 0 0 0 0 0 0 0 0 0 0 0 0 0 0 0 0 0 0 0 0 0 0 0 0 1 0 0 0 0 0 0 0 0 0 0 0 0 0 0 1
0 0 0 0 0 0 0 0 0 0 0 0 0 0 0 0 0 0 0 0 0 0 0 0 0 0 0 0 0 0 0 0 0 0 0 0 0 0 0 1 0 0 0 0 0 0 0 0 0 0 1
0 1 0 0 0 0 0 0 0 0 0 0 0 0 0 0 0 0 0 0 0 0 0 0 0 0 0 0 0 0 0 0 0 0 0 0 0 0 0 0 0 0 0 0 0 0 0 0 0 0 1
0 0 0 0 0 0 0 0 0 0 0 0 0 0 0 0 0 0 0 0 1 0 0 0 0 0 0 0 0 0 0 0 0 0 0 0 0 0 0 0 0 0 0 0 0 0 0 0 0 0 1
0 0 0 0 0 0 0 0 0 0 0 0 0 0 0 0 0 0 0 0 0 0 0 0 0 1 0 0 0 0 0 0 0 0 0 0 0 0 0 0 0 0 0 0 0 0 0 0 0 0 1
0 0 0 0 0 0 0 0 0 1 0 0 0 0 0 0 0 0 0 0 0 0 0 0 0 0 0 0 0 0 0 0 0 0 0 0 0 0 0 0 0 0 0 0 0 0 0 0 0 0 1
0 0 0 0 1 0 0 0 0 0 0 0 0 0 0 0 0 0 0 0 0 0 0 0 0 0 0 0 0 0 0 0 0 0 0 0 0 0 0 0 0 0 0 0 0 0 0 0 0 0 1
0 0 0 0 0 0 0 0 0 0 0 0 0 0 0 0 0 0 0 0 0 0 0 0 0 0 0 0 0 0 0 0 0 0 0 0 0 0 0 0 1 0 0 0 0 0 0 0 0 0 1
0 0 0 0 0 0 0 0 0 1 0 0 0 0 0 0 0 0 0 0 0 0 0 0 0 0 0 0 0 0 0 0 0 0 0 0 0 0 0 0 0 0 0 0 0 0 0 0 0 0 1
0 0 0 0 0 0 0 0 0 0 0 0 0 0 0 0 0 0 0 0 0 0 0 0 0 0 0 0 0 0 0 0 0 0 0 1 0 0 0 0 0 0 0 0 0 0 0 0 0 0 1
0 0 0 0 0 0 0 0 0 0 0 0 0 0 0 0 0 0 0 0 0 0 0 0 0 0 0 0 0 0 0 0 0 0 0 1 0 0 0 0 0 0 0 0 0 0 0 0 0 0 1
0 0 0 0 0 0 0 0 0 0 0 0 0 0 0 0 0 0 0 0 0 0 0 0 0 0 0 0 0 1 0 0 0 0 0 0 0 0 0 0 0 0 0 0 0 0 0 0 0 0 1
0 0 0 0 0 0 0 0 0 0 0 0 0 0 0 0 0 0 0 0 0 0 0 0 0 0 0 0 0 0 0 0 0 0 1 0 0 0 0 0 0 0 0 0 0 0 0 0 0 0 1
0 0 0 0 0 1 0 0 0 0 0 0 0 0 0 0 0 0 0 0 0 0 0 0 0 0 0 0 0 0 0 0 0 0 0 0 0 0 0 0 0 0 0 0 0 0 0 0 0 0 1
0 0 0 0 0 0 0 0 0 0 0 0 0 0 0 1 0 0 0 0 0 0 0 0 0 0 0 0 0 0 0 0 0 0 0 0 0 0 0 0 0 0 0 0 0 0 0 0 0 0 1
0 0 0 0 0 0 0 0 0 0 0 0 0 0 0 0 0 0 0 0 0 0 0 0 0 1 0 0 0 0 0 0 0 0 0 0 0 0 0 0 0 0 0 0 0 0 0 0 0 0 1
0 0 0 0 0 0 0 0 0 0 0 0 0 0 0 0 0 0 0 0 0 0 0 0 1 0 0 0 0 0 0 0 0 0 0 0 0 0 0 0 0 0 0 0 0 0 0 0 0 0 1
0 0 0 0 0 0 0 1 0 0 0 0 0 0 0 0 0 0 0 0 0 0 0 0 0 0 0 0 0 0 0 0 0 0 0 0 0 0 0 0 0 0 0 0 0 0 0 0 0 0 1
0 0 0 0 0 1 0 0 1 0 0 0 0 0 0 0 0 0 0 0 0 0 1 0 0 0 0 1 0 0 0 0 0 1 0 0 0 1 0 0 0 0 0 0 1 0 0 0 1 1 9
0 0 0 0 0 1 1 0 1 0 0 0 1 1 0 1 1 0 0 1 0 0 0 0 0 0 1 1 0 1 0 0 1 1 0 1 1 0 1 0 0 0 1 0 0 0 0 1 0 0 18
0 0 0 0 1 1 1 0 1 1 0 0 0 1 0 1 1 0 0 1 0 0 1 1 0 0 1 0 0 1 1 0 1 1 0 1 0 0 1 0 0 1 1 0 0 0 0 0 1 1 22
0 0 0 0 1 0 1 1 1 1 0 0 1 0 1 0 1 0 1 0 0 0 0 1 0 0 1 0 0 0 1 0 0 0 0 1 1 1 0 1 0 0 0 0 0 0 0 0 1 0 17
0 0 1 0 0 1 1 0 0 1 1 0 0 0 0 0 0 0 0 1 1 0 1 1 0 1 1 0 1 0 1 0 0 1 0 0 0 1 0 0 0 1 0 1 0 0 0 0 1 1 19
1 0 0 1 0 0 1 0 0 1 1 0 1 0 1 0 0 0 0 1 0 1 1 0 0 1 1 1 1 0 0 0 1 1 0 1 1 0 1 1 0 0 0 0 0 1 0 0 1 0 22
0 1 1 1 0 1 0 1 0 0 0 1 1 0 0 0 0 0 0 1 1 0 1 1 0 0 0 0 0 0 1 0 0 0 0 1 0 1 1 0 0 0 0 0 0 1 0 1 0 0 17
0 1 1 0 0 0 0 0 1 0 0 0 0 0 1 0 1 0 1 0 0 0 0 0 1 0 0 0 1 1 0 0 1 1 1 0 0 1 1 1 1 0 1 1 0 0 1 0 0 0 19
0 0 1 0 0 0 0 0 1 0 0 1 1 1 1 0 0 0 0 0 0 0 0 1 0 1 1 0 1 1 0 1 1 1 0 1 0 0 1 0 1 0 1 1 0 1 0 0 0 0 20
1 1 1 0 1 0 1 0 0 1 0 1 0 0 0 1 0 0 0 1 1 0 0 0 0 1 1 0 1 1 1 1 0 0 1 1 0 1 1 0 1 1 0 1 1 0 1 1 0 0 26
0 1 1 1 0 0 0 1 1 0 0 1 0 0 1 1 1 0 1 0 0 0 0 0 0 0 1 1 1 0 0 1 0 1 0 1 1 1 1 0 0 1 1 0 1 1 0 0 1 0 24
0 0 0 1 0 0 0 0 0 1 0 0 1 1 0 1 1 0 1 1 1 1 1 1 1 1 1 1 1 0 0 0 0 1 1 0 0 0 1 0 1 1 0 0 0 0 1 1 0 0 24
0 0 0 1 0 1 0 1 1 1 0 0 1 0 0 0 0 0 0 1 1 0 1 0 1 0 1 0 0 1 1 0 0 0 0 1 0 1 1 1 1 0 0 0 1 0 1 0 0 0 20
1 1 0 0 1 0 0 0 0 1 0 0 0 1 0 0 0 0 0 0 0 1 0 0 1 1 1 1 1 0 0 0 1 1 1 0 0 1 0 0 0 1 1 1 0 1 0 0 1 0 20
0 1 1 0 1 1 0 1 0 0 1 0 0 0 0 0 1 1 1 1 0 0 0 0 0 1 0 0 1 1 0 1 0 0 0 1 0 1 1 1 1 0 0 0 1 0 0 1 1 0 22
0 1 0 1 1 0 1 1 1 0 0 1 0 0 1 1 0 1 1 0 1 1 0 1 1 1 0 0 1 0 1 0 1 0 0 0 0 0 0 1 0 1 1 0 0 0 0 0 0 0 22
1 1 0 0 0 0 1 1 1 1 0 0 1 1 1 1 0 0 1 0 0 1 1 1 0 0 1 0 1 0 1 1 1 0 0 1 1 1 1 0 1 0 0 1 0 1 0 0 0 1 27
1 1 0 0 0 0 1 1 0 0 1 0 1 0 0 1 1 1 0 0 1 0 0 0 0 0 0 1 0 1 1 1 1 0 1 1 0 1 0 1 0 1 1 1 1 0 0 1 0 1 25
0 1 0 0 1 1 1 1 0 1 0 1 1 1 0 1 1 1 1 0 1 0 1 1 1 0 0 0 1 0 1 0 1 0 0 0 0 0 1 1 1 1 1 0 0 1 0 1 0 0 27
0 1 0 1 0 0 0 1 0 0 0 0 1 0 1 0 1 1 1 1 1 1 1 1 0 0 0 0 1 0 1 0 0 0 0 1 1 1 0 0 1 1 1 0 1 0 0 0 1 0 23
1 1 0 1 1 1 1 1 0 1 0 1 0 0 0 0 1 1 0 0 1 0 0 1 0 0 0 0 1 0 1 0 0 0 0 0 0 0 1 1 0 0 1 1 1 1 1 0 0 1 23
0 0 1 1 1 1 1 1 0 1 1 1 0 0 1 0 1 0 0 1 1 0 1 1 1 0 1 0 0 1 1 1 1 0 1 1 1 1 1 0 0 1 0 0 1 0 0 1 1 1 31
0 1 0 0 0 0 1 0 0 0 0 0 1 0 0 0 0 1 1 0 0 0 0 0 0 1 0 0 0 1 1 1 1 0 0 0 0 1 0 1 1 0 0 0 0 1 0 1 1 1 17
1 0 1 1 1 0 0 1 0 0 0 1 0 0 0 1 0 0 0 0 0 0 0 1 1 1 0 0 1 1 0 0 0 1 1 1 0 0 1 0 1 1 1 0 0 0 0 0 1 0 20
1 1 1 1 1 1 1 0 0 1 1 1 1 0 1 0 1 1 0 1 0 0 1 0 0 0 1 0 0 0 0 1 0 1 0 0 0 0 1 0 1 1 0 1 1 0 0 1 0 1 26
0 0 1 0 1 0 1 1 1 0 0 0 0 0 0 0 1 0 1 1 1 1 0 0 1 1 1 0 1 0 1 1 1 1 0 1 0 1 0 1 0 1 0 1 1 1 0 0 1 0 26
1 1 0 1 1 0 1 1 0 0 1 0 0 0 1 0 0 0 0 0 0 1 0 1 0 0 0 0 0 1 0 1 1 1 0 1 0 0 1 1 1 1 1 1 1 0 0 1 1 0 24
1 0 0 1 0 0 1 1 0 1 0 0 0 0 1 0 0 1 1 0 0 0 1 1 0 0 0 0 0 0 1 0 1 0 0 1 0 1 0 1 1 1 0 0 0 0 0 0 0 1 18
1 1 0 1 0 0 0 0 1 1 0 0 0 1 0 1 0 0 0 0 0 1 0 1 1 0 0 1 0 0 1 0 1 1 1 1 0 0 0 0 1 1 1 0 0 0 0 0 0 1 20
1 0 1 0 0 0 1 0 1 0 1 0 1 0 1 1 0 0 1 0 1 1 0 1 0 1 0 0 1 1 0 0 1 1 1 0 1 0 0 1 0 1 1 0 0 0 0 1 0 1 24
1 0 0 1 0 0 0 1 0 0 0 0 0 0 0 0 1 0 0 0 0 0 0 1 1 0 0 1 1 0 1 1 1 0 0 0 0 1 0 0 1 1 0 1 0 0 1 1 1 0 18
1 1 0 0 1 0 0 0 0 0 1 1 1 1 1 0 0 1 0 1 0 1 0 0 0 0 1 0 1 0 1 0 1 1 0 1 0 1 0 1 0 0 0 1 1 0 0 0 0 0 21
1 1 1 0 1 1 0 1 1 1 1 0 1 1 0 1 1 0 0 1 0 1 1 1 1 0 0 0 0 0 0 0 0 0 0 0 1 1 0 1 1 0 0 1 0 1 0 1 0 1 26
0 1 0 1 1 1 1 0 0 1 1 1 1 0 0 0 1 0 1 1 1 1 0 1 1 1 0 0 0 1 0 0 1 0 0 0 0 0 0 0 0 0 1 1 1 0 1 0 1 0 24
0 1 0 1 0 1 0 1 0 0 0 0 1 0 1 0 0 0 1 0 0 1 1 0 0 1 1 0 1 0 1 0 0 1 0 0 0 0 0 0 0 0 1 1 0 1 0 1 0 0 18
0 1 0 0 1 0 1 1 0 1 0 0 0 1 0 0 0 0 1 0 0 0 0 0 0 1 0 1 1 1 0 0 0 1 1 0 0 0 0 1 0 0 0 0 1 1 1 0 1 0 18
1 0 1 1 0 0 0 0 0 0 0 0 1 1 0 1 0 1 0 0 1 0 1 1 0 0 1 1 1 1 0 1 1 0 0 1 0 0 1 1 0 0 0 1 1 0 1 0 0 0 22
0 1 0 0 0 1 0 0 1 1 1 1 0 1 1 1 1 0 1 0 0 0 0 1 1 0 1 1 1 0 1 0 0 1 0 0 1 0 0 1 0 0 0 1 1 0 0 0 1 0 23
0 1 1 0 0 0 0 1 1 0 0 0 1 1 0 0 0 0 0 0 1 1 1 0 0 0 0 0 1 0 1 1 0 0 1 0 1 1 0 0 1 0 0 0 0 1 0 0 0 0 17
0 1 1 1 0 1 0 0 1 1 0 1 1 0 0 1 1 1 1 0 0 1 1 1 0 0 1 0 0 1 1 1 0 0 1 0 0 1 0 0 0 0 0 1 1 1 1 0 1 1 27
1 1 1 1 0 0 1 1 1 0 1 1 0 1 0 1 1 1 1 0 0 1 0 0 1 0 0 0 0 1 0 0 0 0 0 1 1 0 0 1 1 0 1 1 1 0 0 1 0 0 25
1 1 1 0 0 1 0 0 1 0 0 0 1 0 1 0 1 0 1 1 1 1 1 1 1 1 0 1 0 0 1 0 1 0 1 1 0 0 1 0 0 0 1 0 1 0 0 1 1 0 26
0 0 0 1 0 1 1 1 1 0 1 1 0 1 0 0 0 1 1 0 1 1 1 1 0 0 0 0 1 1 0 1 1 0 1 1 1 0 1 0 0 1 1 1 1 1 0 1 0 0 28
1 1 1 0 0 1 1 0 1 0 1 0 1 0 1 0 0 0 1 0 1 1 0 0 1 1 1 1 1 1 0 0 1 0 1 0 1 0 0 0 0 0 1 1 1 1 0 0 1 1 27
1 1 1 1 1 0 1 1 1 1 0 0 0 1 0 1 1 0 0 0 0 0 1 1 1 1 0 1 0 1 0 0 1 1 0 1 0 1 1 0 1 1 1 1 1 0 1 0 1 1 31
1 1 1 0 0 0 0 1 1 0 0 1 1 1 1 0 1 0 1 1 1 0 1 1 0 1 1 1 1 0 1 0 0 0 1 0 1 0 1 1 1 0 1 0 1 1 0 1 1 0 30
0 1 1 1 0 1 0 0 0 1 0 0 0 1 1 1 1 0 1 0 0 1 1 1 1 0 0 1 1 1 0 1 0 0 0 1 0 0 0 1 0 1 1 0 1 1 1 0 0 1 26
1 1 0 1 0 1 1 1 0 1 0 0 0 0 0 1 1 1 1 1 0 1 1 1 1 0 1 0 0 0 1 0 1 0 1 0 0 1 0 0 0 0 0 0 0 0 1 0 0 0 22
0 1 1 1 1 0 0 0 1 0 0 0 1 0 1 1 0 1 0 0 1 1 0 0 0 1 1 0 0 0 0 0 0 1 0 1 0 1 0 0 0 0 1 0 1 1 1 0 0 0 20
1 1 0 0 0 1 0 0 0 1 0 1 0 1 0 1 0 1 1 1 1 0 0 1 1 0 0 1 1 1 0 0 1 0 0 0 1 0 1 0 0 1 0 1 0 1 1 1 1 0 25
1 1 1 0 1 1 1 0 0 1 0 1 0 0 0 0 0 1 1 1 1 0 1 0 0 0 0 0 1 1 1 1 1 1 0 0 0 1 1 0 0 1 1 1 1 0 0 1 0 0 26
0 1 0 1 1 0 1 1 1 1 1 0 1 0 1 0 0 1 1 1 0 1 0 1 1 1 1 1 0 0 0 1 1 0 1 1 1 1 1 0 1 1 1 1 0 0 1 1 1 1 34
1 0 0 1 0 1 0 0 0 1 1 0 0 0 1 0 0 1 1 1 0 1 0 0 0 1 0 1 0 1 1 1 0 0 1 1 0 1 0 1 0 1 0 0 1 1 1 0 1 0 24
1 0 0 1 0 0 1 1 1 0 0 0 0 1 0 0 1 0 1 1 1 0 0 1 0 0 0 0 0 1 0 1 0 1 0 0 0 1 0 0 0 0 0 0 1 1 0 1 0 0 18
1 0 1 1 1 0 0 0 0 0 1 0 0 0 0 1 1 0 0 1 0 1 0 1 0 0 1 1 1 0 0 1 0 1 1 0 1 0 1 0 1 1 1 1 1 1 1 0 1 0 26
1 0 1 0 0 0 1 1 1 1 1 0 1 1 0 1 0 1 1 1 0 0 0 0 1 0 1 1 1 0 0 0 0 1 0 0 1 1 1 1 0 1 1 0 1 1 1 0 0 0 27
0 0 0 1 0 1 1 1 0 0 1 0 0 0 0 1 0 1 1 1 0 0 1 1 1 0 1 1 0 1 0 0 0 0 1 1 1 1 0 1 1 1 1 1 0 0 0 1 0 0 25
0 0 1 1 0 0 1 0 1 0 0 0 1 1 1 0 0 0 1 0 1 0 1 0 0 0 1 1 0 0 1 1 1 0 0 1 1 1 1 1 1 1 1 1 0 1 0 0 1 0 26
0 0 0 0 1 0 0 0 0 0 1 1 0 0 1 1 0 0 1 0 1 1 0 1 0 1 0 1 1 0 0 0 0 0 1 0 0 1 0 1 1 1 1 1 0 1 0 0 1 0 21
1 1 0 0 0 1 0 0 1 0 1 0 1 1 1 1 1 0 1 0 0 1 0 1 1 0 1 0 1 1 0 1 0 1 0 1 1 1 0 0 0 1 0 1 0 0 1 1 1 0 27
0 0 1 0 0 0 0 1 0 1 1 1 0 0 1 1 1 1 1 1 0 0 1 1 1 1 1 1 1 0 1 0 0 1 1 0 0 1 0 0 0 1 0 1 1 0 0 1 1 1 28
0 0 1 0 0 0 1 0 1 0 1 0 1 0 0 0 1 0 0 1 0 1 0 0 1 1 1 0 0 1 0 0 1 0 1 0 0 0 0 0 1 0 1 0 1 0 1 1 0 0 19
1 0 0 1 1 0 0 0 0 0 1 1 0 0 0 0 0 0 1 1 0 0 0 0 0 0 1 0 1 1 1 1 0 1 0 1 1 0 1 0 1 0 1 0 1 0 0 0 0 1 20
0 0 1 0 1 1 0 1 0 0 0 0 1 0 1 0 1 0 1 1 0 0 1 0 0 0 1 1 1 0 1 0 1 0 1 0 0 1 1 1 1 0 0 1 1 1 0 1 1 0 25
0 1 1 0 0 0 1 0 0 0 0 0 0 0 1 0 0 1 1 0 1 1 1 0 0 1 0 1 1 1 1 0 0 0 1 0 0 1 1 1 1 0 1 1 0 0 1 1 1 1 25
0 1 0 1 0 1 0 0 1 1 0 0 1 0 0 1 1 1 0 1 1 1 0 0 1 0 1 1 1 1 0 0 1 1 1 0 0 0 0 1 0 1 0 1 1 0 0 0 0 1 25
0 1 1 1 1 0 1 1 0 1 1 0 1 1 0 1 1 1 1 0 0 0 1 1 1 0 0 1 0 0 1 0 0 1 1 1 1 1 0 1 1 1 1 1 0 0 0 1 0 0 30
0 0 1 1 1 1 0 0 0 1 0 1 1 1 1 1 0 0 1 1 1 0 1 1 0 0 1 1 0 0 1 0 1 0 0 0 0 1 1 1 1 1 0 0 0 1 0 0 0 0 25
1 0 0 1 0 1 1 0 1 0 1 0 0 0 1 1 1 0 1 0 1 1 0 1 0 1 1 0 1 1 1 1 0 1 1 1 0 0 0 0 1 0 0 1 1 1 1 1 1 0 29
1 0 1 1 0 1 0 0 0 1 0 0 1 0 0 0 1 1 0 0 0 1 1 0 0 1 1 1 1 0 0 0 1 0 1 1 0 0 1 1 1 0 0 0 0 1 0 0 1 1 23
1 0 1 0 0 0 1 0 1 0 1 1 0 1 1 1 1 0 1 1 0 0 1 1 0 0 1 0 1 0 0 1 1 1 1 0 0 0 0 0 1 1 0 1 0 0 0 1 1 0 25
0 1 1 1 1 0 0 1 0 1 0 0 0 0 1 1 0 1 1 1 0 1 1 1 0 0 0 1 1 0 1 1 0 1 1 1 0 0 1 0 0 0 1 1 0 1 0 0 1 0 26
0 1 0 0 1 1 0 1 0 1 0 1 0 0 1 1 0 1 0 1 0 0 1 1 1 1 0 1 0 1 1 1 0 1 1 1 0 1 1 1 1 1 0 0 0 1 0 0 0 1 28
0 1 0 1 1 0 1 1 1 1 0 0 0 0 1 1 1 0 1 1 1 1 0 1 0 1 1 1 0 1 1 1 1 1 0 0 1 1 0 0 0 1 0 1 0 1 0 1 1 0 30
1 0 0 1 0 0 0 0 0 0 0 0 1 1 0 0 1 1 0 0 1 0 1 0 0 1 0 1 1 0 0 1 1 0 1 0 1 0 0 0 0 0 1 1 0 1 0 0 0 0 18
1 1 0 0 0 1 0 1 1 1 1 0 0 1 1 1 1 1 0 0 1 1 1 0 0 0 0 0 1 0 0 0 1 0 0 0 1 0 0 0 0 0 1 1 0 0 1 1 1 0 23
1 0 1 0 0 0 1 1 1 1 1 1 1 1 0 1 0 1 0 0 1 1 1 1 0 1 1 1 1 0 0 0 0 1 0 0 0 0 0 1 0 0 1 0 1 1 1 0 0 1 27
0 0 0 1 1 0 1 1 1 0 1 0 0 1 0 1 1 0 0 0 1 0 1 1 1 0 0 1 0 0 1 0 1 0 1 0 0 0 1 0 0 0 0 1 0 1 1 0 0 1 22
1 0 0 0 0 0 1 1 1 1 1 0 1 0 1 0 0 0 1 0 1 0 1 1 0 0 1 0 0 1 1 0 0 0 1 1 1 0 1 0 0 0 0 1 0 0 1 0 1 0 22
1 0 1 0 0 1 1 1 1 1 1 1 0 1 1 0 1 1 1 1 0 1 1 0 1 1 0 0 0 0 1 0 1 0 0 0 1 0 0 1 1 0 1 0 0 1 0 1 0 0 27
0 1 1 1 0 1 0 0 0 1 0 0 1 0 1 1 0 0 0 1 0 0 0 0 0 1 0 0 1 0 0 1 0 0 0 1 0 1 1 1 1 0 0 0 0 1 0 0 0 0 18
0 0 0 1 1 0 0 1 1 0 0 1 0 1 1 0 1 1 1 0 1 1 0 0 1 1 0 0 1 0 0 0 0 0 1 1 1 1 1 0 0 1 0 0 0 0 1 1 0 1 24
0 0 0 1 1 1 1 1 0 1 1 1 0 0 0 1 0 1 0 0 1 0 1 0 0 1 1 1 1 0 1 0 1 0 1 0 0 1 0 1 0 1 0 1 0 1 0 0 0 0 24
0 0 1 0 1 0 1 0 0 1 1 0 0 0 0 0 1 0 0 1 1 0 0 0 1 0 1 1 1 0 1 1 0 1 0 1 1 1 1 0 1 0 1 0 0 0 0 0 1 0 22
0 0 1 0 1 1 1 0 0 1 1 0 0 0 0 1 0 0 1 1 1 0 0 0 0 0 1 0 1 0 0 1 1 0 0 0 0 0 0 1 0 1 0 0 1 0 1 1 1 0 20
1 1 0 1 1 1 0 1 1 1 0 0 0 0 1 0 0 0 0 1 0 0 0 1 0 1 1 1 1 0 0 0 0 0 1 1 1 1 0 1 1 1 0 1 0 0 1 1 0 1 26
1 1 1 1 1 0 0 0 1 0 1 1 1 1 0 0 0 0 1 0 1 1 1 1 0 1 1 0 0 1 0 1 1 1 1 1 1 1 1 1 0 1 0 1 1 0 0 1 0 1 32
0 0 0 1 1 1 0 1 1 1 0 0 0 1 0 0 1 1 0 1 0 1 1 1 0 1 0 1 0 0 1 0 1 0 1 1 1 0 1 0 1 0 1 0 0 0 0 1 0 0 24
1 1 0 1 1 1 1 0 1 0 1 0 0 0 0 1 0 0 1 0 1 1 1 0 1 0 1 0 1 1 0 1 1 1 1 1 0 1 1 1 0 1 1 0 0 0 1 1 0 0 29
1 1 0 0 0 0 1 0 1 1 0 0 0 0 0 1 1 1 1 0 1 1 0 0 1 1 1 0 1 0 0 1 0 1 1 1 1 0 0 1 0 1 1 0 1 1 1 0 0 1 27
0 1 1 0 0 1 0 0 0 0 0 1 1 0 0 0 1 0 0 1 1 1 0 1 1 0 0 1 0 0 0 1 1 0 0 0 0 0 1 0 0 0 0 0 0 0 0 0 0 1 16
0 1 0 1 1 0 1 1 1 0 0 1 0 1 0 1 0 0 0 1 1 0 0 1 0 0 1 1 1 0 0 1 1 0 0 1 1 0 0 1 1 0 1 1 0 0 1 1 0 1 26
1 1 1 0 1 0 1 0 1 0 0 0 0 1 0 0 0 1 0 0 0 1 1 1 1 0 1 0 0 0 1 1 0 1 0 0 0 1 0 1 0 1 1 0 0 1 1 0 1 1 24
1 1 0 0 1 1 0 0 0 1 1 0 0 1 1 1 0 1 1 1 1 1 1 0 1 0 1 1 1 1 1 0 1 1 1 0 1 1 0 1 1 0 0 1 1 0 1 0 0 1 32
0 1 1 0 1 0 1 0 1 0 0 0 0 1 0 1 1 0 1 0 0 0 1 0 1 0 1 1 0 1 1 1 0 0 0 0 1 1 1 1 1 0 0 0 0 1 0 0 1 0 23
0 1 1 1 0 0 1 0 1 0 1 0 0 0 0 1 1 1 0 0 0 0 0 1 0 0 0 0 1 1 0 0 1 1 1 1 1 1 1 1 0 1 1 1 0 0 1 1 1 1 27
0 0 0 1 0 0 1 1 1 0 1 1 1 0 1 1 1 1 0 1 1 1 0 1 1 0 0 0 1 0 1 0 1 0 1 1 1 0 1 1 1 1 0 1 0 0 0 1 0 1 29
1 1 1 0 0 1 1 1 1 1 0 1 0 0 1 1 0 0 0 1 0 0 0 1 0 0 1 0 1 1 1 1 1 1 0 0 0 0 1 1 0 1 0 0 0 0 1 0 0 1 25
0 0 0 0 0 1 1 0 1 1 0 0 0 0 1 0 0 1 0 1 0 0 1 1 0 0 1 1 0 0 0 1 1 1 1 1 0 1 0 0 1 0 1 0 1 1 1 1 1 1 25
1 1 1 0 1 1 1 0 1 1 1 0 0 0 1 0 1 1 1 1 0 0 1 0 1 0 0 0 1 1 1 1 1 0 1 1 1 1 1 1 1 1 1 1 0 1 1 0 0 1 34
0 1 1 1 0 0 1 0 1 0 1 0 0 0 0 0 0 0 0 1 1 1 0 0 0 0 1 0 0 1 1 0 0 0 0 1 1 0 1 1 0 0 0 0 1 0 0 0 1 0 18
1 1 0 1 0 0 1 1 0 1 1 0 0 0 1 1 0 1 1 1 0 0 0 1 1 0 0 0 1 0 1 0 1 0 1 1 1 1 0 1 0 1 1 1 1 0 1 1 1 0 29
1 0 1 0 1 0 0 1 1 1 0 1 0 1 0 0 1 0 1 0 0 0 1 0 0 0 0 0 0 1 0 1 1 0 0 0 1 0 0 0 1 1 0 1 0 0 1 1 0 1 21
0 1 0 1 1 0 0 0 1 1 0 1 0 1 0 1 1 1 0 0 1 0 0 1 1 1 0 1 1 1 1 1 0 0 0 1 0 1 0 1 0 0 0 1 0 0 1 1 0 0 25
1 1 0 1 1 0 0 0 1 0 1 0 0 1 0 1 0 1 0 0 1 1 1 1 1 1 0 1 0 0 0 1 0 0 0 1 0 1 1 1 0 0 1 0 0 1 1 0 1 1 26
1 1 1 0 0 1 1 1 0 1 0 0 0 0 0 0 1 1 1 1 0 0 0 0 0 0 1 1 1 0 1 1 0 0 1 1 1 0 1 0 0 1 0 1 0 0 0 1 0 1 24
0 0 1 1 0 1 1 0 0 1 0 0 0 1 0 0 0 0 1 1 1 0 1 0 0 0 1 0 0 1 0 1 0 1 0 0 1 1 0 0 0 1 0 1 1 1 1 0 0 1 22
0 1 0 1 0 0 1 0 1 1 1 1 0 1 1 1 0 0 1 0 0 1 1 1 1 1 0 1 1 1 1 0 0 0 1 1 1 0 0 0 1 0 1 1 1 1 1 0 1 0 30
0 1 1 0 1 1 0 1 1 0 1 0 1 0 1 1 1 0 1 0 0 0 0 1 0 1 1 0 0 0 0 0 1 0 1 0 1 1 1 0 1 0 1 1 0 1 0 1 0 1 26
1 0 1 0 0 0 1 0 0 0 1 1 1 1 1 0 0 0 0 0 1 1 1 0 1 1 0 1 1 0 0 1 1 0 1 1 1 0 1 1 1 0 1 0 0 0 0 0 1 1 26
1 1 1 0 1 1 1 0 0 0 1 0 0 1 1 0 1 1 0 1 1 1 0 0 0 1 0 1 0 0 1 1 0 1 1 0 0 1 1 0 1 0 1 0 0 0 1 0 1 0 26
1 0 0 1 1 0 0 0 1 1 0 0 1 1 1 0 0 0 1 1 0 1 1 1 1 0 0 1 1 0 1 0 0 1 1 0 0 0 0 0 0 0 1 1 0 0 1 1 0 0 23
0 0 1 1 0 1 0 0 1 1 1 1 1 1 0 1 0 0 0 0 1 0 1 1 0 1 1 0 0 1 1 1 1 0 1 1 0 1 1 0 1 1 0 1 1 0 1 1 0 1 30
1 0 0 0 1 0 0 0 0 1 1 0 0 1 1 0 1 1 1 0 0 1 0 0 1 0 0 1 0 0 1 0 1 0 0 1 1 0 0 0 1 1 1 0 0 1 0 0 1 0 21
1 0 1 1 0 1 0 1 0 0 0 1 0 1 1 0 0 0 1 1 1 1 1 0 1 0 1 0 1 1 1 0 0 1 1 0 1 0 0 0 0 0 0 1 1 1 1 1 0 0 26
1 1 1 0 0 1 0 1 1 1 1 1 1 1 0 0 0 1 0 0 0 0 1 0 0 0 0 1 0 1 1 1 0 0 1 0 1 0 1 1 1 1 1 1 1 0 1 1 1 0 29
0 0 0 0 1 1 0 1 0 1 1 1 1 0 1 1 1 1 1 0 0 0 1 0 0 1 0 0 0 1 1 1 0 1 0 0 0 0 0 0 0 1 0 1 1 1 1 1 0 1 25
1 0 1 0 1 0 1 1 1 0 1 1 1 0 1 1 0 1 0 0 1 0 0 1 1 0 1 1 1 0 0 0 0 0 0 0 0 0 0 1 1 1 0 1 0 1 1 1 1 1 27
0 1 1 1 1 0 1 1 1 0 1 1 0 0 0 1 0 0 1 0 1 1 0 0 1 0 1 0 0 1 0 1 0 0 1 0 1 1 1 0 1 1 0 0 0 0 0 1 0 0 24
1 1 0 0 1 1 0 1 1 0 0 0 0 1 0 0 1 0 0 1 0 0 1 1 0 1 1 1 0 0 1 1 0 1 1 1 1 1 0 1 0 1 0 0 0 0 0 1 1 0 25
1 0 0 0 1 1 0 1 1 0 1 1 1 0 0 1 0 1 0 1 1 0 1 1 0 1 1 0 0 0 0 1 0 1 0 1 1 1 1 0 0 1 0 0 0 1 1 1 0 1 27
1 1 1 1 0 0 1 1 0 0 1 1 0 1 1 1 0 0 0 1 0 0 0 1 0 0 1 1 1 0 0 0 1 0 1 1 1 0 1 0 1 0 1 0 1 0 0 1 1 1 27
0 0 1 0 0 0 0 1 0 1 0 0 0 0 1 0 0 1 0 0 1 0 1 1 0 1 1 1 0 1 0 0 0 1 0 1 1 1 1 0 1 0 0 0 0 0 1 1 1 1 22
1 1 0 1 0 1 0 1 0 0 0 0 0 1 1 0 1 1 0 0 0 1 1 1 1 0 0 0 1 1 0 1 0 1 1 0 0 1 0 1 1 0 1 1 0 0 0 1 1 1 26
0 1 1 1 0 1 1 0 0 0 0 1 1 1 1 1 0 1 1 1 1 0 1 1 0 1 0 1 1 0 1 1 0 0 0 0 1 1 0 0 0 1 0 1 0 0 0 1 0 1 27
1 1 1 0 0 0 0 1 1 0 1 0 0 1 1 1 1 1 1 0 0 0 0 0 0 1 0 1 0 0 1 1 1 1 1 1 0 1 1 1 1 0 0 1 0 1 1 1 1 1 30
0 1 0 1 1 0 0 0 0 0 0 0 1 0 1 1 1 1 0 1 1 1 0 0 0 1 1 1 0 0 1 0 1 1 0 1 1 0 1 0 1 0 1 0 0 1 0 1 1 0 25
1 0 0 1 1 1 0 0 1 0 1 0 0 0 0 1 0 1 0 0 0 0 1 1 0 1 1 0 0 0 0 0 0 0 1 1 1 0 1 0 1 1 0 0 1 0 1 1 0 1 22
0 1 0 0 1 1 1 0 1 1 1 1 1 0 0 1 0 1 0 0 1 0 0 1 0 0 0 1 1 0 1 1 1 0 1 0 0 1 0 0 1 1 0 1 0 1 1 1 0 0 26
0 0 0 0 0 1 1 1 1 1 1 0 1 1 1 0 0 0 1 0 0 0 1 0 0 1 1 1 0 0 1 1 1 1 1 1 0 1 0 1 1 0 1 1 1 1 0 1 0 0 28
0 1 1 1 1 0 0 0 1 0 0 1 0 0 1 1 1 0 1 1 1 1 1 0 1 1 1 0 0 1 1 1 1 0 0 1 0 0 0 0 0 1 1 1 1 0 1 1 0 1 29
0 1 0 0 0 1 0 1 1 1 0 0 0 1 1 1 1 1 1 0 1 1 1 0 0 1 0 1 1 0 1 1 1 0 0 1 0 0 1 1 0 1 1 0 1 0 1 0 1 0 28
0 0 0 0 0 0 0 1 0 1 1 1 1 1 1 0 1 0 0 0 0 0 0 1 1 0 1 0 0 1 1 0 0 0 1 1 0 0 1 0 1 1 0 0 1 0 0 0 0 0 19
1 1 1 1 0 1 1 0 1 0 1 1 1 1 0 1 0 0 1 1 0 0 0 0 0 0 0 0 1 1 0 0 1 0 0 1 1 1 0 1 0 1 0 1 0 1 0 0 1 1 26
1 0 0 1 0 1 1 0 1 0 0 1 1 1 1 1 0 1 1 1 0 0 0 1 1 1 1 0 1 0 1 0 1 0 1 1 0 1 0 0 0 1 1 0 0 0 1 0 1 0 27
1 0 0 1 0 0 1 1 1 1 1 0 1 0 0 1 1 0 0 1 1 1 0 1 1 1 0 0 0 1 0 0 0 1 1 1 1 1 0 0 0 0 0 0 1 1 1 0 0 0 25
0 1 1 1 0 1 1 0 0 1 1 0 1 1 1 0 0 1 0 1 0 0 0 0 1 0 1 0 1 1 0 0 0 0 0 0 1 0 0 0 0 0 0 0 0 1 1 0 0 1 20
1 1 0 1 0 1 0 0 1 0 1 0 1 0 0 0 0 1 1 1 1 1 1 0 1 1 1 0 0 1 1 1 1 0 1 1 1 1 1 0 0 0 1 0 1 0 0 1 1 0 29
0 0 1 0 1 1 0 0 0 0 0 1 1 1 1 1 0 1 1 1 0 0 1 1 0 0 0 1 1 0 0 1 1 1 0 0 0 0 0 0 1 0 1 0 1 1 0 1 1 0 24
1 0 0 1 1 0 1 1 1 0 1 0 0 1 1 1 1 0 0 0 0 1 0 0 1 1 0 1 0 1 0 1 1 0 0 0 1 1 1 1 1 1 0 1 0 1 1 0 0 0 27
0 0 0 1 0 0 0 0 1 0 0 0 0 0 1 0 0 1 1 0 1 0 1 0 1 1 0 1 1 1 1 1 1 1 0 0 0 1 1 0 1 0 1 0 1 0 1 1 1 1 25
1 0 1 1 0 0 0 0 0 0 1 1 1 0 0 0 0 0 1 1 1 1 1 0 1 0 1 0 0 1 1 1 0 0 0 0 0 0 0 1 1 0 1 0 0 0 1 1 1 0 22
0 0 0 0 1 1 1 1 1 0 0 0 0 0 1 1 1 0 0 0 0 1 0 0 0 1 1 1 1 0 0 0 1 0 1 1 1 0 0 0 1 0 1 0 0 1 0 1 1 1 23
0 1 0 1 0 1 0 0 1 0 1 1 1 1 0 1 1 0 1 0 1 1 1 1 0 1 0 1 0 1 1 1 1 0 0 0 0 1 0 0 0 1 0 1 1 1 0 1 1 1 29
1 0 0 1 1 1 0 0 1 1 1 0 0 1 0 1 1 1 0 1 1 0 0 0 0 0 0 1 1 1 0 0 1 1 0 0 0 0 0 1 1 0 0 0 0 1 0 1 1 1 24
0 1 1 0 1 1 0 0 0 0 0 1 0 1 0 0 1 1 0 1 0 0 0 0 1 0 1 1 0 0 0 0 1 1 1 1 0 1 0 1 0 0 0 0 1 1 1 0 0 1 22
0 0 0 1 1 0 1 1 1 1 1 0 0 1 1 1 1 0 1 0 1 1 0 0 0 0 1 1 1 0 0 1 0 1 0 0 0 0 0 0 1 0 0 1 0 0 0 0 1 0 22
0 1 1 0 1 0 0 0 1 0 0 0 1 0 0 1 0 1 1 0 0 1 0 0 1 0 1 0 0 1 1 1 1 1 1 1 0 0 1 1 0 0 0 1 0 1 0 1 0 0 23
1 0 1 0 0 0 0 0 0 0 0 0 1 1 1 0 1 1 1 1 1 1 0 1 1 0 1 1 1 1 0 1 1 1 0 0 0 1 0 0 1 1 1 1 0 0 0 1 0 1 27
1 1 1 1 1 0 1 1 1 1 0 1 1 0 0 0 0 0 1 1 0 1 1 0 1 0 0 1 0 0 1 1 1 0 0 0 1 0 0 1 0 1 1 1 1 1 1 1 1 0 30
0 1 1 0 0 0 1 0 0 0 1 0 0 0 0 1 0 1 0 1 0 0 0 1 0 1 1 0 0 1 1 0 1 0 1 0 1 1 1 0 0 0 1 1 0 0 0 0 1 1 21
1 0 0 0 1 1 1 0 0 0 1 1 0 1 0 1 1 0 0 0 0 1 0 1 0 1 0 1 1 1 0 1 0 1 1 1 0 1 0 1 1 1 1 1 1 1 1 0 0 0 28
0 1 1 1 0 1 1 1 1 0 1 1 1 0 1 1 0 0 1 0 1 0 0 1 1 1 0 0 1 1 1 0 0 1 1 1 0 0 0 0 1 1 1 1 0 0 1 1 0 0 29
1 0 0 0 0 0 1 0 0 1 1 1 1 1 0 1 1 1 0 0 0 1 1 1 0 0 1 1 0 1 0 0 0 1 1 1 0 1 1 0 0 0 0 1 0 1 1 1 1 0 26
0 1 0 1 0 0 0 0 0 0 0 1 1 1 0 0 1 1 1 1 0 0 1 0 1 0 0 0 0 0 1 0 1 1 0 1 0 0 1 0 1 0 0 1 0 0 1 0 1 0 20
1 0 0 1 0 0 1 1 1 0 1 1 1 0 0 1 0 1 0 0 1 0 0 1 0 1 0 0 1 1 1 1 0 1 1 0 0 1 0 0 1 1 1 1 0 1 1 1 1 0 28
1 0 1 0 0 1 0 1 1 0 1 0 1 0 1 0 0 1 1 1 0 0 0 1 1 0 0 1 0 1 0 1 0 0 0 1 1 1 0 1 1 0 1 1 0 0 0 0 0 1 24
0 1 1 0 0 1 1 0 0 0 1 0 0 1 0 1 1 1 0 0 0 1 0 0 0 0 1 1 1 1 1 0 1 1 1 1 0 1 1 0 1 0 1 0 1 0 1 0 0 0 25
1 0 1 1 0 0 0 1 0 1 0 0 0 0 0 0 0 1 0 0 0 0 1 1 1 0 0 0 1 0 0 1 0 0 1 1 0 0 0 1 0 1 0 0 1 1 0 0 0 0 17
0 1 0 1 0 0 1 1 1 1 0 1 1 0 1 1 1 0 0 1 0 0 1 1 1 1 1 0 1 1 1 0 1 0 0 1 0 0 0 1 1 1 1 1 1 0 0 0 1 1 30
0 1 0 1 0 1 1 0 1 1 0 0 1 1 0 1 0 0 1 0 1 1 0 1 0 0 0 1 0 0 0 1 1 0 0 0 1 1 0 0 0 1 1 1 1 1 1 0 0 1 25
0 1 1 1 0 0 1 1 0 0 1 1 0 0 1 0 0 0 1 0 0 1 1 0 0 0 0 0 1 1 1 0 0 0 1 1 1 0 0 0 1 1 1 1 0 1 1 0 0 0 23
0 0 1 1 1 1 0 1 0 0 1 0 1 0 1 1 1 0 0 1 0 1 0 0 0 1 0 1 0 0 0 0 1 1 0 0 0 1 1 1 1 1 0 0 1 0 1 1 0 1 25
1 0 0 1 1 1 1 1 1 0 1 0 1 0 1 0 0 1 0 0 1 0 1 0 1 0 0 0 1 0 0 0 0 0 0 1 0 0 1 0 0 0 1 0 1 0 0 1 0 1 21
1 1 0 0 0 0 1 0 1 0 1 0 0 0 0 0 1 0 1 0 1 0 0 0 1 0 1 1 0 1 0 0 1 1 1 0 1 1 1 1 1 0 1 1 0 0 1 1 0 1 25
0 0 1 1 1 1 0 1 1 0 0 0 1 0 1 0 0 0 0 0 0 1 1 0 0 0 0 0 1 0 1 0 1 1 1 1 1 0 0 1 0 1 0 0 0 1 0 1 1 0 22
1 0 0 0 0 0 0 1 1 1 0 1 0 1 0 1 1 0 0 0 0 0 1 1 1 0 0 1 0 1 0 0 0 0 0 1 0 1 1 1 0 1 1 1 1 1 0 1 0 0 23
0 0 0 1 1 1 0 1 0 1 0 1 1 1 0 1 0 1 1 0 1 1 1 1 0 1 1 0 1 1 1 0 0 1 0 0 0 0 0 0 1 0 0 0 0 0 0 1 0 1 24
0 1 1 1 0 0 0 1 1 0 0 0 1 0 0 1 0 0 1 1 0 1 0 0 1 1 1 0 1 1 1 0 0 0 1 0 1 1 0 0 1 0 0 0 1 0 0 0 1 1 23
1 0 1 0 1 1 0 0 0 0 0 0 1 1 1 1 0 0 0 0 0 0 1 1 1 0 0 1 0 1 1 1 1 1 0 1 0 0 1 1 0 1 0 0 0 1 1 0 0 1 24
0 0 1 1 0 0 0 1 1 1 0 0 0 0 0 0 0 0 0 0 1 0 1 0 1 1 1 0 1 0 1 1 1 1 0 0 1 1 1 1 1 1 1 0 1 0 1 0 1 1 26
1 0 0 1 0 0 0 1 0 1 1 1 0 0 1 0 0 1 0 1 0 0 0 0 1 0 0 0 1 0 0 1 1 1 0 1 0 0 1 0 0 1 1 0 0 1 0 1 0 0 20
0 1 1 1 1 0 1 1 1 0 0 0 1 0 0 0 1 1 1 0 0 1 0 0 1 0 1 1 0 0 0 0 1 1 1 0 0 1 0 0 1 1 1 0 0 1 1 1 1 1 27
0 0 0 1 1 0 0 0 1 1 1 0 0 1 0 0 0 1 1 0 1 0 0 1 0 0 1 0 1 0 0 1 0 0 1 1 1 1 1 1 1 1 1 0 0 1 0 1 1 1 26
1 0 1 0 1 0 0 1 1 0 1 1 0 1 0 0 1 1 1 0 1 0 1 1 1 0 1 1 1 1 1 0 0 0 1 0 1 1 0 1 1 1 0 1 1 1 1 1 0 0 31
0 0 0 0 0 0 0 0 1 1 0 0 1 1 0 1 0 1 1 0 0 0 0 1 0 1 0 1 0 0 1 0 1 0 1 1 0 0 0 0 1 0 0 0 1 0 0 1 1 0 18
0 1 0 0 0 1 1 0 0 1 1 0 0 1 0 0 0 0 1 0 0 0 1 1 0 1 0 0 1 0 1 1 1 0 1 1 0 0 0 1 0 1 0 1 1 0 1 1 1 0 23
0 1 1 0 1 0 1 0 1 0 0 0 1 1 1 1 1 1 0 1 1 0 1 1 0 0 0 0 1 1 0 0 0 0 1 0 0 1 1 1 1 1 1 1 1 1 1 0 1 1 30
1 1 1 0 0 0 0 0 0 1 0 1 1 1 0 1 1 0 1 0 0 1 1 0 1 1 1 1 0 0 1 0 0 1 1 0 1 0 1 0 0 1 1 1 1 1 1 1 0 1 29
1 1 0 1 1 0 1 0 1 1 0 0 1 0 0 0 0 0 0 0 1 1 1 1 1 0 0 1 1 0 1 1 0 0 0 0 1 1 0 0 0 1 0 0 1 1 1 1 0 1 25
1 1 1 1 1 1 1 0 0 0 0 1 1 0 1 1 1 1 0 1 1 1 0 1 0 0 0 1 0 0 1 0 0 0 1 1 0 0 1 1 1 1 1 0 0 1 0 0 1 0 28
0 0 1 0 0 0 1 1 1 0 0 1 0 0 0 0 0 1 0 0 1 0 0 1 0 1 1 0 1 0 1 1 1 0 0 1 0 1 1 0 0 1 1 0 1 0 0 0 1 0 21
0 0 1 1 0 0 1 0 1 1 0 0 1 1 0 1 0 1 1 0 0 1 0 0 1 0 1 1 0 1 1 1 1 0 0 1 0 0 0 0 1 1 1 0 0 1 0 0 1 1 25
1 0 0 1 1 0 1 0 1 0 1 1 0 0 0 0 0 0 1 0 0 0 1 0 0 0 1 1 1 1 1 1 0 0 1 1 1 0 0 0 0 1 1 0 1 0 0 0 1 1 23
1 1 1 0 1 0 0 0 0 0 0 1 0 0 0 0 1 1 0 1 1 1 1 0 1 1 0 0 1 0 0 1 1 1 1 0 0 1 0 0 0 1 1 0 1 0 0 0 0 1 23
1 0 0 1 1 1 1 1 1 0 1 0 0 1 1 1 1 0 0 0 1 1 1 0 0 0 0 0 0 1 0 1 1 1 1 0 0 1 0 0 0 0 1 0 1 0 1 0 1 0 25
1 1 1 0 1 1 0 1 1 0 1 0 1 0 1 1 0 0 1 1 0 1 1 0 1 0 1 1 0 1 0 1 1 1 1 1 0 1 1 0 1 1 0 0 1 0 1 1 1 1 33
1 1 0 0 0 1 0 1 1 0 1 0 1 1 1 1 0 1 0 1 0 0 0 0 0 1 1 0 0 0 0 0 0 1 1 1 0 0 0 0 0 0 1 0 0 1 1 0 0 1 21
1 0 1 0 1 0 0 1 1 1 0 1 1 0 1 0 1 1 1 0 1 1 1 0 0 1 0 1 0 0 0 1 1 0 1 1 0 1 1 1 0 1 1 1 0 0 1 0 0 1 29
0 1 1 1 0 0 1 0 0 0 1 0 0 1 1 0 0 1 1 0 1 0 0 0 0 1 1 0 1 0 1 0 1 0 0 1 1 0 1 1 1 1 0 1 1 0 1 0 0 0 24
0 1 0 0 1 1 1 0 0 0 0 1 0 1 1 0 0 1 0 0 1 1 1 1 1 1 0 1 0 0 1 0 0 0 0 1 0 0 0 1 0 1 0 0 1 1 1 1 0 1 24
0 1 0 1 0 1 0 1 1 1 1 0 1 0 1 0 1 0 1 1 1 1 0 0 0 0 1 1 1 0 0 1 0 1 0 0 1 0 1 0 1 1 1 1 0 1 1 1 1 0 29
0 1 0 1 0 0 1 0 0 1 0 1 1 0 1 0 0 0 1 0 0 0 0 1 0 0 1 0 1 0 1 0 0 0 1 1 0 0 0 0 1 0 0 1 1 0 0 0 1 1 19
0 0 0 0 1 0 1 0 0 1 0 0 0 0 1 1 0 0 1 0 1 0 1 0 1 0 1 1 1 1 0 0 0 0 0 1 1 1 0 1 1 1 0 1 0 1 0 1 0 1 23
0 1 1 1 1 1 1 1 0 0 1 1 1 0 0 1 1 0 0 0 1 0 1 0 0 0 1 1 1 0 1 0 1 0 0 1 0 0 0 0 0 1 1 1 0 1 1 0 0 0 25
1 0 1 0 0 0 0 0 1 0 1 0 1 0 1 0 0 1 0 1 0 1 0 0 1 1 1 0 1 0 1 1 0 0 1 0 1 1 0 0 0 1 0 0 1 1 0 1 0 0 22
0 1 0 1 0 0 1 1 1 0 0 1 0 0 0 1 0 0 0 0 0 0 0 0 1 1 1 0 0 1 0 0 1 1 1 0 1 0 0 1 0 1 1 1 0 1 1 0 1 0 22
1 0 0 0 0 1 1 0 1 0 1 0 0 0 0 0 0 0 1 1 0 1 1 1 1 1 0 1 1 0 0 1 0 1 0 1 1 0 1 1 0 0 0 1 0 0 0 1 0 0 22
1 0 0 0 1 0 0 1 1 0 1 1 0 0 0 1 0 0 0 0 0 1 0 0 0 0 0 1 0 0 1 1 0 1 1 1 1 1 0 1 0 0 0 1 0 1 0 1 0 1 21
1 0 0 0 0 0 1 1 1 0 1 0 1 0 0 1 1 0 0 1 0 1 1 0 0 0 1 0 1 1 1 1 0 0 1 0 0 1 0 0 0 0 0 1 1 0 1 1 1 1 24
1 0 0 0 1 0 0 1 0 0 1 1 1 0 0 1 1 0 1 0 1 0 0 1 1 1 0 1 1 0 0 0 0 0 1 1 0 1 0 0 0 1 1 1 0 1 0 1 1 0 24
1 0 0 0 1 0 1 1 1 0 1 1 0 1 0 0 0 0 1 0 0 1 0 0 0 1 1 0 0 0 0 1 0 1 1 0 0 1 0 0 1 0 1 1 0 1 0 1 1 0 22
1 1 0 1 1 1 1 1 1 0 0 1 1 1 1 1 1 0 1 0 1 1 0 1 1 0 1 1 0 0 0 1 1 1 1 0 1 1 1 0 0 0 0 0 1 1 1 1 0 0 32
1 1 0 0 0 1 1 0 1 1 1 1 0 1 1 1 0 0 1 1 0 1 1 0 1 0 1 1 1 0 1 0 0 1 1 1 1 1 0 1 0 1 1 1 0 1 1 1 1 0 33
0 1 0 0 1 1 0 1 1 0 0 1 0 1 1 0 1 1 0 1 0 0 1 1 0 1 1 1 1 1 0 1 0 1 1 0 0 1 1 0 1 0 0 0 0 1 1 0 1 0 27
0 0 0 1 1 1 0 1 0 1 1 1 1 1 1 1 1 1 1 0 1 1 0 0 1 0 1 0 0 0 1 0 1 0 0 0 0 1 0 0 0 1 0 1 1 1 1 1 1 0 28
0 0 0 0 1 0 1 0 1 0 0 1 1 1 1 0 1 1 1 1 0 0 0 0 0 1 0 1 1 1 1 1 0 1 0 1 1 0 1 1 0 1 1 1 0 1 0 0 0 1 27
0 0 1 0 1 1 0 0 1 0 1 1 0 1 1 0 0 1 1 0 0 1 0 1 1 0 1 0 1 0 0 1 1 1 0 1 1 0 1 0 0 0 0 0 0 0 0 1 1 1 24
0 0 0 0 1 0 1 0 1 0 1 0 0 1 0 1 0 0 0 1 0 1 0 1 0 1 1 0 0 0 1 1 0 0 0 0 0 1 1 0 1 0 0 1 0 0 0 0 1 1 19
0 1 0 1 1 1 1 0 0 0 1 1 1 0 1 0 0 0 0 0 0 1 0 0 1 0 1 0 1 0 1 1 0 0 0 0 0 1 0 0 0 0 1 0 1 0 0 1 0 1 20
1 0 0 0 1 1 0 0 0 1 1 1 0 1 1 1 1 1 1 1 1 1 0 1 1 0 0 1 1 1 1 0 0 1 0 0 0 1 0 1 1 0 0 1 1 1 1 0 1 0 30
0 0 1 1 1 1 0 0 0 1 1 0 0 0 0 0 0 1 0 1 0 0 1 1 1 1 0 0 0 1 1 0 0 0 0 0 1 0 1 0 0 0 0 0 0 0 1 0 0 0 17
0 0 1 1 0 1 0 0 1 0 0 0 1 0 1 1 0 0 1 1 0 0 0 1 1 1 1 1 0 0 0 0 0 1 0 1 1 1 0 0 0 1 0 1 1 1 1 1 1 0 25
1 0 0 0 0 1 0 0 0 1 1 0 0 0 1 1 1 1 1 1 0 0 1 1 0 1 0 0 0 1 0 1 0 0 1 0 1 0 0 0 0 0 0 0 1 0 0 0 0 0 18
0 0 1 1 1 0 0 0 0 1 0 0 0 0 1 1 1 0 0 0 1 0 0 1 0 1 1 0 1 1 0 1 1 1 0 0 1 1 1 0 1 0 1 1 0 0 0 0 1 0 23
1 1 0 0 1 0 1 0 1 0 1 0 0 0 0 0 0 1 1 1 0 1 0 0 0 1 1 1 1 0 0 0 0 1 1 1 0 0 0 1 0 1 1 1 0 1 0 1 1 0 24
1 0 0 0 0 0 0 1 1 0 1 0 0 1 0 1 0 1 1 0 1 0 0 0 0 1 1 0 1 1 0 1 0 0 1 0 0 0 0 0 1 1 1 0 1 0 1 0 1 1 22
1 1 0 0 1 1 1 1 0 1 1 0 0 1 1 0 0 1 0 1 0 0 1 0 1 0 0 1 0 1 0 0 0 1 1 0 1 0 0 0 0 1 0 1 1 1 0 1 1 1 26
0 0 1 1 1 0 1 1 0 1 1 0 1 0 0 0 1 1 0 1 1 1 1 1 0 0 1 0 0 1 0 1 1 1 0 1 1 1 0 0 0 1 1 0 0 1 1 1 1 1 30
0 0 1 1 1 1 0 1 1 1 1 0 0 0 0 1 1 1 0 0 0 0 1 0 1 1 1 0 1 0 0 1 1 1 1 1 0 1 1 0 0 1 1 0 1 1 0 1 1 1 30
0 1 1 1 0 1 1 0 0 1 1 0 0 0 0 1 0 0 1 1 0 1 0 1 0 1 1 1 1 0 0 0 0 0 0 1 1 1 1 0 0 1 1 0 0 1 0 1 0 0 24
0 0 1 1 0 0 0 0 0 0 1 1 0 1 0 1 0 1 0 0 0 0 0 0 1 0 1 1 1 0 1 0 0 1 1 1 1 1 0 1 1 1 1 0 1 1 1 1 0 1 26
1 1 0 1 1 1 0 1 0 1 1 0 1 1 0 0 0 0 1 1 1 1 0 1 1 0 1 1 0 1 1 0 1 1 0 1 1 0 0 1 0 1 0 1 1 0 0 1 1 0 30
0 0 0 0 0 1 0 0 1 0 0 0 0 1 1 1 0 0 0 0 0 0 0 0 0 0 0 1 0 1 0 1 0 1 0 0 1 1 1 1 1 0 0 1 0 1 0 1 1 1 19
0 0 1 0 0 1 1 1 1 1 1 0 0 1 1 0 1 0 0 0 1 1 0 1 0 1 0 1 0 1 1 1 0 0 1 1 1 0 0 0 1 1 1 1 0 1 0 1 0 0 27
1 0 1 0 0 1 1 1 1 1 0 1 1 0 0 0 1 1 0 1 0 1 0 0 1 0 0 1 1 1 0 1 0 0 1 1 1 1 1 0 0 0 1 1 1 0 1 0 0 0 27
1 0 0 1 1 1 0 1 0 1 0 1 1 1 1 0 1 0 1 0 1 1 0 0 0 0 1 0 1 1 1 0 0 0 1 0 1 1 1 0 0 0 1 1 0 0 0 1 1 1 27
0 1 0 0 1 0 0 0 0 0 1 1 1 1 1 1 1 1 0 1 1 0 0 1 1 0 1 0 1 0 1 0 0 0 0 1 1 1 0 1 1 0 1 0 0 1 1 1 0 0 26
0 1 0 0 0 1 1 0 0 0 0 0 1 0 1 1 1 1 0 0 1 0 1 1 1 0 1 0 1 1 0 0 0 0 0 0 0 1 1 0 0 0 1 1 0 1 1 1 1 1 24
1 0 0 1 1 1 0 0 1 0 1 1 1 0 0 0 0 1 0 1 0 0 0 1 0 1 1 1 0 1 0 1 1 1 0 1 0 0 0 0 0 1 0 0 1 1 1 1 0 1 25
1 0 0 1 0 0 0 0 0 1 0 1 0 1 0 1 0 0 1 0 1 0 0 1 0 0 1 0 0 0 1 1 0 0 0 0 0 0 0 0 0 1 0 0 1 0 0 0 0 0 14
1 1 1 1 0 0 1 0 1 1 1 0 0 1 0 1 1 0 0 1 0 0 1 0 0 1 1 1 0 1 0 1 0 1 0 1 1 0 1 1 1 1 0 1 0 0 0 1 1 1 29
1 0 0 0 0 1 0 1 1 1 1 0 0 1 0 1 1 0 0 1 1 1 1 1 0 0 0 1 1 1 0 1 0 1 0 0 0 1 1 0 0 1 0 1 1 0 1 0 0 0 25
1 1 1 0 0 0 1 1 0 0 1 1 0 1 0 1 1 0 1 1 0 0 1 0 1 0 1 0 0 1 1 0 1 0 0 1 1 1 0 0 0 0 0 0 0 1 0 1 0 0 23
0 0 1 1 0 1 1 0 1 0 1 0 0 0 1 1 1 1 1 1 0 1 0 0 0 1 0 0 1 0 0 0 0 0 0 0 0 0 1 1 0 1 0 0 0 1 0 1 0 1 21
1 1 1 0 0 0 1 0 1 1 1 1 0 0 0 0 1 1 0 0 1 0 0 1 0 0 0 0 0 1 1 0 0 0 1 1 1 1 1 0 0 0 1 1 1 0 1 0 1 0 24
0 0 0 0 1 1 0 0 0 0 0 0 0 0 1 1 0 0 0 0 0 0 1 0 1 0 1 1 1 1 1 0 1 1 1 1 1 0 1 1 1 1 1 1 1 1 1 1 1 1 28
1 1 1 0 0 0 0 1 1 0 0 1 1 1 0 0 0 1 1 1 1 0 0 1 1 0 0 1 0 0 1 0 0 0 1 0 1 1 0 0 0 1 0 0 1 0 1 0 0 0 22
0 1 1 0 1 0 1 1 1 1 0 0 1 0 1 1 0 1 0 0 0 1 1 0 0 1 0 1 0 1 0 1 0 0 0 1 0 1 1 1 1 1 1 1 1 1 0 0 0 0 27
0 1 1 1 1 1 1 1 1 0 1 0 1 0 0 1 1 1 1 1 0 1 0 0 1 0 1 0 0 0 0 1 1 0 0 1 1 0 0 0 0 1 0 1 1 0 0 0 0 0 25
0 0 1 1 1 0 0 1 1 0 0 1 0 1 1 0 0 1 1 1 0 1 0 0 1 0 0 1 1 0 0 1 0 0 1 0 1 0 0 1 1 1 1 0 0 0 0 0 1 1 24
1 1 0 1 1 0 0 0 1 1 1 1 1 0 0 1 0 1 1 1 0 0 0 1 0 0 1 0 1 1 0 0 0 1 0 1 1 1 0 1 1 0 1 1 0 0 0 0 0 1 26
0 0 0 0 0 0 1 0 1 1 0 1 1 1 1 1 1 1 0 0 1 0 0 0 0 1 1 1 1 0 0 1 1 0 1 1 1 0 0 0 0 0 1 1 0 1 1 0 1 0 25
0 1 0 1 1 1 0 1 1 1 1 0 1 0 1 1 0 1 0 1 1 0 0 0 1 0 0 1 0 1 1 0 0 0 0 1 1 0 1 0 1 0 0 0 0 0 0 1 1 0 24
0 0 1 1 1 1 0 0 0 0 1 0 1 0 0 1 1 0 1 0 1 1 1 0 0 0 0 1 1 0 1 1 1 0 0 0 1 1 1 1 0 1 0 0 0 1 1 0 1 1 26
0 0 0 0 1 0 0 0 0 0 1 1 0 0 0 1 1 1 0 0 1 1 1 1 1 0 0 1 1 0 1 0 0 1 1 1 0 1 0 0 1 1 0 0 0 0 0 1 0 1 22
0 1 0 1 0 1 0 0 1 1 0 0 1 0 1 1 1 1 0 1 0 1 0 1 1 1 1 0 0 0 1 0 1 0 1 1 0 0 0 0 1 1 1 1 1 1 1 0 0 1 28
0 1 0 1 0 1 1 1 1 0 1 0 0 0 1 1 1 0 1 1 1 0 1 0 1 0 0 0 0 1 0 1 0 0 1 1 1 1 1 0 0 1 1 1 0 1 0 0 0 0 26
0 1 0 1 1 1 1 1 0 1 1 0 1 0 1 0 1 0 0 0 0 0 0 0 0 1 0 1 1 1 1 1 0 0 1 0 0 1 0 1 1 0 0 0 1 1 1 1 1 1 27
1 0 1 1 1 1 0 1 1 0 1 0 0 1 0 1 0 0 1 0 0 0 1 1 0 0 0 1 1 1 0 0 0 0 0 0 0 1 0 0 0 1 0 1 1 1 0 1 1 0 23
0 1 1 1 1 0 0 0 1 0 0 1 0 1 1 0 1 0 0 0 0 0 1 0 0 0 0 0 0 1 1 1 0 1 1 1 0 0 1 0 1 0 0 1 0 1 1 1 1 1 24
0 0 0 0 0 0 0 0 0 0 0 0 1 1 0 1 1 0 1 0 0 1 1 0 1 1 1 0 0 0 0 0 0 1 1 0 0 1 1 0 1 1 1 0 0 0 1 0 0 1 19
1 1 0 1 1 0 1 0 0 0 0 0 1 0 0 0 1 0 0 0 0 1 0 1 0 1 1 0 1 1 0 0 1 0 1 1 1 0 0 1 0 0 0 0 1 1 0 0 1 1 22
1 1 0 0 1 1 1 0 0 1 1 1 1 0 0 0 0 1 1 1 1 0 0 1 0 0 1 1 1 0 1 0 0 1 1 1 1 0 0 0 1 0 1 1 0 0 1 0 0 1 27
0 0 1 0 0 1 1 0 1 1 1 0 1 0 1 1 0 0 1 1 1 1 1 1 1 1 0 0 1 0 0 0 0 1 0 0 1 0 0 0 1 1 0 1 0 0 1 0 0 0 24
0 1 0 0 1 0 1 1 0 0 0 0 1 1 0 1 0 1 0 0 1 1 1 0 0 1 1 1 0 0 1 0 1 0 0 0 1 0 1 1 0 1 1 1 0 0 0 1 1 1 25
0 1 0 0 0 1 1 1 0 1 1 0 1 0 1 0 1 1 1 1 1 0 1 0 0 0 0 1 1 0 1 0 1 1 0 0 1 1 0 0 0 1 0 1 0 0 0 0 0 0 23
0 0 1 0 1 1 1 0 0 1 1 0 1 0 0 0 0 0 1 0 1 1 1 1 1 0 1 0 1 1 0 1 1 1 1 1 0 1 1 0 1 1 1 1 1 1 0 1 1 1 32
0 0 1 1 1 0 0 0 0 0 1 1 1 0 1 1 0 0 0 0 1 0 1 1 1 0 0 1 0 1 0 0 1 0 0 1 1 0 1 0 1 1 0 0 1 1 0 0 1 0 23
1 1 1 0 0 1 1 1 0 0 1 0 0 1 0 1 0 1 1 0 1 0 1 1 1 1 0 1 1 1 1 0 0 0 1 1 1 0 1 1 1 1 0 1 1 0 0 1 0 0 30
0 0 1 0 1 1 1 0 1 0 0 0 0 1 1 0 0 1 1 1 1 0 1 1 1 0 0 0 0 1 0 1 1 0 0 1 1 1 1 1 1 1 0 0 0 0 0 0 0 0 24
1 1 0 0 1 0 0 1 1 1 0 1 0 1 1 1 0 0 0 1 0 1 1 0 0 0 0 0 1 1 1 0 0 0 1 0 1 0 1 1 1 0 0 1 0 1 1 1 1 1 27
1 0 0 0 0 0 1 0 0 0 0 1 0 0 0 0 0 0 1 1 0 0 0 1 1 1 1 0 0 0 1 0 0 0 0 0 0 0 0 1 0 1 0 0 1 0 1 0 0 1 15
0 0 0 0 1 0 1 0 1 0 1 1 1 0 0 1 0 1 1 1 1 0 1 1 1 0 1 0 0 1 1 1 0 1 0 1 1 1 0 0 0 0 1 1 1 1 0 1 0 0 27
1 1 0 0 0 0 1 1 0 1 1 1 0 1 1 0 0 0 1 1 0 1 1 1 1 1 1 0 0 0 1 1 0 1 0 0 0 1 0 0 0 0 0 0 0 1 0 1 1 0 24
1 0 1 1 1 0 1 0 0 1 1 1 0 0 1 1 0 1 0 0 0 0 1 0 0 0 1 1 0 1 1 0 1 0 1 0 0 1 0 0 1 0 0 0 0 0 1 0 0 1 22
1 1 1 1 1 0 0 0 0 0 1 1 0 0 0 1 1 1 1 1 1 0 0 1 0 1 1 1 1 0 1 1 1 1 1 0 1 1 1 0 0 0 0 1 1 1 0 0 0 1 30
0 1 1 1 0 1 1 1 0 0 1 0 0 0 0 1 1 1 0 1 0 0 0 1 1 1 1 0 0 1 0 1 1 0 1 0 0 0 1 1 0 1 0 1 0 1 1 0 1 1 27
0 0 1 0 0 1 0 1 0 0 1 1 0 1 1 1 0 1 1 1 0 0 0 0 1 0 0 0 1 0 1 1 1 1 1 1 0 1 1 0 0 0 0 1 1 0 0 1 0 1 25
1 1 1 0 0 1 1 1 0 0 1 0 1 0 1 0 0 0 1 0 0 1 1 0 0 0 1 0 0 1 1 1 0 1 1 0 1 0 1 0 0 0 1 1 0 0 1 1 0 0 24
0 0 0 1 0 1 1 0 0 0 1 1 0 0 0 0 1 1 1 1 0 1 1 0 0 0 1 0 0 0 1 1 0 0 0 0 1 1 1 0 1 0 1 0 0 0 1 1 0 1 22
1 0 1 0 1 1 0 0 1 0 0 0 1 1 0 0 0 0 0 1 0 0 0 0 0 1 1 0 1 0 1 1 0 1 1 0 0 0 0 0 1 0 1 0 1 0 0 0 1 0 19
0 0 0 0 1 0 1 1 1 1 1 1 0 0 0 1 1 1 0 0 0 0 1 1 0 0 1 0 0 1 1 0 1 0 1 0 1 1 1 1 0 1 0 0 0 0 0 1 0 0 23
0 1 0 0 1 1 0 0 0 0 1 1 1 1 1 1 0 0 0 1 1 0 1 1 1 0 0 1 0 1 1 1 1 1 0 1 1 1 0 0 0 1 1 0 1 0 0 0 0 0 26
0 1 1 1 1 1 1 1 0 1 1 1 1 0 1 1 0 0 0 1 1 0 0 1 1 1 0 1 1 1 1 1 1 1 1 1 1 0 1 1 1 0 0 1 1 1 1 1 0 1 37
1 0 1 1 1 1 1 1 1 1 1 0 1 0 1 1 0 0 1 1 0 0 0 0 1 1 1 0 0 0 1 0 0 0 1 0 1 0 1 1 0 1 1 1 0 1 0 1 0 0 28
0 1 0 1 0 1 0 1 1 0 1 1 1 0 1 1 1 0 1 0 0 1 1 1 0 0 0 1 0 1 0 1 1 1 1 0 0 1 0 0 1 1 1 0 0 0 1 1 1 1 29
1 0 1 0 0 0 0 1 1 0 1 1 0 1 1 1 0 0 1 0 1 0 1 1 1 0 0 0 0 0 0 0 1 1 1 1 1 1 1 0 0 1 0 1 1 0 0 1 0 0 25
1 0 1 1 0 0 1 1 1 0 1 1 0 0 1 1 1 0 0 1 1 1 1 1 0 1 0 0 0 1 1 1 1 1 0 0 1 0 1 0 0 1 1 0 1 0 0 1 1 1 30
1 1 1 0 0 1 0 0 1 0 1 1 1 0 1 1 1 0 0 0 1 1 0 1 0 1 0 1 1 0 0 0 1 1 0 0 1 0 0 0 0 1 0 1 1 1 0 0 1 1 26
0 1 1 0 0 0 1 0 0 1 1 1 0 0 1 1 0 1 1 1 1 1 1 1 0 1 0 0 0 1 1 1 0 1 1 0 0 1 1 0 1 0 1 1 1 0 0 0 1 1 29
0 0 0 0 0 0 0 1 1 1 0 1 1 0 1 0 0 1 1 0 1 0 1 1 0 1 0 1 0 1 1 0 0 1 0 0 1 0 0 0 1 1 0 1 1 1 1 0 0 0 23
0 1 0 0 0 0 1 1 0 1 0 0 1 1 1 1 1 1 0 0 0 0 1 0 1 1 1 1 0 0 1 1 0 0 1 0 0 0 0 0 0 1 0 1 1 0 0 0 1 1 23
1 1 1 0 0 0 1 1 0 1 1 0 0 1 1 1 0 1 1 0 0 0 0 0 1 0 0 1 1 0 0 0 0 0 0 1 1 0 0 1 0 0 0 0 1 1 1 0 0 0 21
1 1 0 0 0 0 1 1 0 1 0 0 0 1 0 1 1 0 0 1 0 0 1 0 1 0 0 0 1 1 0 1 0 1 0 0 0 1 0 0 0 0 1 0 0 1 0 1 0 0 19
1 0 0 0 0 0 1 1 1 0 1 1 0 1 1 0 1 1 1 0 0 0 1 1 0 0 0 1 0 1 0 0 0 0 1 0 1 0 0 1 1 0 1 1 0 1 0 0 1 1 24
0 0 1 0 1 0 1 1 1 1 0 0 1 1 1 1 0 0 0 1 1 1 0 1 1 0 0 0 0 0 1 1 1 0 0 1 0 1 0 0 1 1 0 1 0 1 0 1 0 1 26
1 1 1 0 0 1 1 0 0 0 0 1 0 1 0 1 0 0 1 0 1 1 0 0 1 1 0 1 1 1 1 0 1 0 0 1 0 0 1 0 0 0 1 0 1 0 1 0 0 0 23
1 1 0 0 1 1 1 1 0 0 1 1 1 0 1 1 0 1 0 1 1 1 1 0 0 0 1 0 1 0 0 0 1 1 1 1 1 0 0 0 1 0 0 1 1 1 1 1 1 0 30
1 1 1 1 1 1 1 0 0 0 1 0 0 0 0 0 0 0 1 0 1 1 1 0 0 0 0 1 1 0 0 1 1 0 0 0 1 1 1 0 0 1 1 1 1 1 0 0 1 1 26
1 1 1 1 0 0 1 0 1 1 0 0 0 0 1 0 0 0 1 0 1 0 1 0 0 1 1 0 1 1 0 0 1 1 0 0 1 0 1 0 0 0 1 0 0 1 0 1 0 1 23
1 0 0 1 1 1 1 1 1 1 0 0 0 1 0 0 0 1 1 1 1 1 1 1 1 1 0 0 0 1 0 1 0 0 1 1 1 0 0 1 1 1 1 1 1 1 0 1 1 0 32
0 0 0 0 1 1 1 1 1 1 0 1 1 1 1 0 1 1 1 0 1 1 1 0 1 1 0 0 1 1 0 1 0 0 1 0 0 0 1 1 1 1 0 0 0 1 0 0 0 0 27
1 1 1 1 1 1 0 1 0 0 0 0 1 0 0 0 1 1 1 1 0 1 1 1 1 0 0 0 1 0 0 0 1 1 1 0 1 1 0 0 1 1 0 0 0 1 1 1 0 1 28
0 0 1 1 0 1 0 1 1 0 1 1 1 1 1 1 0 1 0 0 0 0 1 1 0 0 0 1 0 0 0 0 1 0 0 1 1 0 1 1 1 0 0 0 1 0 1 0 0 0 23
1 0 0 1 1 0 0 1 1 1 1 1 0 0 1 0 0 1 0 0 1 1 1 0 0 1 1 1 0 1 0 1 0 1 0 1 1 1 1 1 0 1 0 1 0 0 1 1 0 1 29
1 1 0 1 1 1 0 0 0 1 1 0 0 0 1 1 0 0 0 1 1 0 0 1 1 0 1 1 0 0 1 1 0 1 0 0 1 0 1 0 1 1 0 1 0 0 1 1 1 1 27
0 0 0 1 1 0 0 0 0 0 1 1 1 0 0 1 1 1 1 1 1 1 0 0 0 0 0 1 1 0 0 1 1 1 1 1 1 1 1 0 1 0 0 0 1 1 1 1 0 1 28
1 0 0 0 0 0 0 1 1 0 1 1 1 1 0 1 1 0 0 0 0 0 1 1 0 1 0 1 0 1 1 1 0 0 0 0 1 1 1 1 0 0 1 0 1 1 0 0 0 0 23
0 0 0 1 0 0 0 0 0 1 0 1 1 0 1 1 0 1 0 1 1 1 0 1 0 1 1 0 0 1 0 1 0 1 0 1 0 0 1 0 1 1 1 0 1 0 0 0 0 1 23
1 1 0 1 1 1 0 0 1 0 1 0 0 1 1 1 1 1 0 1 1 1 1 1 0 1 1 0 0 0 0 1 1 0 1 1 0 1 0 0 1 0 1 0 1 0 1 1 1 1 31
1 1 1 0 1 1 0 1 0 1 1 1 0 0 1 0 0 0 0 0 0 1 0 1 0 1 0 1 0 1 1 0 1 0 0 0 1 1 1 0 0 0 1 1 0 0 0 0 1 1 24
0 1 1 1 1 1 1 1 1 0 1 0 1 0 1 1 0 0 0 0 1 0 1 1 1 0 0 0 1 1 0 1 1 0 1 1 1 0 0 1 1 1 0 0 1 1 0 0 0 0 28
0 1 1 1 0 0 0 0 1 0 0 0 1 1 0 1 1 1 1 0 0 0 0 1 0 0 1 0 1 1 0 1 1 0 0 1 0 0 1 0 0 1 1 1 1 1 0 0 1 0 24
0 0 1 0 1 0 0 1 1 0 1 0 0 1 0 0 1 0 1 0 0 0 1 1 0 0 0 1 0 0 1 1 0 1 1 1 1 0 1 1 1 0 1 0 0 1 0 1 1 1 25
1 0 1 1 1 0 0 1 1 1 1 1 1 1 1 0 1 0 0 1 0 1 0 0 1 1 0 0 1 1 1 0 0 0 1 1 0 1 0 1 1 1 0 1 0 1 1 0 0 0 29
0 0 1 0 1 1 0 0 0 1 0 1 1 1 1 0 0 1 0 0 1 0 0 0 0 1 1 1 0 1 0 1 1 1 1 1 0 0 1 1 1 0 0 0 0 0 0 0 0 0 22
0 1 1 1 1 0 1 0 1 0 1 1 1 0 1 0 0 0 0 1 0 1 1 1 1 1 1 1 1 0 0 1 1 1 0 1 0 0 0 0 1 1 1 0 1 1 1 0 1 0 30
1 0 1 0 0 0 0 0 0 1 1 1 1 0 0 1 1 0 0 0 1 1 0 1 1 1 0 0 1 0 0 0 1 0 0 1 0 0 1 0 0 1 0 1 0 0 0 0 0 1 20
1 0 1 1 1 0 1 0 0 0 0 0 1 1 1 1 1 0 0 1 0 1 1 0 0 0 0 0 0 1 0 0 0 0 1 0 0 0 0 1 0 0 0 0 0 1 0 0 1 1 19
1 0 0 1 1 0 0 1 1 0 0 0 1 0 1 0 0 1 1 1 0 0 0 1 1 1 0 0 1 0 0 1 1 0 0 1 0 1 1 0 0 0 1 0 0 1 1 0 0 1 23
0 1 0 0 1 1 0 0 1 1 1 0 1 0 0 1 0 0 0 1 1 1 0 0 1 1 0 0 1 1 1 0 0 0 1 1 1 1 0 1 0 0 0 0 0 0 0 1 1 0 23
0 0 0 0 0 1 0 0 0 0 1 0 0 1 0 0 1 1 0 1 0 0 0 1 1 0 1 1 0 0 0 1 0 1 1 0 0 0 0 1 0 0 0 1 0 1 0 1 1 1 19
0 0 0 0 1 1 0 1 1 0 1 0 1 0 1 1 1 1 1 1 0 0 0 1 0 1 1 1 0 0 0 1 1 1 0 0 1 1 0 1 0 1 1 0 1 0 1 1 0 1 28
0 0 1 0 1 0 0 1 0 1 1 1 0 1 1 1 0 0 1 0 1 0 1 1 0 1 1 1 0 0 1 1 1 0 0 0 1 0 1 1 0 1 1 1 1 0 0 0 0 0 26
1 0 0 1 0 1 0 0 1 0 0 1 1 1 0 0 1 1 0 0 0 1 1 1 1 0 0 0 1 0 1 0 1 0 0 1 0 1 0 0 0 0 1 0 0 1 0 1 1 0 22
1 0 1 1 1 1 1 1 0 0 0 1 1 1 0 1 0 0 1 1 1 1 1 1 1 0 0 0 1 0 0 0 0 0 1 0 1 0 1 1 0 1 1 0 1 0 0 0 0 0 26
1 0 0 0 0 1 1 1 0 0 1 0 0 1 1 0 0 1 1 0 1 1 0 1 0 0 0 1 0 0 1 0 0 0 0 1 0 0 0 0 0 0 1 1 1 0 1 1 1 1 22
0 1 1 0 1 0 0 0 0 1 1 1 1 0 0 0 1 0 0 1 0 1 0 1 1 1 1 0 1 0 0 0 1 1 0 0 1 1 0 0 0 0 0 1 0 0 0 0 0 1 21
0 1 1 0 0 0 1 0 0 1 0 1 0 1 0 0 0 0 0 1 0 0 0 1 0 1 1 0 0 1 0 1 0 0 1 0 1 0 1 1 1 0 1 1 1 1 0 1 0 1 23
1 0 1 1 0 0 1 1 1 0 1 1 0 0 1 1 1 0 1 1 0 1 0 1 1 1 1 1 0 1 0 0 1 0 0 1 1 0 0 1 1 1 1 1 0 0 1 1 1 0 31
0 1 0 1 0 1 0 0 0 1 1 1 0 1 1 0 1 0 0 0 0 1 1 0 1 1 1 1 0 0 1 1 1 1 1 0 1 1 0 1 1 0 0 0 1 1 0 1 0 1 28
0 1 1 0 0 1 0 0 0 0 0 0 0 0 0 1 0 1 0 0 0 0 1 1 0 1 0 1 1 1 1 0 1 0 0 1 0 1 1 1 0 0 1 1 1 1 0 0 1 0 22
1 1 1 0 0 0 0 0 0 1 1 0 0 0 1 0 1 0 1 0 1 0 1 1 1 1 0 0 1 0 1 0 1 1 0 1 0 0 0 1 0 0 1 1 1 1 1 1 0 1 26
1 1 1 0 0 1 1 0 1 1 0 0 1 0 0 1 1 1 1 1 1 1 1 0 1 0 1 0 1 0 1 1 0 0 1 0 0 0 0 1 1 0 1 1 1 1 0 0 1 1 30
0 1 1 1 1 0 0 1 1 1 1 1 1 1 1 1 1 0 0 1 1 0 0 0 0 0 1 1 1 1 1 1 0 0 1 0 0 0 1 1 1 0 0 1 0 1 1 1 0 0 30
0 0 1 1 0 1 0 0 1 1 1 0 1 1 1 1 0 1 0 1 1 0 0 1 0 1 0 1 0 0 0 0 0 0 1 1 1 1 0 0 0 1 0 1 1 0 0 0 0 1 24
1 1 0 0 0 0 0 0 1 1 0 0 0 0 0 1 0 1 1 0 0 1 1 0 0 0 0 0 0 0 1 0 0 1 0 0 0 0 1 0 0 0 1 1 0 0 0 0 0 0 14
1 1 1 0 1 1 0 0 0 1 1 0 1 0 0 1 1 0 0 1 1 0 0 1 0 1 0 0 1 0 1 1 1 1 1 0 0 1 0 1 0 0 0 1 1 1 0 0 1 0 26
0 0 1 1 1 1 1 1 0 0 0 0 0 0 1 0 0 1 1 0 0 1 0 1 1 0 1 1 1 0 0 1 1 0 1 1 0 0 1 1 0 1 0 0 0 1 0 1 1 0 25
0 0 0 0 1 1 1 1 0 0 0 0 1 0 0 0 0 1 0 0 1 0 1 1 1 1 1 0 0 1 0 0 1 1 0 1 0 1 1 0 0 1 1 1 1 1 0 0 0 1 24
1 1 0 0 1 0 0 1 1 0 0 1 1 1 0 0 1 1 1 0 0 1 1 1 1 1 0 1 0 0 1 0 0 0 0 0 0 1 0 0 0 0 0 0 0 0 0 0 0 1 20
0 0 0 1 0 0 0 0 0 0 0 0 0 0 0 0 0 0 0 0 0 0 0 0 0 0 0 0 0 0 0 0 0 0 0 0 0 0 0 0 0 0 0 0 0 0 0 0 0 0 1
0 0 0 0 0 0 0 0 0 0 0 0 0 0 0 0 0 0 0 0 0 0 0 0 0 0 0 0 0 0 0 0 0 0 0 0 0 0 0 0 1 0 0 0 0 0 0 0 0 0 1
0 0 0 0 0 0 0 0 0 0 0 0 0 0 0 0 0 0 0 0 0 0 0 0 0 0 1 0 0 0 0 0 0 0 0 0 0 0 0 0 0 0 0 0 0 0 0 0 0 0 1
0 0 0 0 0 0 0 1 0 0 0 0 0 0 0 0 0 0 0 0 0 0 0 0 0 0 0 0 0 0 0 0 0 0 0 0 0 0 0 0 0 0 0 0 0 0 0 0 0 0 1
0 0 0 0 0 0 0 0 0 0 0 0 0 1 0 0 0 0 0 0 0 0 0 0 0 0 0 0 0 0 0 0 0 0 0 0 0 0 0 0 0 0 0 0 0 0 0 0 0 0 1
0 0 0 0 0 0 0 0 0 0 0 0 0 0 0 0 0 0 0 0 0 0 0 0 0 1 0 0 0 0 0 0 0 0 0 0 0 0 0 0 0 0 0 0 0 0 0 0 0 0 1
0 0 0 0 0 0 0 0 0 1 0 0 0 0 0 0 0 0 0 0 0 0 0 0 0 0 0 0 0 0 0 0 0 0 0 0 0 0 0 0 0 0 0 0 0 0 0 0 0 0 1
0 0 0 0 0 0 0 0 0 0 0 0 0 0 0 0 0 0 0 0 0 0 0 0 0 0 1 0 0 0 0 0 0 0 0 0 0 0 0 0 0 0 0 0 0 0 0 0 0 0 1
0 0 0 0 0 0 0 0 0 0 0 0 0 0 0 0 0 0 0 0 0 1 0 0 0 0 0 0 0 0 0 0 0 0 0 0 0 0 0 0 0 0 0 0 0 0 0 0 0 0 1
0 0 0 0 0 0 0 1 0 0 0 0 0 0 0 0 0 0 0 0 0 0 0 0 0 0 0 0 0 0 0 0 0 0 0 0 0 0 0 0 0 0 0 0 0 0 0 0 0 0 1
0 0 0 0 0 0 0 0 0 0 0 0 1 0 0 0 0 0 0 0 0 0 0 0 0 0 0 0 0 0 0 0 0 0 0 0 0 0 0 0 0 0 0 0 0 0 0 0 0 0 1
0 0 0 0 0 0 0 0 0 0 0 1 0 0 0 0 0 0 0 0 0 0 0 0 0 0 0 0 0 0 0 0 0 0 0 0 0 0 0 0 0 0 0 0 0 0 0 0 0 0 1
0 0 0 0 0 0 0 0 0 0 0 0 0 0 0 0 0 0 0 1 0 0 0 0 0 0 0 0 0 0 0 0 0 0 0 0 0 0 0 0 0 0 0 0 0 0 0 0 0 0 1
0 0 0 0 0 0 0 0 0 0 0 0 0 0 0 0 0 0 0 0 0 0 0 0 0 0 0 1 0 0 0 0 0 0 0 0 0 0 0 0 0 0 0 0 0 0 0 0 0 0 1
0 0 0 0 0 0 0 0 0 0 0 0 0 0 0 0 0 0 0 0 0 0 0 0 0 0 0 0 0 0 0 0 0 0 0 0 0 0 0 0 0 0 0 1 0 0 0 0 0 0 1
0 0 0 0 0 0 0 0 0 0 0 0 0 0 0 0 0 0 0 0 0 0 0 0 0 0 0 0 0 0 0 1 0 0 0 0 0 0 0 0 0 0 0 0 0 0 0 0 0 0 1
0 0 0 0 0 0 0 0 0 0 0 0 0 0 0 0 0 0 0 0 0 0 0 0 0 0 0 0 0 0 0 0 1 0 0 0 0 0 0 0 0 0 0 0 0 0 0 0 0 0 1
0 0 0 0 0 0 0 0 0 0 0 0 0 0 0 0 0 0 0 0 0 0 0 0 0 0 0 0 0 0 0 0 0 0 0 0 0 0 0 0 0 0 0 0 0 0 1 0 0 0 1
0 0 0 0 0 0 0 0 0 0 0 0 0 0 0 0 0 0 0 0 0 0 0 0 0 0 0 0 0 0 0 0 0 0 0 0 0 0 0 0 0 1 0 0 0 0 0 0 0 0 1
0 0 0 0 0 0 0 0 0 0 0 0 0 0 0 0 0 0 0 0 0 0 0 0 0 0 0 0 0 0 0 0 0 0 0 1 0 0 0 0 0 0 0 0 0 0 0 0 0 0 1
0 0 0 0 0 0 0 0 0 0 0 0 0 0 0 0 0 0 0 0 0 0 0 0 1 0 0 0 0 0 0 0 0 0 0 0 0 0 0 0 0 0 0 0 0 0 0 0 0 0 1
0 0 0 0 0 0 0 0 0 0 0 0 0 0 0 0 0 0 0 0 0 0 0 0 0 0 0 0 0 0 0 0 0 0 0 0 0 0 0 0 1 0 0 0 0 0 0 0 0 0 1
0 0 0 0 0 0 0 0 0 0 0 1 0 0 0 0 0 0 0 0 0 0 0 0 0 0 0 0 0 0 0 0 0 0 0 0 0 0 0 0 0 0 0 0 0 0 0 0 0 0 1
0 0 0 0 0 0 0 0 1 0 0 0 0 0 0 0 0 0 0 0 0 0 0 0 0 0 0 0 0 0 0 0 0 0 0 0 0 0 0 0 0 0 0 0 0 0 0 0 0 0 1
0 1 0 0 0 0 0 0 0 0 0 0 0 0 0 0 0 0 0 0 0 0 0 0 0 0 0 0 0 0 0 0 0 0 0 0 0 0 0 0 0 0 0 0 0 0 0 0 0 0 1
0 0 0 0 0 0 0 0 0 0 0 0 0 0 0 0 0 1 0 0 0 0 0 0 0 0 0 0 0 0 0 0 0 0 0 0 0 0 0 0 0 0 0 0 0 0 0 0 0 0 1
0 0 0 0 0 0 0 0 0 0 0 0 0 0 0 0 0 0 0 0 0 0 0 0 1 0 0 0 0 0 0 0 0 0 0 0 0 0 0 0 0 0 0 0 0 0 0 0 0 0 1
0 0 0 0 0 0 1 0 0 0 0 0 0 0 0 0 0 0 0 0 0 0 0 0 0 0 0 0 0 0 0 0 0 0 0 0 0 0 0 0 0 0 0 0 0 0 0 0 0 0 1
0 0 1 0 0 0 0 0 0 0 0 0 0 0 0 0 0 0 0 0 0 0 0 0 0 0 0 0 0 0 0 0 0 0 0 0 0 0 0 0 0 0 0 0 0 0 0 0 0 0 1
0 0 0 0 0 0 0 0 0 0 0 0 0 0 0 0 0 0 0 0 0 0 0 0 0 0 0 0 0 0 0 0 0 0 0 0 0 0 0 0 0 0 0 0 0 0 1 0 0 0 1
0 0 0 0 0 0 0 0 0 1 0 0 0 0 0 0 0 0 0 0 0 0 0 0 0 0 0 0 0 0 0 0 0 0 0 0 0 0 0 0 0 0 0 0 0 0 0 0 0 0 1
0 0 0 0 0 0 0 1 0 0 0 0 0 0 0 0 0 0 0 0 0 0 0 0 0 0 0 0 0 0 0 0 0 0 0 0 0 0 0 0 0 0 0 0 0 0 0 0 0 0 1
0 0 0 0 0 0 0 0 0 0 0 0 0 0 0 0 0 0 0 0 0 0 0 0 0 0 0 0 0 0 0 0 0 0 0 0 1 0 0 0 0 0 0 0 0 0 0 0 0 0 1
0 0 0 0 1 0 0 0 0 0 0 0 0 0 0 0 0 0 0 0 0 0 0 0 0 0 0 0 0 0 0 0 0 0 0 0 0 0 0 0 0 0 0 0 0 0 0 0 0 0 1
0 0 0 0 0 0 0 0 0 0 0 0 0 0 0 0 0 0 0 0 0 0 0 0 0 0 0 0 0 0 0 0 0 1 0 0 0 0 0 0 0 0 0 0 0 0 0 0 0 0 1
0 0 0 0 0 0 0 0 0 0 0 0 0 1 0 0 0 0 0 0 0 0 0 0 0 0 0 0 0 0 0 0 0 0 0 0 0 0 0 0 0 0 0 0 0 0 0 0 0 0 1
0 0 0 0 0 0 0 0 0 0 0 0 0 0 0 0 0 0 0 0 0 0 0 0 0 0 0 0 0 0 0 0 0 1 0 0 0 0 0 0 0 0 0 0 0 0 0 0 0 0 1
0 0 0 0 0 0 0 0 0 0 0 0 0 0 0 0 0 0 0 0 0 0 0 0 0 0 0 0 0 0 0 0 0 0 0 0 0 0 0 0 0 1 0 0 0 0 0 0 0 0 1
0 0 0 0 1 0 0 0 0 0 0 0 0 0 0 0 0 0 0 0 0 0 0 0 0 0 0 0 0 0 0 0 0 0 0 0 0 0 0 0 0 0 0 0 0 0 0 0 0 0 1
0 0 0 0 0 0 0 0 0 0 0 0 0 0 0 0 0 0 0 0 0 0 0 0 0 0 0 0 0 0 0 0 0 0 0 0 1 0 0 0 0 0 0 0 0 0 0 0 0 0 1
0 0 0 0 0 1 0 0 0 0 0 0 0 0 0 0 0 0 0 0 0 0 0 0 0 0 0 0 0 0 0 0 0 0 0 0 0 0 0 0 0 0 0 0 0 0 0 0 0 0 1
0 0 0 0 0 1 0 0 0 0 0 0 0 0 0 0 0 0 0 0 0 0 0 0 0 0 0 0 0 0 0 0 0 0 0 0 0 0 0 0 0 0 0 0 0 0 0 0 0 0 1
0 0 0 0 0 0 0 0 0 0 0 0 0 0 0 0 0 0 0 0 0 0 0 0 0 0 0 0 0 0 0 0 0 0 0 0 0 0 0 0 0 1 0 0 0 0 0 0 0 0 1
0 0 1 0 0 0 0 0 0 0 0 0 0 0 0 0 0 0 0 0 0 0 0 0 0 0 0 0 0 0 0 0 0 0 0 0 0 0 0 0 0 0 0 0 0 0 0 0 0 0 1
0 0 0 0 0 0 1 0 0 0 0 0 0 0 0 0 0 0 0 0 0 0 0 0 0 0 0 0 0 0 0 0 0 0 0 0 0 0 0 0 0 0 0 0 0 0 0 0 0 0 1
0 0 0 0 0 0 0 0 0 0 0 0 0 0 0 0 0 0 0 0 0 0 0 0 0 0 0 0 0 0 0 0 0 0 0 0 0 0 0 1 0 0 0 0 0 0 0 0 0 0 1
0 1 0 0 0 0 0 0 0 0 0 0 0 0 0 0 0 0 0 0 0 0 0 0 0 0 0 0 0 0 0 0 0 0 0 0 0 0 0 0 0 0 0 0 0 0 0 0 0 0 1
0 1 0 0 0 0 0 0 0 0 0 0 0 0 0 0 0 0 0 0 0 0 0 0 0 0 0 0 0 0 0 0 0 0 0 0 0 0 0 0 0 0 0 0 0 0 0 0 0 0 1
0 0 0 0 0 0 0 0 0 0 0 0 0 0 0 0 0 0 0 0 0 0 0 0 0 0 0 0 0 0 0 0 0 0 0 0 0 0 0 0 0 0 1 0 0 0 0 0 0 0 1
0 0 0 0 0 0 0 0 0 0 0 0 0 0 0 0 0 0 0 1 0 0 0 0 0 0 0 0 0 0 0 0 0 0 0 0 0 0 0 0 0 0 0 0 0 0 0 0 0 0 1
0 0 0 0 0 0 0 0 0 0 0 0 0 1 0 0 0 0 0 0 0 0 0 0 0 0 0 0 0 0 0 0 0 0 0 0 0 0 0 0 0 0 0 0 0 0 0 0 0 0 1
0 0 0 0 0 0 0 0 0 0 1 0 0 0 0 0 0 0 0 0 0 0 0 0 0 0 0 0 0 0 0 0 0 0 0 0 0 0 0 0 0 0 0 0 0 0 0 0 0 0 1
0 0 0 0 0 0 0 0 0 0 0 0 0 0 0 0 0 0 0 0 0 0 0 0 0 0 0 0 0 0 1 0 0 0 0 0 0 0 0 0 0 0 0 0 0 0 0 0 0 0 1
0 0 0 0 0 0 0 0 0 0 0 0 0 0 0 0 0 0 0 0 0 0 0 0 0 0 0 0 0 0 0 0 0 0 0 0 0 0 0 0 0 0 0 0 0 1 0 0 0 0 1
0 0 0 0 0 0 0 0 0 0 0 0 0 0 0 0 0 0 0 0 0 0 0 0 0 0 0 0 0 0 0 0 0 0 0 0 0 0 0 0 0 0 0 0 0 1 0 0 0 0 1
0 0 0 0 0 0 0 0 0 0 0 0 0 0 0 0 0 0 0 0 0 0 0 0 0 0 0 0 0 0 0 0 0 0 0 0 0 0 1 0 0 0 0 0 0 0 0 0 0 0 1
0 0 0 0 0 0 0 0 0 0 0 0 0 0 0 0 0 0 0 0 0 0 0 0 0 0 0 0 0 0 0 0 0 0 0 0 0 0 0 0 0 0 0 0 1 0 0 0 0 0 1
0 0 0 0 0 0 0 0 0 0 0 0 0 0 0 0 0 0 0 0 0 0 0 0 1 0 0 0 0 0 0 0 0 0 0 0 0 0 0 0 0 0 0 0 0 0 0 0 0 0 1
0 1 0 0 0 0 0 0 0 0 0 0 0 0 0 0 0 0 0 0 0 0 0 0 0 0 0 0 0 0 0 0 0 0 0 0 0 0 0 0 0 0 0 0 0 0 0 0 0 0 1
0 0 0 0 0 0 0 0 0 0 0 0 0 0 0 0 0 0 0 0 0 0 0 0 0 0 0 0 0 0 0 0 0 0 0 0 0 0 0 0 0 0 0 0 0 0 1 0 0 0 1
0 0 0 0 0 0 0 0 0 0 0 0 0 0 0 0 0 0 0 0 0 0 0 0 1 0 0 0 0 0 0 0 0 0 0 0 0 0 0 0 0 0 0 0 0 0 0 0 0 0 1
0 0 0 0 0 0 0 0 0 0 0 0 0 0 0 0 0 0 0 0 0 0 0 0 0 0 0 0 0 0 0 0 0 0 0 1 0 0 0 0 0 0 0 0 0 0 0 0 0 0 1
0 0 0 0 0 0 0 0 0 0 0 0 0 0 0 0 0 0 0 0 0 0 0 0 0 0 0 0 0 0 0 0 0 1 0 0 0 0 0 0 0 0 0 0 0 0 0 0 0 0 1
0 0 0 0 0 0 0 0 0 0 0 0 0 0 0 0 0 0 0 0 0 0 0 0 0 0 0 0 0 0 0 0 0 0 0 0 0 0 0 1 0 0 0 0 0 0 0 0 0 0 1
0 0 0 0 0 0 0 0 0 0 0 0 0 0 0 0 0 1 0 0 0 0 0 0 0 0 0 0 0 0 0 0 0 0 0 0 0 0 0 0 0 0 0 0 0 0 0 0 0 0 1
0 0 0 0 0 0 0 0 0 0 0 1 0 0 0 0 0 0 0 0 0 0 0 0 0 0 0 0 0 0 0 0 0 0 0 0 0 0 0 0 0 0 0 0 0 0 0 0 0 0 1
0 0 0 0 0 0 0 0 0 0 0 0 0 0 0 0 0 0 0 0 0 0 0 0 0 0 0 0 1 0 0 0 0 0 0 0 0 0 0 0 0 0 0 0 0 0 0 0 0 0 1
0 0 0 0 0 0 0 0 0 0 0 0 0 0 0 0 0 1 0 0 0 0 0 0 0 0 0 0 0 0 0 0 0 0 0 0 0 0 0 0 0 0 0 0 0 0 0 0 0 0 1
0 0 0 0 0 0 0 0 0 0 0 0 0 0 0 0 0 0 0 0 0 0 0 0 0 0 0 0 0 0 0 0 0 0 0 0 1 0 0 0 0 0 0 0 0 0 0 0 0 0 1
0 0 0 0 0 1 0 0 0 0 0 0 0 0 0 0 0 0 0 0 0 0 0 0 0 0 0 0 0 0 0 0 0 0 0 0 0 0 0 0 0 0 0 0 0 0 0 0 0 0 1
0 0 0 0 0 0 0 0 0 0 0 0 0 0 0 0 0 0 0 0 0 0 0 0 0 0 0 0 0 0 0 0 0 0 0 0 0 0 0 0 0 0 0 1 0 0 0 0 0 0 1
0 0 0 0 0 0 0 0 0 0 0 0 0 0 0 0 0 0 0 0 0 0 0 0 0 0 0 0 0 0 0 0 0 0 0 0 1 0 0 0 0 0 0 0 0 0 0 0 0 0 1
0 0 0 0 0 0 0 0 0 0 0 0 0 0 0 0 0 0 0 0 0 0 0 0 1 0 0 0 0 0 0 0 0 0 0 0 0 0 0 0 0 0 0 0 0 0 0 0 0 0 1
0 0 0 0 0 0 0 0 0 0 0 0 0 0 0 0 0 0 0 0 0 0 0 0 0 0 0 0 0 0 0 1 0 0 0 0 0 0 0 0 0 0 0 0 0 0 0 0 0 0 1
0 0 0 0 0 0 0 0 0 0 0 0 0 0 0 0 0 0 0 0 0 0 0 0 0 0 0 0 0 0 0 1 0 0 0 0 0 0 0 0 0 0 0 0 0 0 0 0 0 0 1
0 0 0 0 0 0 0 0 0 0 0 0 0 0 0 0 0 0 0 0 0 1 0 0 0 0 0 0 0 0 0 0 0 0 0 0 0 0 0 0 0 0 0 0 0 0 0 0 0 0 1
0 0 0 0 0 0 0 0 0 0 0 0 0 0 0 0 0 0 1 0 0 0 0 0 0 0 0 0 0 0 0 0 0 0 0 0 0 0 0 0 0 0 0 0 0 0 0 0 0 0 1
0 0 0 0 0 0 0 0 0 0 0 0 0 0 0 1 0 0 0 0 0 0 0 0 0 0 0 0 0 0 0 0 0 0 0 0 0 0 0 0 0 0 0 0 0 0 0 0 0 0 1
0 0 0 0 1 0 0 0 0 0 0 0 0 0 0 0 0 0 0 0 0 0 0 0 0 0 0 0 0 0 0 0 0 0 0 0 0 0 0 0 0 0 0 0 0 0 0 0 0 0 1
0 0 0 0 0 0 0 0 0 0 0 0 0 0 0 0 0 0 0 1 0 0 0 0 0 0 0 0 0 0 0 0 0 0 0 0 0 0 0 0 0 0 0 0 0 0 0 0 0 0 1
0 0 0 0 0 0 0 1 0 0 0 0 0 0 0 0 0 0 0 0 0 0 0 0 0 0 0 0 0 0 0 0 0 0 0 0 0 0 0 0 0 0 0 0 0 0 0 0 0 0 1
0 0 0 0 0 0 0 0 0 0 1 0 0 0 0 0 0 0 0 0 0 0 0 0 0 0 0 0 0 0 0 0 0 0 0 0 0 0 0 0 0 0 0 0 0 0 0 0 0 0 1
0 0 0 1 0 0 0 0 0 0 0 0 0 0 0 0 0 0 0 0 0 0 0 0 0 0 0 0 0 0 0 0 0 0 0 0 0 0 0 0 0 0 0 0 0 0 0 0 0 0 1
0 0 0 0 0 0 0 0 0 0 0 0 0 0 0 0 0 0 0 0 0 0 0 0 0 0 0 0 0 0 0 0 0 0 0 0 0 0 0 1 0 0 0 0 0 0 0 0 0 0 1
0 0 0 0 0 0 0 0 0 0 0 0 0 0 0 0 0 0 0 0 0 0 0 0 0 0 0 0 0 0 0 0 0 0 0 0 0 1 0 0 0 0 0 0 0 0 0 0 0 0 1
0 1 0 0 0 0 0 0 0 0 0 0 0 0 0 0 0 0 0 0 0 0 0 0 0 0 0 0 0 0 0 0 0 0 0 0 0 0 0 0 0 0 0 0 0 0 0 0 0 0 1
0 0 0 0 0 0 0 0 1 0 0 0 0 0 0 0 0 0 0 0 0 0 0 0 0 0 0 0 0 0 0 0 0 0 0 0 0 0 0 0 0 0 0 0 0 0 0 0 0 0 1
0 0 0 0 0 0 0 0 0 0 0 0 0 0 0 0 0 0 1 0 0 0 0 0 0 0 0 0 0 0 0 0 0 0 0 0 0 0 0 0 0 0 0 0 0 0 0 0 0 0 1
0 0 0 0 0 0 0 1 0 0 0 0 0 0 0 0 0 0 0 0 0 0 0 0 0 0 0 0 0 0 0 0 0 0 0 0 0 0 0 0 0 0 0 0 0 0 0 0 0 0 1
0 0 0 0 0 0 0 0 0 0 0 0 0 0 0 0 0 0 0 0 0 0 0 0 0 0 0 0 0 0 0 1 0 0 0 0 0 0 0 0 0 0 0 0 0 0 0 0 0 0 1
0 0 0 0 0 0 0 0 0 0 0 0 0 0 0 0 0 0 0 0 0 0 0 0 0 0 0 0 0 0 0 0 0 0 1 0 0 0 0 0 0 0 0 0 0 0 0 0 0 0 1
0 0 0 0 0 0 0 0 0 0 0 0 0 0 0 1 0 0 0 0 0 0 0 0 0 0 0 0 0 0 0 0 0 0 0 0 0 0 0 0 0 0 0 0 0 0 0 0 0 0 1
0 0 0 0 0 0 0 0 0 0 0 0 0 0 0 0 0 0 0 0 0 0 0 0 0 0 0 0 0 1 0 0 0 0 0 0 0 0 0 0 0 0 0 0 0 0 0 0 0 0 1
0 0 0 0 0 0 0 0 0 0 0 0 0 0 0 0 0 0 0 0 0 0 0 0 0 0 1 0 0 0 0 0 0 0 0 0 0 0 0 0 0 0 0 0 0 0 0 0 0 0 1
0 0 0 0 0 0 0 0 0 0 0 0 0 0 0 0 0 0 0 0 0 0 1 0 0 0 0 0 0 0 0 0 0 0 0 0 0 0 0 0 0 0 0 0 0 0 0 0 0 0 1
0 0 0 0 0 0 0 0 0 0 0 0 0 0 0 0 0 1 0 0 0 0 0 0 0 0 0 0 0 0 0 0 0 0 0 0 0 0 0 0 0 0 0 0 0 0 0 0 0 0 1
0 0 0 0 0 0 0 0 0 0 0 0 0 0 0 0 0 0 0 0 0 0 0 0 0 0 0 0 0 0 0 0 0 0 0 0 0 0 1 0 0 0 0 0 0 0 0 0 0 0 1
1 0 0 0 0 0 0 0 0 0 0 0 0 0 0 0 0 0 0 0 0 0 0 0 0 0 0 0 0 0 0 0 0 0 0 0 0 0 0 0 0 0 0 0 0 0 0 0 0 0 1
0 0 0 0 0 0 0 0 0 0 0 0 1 0 0 0 0 0 0 0 0 0 0 0 0 0 0 0 0 0 0 0 0 0 0 0 0 0 0 0 0 0 0 0 0 0 0 0 0 0 1
0 0 0 0 0 0 0 0 0 0 0 0 0 0 0 0 0 0 0 0 0 0 0 0 0 0 0 0 0 1 0 0 0 0 0 0 0 0 0 0 0 0 0 0 0 0 0 0 0 0 1
0 0 0 0 0 0 0 0 0 0 0 0 0 0 0 0 0 0 0 0 0 0 0 0 0 0 0 0 1 0 0 0 0 0 0 0 0 0 0 0 0 0 0 0 0 0 0 0 0 0 1
0 0 0 0 0 0 0 0 0 0 0 0 0 0 0 0 0 0 0 0 0 0 0 0 0 0 0 0 0 0 0 0 0 0 1 0 0 0 0 0 0 0 0 0 0 0 0 0 0 0 1
0 0 0 0 0 0 0 0 0 0 0 1 0 0 0 0 0 0 0 0 0 0 0 0 0 0 0 0 0 0 0 0 0 0 0 0 0 0 0 0 0 0 0 0 0 0 0 0 0 0 1
0 0 0 0 0 0 0 0 0 0 0 0 0 0 0 0 0 0 0 0 0 0 0 0 0 0 0 0 0 0 0 0 0 0 0 0 0 0 0 0 1 0 0 0 0 0 0 0 0 0 1
0 0 0 0 0 0 0 0 0 0 0 0 0 0 0 0 0 0 0 0 0 0 0 0 0 0 0 0 0 0 0 0 0 0 0 0 0 0 0 0 0 0 1 0 0 0 0 0 0 0 1
0 0 0 0 0 0 0 0 0 0 0 0 0 0 0 0 0 0 0 0 0 1 0 0 0 0 0 0 0 0 0 0 0 0 0 0 0 0 0 0 0 0 0 0 0 0 0 0 0 0 1
0 0 1 0 0 0 0 0 0 0 0 0 0 0 0 0 0 0 0 0 0 0 0 0 0 0 0 0 0 0 0 0 0 0 0 0 0 0 0 0 0 0 0 0 0 0 0 0 0 0 1
0 0 0 0 0 0 0 0 0 0 0 0 0 0 0 0 0 0 0 0 0 0 0 0 0 0 0 0 0 0 0 1 0 0 0 0 0 0 0 0 0 0 0 0 0 0 0 0 0 0 1
0 0 0 0 0 0 0 0 0 0 0 0 0 0 1 0 0 0 0 0 0 0 0 0 0 0 0 0 0 0 0 0 0 0 0 0 0 0 0 0 0 0 0 0 0 0 0 0 0 0 1
0 0 0 0 0 0 0 0 0 0 0 0 0 0 0 0 0 0 0 0 0 0 0 0 0 0 0 0 0 0 0 0 0 0 0 0 0 0 0 0 0 0 1 0 0 0 0 0 0 0 1
0 0 0 0 0 0 0 0 0 0 0 0 0 0 0 0 0 0 0 0 0 0 1 0 0 0 0 0 0 0 0 0 0 0 0 0 0 0 0 0 0 0 0 0 0 0 0 0 0 0 1
0 0 0 0 0 0 0 0 0 0 0 0 0 0 0 0 0 0 0 0 0 0 0 0 0 0 0 0 0 0 0 1 0 0 0 0 0 0 0 0 0 0 0 0 0 0 0 0 0 0 1
0 0 0 0 0 0 0 0 0 0 0 0 0 0 0 0 0 0 0 0 0 0 0 0 0 0 0 0 1 0 0 0 0 0 0 0 0 0 0 0 0 0 0 0 0 0 0 0 0 0 1
0 0 0 0 0 0 0 0 0 0 0 0 0 0 0 0 0 0 0 1 0 0 0 0 0 0 0 0 0 0 0 0 0 0 0 0 0 0 0 0 0 0 0 0 0 0 0 0 0 0 1
0 0 0 0 0 0 0 0 0 0 0 0 0 0 0 0 0 0 0 0 0 0 0 0 0 0 0 0 0 0 0 0 0 0 0 0 0 0 0 0 1 0 0 0 0 0 0 0 0 0 1
0 0 0 0 0 0 0 0 0 0 0 0 0 0 0 0 0 0 0 0 0 0 0 1 0 0 0 0 0 0 0 0 0 0 0 0 0 0 0 0 0 0 0 0 0 0 0 0 0 0 1
0 0 0 0 0 0 0 1 0 0 0 0 0 0 0 0 0 0 0 0 0 0 0 0 0 0 0 0 0 0 0 0 0 0 0 0 0 0 0 0 0 0 0 0 0 0 0 0 0 0 1
0 0 0 0 1 0 0 0 0 0 0 0 0 0 0 0 0 0 0 0 0 0 0 0 0 0 0 0 0 0 0 0 0 0 0 0 0 0 0 0 0 0 0 0 0 0 0 0 0 0 1
0 0 0 0 0 0 0 0 0 0 0 0 0 0 0 0 0 0 0 0 0 0 0 0 0 0 0 0 0 0 0 0 0 0 0 0 0 0 0 0 0 0 0 0 0 0 1 0 0 0 1
1 0 0 0 0 0 0 0 0 0 0 0 0 0 0 0 0 0 0 0 0 0 0 0 0 0 0 0 0 0 0 0 0 0 0 0 0 0 0 0 0 0 0 0 0 0 0 0 0 0 1
0 0 0 0 0 0 0 0 1 0 0 0 0 0 0 0 0 0 0 0 0 0 0 0 0 0 0 0 0 0 0 0 0 0 0 0 0 0 0 0 0 0 0 0 0 0 0 0 0 0 1
0 1 0 0 0 0 0 0 0 0 0 0 0 0 0 0 0 0 0 0 0 0 0 0 0 0 0 0 0 0 0 0 0 0 0 0 0 0 0 0 0 0 0 0 0 0 0 0 0 0 1
0 0 0 0 0 0 0 0 0 0 0 0 0 0 0 0 0 0 0 0 0 0 0 0 0 0 0 0 0 0 0 0 0 0 0 0 0 0 0 0 0 0 0 0 0 1 0 0 0 0 1
0 0 0 0 0 0 0 0 0 0 0 0 0 0 0 0 0 0 0 0 0 0 0 0 0 0 0 0 0 0 0 0 0 0 0 0 0 0 0 0 0 0 0 0 0 1 0 0 0 0 1
0 0 0 0 0 0 0 0 0 0 1 0 0 0 0 0 0 0 0 0 0 0 0 0 0 0 0 0 0 0 0 0 0 0 0 0 0 0 0 0 0 0 0 0 0 0 0 0 0 0 1
0 0 1 0 0 0 0 0 0 0 0 0 0 0 0 0 0 0 0 0 0 0 0 0 0 0 0 0 0 0 0 0 0 0 0 0 0 0 0 0 0 0 0 0 0 0 0 0 0 0 1
0 0 0 0 0 0 0 0 0 0 0 0 0 0 1 0 0 0 0 0 0 0 0 0 0 0 0 0 0 0 0 0 0 0 0 0 0 0 0 0 0 0 0 0 0 0 0 0 0 0 1
0 0 0 0 0 0 0 0 0 0 0 0 0 0 0 1 0 0 0 0 0 0 0 0 0 0 0 0 0 0 0 0 0 0 0 0 0 0 0 0 0 0 0 0 0 0 0 0 0 0 1
0 0 0 0 0 0 0 0 0 0 0 0 0 0 0 0 0 0 0 1 0 0 0 0 0 0 0 0 0 0 0 0 0 0 0 0 0 0 0 0 0 0 0 0 0 0 0 0 0 0 1
0 0 0 0 0 0 0 0 0 0 0 0 0 0 1 0 0 0 0 0 0 0 0 0 0 0 0 0 0 0 0 0 0 0 0 0 0 0 0 0 0 0 0 0 0 0 0 0 0 0 1
0 0 0 0 0 0 0 0 0 0 0 0 0 0 0 0 0 0 0 0 0 0 0 0 0 0 0 1 0 0 0 0 0 0 0 0 0 0 0 0 0 0 0 0 0 0 0 0 0 0 1
0 0 0 0 0 0 0 0 0 0 0 0 0 0 0 0 0 0 0 0 0 1 0 0 0 0 0 0 0 0 0 0 0 0 0 0 0 0 0 0 0 0 0 0 0 0 0 0 0 0 1
0 0 0 0 0 0 0 0 0 0 0 0 0 0 0 0 0 0 0 0 0 1 0 0 0 0 0 0 0 0 0 0 0 0 0 0 0 0 0 0 0 0 0 0 0 0 0 0 0 0 1
160 176 167 166 169 164 168 169 183 155 186 150 163 155 172 187 153 167 173 164 157 162 170 182 162 156 175 169 178 160 172 172 162 154 171 181 166 173 159 148 161 180 170 179 157 172 151 171 158 158 8333
