1 0 0 0 0 0 0 1 1 0 0 1 1 0 1 1 1 1 0 1 0 1 1 1 1 1 1 1 0 0 0 0 1 0 1 0 1 1 0 0 0 1 1 1 1 1 1 0 1 0 28
1 0 0 0 0 0 0 1 1 1 0 1 1 1 1 0 1 0 0 1 0 0 1 1 1 1 1 0 1 0 1 0 1 1 1 0 1 1 0 1 0 1 1 0 0 1 1 0 0 0 27
0 1 0 0 0 0 0 1 0 0 0 1 1 0 1 0 1 1 1 1 1 0 1 0 1 1 1 1 0 0 0 0 1 1 1 0 1 1 1 1 0 1 1 0 0 1 0 1 0 1 27
0 1 0 0 0 0 0 1 0 1 0 1 1 0 1 0 1 1 0 1 0 0 1 0 1 0 1 1 0 0 1 1 1 0 1 0 1 0 0 1 0 0 0 1 0 1 1 0 1 0 23
1 0 0 0 0 0 1 1 0 1 0 1 1 0 0 0 1 1 0 1 1 0 0 0 1 1 0 1 0 0 0 0 1 1 1 0 1 0 1 0 0 1 1 1 0 1 0 0 0 1 23
1 0 0 0 1 0 1 0 0 1 0 1 1 0 0 0 1 1 0 1 1 0 1 1 1 1 1 1 0 0 1 0 0 1 1 0 1 0 1 1 0 1 1 0 0 1 1 1 1 0 28
1 0 0 0 0 0 1 0 0 1 0 1 1 0 0 0 1 0 1 1 1 0 0 1 1 1 1 1 0 0 1 0 1 1 1 0 1 0 0 1 0 1 1 0 0 0 0 0 1 1 24
1 0 0 0 0 0 0 1 0 1 0 1 1 0 0 0 1 1 0 1 0 0 1 0 1 1 1 1 0 0 0 0 1 1 1 0 1 0 1 1 0 0 1 1 0 0 0 1 1 0 23
1 1 0 0 0 0 0 1 1 1 0 1 0 1 1 0 0 1 1 1 0 0 1 0 1 1 1 1 1 0 0 1 1 0 1 0 1 1 1 1 0 0 1 1 1 1 1 1 1 1 32
1 0 0 0 0 0 0 1 0 1 0 1 0 0 0 1 0 1 1 1 0 0 1 0 0 1 1 1 0 0 0 0 1 1 1 0 1 1 0 0 0 1 1 0 0 0 0 1 0 0 20
0 0 0 0 0 0 0 1 0 1 0 1 1 1 1 0 1 1 1 1 0 1 1 0 1 1 0 1 0 0 0 1 1 0 1 0 1 1 1 1 1 0 0 0 0 0 1 0 1 1 26
0 0 0 0 0 0 0 1 0 1 0 1 1 0 0 0 1 1 0 1 0 0 1 1 1 1 1 1 0 0 1 0 1 0 0 0 1 1 0 1 0 0 1 0 0 1 1 1 1 0 23
1 0 0 1 0 0 1 1 0 1 0 1 0 0 0 0 1 0 0 1 1 0 1 1 1 0 1 0 0 0 0 0 1 1 1 1 1 1 1 1 0 1 1 0 0 0 1 0 1 0 25
1 0 0 0 0 0 1 0 1 1 0 1 1 0 1 0 1 1 1 1 1 0 1 0 1 1 0 1 1 1 1 0 1 1 1 0 1 1 1 1 0 1 1 1 1 1 1 0 0 1 33
1 0 0 0 0 0 0 1 0 1 0 1 1 1 1 1 1 1 0 1 0 0 1 0 1 1 0 1 0 0 1 0 1 1 1 0 1 1 0 1 1 0 1 0 0 1 1 0 1 0 27
0 0 0 0 0 0 1 1 0 1 0 1 1 1 1 1 0 0 0 1 0 0 1 0 1 1 1 1 0 1 0 0 1 1 1 0 1 1 1 0 0 0 1 0 1 1 0 1 1 0 26
1 0 0 0 0 0 0 1 0 1 0 1 1 0 1 0 1 0 0 1 1 0 1 1 1 1 1 1 0 0 0 1 0 0 1 0 1 1 0 1 0 0 1 0 0 0 1 0 1 0 23
1 0 0 0 0 0 0 1 0 1 0 1 1 0 1 0 1 0 0 1 1 0 0 0 1 1 1 1 0 0 0 1 1 1 0 0 1 1 1 0 0 0 1 1 0 0 0 0 1 0 22
1 0 0 0 0 0 0 1 0 1 0 1 1 1 0 1 1 0 0 1 0 0 1 0 1 0 1 1 0 0 0 1 1 1 1 0 1 0 0 1 0 0 1 0 0 1 1 0 1 0 23
1 0 0 0 0 0 1 1 1 1 0 1 1 0 1 0 1 1 1 1 0 1 1 1 1 1 0 1 1 0 0 0 1 1 1 0 1 0 1 0 0 0 1 1 0 1 1 0 1 0 29
1 0 0 0 0 0 1 1 0 1 0 1 1 0 0 0 1 0 1 1 1 1 0 1 0 1 0 1 0 0 0 0 1 1 1 0 1 1 0 1 0 0 1 0 0 0 0 0 1 0 22
1 1 0 0 0 0 0 0 0 1 0 1 0 1 1 1 1 1 0 1 0 0 1 0 1 1 1 0 0 0 0 1 1 1 1 0 1 1 1 1 0 1 1 1 0 1 0 0 1 1 28
1 0 0 0 0 0 1 1 0 1 0 1 0 1 1 1 1 0 0 1 0 0 1 0 1 1 1 1 0 0 1 0 1 1 1 1 0 1 1 1 1 0 1 1 0 0 1 0 1 0 28
0 1 0 1 0 0 1 1 0 1 0 1 1 0 0 0 0 1 0 1 0 0 1 0 1 1 1 0 0 0 1 0 1 1 1 0 1 1 0 1 0 0 0 0 0 1 1 0 1 1 24
0 0 0 0 0 0 0 1 1 1 0 1 1 0 0 0 0 0 0 1 0 1 1 1 1 0 1 0 1 1 0 0 1 1 1 0 0 1 1 1 0 1 0 0 0 1 1 0 1 1 24
1 1 0 0 0 0 1 1 0 1 0 0 1 0 1 0 0 0 1 1 0 0 0 1 1 1 0 0 0 0 1 0 1 0 1 0 1 1 0 1 0 0 1 1 1 1 1 0 1 0 24
0 0 0 0 0 0 0 1 0 1 0 0 0 1 1 0 1 1 1 1 0 0 1 1 1 1 1 0 0 0 1 0 0 1 1 0 1 0 0 1 0 0 1 0 0 1 0 0 1 0 21
1 0 0 0 0 0 0 1 0 1 0 1 1 1 1 0 1 1 0 1 0 0 1 1 0 1 1 1 0 0 1 1 1 0 1 0 1 1 0 1 0 0 1 1 0 0 1 1 1 0 27
1 0 0 0 0 0 1 1 1 1 0 1 1 1 0 0 1 0 0 1 0 0 1 1 1 1 0 0 1 0 0 1 1 1 1 0 1 1 1 1 0 0 1 0 1 0 0 0 1 0 26
1 0 0 0 0 0 1 0 0 1 0 1 1 1 1 0 0 0 0 1 0 0 1 0 0 1 1 1 0 0 1 0 1 1 1 0 1 0 0 0 1 1 1 1 0 0 1 0 0 1 23
0 0 0 0 0 0 1 0 0 1 0 1 1 1 1 0 0 1 0 1 0 0 1 0 1 0 1 1 0 0 0 1 1 0 1 0 1 1 1 0 0 1 1 1 1 1 1 0 1 0 25
1 0 0 0 0 0 1 1 1 1 0 1 1 0 1 0 1 1 0 1 0 0 1 0 1 1 1 1 0 0 1 1 1 0 0 0 0 1 0 1 0 0 1 0 1 1 0 0 0 1 25
0 0 0 0 0 0 0 1 0 1 0 1 1 0 0 0 1 0 0 1 1 0 1 1 1 0 0 1 0 0 1 1 1 1 1 0 1 1 1 0 0 0 1 0 0 0 0 0 1 1 22
0 0 0 0 0 0 0 1 0 1 0 1 1 0 1 0 1 1 0 1 0 0 0 1 1 1 1 1 0 0 1 0 0 0 1 1 1 1 0 1 0 1 1 0 0 0 0 0 1 1 23
1 0 0 0 0 0 1 1 0 1 0 0 1 1 0 0 1 1 0 1 0 0 1 1 1 1 1 1 0 0 0 1 1 0 1 0 1 1 1 0 0 0 1 1 1 1 1 0 1 0 27
0 0 0 0 0 0 1 1 0 1 0 1 1 0 1 0 1 1 0 1 0 0 1 0 1 0 0 0 0 0 0 0 1 1 1 0 1 1 1 0 0 1 1 0 0 1 1 1 1 0 23
1 0 0 0 0 0 0 1 1 1 0 1 1 1 1 0 1 0 0 1 1 0 1 0 1 1 0 1 1 0 1 1 1 0 1 0 1 0 0 1 0 1 1 0 1 1 0 0 1 1 28
1 0 0 0 0 0 1 1 0 1 0 1 1 0 1 0 0 1 0 1 1 0 1 1 1 1 1 0 0 0 0 0 1 0 1 0 0 0 1 0 0 1 1 1 0 0 1 0 0 0 22
0 1 0 0 0 0 1 1 0 0 0 1 0 0 0 0 1 1 1 1 1 0 1 0 1 1 0 1 1 0 0 0 1 1 1 0 1 1 1 1 0 0 1 1 0 1 1 0 1 1 27
0 1 0 0 0 0 1 1 0 1 0 1 1 0 1 0 1 1 1 1 1 0 0 1 1 1 1 1 0 0 1 0 1 1 1 0 1 1 1 1 0 0 1 0 0 0 1 0 1 0 28
1 0 0 0 0 0 0 1 0 1 0 1 1 1 1 0 0 0 0 1 0 0 1 0 1 1 0 1 0 1 0 0 0 1 1 0 1 1 1 1 0 1 1 1 0 1 1 0 0 0 24
1 0 0 0 0 0 1 0 1 1 0 1 1 1 0 1 0 1 0 1 0 0 1 1 1 1 1 0 0 0 0 1 1 0 1 0 1 0 1 0 0 0 1 1 0 0 1 1 1 0 25
0 0 0 0 0 0 1 1 0 1 0 1 1 0 1 0 1 0 0 1 0 0 1 0 1 1 0 0 0 0 0 0 1 0 0 1 1 0 0 0 0 1 1 1 0 0 1 0 0 0 18
1 0 0 0 0 0 1 1 0 1 0 1 1 1 0 0 0 1 0 1 0 0 0 0 1 0 0 0 0 0 1 1 0 1 1 0 1 0 1 1 0 0 0 0 0 0 1 0 1 1 20
1 0 0 0 0 0 0 0 0 1 0 1 1 0 1 0 1 0 0 1 1 0 1 0 1 1 1 1 0 0 1 1 1 1 1 0 1 1 0 0 0 0 1 0 0 1 0 0 1 0 23
1 0 0 0 0 0 0 1 0 1 0 1 1 1 0 0 1 0 1 1 0 0 0 0 1 1 1 1 0 1 1 1 1 0 1 0 1 0 1 1 0 1 1 0 0 0 1 1 0 0 25
0 0 0 0 0 0 1 0 0 1 0 0 1 0 1 0 0 1 0 1 1 0 1 0 0 1 0 1 0 0 1 1 1 1 1 0 1 0 1 1 0 1 0 1 0 1 1 1 1 0 24
0 0 0 0 0 0 0 0 0 1 0 1 1 1 0 0 0 0 0 1 0 0 1 1 1 1 1 1 0 0 1 1 1 1 1 0 1 1 1 1 0 1 0 1 0 0 1 0 0 1 24
1 0 0 0 0 0 1 1 0 1 0 1 1 1 1 0 1 1 0 1 0 0 1 1 1 1 1 1 1 0 0 1 1 0 1 0 1 1 1 1 1 1 1 1 0 1 1 0 0 0 31
1 0 0 0 0 0 1 1 1 1 0 1 1 0 1 0 1 1 0 1 0 0 1 1 0 1 0 1 0 0 1 1 1 0 1 0 1 1 1 0 0 0 1 1 0 1 1 1 1 1 29
1 0 0 0 0 0 1 1 0 1 0 1 1 1 1 0 0 1 0 1 0 0 1 1 1 1 1 1 0 0 1 1 1 0 1 0 1 0 0 0 1 1 1 0 0 0 1 0 1 0 26
1 1 0 0 0 0 1 1 0 1 0 1 1 1 1 0 0 1 0 1 0 0 1 1 1 1 1 1 0 0 1 0 1 0 1 0 1 0 1 0 0 1 0 1 0 1 0 0 1 1 27
1 0 0 0 0 0 0 1 1 1 0 1 1 0 1 0 1 1 0 1 0 0 1 0 1 1 1 1 0 0 1 0 1 1 1 0 1 1 0 0 0 0 0 0 0 1 0 0 1 1 24
1 0 0 0 0 0 1 1 0 1 0 1 1 1 0 1 1 1 0 1 1 0 1 1 1 0 1 0 0 0 1 1 1 1 1 0 1 0 0 0 0 0 1 0 0 0 0 0 1 1 25
1 0 0 0 0 0 0 0 0 1 0 1 1 1 1 0 1 0 0 1 1 0 1 0 0 0 0 1 0 0 1 0 1 1 1 0 1 0 0 1 1 1 1 1 1 1 0 0 1 0 24
1 0 0 0 0 0 1 1 1 0 0 1 0 0 0 0 1 0 0 1 0 0 1 1 1 1 0 0 0 0 1 1 1 1 1 0 1 1 1 0 0 0 1 1 0 1 0 0 0 0 22
1 1 0 0 0 0 1 1 1 1 0 0 0 1 0 0 1 1 0 1 0 0 1 1 1 0 1 0 0 0 0 0 1 1 1 0 1 1 1 1 0 0 1 0 0 0 0 1 0 0 23
1 0 0 0 0 0 0 1 0 1 0 1 1 0 1 0 1 0 1 1 1 0 1 0 1 1 0 1 0 0 0 0 1 1 1 0 1 1 0 1 0 1 1 1 0 0 1 0 1 0 25
1 1 0 0 0 0 1 1 1 1 0 1 1 0 1 0 0 1 0 1 0 0 1 1 1 1 1 1 0 0 1 0 1 1 1 0 1 1 0 1 0 1 1 1 0 1 1 0 1 0 30
1 0 0 0 0 0 1 0 1 1 0 1 1 0 0 0 1 0 1 1 0 0 1 1 1 0 1 1 1 0 0 0 1 1 1 0 1 0 1 1 1 0 1 0 1 0 0 1 1 1 27
1 1 0 0 0 0 1 1 1 1 0 1 1 0 1 0 1 1 0 1 0 0 1 0 1 0 0 1 0 0 0 0 0 1 1 0 1 0 1 1 0 1 1 1 1 0 1 1 1 1 28
1 0 0 0 0 0 0 0 1 0 0 1 0 1 0 1 1 1 0 1 1 0 1 1 1 1 1 1 0 0 0 0 1 0 1 0 1 1 0 1 0 1 1 1 0 1 1 0 0 1 26
0 0 0 0 0 0 1 0 0 1 0 1 1 0 0 0 1 1 0 0 0 0 1 1 1 0 1 1 0 0 0 1 1 1 1 0 1 0 1 1 0 0 1 1 1 0 0 0 1 0 22
1 0 0 0 0 0 1 1 0 1 0 1 1 1 1 0 0 1 0 0 0 1 1 0 1 1 1 1 0 1 1 0 1 1 1 0 1 1 0 1 0 1 0 0 0 0 0 0 1 1 26
1 0 0 0 0 0 1 1 0 1 0 0 1 1 0 0 0 1 0 1 0 0 1 1 1 1 1 0 0 0 0 0 1 0 1 0 0 0 1 1 0 1 1 1 0 1 1 1 1 0 24
1 0 0 0 0 0 1 0 0 1 0 1 1 0 0 0 1 1 0 1 1 0 0 0 1 1 0 1 0 1 1 1 1 1 1 0 1 1 0 0 0 1 1 1 0 1 1 0 1 0 26
1 1 0 0 0 0 1 1 0 1 0 0 1 0 1 0 0 1 0 1 0 0 1 0 1 1 0 1 0 1 1 0 1 0 1 0 1 1 0 0 0 0 1 0 1 1 0 0 1 1 24
1 1 0 0 0 0 0 1 0 1 0 1 1 1 1 0 1 1 0 1 0 0 1 1 1 1 1 1 0 0 0 0 1 0 1 0 1 1 1 0 0 1 1 0 1 1 1 0 1 1 29
1 0 0 0 0 0 1 1 0 1 0 1 1 1 0 0 1 0 0 1 0 0 1 0 1 1 1 1 1 0 0 0 1 1 1 0 1 0 0 0 0 0 1 0 0 1 0 1 1 1 24
1 0 0 0 0 0 1 1 0 0 0 1 1 1 0 0 0 1 0 1 0 0 0 1 1 0 1 1 0 1 1 0 0 0 1 0 1 1 0 1 0 0 1 0 0 1 1 0 0 1 22
1 0 1 0 0 0 0 0 0 1 0 0 1 1 1 0 0 1 0 1 0 0 1 0 0 1 0 1 0 0 0 0 1 0 1 0 1 0 0 1 0 1 1 1 0 0 0 0 1 1 20
0 0 0 0 0 0 1 1 0 1 0 1 1 0 1 0 1 1 0 1 1 0 0 0 1 1 1 1 0 0 1 0 0 1 1 0 1 1 0 1 0 0 1 0 0 1 0 0 1 1 24
0 0 0 1 1 0 0 0 0 1 0 1 1 1 0 0 0 1 0 1 0 0 1 0 1 0 1 1 0 0 0 0 1 0 1 0 1 0 0 0 0 1 1 0 0 0 1 0 0 0 18
1 0 0 0 0 0 1 1 0 1 0 1 1 0 1 0 1 0 0 1 0 0 1 1 1 1 1 0 0 0 0 0 1 1 1 0 1 1 0 1 0 1 0 0 1 0 1 0 1 1 25
1 0 0 0 0 0 1 1 1 1 0 1 0 1 0 1 1 1 0 1 0 0 1 0 1 1 0 1 0 0 1 0 0 1 1 0 1 1 1 1 0 0 1 1 1 1 1 0 1 1 29
1 1 0 0 0 0 1 1 0 1 0 1 1 1 1 0 1 1 0 1 0 0 1 0 1 1 1 0 0 0 0 0 1 0 1 0 1 1 0 0 0 0 1 1 0 1 1 0 1 0 25
1 0 0 0 0 0 1 1 1 1 0 1 0 0 1 0 0 1 0 1 0 0 1 1 0 1 0 1 0 1 0 0 1 1 1 0 1 1 0 0 1 1 1 1 0 1 1 0 0 0 25
0 0 0 0 0 0 0 1 1 1 0 1 1 0 1 0 1 0 0 1 0 0 1 0 1 0 1 1 0 1 1 0 1 0 1 0 1 0 1 1 0 0 0 0 0 1 0 0 1 0 21
1 0 0 0 0 0 0 1 0 1 0 1 1 1 1 1 1 1 0 0 1 0 1 0 1 1 0 1 1 0 1 0 1 1 1 0 1 1 0 1 0 1 1 1 0 0 1 1 1 0 29
1 0 0 0 0 0 0 1 0 1 0 1 1 1 1 0 0 0 0 1 0 0 1 1 1 1 1 0 1 0 1 0 1 0 1 0 1 1 0 0 0 0 1 1 1 1 0 1 1 0 25
1 0 0 0 0 0 0 1 0 1 0 1 1 0 0 0 0 1 0 1 1 0 1 0 1 1 1 1 0 0 0 1 1 1 1 0 1 1 1 1 0 1 1 1 0 1 0 0 0 0 25
0 0 0 0 0 0 1 1 0 1 0 1 1 0 1 0 0 1 0 1 0 0 1 1 1 1 0 1 0 0 1 0 1 0 1 0 1 1 0 1 0 0 1 1 1 1 1 0 1 0 25
0 1 0 0 0 0 1 1 1 1 0 1 1 0 0 0 1 1 1 1 0 0 1 0 1 1 0 1 0 0 1 1 1 1 1 0 1 0 0 1 0 1 1 0 0 0 1 0 1 1 27
1 0 0 0 0 0 1 1 1 1 0 1 1 1 1 0 1 1 0 1 0 0 1 0 1 1 1 1 0 0 0 1 1 1 1 0 1 1 1 0 1 0 1 0 0 1 1 1 0 0 29
1 0 0 0 0 0 1 1 0 1 0 1 1 1 0 1 0 1 0 1 1 0 0 1 1 1 0 1 0 0 0 1 1 1 1 1 1 1 1 0 0 1 1 1 0 1 0 0 1 0 28
1 1 0 0 0 0 1 1 0 0 0 1 0 1 1 0 1 1 1 1 0 0 1 0 1 0 0 1 1 0 0 0 0 0 1 0 1 1 0 0 0 0 1 0 0 1 0 0 0 0 20
1 0 0 0 0 0 0 0 0 1 0 1 1 1 1 0 0 1 0 1 0 0 1 1 1 1 1 0 0 0 0 0 1 1 1 0 1 1 0 1 0 1 0 1 0 1 1 0 1 0 24
1 0 0 0 0 0 0 1 0 1 0 1 1 1 1 0 1 0 0 1 0 0 1 1 1 1 1 1 0 0 0 0 1 0 1 0 1 1 1 1 1 1 1 0 1 0 1 0 1 0 27
1 1 0 0 0 0 1 1 0 1 0 1 1 1 1 0 1 0 0 1 0 0 1 1 1 0 0 1 0 0 0 1 1 1 1 1 1 0 1 0 0 1 1 1 0 0 1 0 0 1 27
1 0 0 0 1 0 0 1 0 1 0 1 1 1 0 0 1 1 0 1 1 0 1 0 1 1 1 1 0 0 1 0 1 0 1 0 1 0 0 0 0 0 1 0 1 0 0 1 0 0 23
1 0 0 0 0 1 1 0 0 1 0 0 1 0 0 0 0 1 1 1 0 0 0 0 1 1 0 0 0 0 1 0 1 0 1 0 1 0 0 0 0 0 1 1 0 1 1 1 1 1 21
1 0 0 0 0 0 1 0 0 1 0 1 1 1 1 0 1 1 0 1 0 1 1 0 1 1 1 1 0 0 0 0 1 0 1 0 1 1 0 1 0 0 1 0 0 1 1 0 1 1 26
1 0 0 0 0 0 1 1 1 1 0 1 1 0 1 1 1 0 0 1 1 0 1 1 1 1 0 1 0 1 0 0 1 1 1 0 1 1 1 0 1 0 1 1 0 0 1 0 1 1 30
1 1 0 0 0 0 1 1 0 1 0 1 1 1 1 0 1 1 0 1 0 0 1 0 1 1 0 1 0 0 1 1 1 1 1 0 1 0 1 0 1 0 1 0 0 1 0 0 1 0 27
1 0 0 0 0 0 1 1 0 1 0 1 1 1 0 0 1 0 1 1 0 0 1 0 1 1 0 0 0 0 1 0 1 1 1 0 1 0 1 1 0 0 1 0 0 0 1 0 1 0 23
1 0 0 0 0 0 1 1 0 1 0 1 1 1 1 0 1 0 0 1 0 0 1 1 1 0 1 1 0 0 0 0 0 1 1 0 1 1 1 0 0 0 1 0 0 1 0 0 1 0 23
1 0 0 0 0 0 0 1 0 1 0 1 1 1 0 0 1 0 0 1 0 0 1 0 1 1 1 1 0 0 1 0 1 1 1 0 1 1 1 1 0 0 0 0 1 1 1 0 1 1 26
1 1 0 0 0 0 1 1 0 1 0 1 1 1 1 0 1 1 0 1 1 0 1 0 1 1 1 0 1 0 1 1 1 1 1 0 1 1 1 1 0 1 1 0 0 1 1 1 1 1 34
1 1 0 0 0 0 1 1 0 1 0 1 0 0 1 0 0 1 0 1 0 0 1 0 1 1 1 1 0 0 1 1 1 1 1 0 1 1 1 1 0 0 1 1 0 0 1 0 1 1 28
1 0 0 0 0 0 1 1 0 1 0 1 1 0 0 0 1 1 1 1 1 0 1 1 1 1 0 0 1 0 0 0 1 0 1 1 1 0 1 1 0 1 1 1 0 1 1 0 1 0 28
0 0 0 0 0 0 1 1 1 1 0 1 1 1 1 0 1 1 0 1 0 0 0 1 1 0 0 1 0 0 0 0 1 0 1 0 0 0 0 0 0 0 1 0 0 1 1 0 1 0 20
1 1 0 0 0 0 1 0 0 1 0 1 1 0 0 0 1 1 0 1 0 0 1 0 1 1 1 1 0 0 1 0 1 1 1 0 1 0 0 0 0 0 1 1 1 0 0 0 0 0 22
1 1 0 0 0 0 0 1 0 1 0 1 1 0 0 0 1 1 1 1 0 0 1 1 1 1 0 1 0 0 1 0 1 1 1 0 1 1 1 1 0 1 1 0 0 1 1 0 1 1 29
1 0 0 1 0 0 1 0 1 1 0 1 1 1 1 0 1 1 0 1 0 0 1 1 1 1 1 1 1 0 1 0 1 0 1 0 1 0 1 1 0 1 1 1 0 0 1 1 1 1 32
1 0 0 0 0 0 0 1 0 1 0 1 1 1 0 0 1 1 0 0 0 0 0 1 1 1 0 0 0 0 1 0 1 0 1 0 1 1 1 0 0 0 1 0 0 1 0 0 0 0 19
1 0 0 0 0 0 1 1 0 1 0 1 1 0 1 1 1 1 0 1 0 0 0 1 1 1 0 0 0 1 0 0 1 0 1 0 1 1 0 1 0 0 1 1 0 0 1 0 1 1 25
1 0 0 0 0 0 1 1 0 1 0 1 1 0 1 0 0 1 0 1 1 0 1 1 1 0 1 1 0 0 0 0 1 0 1 0 1 1 0 0 0 0 1 1 0 1 1 0 1 0 24
1 1 0 0 0 0 1 1 0 1 0 1 1 1 1 0 1 1 0 1 0 0 1 1 1 0 0 0 0 0 1 0 0 1 1 0 1 1 1 1 0 0 1 1 0 1 1 0 1 1 28
1 0 0 0 0 0 0 1 1 1 0 0 1 1 0 0 1 1 0 1 0 0 1 0 1 1 1 1 0 0 1 1 0 0 1 0 1 1 1 1 0 0 1 0 1 1 0 0 1 1 26
1 0 0 0 0 0 1 1 0 1 0 1 0 1 1 0 1 1 0 0 0 0 0 1 1 1 0 0 0 0 1 1 1 0 1 0 1 1 0 1 0 1 1 0 0 1 0 0 1 0 23
1 0 0 0 0 0 0 1 1 1 0 1 0 0 0 0 1 1 0 1 1 0 0 0 1 0 1 0 0 0 0 0 1 1 1 0 0 1 0 0 0 1 1 1 0 0 1 0 1 0 20
0 0 0 0 0 0 0 1 0 0 0 1 1 1 1 0 1 1 0 1 0 0 1 0 1 1 0 0 0 1 0 0 1 0 1 1 1 1 0 1 0 0 0 1 1 1 0 1 0 1 23
1 0 0 0 0 0 0 1 0 0 0 1 1 1 1 1 1 1 0 1 0 0 1 1 1 0 0 1 1 1 1 0 0 1 1 0 1 0 0 1 0 0 1 1 0 0 1 0 0 1 25
1 0 0 0 0 0 1 0 0 1 0 1 1 0 1 0 1 1 0 1 0 0 1 1 1 1 1 1 0 0 0 0 1 0 1 0 1 1 1 1 0 1 0 0 0 1 1 1 1 1 27
1 0 0 0 0 0 1 1 0 1 0 1 1 0 1 1 1 0 0 1 0 1 0 1 1 0 0 1 1 1 0 1 1 1 1 0 1 1 0 1 1 1 1 1 0 0 1 0 0 1 29
1 0 0 0 0 0 0 0 0 1 0 1 1 1 1 0 0 1 1 1 1 0 1 0 1 1 1 1 0 0 1 0 1 1 1 0 1 1 0 0 1 1 1 1 0 0 0 0 1 1 27
1 0 0 0 0 0 0 1 0 1 0 1 1 1 0 1 1 1 0 1 0 0 1 1 1 1 0 1 1 1 1 1 1 0 1 0 1 1 0 1 0 0 0 1 0 0 0 1 1 1 28
1 0 0 0 0 0 1 1 0 1 0 1 1 0 1 0 1 1 0 1 0 0 1 0 1 1 1 1 0 0 1 1 1 1 1 0 1 0 1 1 0 0 1 0 0 0 0 0 1 1 26
1 0 0 0 0 0 1 0 0 1 0 1 0 1 1 1 1 1 1 1 0 0 1 0 1 1 0 1 0 0 0 1 0 1 1 0 1 0 1 1 0 1 1 0 0 1 0 0 1 1 26
1 1 0 0 0 0 0 1 0 1 0 1 1 1 1 0 1 1 0 1 1 1 1 1 0 0 1 0 0 1 0 1 1 1 1 0 1 1 0 1 0 0 1 0 0 1 0 0 0 0 26
1 0 0 0 0 0 1 1 0 1 0 1 1 0 1 1 1 0 0 1 0 0 0 0 1 1 1 1 1 0 0 0 0 0 1 0 1 0 1 0 0 0 1 1 0 1 0 0 1 1 23
1 1 0 0 0 0 0 1 0 1 0 1 0 1 1 0 1 1 1 1 0 0 1 1 1 1 1 1 0 0 0 1 1 1 1 0 1 1 0 1 0 0 1 1 0 0 1 0 0 1 28
0 0 0 0 0 0 1 1 0 0 0 1 0 1 1 0 1 0 0 1 0 0 1 1 1 1 1 1 0 0 0 0 1 1 1 0 1 1 0 1 0 1 1 1 0 1 0 0 0 0 23
0 0 0 0 0 0 0 0 0 1 0 1 1 0 1 0 1 1 0 1 0 0 1 0 1 1 0 0 0 0 1 0 1 0 1 0 1 1 1 0 0 0 1 1 0 0 1 0 1 1 21
0 0 0 0 0 0 1 1 1 1 0 1 0 1 1 0 1 0 0 1 0 0 1 0 1 1 0 1 0 0 0 0 1 1 1 0 1 1 1 0 0 1 1 0 0 1 1 0 1 0 24
1 0 0 0 0 0 1 1 0 1 0 1 1 0 1 0 1 1 1 1 1 0 1 0 1 1 1 0 0 0 1 1 1 1 1 0 1 1 1 0 0 1 1 0 1 0 0 0 1 0 28
1 0 0 1 0 0 0 1 0 1 0 1 1 0 1 0 1 0 0 1 1 0 1 0 1 0 1 1 0 0 1 0 1 0 1 0 1 1 0 0 0 0 1 0 0 1 0 0 0 0 21
1 0 0 0 0 0 1 1 0 1 0 1 1 0 0 0 1 1 0 1 0 1 1 0 1 1 1 0 0 0 0 1 1 0 1 0 1 1 1 1 0 0 1 0 0 1 1 0 1 0 25
1 0 0 0 0 0 1 1 0 1 0 1 1 1 0 0 1 1 0 1 0 0 1 0 1 1 0 1 0 0 0 0 1 1 1 0 1 1 0 1 0 0 1 1 1 1 1 1 1 1 28
0 0 0 0 0 0 0 1 0 1 0 1 1 1 0 0 1 1 1 1 1 0 1 0 1 1 1 1 1 0 1 0 1 1 1 0 0 1 1 0 0 0 0 1 1 1 1 0 0 0 26
0 0 0 0 0 0 0 0 0 1 0 1 1 1 1 0 0 1 0 1 1 1 1 1 1 1 1 0 0 0 0 0 1 0 1 0 1 1 0 1 0 1 1 1 0 1 1 0 1 1 26
1 0 0 0 0 0 0 0 0 1 0 1 1 1 1 0 1 1 0 1 0 0 1 0 1 1 1 1 0 0 0 0 0 0 1 0 1 1 0 0 1 1 0 0 0 0 1 0 1 0 21
1 0 0 0 0 0 0 1 0 1 0 1 1 1 1 0 1 1 0 1 1 0 1 1 1 1 0 1 0 0 1 1 1 1 1 0 1 0 1 1 0 0 1 1 0 0 1 1 0 0 28
1 0 0 0 0 0 0 1 1 1 0 0 1 1 1 0 1 0 0 1 0 0 1 1 0 1 0 0 0 0 1 0 1 1 1 0 1 0 0 0 0 0 1 1 0 0 1 0 0 0 20
1 0 0 0 1 0 1 1 0 1 0 1 1 1 0 0 1 1 1 1 1 0 1 0 1 0 0 0 0 0 1 1 1 1 0 0 1 0 0 0 0 1 1 1 0 1 0 0 1 1 26
0 0 0 0 1 0 0 1 0 1 0 1 1 0 0 1 1 1 0 1 1 0 1 0 1 1 1 1 0 1 1 1 1 1 1 0 1 1 0 0 0 1 1 1 0 1 0 0 0 1 28
1 0 0 0 0 0 0 1 0 1 0 1 1 1 0 1 0 1 0 1 1 0 1 1 1 1 1 1 1 1 0 0 1 1 1 0 1 0 0 0 0 0 1 1 0 1 0 0 1 0 26
0 0 0 0 0 0 1 1 0 1 0 1 1 1 1 0 1 1 0 1 0 0 1 0 1 1 1 1 0 1 0 0 0 0 1 0 1 0 1 0 1 0 1 0 0 0 0 0 1 1 23
1 0 0 0 0 0 0 0 0 1 0 0 1 0 1 1 1 0 0 0 0 0 1 1 1 0 1 0 0 1 0 0 0 1 1 0 1 0 0 0 1 0 1 0 0 1 1 0 1 0 19
1 0 0 0 0 0 0 1 1 1 0 1 1 0 0 0 1 0 0 1 0 0 1 1 1 1 1 1 0 0 1 0 1 0 1 0 1 1 1 1 0 0 0 0 0 1 1 0 0 0 23
1 0 0 0 0 0 0 1 0 1 0 1 1 1 0 1 1 1 0 1 0 0 1 1 1 1 1 1 0 0 0 0 1 1 1 0 0 1 1 1 0 1 0 1 0 0 1 0 1 1 27
1 0 0 0 0 0 0 1 1 0 0 0 1 0 0 0 1 1 0 1 1 0 1 0 1 1 0 1 1 0 0 0 1 0 1 0 1 1 0 1 0 1 1 1 0 1 1 0 1 0 24
1 0 0 0 0 0 0 1 0 1 0 1 1 1 0 0 1 1 0 1 0 0 0 0 1 1 1 1 0 0 1 1 0 1 1 0 1 1 0 1 0 1 1 0 0 1 0 0 1 0 24
1 0 0 0 0 0 0 1 0 1 0 1 1 0 1 0 1 1 0 1 0 0 0 1 1 1 0 1 0 0 0 0 1 0 1 0 1 1 1 1 1 0 1 1 0 1 1 1 1 0 26
0 1 0 0 0 0 0 1 0 1 0 1 0 1 0 0 1 0 0 1 0 0 1 0 1 1 1 1 0 1 0 0 1 1 1 0 1 0 1 0 0 0 1 0 0 1 1 0 0 0 21
1 0 0 0 0 0 0 1 0 1 0 1 1 0 1 0 0 1 0 1 0 0 1 1 1 1 1 0 1 0 0 0 0 0 1 0 1 1 1 1 0 0 1 1 0 1 1 1 1 1 26
1 0 0 0 0 0 1 1 0 1 0 1 1 0 1 0 1 1 0 1 1 0 1 0 1 0 1 0 0 1 0 1 1 0 1 0 0 1 0 1 0 0 1 1 0 0 1 1 1 1 26
1 0 0 0 0 0 1 1 0 1 0 1 1 1 1 0 0 1 0 0 0 0 1 1 1 1 0 1 0 0 0 1 1 0 1 0 1 1 0 0 0 0 1 1 0 0 1 0 1 1 24
1 1 0 0 0 0 1 1 0 1 0 1 1 1 1 0 1 0 1 1 1 0 1 1 1 1 1 0 0 0 0 0 1 0 1 0 1 0 0 1 0 0 1 0 0 0 1 0 0 1 25
1 0 0 0 0 0 1 0 0 1 0 1 1 0 1 0 1 1 1 1 0 0 1 0 1 0 1 1 1 0 0 1 1 0 1 0 1 1 1 1 0 1 0 1 0 1 1 1 0 1 28
1 0 0 0 0 0 1 1 0 1 0 1 0 0 0 0 1 1 0 1 0 0 1 0 1 0 0 1 1 0 1 0 1 1 0 0 0 0 1 1 0 1 0 0 0 1 0 0 0 1 20
1 0 0 0 0 0 1 1 0 1 0 1 0 1 1 0 1 1 1 1 0 0 1 0 1 1 0 0 0 0 0 0 0 1 1 0 1 0 0 1 0 0 0 0 1 1 1 0 1 0 22
0 0 0 0 0 0 0 1 0 1 0 1 1 1 0 0 1 1 0 1 0 0 1 0 1 1 1 0 0 0 0 1 1 1 1 0 1 1 1 0 0 1 1 0 0 0 1 0 1 0 23
1 1 0 0 0 0 1 1 1 1 0 1 0 1 1 0 1 1 0 1 0 0 1 0 1 1 1 1 0 0 1 0 1 0 1 0 1 1 0 1 0 0 1 1 0 0 1 0 0 0 26
0 0 0 0 0 0 1 1 1 1 0 1 1 0 1 0 1 1 0 1 0 0 1 1 1 1 1 1 0 0 0 0 0 1 1 0 1 1 1 1 0 0 1 1 0 0 1 0 0 0 25
1 0 0 0 0 0 1 1 0 1 0 1 1 1 1 0 1 1 0 1 0 0 1 0 1 0 0 1 0 0 1 0 1 1 1 1 1 1 1 1 0 0 1 1 0 1 0 0 0 1 27
1 0 0 0 0 0 1 0 0 1 0 1 1 0 0 0 1 1 0 1 1 0 1 1 1 1 0 0 0 0 0 0 0 0 1 0 1 0 1 1 0 0 1 1 0 0 1 0 1 1 22
0 0 0 0 0 0 1 1 0 1 0 1 1 0 1 0 0 1 0 1 0 0 1 1 1 1 1 0 0 0 1 1 1 0 1 0 1 0 0 1 0 1 1 1 0 0 1 0 1 0 24
1 0 0 0 0 0 1 1 0 1 0 1 1 1 1 0 1 1 1 1 0 1 1 0 1 0 1 1 1 0 0 0 1 1 1 0 1 0 0 1 1 0 1 0 0 0 0 0 1 1 27
1 0 0 0 0 0 0 1 0 1 0 1 1 1 1 0 1 1 1 1 0 0 1 0 1 1 1 0 0 0 0 1 0 1 1 0 1 1 1 0 0 0 1 1 0 0 1 1 1 1 27
1 0 0 0 0 0 0 1 1 1 0 1 1 0 0 0 1 1 0 1 0 0 1 0 1 1 1 1 0 0 0 1 1 1 1 0 1 1 1 0 1 1 1 1 0 0 0 0 1 0 26
1 0 0 0 0 0 1 1 0 1 0 1 1 1 1 0 0 1 0 1 0 0 0 1 1 1 1 0 1 0 0 1 1 1 1 1 1 1 0 1 0 0 1 1 0 1 0 0 1 1 28
0 0 0 0 0 0 0 1 0 1 0 1 1 0 1 0 1 0 0 1 1 0 0 0 1 1 1 1 0 0 0 0 1 1 1 0 1 0 1 1 0 0 1 0 0 0 1 1 1 0 22
1 0 0 0 1 0 0 0 0 1 0 1 0 0 1 0 1 1 0 1 0 0 1 0 1 1 1 1 0 0 1 1 1 0 1 0 1 1 1 1 0 0 1 1 0 0 0 1 0 0 24
1 0 0 0 0 0 1 0 0 1 0 1 1 1 1 0 1 0 0 1 0 0 1 1 1 1 0 1 0 0 1 1 1 0 1 0 1 0 0 0 0 0 0 0 0 1 1 0 1 0 22
1 0 0 0 0 0 1 1 0 1 0 1 1 1 1 0 0 1 0 1 0 0 1 1 1 1 0 0 0 0 1 0 1 0 1 0 1 1 0 1 0 0 1 0 1 1 1 0 0 1 25
1 0 0 0 1 0 1 1 0 1 0 1 1 1 1 0 0 1 1 1 0 0 1 1 1 1 1 0 0 0 1 1 0 0 1 1 0 0 0 0 0 1 0 0 0 1 0 0 1 1 25
1 0 0 0 0 0 1 1 0 1 0 1 1 1 0 0 1 1 0 1 0 0 1 1 1 1 1 1 0 1 1 0 1 1 1 0 1 0 0 0 0 0 1 1 0 0 0 1 1 0 26
0 0 0 0 0 0 1 0 1 1 0 1 1 0 1 0 1 0 0 1 0 0 0 1 1 1 1 0 1 0 1 0 1 0 1 0 1 1 0 1 0 1 1 1 1 1 0 1 1 1 27
1 1 0 0 0 0 1 1 0 1 0 0 1 0 1 0 0 1 1 1 1 0 1 1 0 1 0 0 1 0 1 0 1 1 1 0 1 1 1 0 0 0 1 0 0 1 0 0 1 1 26
0 1 0 0 0 0 1 1 0 1 0 0 1 1 1 0 1 1 1 1 0 0 1 0 1 1 1 1 0 0 1 0 1 0 1 0 1 1 1 0 0 1 1 0 0 1 0 0 1 1 27
1 1 0 0 0 0 0 0 0 1 0 1 1 1 0 0 1 1 0 1 0 1 0 0 1 1 1 0 0 0 0 0 1 1 1 0 1 1 0 0 0 1 1 1 1 1 1 0 1 1 26
1 1 0 0 0 0 1 1 1 1 0 1 0 1 1 0 0 1 0 1 1 0 1 0 1 0 1 1 0 0 0 1 1 0 1 0 0 1 0 1 0 0 1 1 0 1 1 0 0 1 26
1 1 0 0 0 0 1 1 0 1 0 1 1 1 0 0 0 1 0 1 0 1 1 1 1 1 0 1 0 0 1 0 1 0 1 0 1 1 1 1 1 0 1 0 0 1 1 0 0 1 28
1 0 0 0 0 0 1 1 1 1 0 1 1 0 1 0 0 1 1 1 0 0 1 0 1 1 0 1 0 1 1 0 1 0 1 0 1 0 1 0 0 0 1 0 0 1 1 0 1 0 25
0 0 0 0 0 0 0 1 1 1 0 1 1 1 0 0 1 1 1 1 0 0 1 1 1 1 0 1 0 1 1 1 0 1 1 0 1 1 1 0 0 1 1 1 0 1 1 0 1 0 29
1 0 0 0 0 0 0 1 0 1 0 0 1 0 1 0 0 0 1 0 0 0 1 1 1 1 1 1 0 0 1 1 0 1 0 0 1 1 0 0 0 0 1 1 1 0 1 1 1 1 24
1 0 0 1 0 0 0 0 1 1 0 1 1 0 1 0 1 1 0 1 0 1 1 0 1 1 0 1 0 1 1 0 1 1 1 0 1 1 1 1 1 0 1 1 0 1 0 1 1 0 30
1 0 0 0 0 0 1 0 1 1 0 1 1 1 1 1 0 1 0 1 0 0 1 0 0 1 0 1 0 0 0 1 1 1 1 0 1 1 1 0 0 1 1 0 0 0 0 1 1 1 26
1 0 0 0 0 0 1 0 0 1 0 1 1 1 0 0 1 1 0 1 0 0 1 0 1 0 1 0 1 0 0 1 0 1 1 0 1 0 1 0 0 0 1 1 0 0 0 0 0 1 21
1 0 0 0 0 0 0 1 0 1 0 1 1 0 1 0 0 1 0 1 0 0 1 0 1 1 0 0 0 0 0 0 1 1 1 0 1 1 0 0 0 0 1 0 0 1 0 1 1 1 21
0 0 0 0 0 0 0 1 0 1 0 0 1 1 0 0 1 1 1 1 0 0 1 1 1 1 1 1 0 0 0 0 1 1 1 0 1 1 0 1 0 1 1 1 0 0 1 1 1 0 26
0 0 0 0 0 0 0 0 0 1 0 1 1 1 1 0 1 1 0 1 0 0 1 0 1 1 0 0 1 0 0 1 1 1 1 0 1 1 1 1 0 1 1 1 0 1 0 0 0 0 24
0 0 0 0 0 0 0 1 0 1 0 1 1 0 0 0 1 1 0 1 0 0 1 0 1 1 1 1 0 0 0 1 1 0 1 0 1 1 1 1 0 0 1 0 1 1 1 0 1 1 25
1 0 0 0 0 0 1 1 0 1 0 1 1 1 1 0 1 1 0 1 1 1 1 1 1 1 1 1 0 0 0 1 1 0 1 0 1 0 1 1 0 0 0 0 0 1 1 0 1 1 29
1 0 0 0 0 0 1 1 1 1 0 1 1 1 0 0 1 0 0 1 0 0 1 1 1 0 0 0 0 0 0 0 0 1 1 0 1 1 1 0 1 0 1 0 0 1 1 0 1 1 24
1 0 0 0 0 0 1 1 0 1 0 1 1 0 1 0 1 1 0 1 0 0 1 1 1 1 1 1 0 0 1 1 0 0 1 0 1 1 1 1 0 0 1 0 1 1 1 0 1 0 28
1 0 0 0 0 0 1 0 0 1 0 0 1 0 0 0 0 1 0 1 0 0 1 1 1 1 1 1 0 0 0 0 0 0 1 0 1 1 0 0 0 0 1 0 0 1 1 1 1 1 21
1 0 0 0 0 0 0 1 1 1 0 1 1 0 0 0 1 1 0 1 0 0 1 1 1 1 0 1 0 0 0 1 1 0 1 0 1 0 1 1 0 1 0 1 0 0 1 1 1 1 26
1 0 0 0 0 1 1 1 0 1 0 1 0 0 0 0 1 1 0 1 0 0 1 0 1 1 1 1 0 0 1 0 1 0 1 0 0 0 1 0 1 1 1 0 0 1 0 0 0 1 23
1 0 0 0 0 0 0 0 0 1 0 1 1 1 0 0 0 1 0 1 0 0 1 0 1 0 1 1 0 0 1 0 1 0 1 0 1 1 1 0 0 1 1 1 0 1 1 1 0 0 23
1 0 0 0 0 0 0 1 0 1 0 1 1 0 0 0 0 1 0 1 1 0 1 0 1 1 0 1 0 1 0 1 1 1 1 0 1 1 0 0 0 0 1 0 0 0 1 0 1 0 22
1 0 0 0 1 0 0 1 0 1 0 1 1 1 1 0 1 1 0 1 0 0 1 1 1 1 0 1 1 0 1 0 1 1 1 0 0 0 0 0 0 1 1 0 0 0 0 0 0 0 23
1 0 0 0 0 0 1 0 1 1 0 1 1 0 1 0 1 1 0 1 1 0 1 0 1 0 0 1 0 0 1 0 1 0 1 0 1 0 0 0 0 0 1 1 0 0 0 1 1 1 23
0 0 0 0 0 0 0 0 0 1 0 1 1 0 1 0 0 1 0 1 0 0 1 0 1 1 1 0 0 0 1 0 1 1 1 0 0 0 1 1 0 1 1 0 0 0 1 0 1 1 21
1 0 0 0 0 0 1 1 0 1 0 1 1 1 1 0 1 1 0 1 0 1 1 0 1 1 0 1 0 1 1 0 1 1 1 0 1 0 1 1 1 0 1 1 1 1 1 0 1 1 32
1 0 0 0 0 0 1 1 0 1 0 1 1 0 0 0 1 0 1 1 1 0 1 0 1 1 0 1 1 0 1 1 1 0 1 0 1 1 1 0 0 0 1 1 0 0 1 1 1 0 27
1 0 0 0 0 0 0 1 0 1 0 1 1 0 1 1 1 0 0 1 0 0 1 1 1 0 1 1 1 0 0 0 1 0 1 0 1 1 0 0 0 1 1 1 1 0 1 0 0 1 25
1 0 0 0 0 0 0 1 0 1 0 1 0 1 1 0 1 0 0 1 0 0 1 1 1 1 0 0 0 0 0 0 1 1 1 0 1 1 1 0 0 0 1 1 0 1 0 1 1 0 23
1 0 0 0 0 0 1 1 1 0 0 1 0 1 1 0 1 0 0 1 0 0 1 1 1 1 1 1 0 0 1 1 1 0 1 0 0 1 0 1 0 1 1 1 0 0 1 0 1 1 27
1 1 0 0 0 0 1 1 0 1 0 1 1 1 0 0 0 1 0 1 0 1 1 0 1 1 1 0 0 0 0 0 1 1 1 0 1 1 0 1 0 0 1 1 1 1 1 0 1 1 28
1 0 0 0 0 0 0 1 0 0 0 1 1 0 0 0 0 0 0 1 0 0 1 1 1 0 0 0 0 0 0 1 1 1 1 0 1 0 1 1 0 0 1 0 0 0 0 0 1 1 18
0 0 0 0 0 0 1 1 0 1 0 1 1 1 1 0 1 1 0 1 0 0 1 1 1 1 1 1 1 0 1 0 0 0 1 0 1 1 1 1 0 1 1 1 0 1 1 0 1 1 30
1 0 0 0 0 0 0 1 0 1 0 1 1 1 0 0 1 1 0 1 0 1 1 0 1 1 0 1 0 1 0 1 0 1 1 0 1 1 1 0 0 0 1 0 0 1 0 0 1 1 25
1 0 0 0 0 0 1 1 1 1 0 1 1 0 0 0 1 1 0 1 0 0 1 1 1 1 1 0 0 0 0 1 1 1 1 0 1 1 1 1 0 0 0 0 1 0 1 1 1 0 27
1 0 0 0 1 0 0 1 0 1 0 1 1 1 1 1 1 1 1 1 0 0 0 0 1 0 1 0 0 0 0 0 1 1 1 0 1 1 1 1 0 1 1 1 0 1 0 0 1 0 27
1 0 0 0 0 0 0 1 0 1 0 1 1 0 0 0 1 1 1 1 0 0 1 1 1 1 0 1 0 0 1 0 1 0 1 0 1 1 1 1 0 0 1 0 1 1 1 0 1 1 27
1 0 0 0 0 0 0 1 0 1 0 1 1 1 0 0 0 1 0 1 0 0 0 1 1 1 0 1 0 0 1 0 1 0 1 0 1 1 1 0 1 1 1 0 0 0 0 0 1 1 23
1 0 0 0 0 0 0 1 0 1 0 1 1 0 0 0 1 1 0 1 1 0 1 0 1 1 0 0 0 0 1 1 1 1 0 0 1 1 0 1 0 0 1 0 1 1 0 1 1 1 25
1 0 0 0 0 0 0 0 0 1 0 1 1 1 1 0 1 1 1 1 0 0 1 1 1 0 0 1 0 0 1 0 1 1 1 0 1 0 0 0 0 0 1 0 0 1 1 0 0 0 22
0 0 0 0 0 0 0 1 0 1 0 1 0 1 0 0 1 1 0 1 0 0 1 1 1 1 1 1 1 0 0 1 0 0 1 0 1 1 1 0 1 0 1 1 0 1 0 0 1 1 25
1 0 0 0 0 0 0 0 1 1 0 1 1 1 0 1 1 1 0 1 0 1 1 0 1 0 0 1 0 1 0 0 1 1 1 0 1 1 0 0 0 0 1 1 0 1 1 0 1 1 26
1 0 0 0 0 0 1 1 1 1 0 1 1 1 1 0 0 1 0 0 1 0 1 0 1 1 0 1 0 0 1 1 0 0 1 0 1 1 0 1 1 1 0 1 0 0 0 0 1 0 25
1 0 0 0 0 0 0 0 0 1 0 0 1 0 1 0 1 1 0 1 0 0 1 0 1 1 1 1 0 0 0 0 1 1 1 0 1 1 1 1 0 1 1 1 0 1 1 0 1 1 26
1 0 0 0 0 0 1 0 0 0 0 1 1 0 1 0 0 0 1 1 0 0 1 1 1 1 1 1 0 0 0 1 1 1 1 0 1 1 0 0 1 1 1 0 0 0 0 0 1 1 24
1 0 0 0 0 0 1 1 0 0 0 1 1 1 0 0 0 1 1 1 1 0 1 1 1 1 1 0 0 1 1 0 1 1 1 0 1 1 1 1 0 0 0 0 0 1 0 0 1 0 26
1 0 0 0 0 0 0 1 0 1 0 0 1 1 1 0 1 0 0 1 0 0 1 0 1 1 1 0 0 1 1 1 1 0 1 0 1 1 1 0 0 0 1 1 0 0 1 0 1 0 24
1 0 0 0 0 0 1 1 0 1 0 1 1 1 1 0 0 1 0 1 0 1 0 0 1 1 0 1 0 0 0 0 1 0 1 0 1 1 1 1 0 0 0 1 1 0 1 0 1 1 25
1 1 0 0 0 0 1 1 0 1 0 0 1 0 1 0 1 1 0 1 0 0 1 0 1 1 1 1 0 1 0 1 1 1 1 0 1 1 1 1 1 0 1 0 0 1 0 0 1 1 29
1 1 0 1 0 0 0 1 0 1 1 1 1 0 1 0 1 1 0 1 0 0 1 0 1 1 0 0 1 0 1 0 1 1 1 0 1 1 1 0 1 0 1 0 0 0 1 0 1 0 27
1 0 0 0 0 0 0 0 0 1 0 1 1 1 0 0 1 1 0 1 1 0 1 0 1 0 1 1 0 0 1 1 1 1 1 0 1 1 1 1 0 0 1 1 0 0 1 0 0 1 26
1 0 0 0 1 0 0 1 0 1 0 1 1 1 0 1 1 1 0 1 1 0 1 0 1 1 1 0 0 0 1 0 1 0 1 0 1 1 0 1 0 1 1 0 0 1 1 0 0 0 26
1 0 0 0 0 0 1 1 0 1 0 1 1 0 0 0 0 1 0 1 0 0 1 1 1 1 0 0 0 0 0 1 0 1 1 0 1 0 0 1 0 0 1 0 1 1 1 0 0 1 22
1 0 0 0 0 0 1 1 0 0 0 1 1 1 1 0 1 1 0 1 0 0 1 0 1 1 0 1 0 1 0 1 0 0 1 0 0 0 0 1 0 0 1 1 1 1 0 1 0 1 24
1 0 0 0 0 0 1 1 0 1 0 1 1 0 1 1 1 1 0 1 0 0 1 0 1 0 1 1 0 0 0 0 1 0 1 0 1 1 0 1 0 1 1 0 0 0 0 0 1 0 23
1 0 0 0 0 0 0 1 0 1 0 1 1 0 1 1 1 0 1 1 0 0 1 0 1 1 0 1 0 0 1 0 1 0 1 0 1 0 0 0 0 1 1 0 1 1 1 0 0 0 23
1 1 0 0 0 0 0 1 0 1 0 1 1 1 1 0 1 1 0 1 0 0 1 0 1 1 0 0 0 0 0 0 1 1 1 0 1 0 1 1 0 0 1 0 0 1 0 1 1 1 25
1 0 0 0 0 0 1 0 0 1 0 1 1 0 1 0 1 1 0 1 0 0 1 1 1 1 1 0 0 0 1 0 0 0 1 0 1 1 1 1 0 0 1 0 0 1 1 0 1 1 25
0 1 1 0 0 0 0 1 1 1 0 1 1 1 0 0 0 0 0 1 1 0 0 0 1 0 1 1 1 1 1 0 1 1 1 0 1 0 1 1 0 0 1 1 0 1 1 1 1 1 29
0 0 0 0 0 0 1 1 0 1 0 1 1 0 0 0 1 1 0 1 0 0 1 1 1 1 1 0 0 0 1 0 1 0 1 0 1 0 1 1 0 1 1 0 0 1 0 0 1 0 23
1 0 0 0 0 0 1 1 1 1 0 1 0 1 1 0 1 1 1 1 0 1 1 1 1 0 0 0 0 0 0 1 1 0 1 0 1 0 1 1 0 0 0 1 0 0 1 0 1 1 26
1 1 0 0 1 0 1 1 0 1 0 1 1 1 1 1 1 1 0 1 0 0 0 0 1 0 0 0 0 1 1 0 1 1 1 0 1 1 1 1 1 0 0 0 0 1 1 0 1 1 29
1 0 0 0 0 0 1 1 1 1 0 1 0 0 0 0 0 1 0 1 0 0 0 0 1 1 0 0 0 0 1 1 1 1 1 0 1 0 1 0 0 0 1 0 1 1 1 0 1 1 23
1 0 0 0 0 0 0 1 0 1 0 0 1 0 0 1 1 1 0 1 0 0 1 1 1 1 1 0 0 0 0 0 1 0 1 0 1 0 0 0 0 0 1 0 0 1 1 0 1 1 21
1 0 0 0 0 0 0 1 1 1 0 1 1 0 0 1 0 0 0 1 0 0 1 0 1 1 1 1 0 1 1 1 1 1 1 0 1 1 0 1 0 0 1 0 0 1 1 1 0 0 26
1 0 0 0 0 0 1 1 0 1 0 1 1 0 0 0 1 1 0 1 0 0 1 0 1 1 1 0 0 0 0 0 1 1 1 0 1 1 1 1 0 1 1 0 1 1 1 0 1 1 27
0 0 0 0 0 0 1 1 0 1 0 1 1 0 1 0 0 1 0 0 0 0 0 1 1 0 0 1 0 0 0 1 1 1 1 0 1 1 0 1 0 1 1 0 0 1 0 0 1 1 22
0 0 0 0 0 0 0 1 0 1 0 0 1 1 0 1 1 0 0 1 0 0 1 1 1 1 1 1 0 0 1 0 1 0 1 0 1 1 0 0 1 1 1 0 0 0 0 0 0 1 22
1 1 0 0 0 0 1 1 1 1 0 1 1 0 0 0 1 0 0 1 0 0 1 0 1 1 0 0 0 0 0 1 1 0 1 0 1 1 0 1 0 1 0 1 0 1 0 1 1 1 25
1 0 0 0 0 0 0 1 0 1 0 1 1 1 1 0 1 1 0 1 1 0 1 1 1 1 1 1 0 1 0 0 0 1 1 0 1 0 0 1 0 0 1 1 1 1 0 0 0 1 27
1 0 0 0 0 0 1 1 0 1 0 1 1 1 0 0 1 1 0 1 1 0 0 1 1 1 0 1 0 0 1 1 1 0 1 0 1 1 1 1 0 1 1 0 0 0 1 1 0 1 28
0 1 0 0 0 0 0 1 0 1 0 1 1 0 1 1 1 0 0 1 0 0 1 1 1 0 1 0 1 0 1 0 1 1 1 0 1 1 0 1 1 1 1 0 1 0 1 0 1 0 27
0 0 0 0 0 0 1 1 0 1 0 1 1 0 1 0 1 1 0 1 0 1 1 1 1 0 1 0 0 0 1 0 1 1 1 0 1 1 0 1 1 0 1 1 0 1 1 0 1 0 27
1 0 0 0 0 0 1 1 0 1 0 1 1 0 0 0 1 1 1 1 0 0 1 0 1 1 1 1 0 1 0 0 1 1 1 0 1 1 1 1 0 1 1 1 0 1 1 0 1 0 29
1 0 0 0 0 0 1 0 0 1 0 1 1 1 1 0 1 1 0 1 0 0 1 0 1 1 0 1 0 0 0 1 1 1 1 0 1 1 1 0 0 0 0 0 0 0 0 0 0 0 21
1 0 0 0 0 0 0 1 0 1 0 0 0 1 0 0 1 1 0 1 0 0 1 0 1 0 1 1 0 0 1 0 1 1 1 0 1 0 1 1 0 1 0 1 0 1 1 1 1 1 25
0 1 0 0 0 0 1 1 0 1 0 1 1 1 0 0 1 1 0 1 0 0 1 0 1 1 0 1 1 0 1 0 1 0 1 0 1 1 0 1 1 0 1 0 0 0 1 0 0 1 25
1 0 0 0 0 0 0 1 1 1 0 1 0 1 0 0 0 1 1 1 0 0 1 0 1 1 0 1 1 0 0 1 0 0 1 0 1 0 0 0 0 1 1 0 0 1 0 1 1 0 22
1 0 0 0 0 1 0 0 0 1 0 1 1 0 1 0 1 1 0 1 0 0 1 1 1 1 1 1 0 0 1 1 1 0 1 0 1 1 0 0 0 1 0 1 0 1 0 0 0 1 25
0 1 0 0 0 0 0 1 1 1 0 0 1 0 1 0 1 0 0 1 0 0 1 0 1 1 1 1 0 0 1 0 1 1 1 0 1 1 1 1 0 0 1 0 0 1 1 1 1 1 27
1 0 0 0 0 0 0 1 0 1 0 1 0 0 1 0 1 1 0 1 1 1 1 1 1 1 0 1 0 0 0 0 1 0 1 0 1 1 0 1 0 1 1 1 0 0 0 0 1 0 24
1 0 0 1 0 0 1 1 0 1 0 0 1 0 1 0 0 0 0 1 0 0 1 0 1 1 1 1 0 0 0 0 1 1 1 0 1 1 0 1 0 1 1 1 1 1 1 1 1 0 27
1 0 0 0 0 0 1 1 0 1 0 1 1 1 1 0 1 1 0 1 1 0 1 1 1 1 1 0 0 0 0 1 1 0 1 0 1 1 0 1 0 1 1 1 0 1 0 0 1 1 29
0 0 0 0 0 0 0 0 1 1 0 1 1 1 1 1 1 0 0 1 1 1 1 0 1 0 1 1 0 0 0 1 1 0 1 0 0 0 0 1 0 1 1 1 0 1 1 1 0 1 26
1 0 0 0 0 0 0 1 0 1 0 0 0 0 0 0 0 1 0 1 0 0 1 1 1 1 1 0 0 0 0 1 1 1 1 0 1 1 0 1 0 1 1 0 0 0 1 0 1 1 22
1 1 0 0 0 0 1 1 0 1 0 1 0 0 0 0 0 0 0 1 0 0 0 1 1 1 0 1 0 0 1 1 1 0 1 0 1 1 0 0 0 0 1 0 0 0 1 0 0 0 19
1 0 0 0 0 0 1 1 0 1 0 1 1 0 0 0 1 0 0 1 1 0 1 0 1 1 1 1 0 1 0 0 1 1 1 0 1 1 1 1 0 0 1 0 1 0 1 1 0 1 27
0 1 0 0 0 0 0 1 0 1 0 1 1 1 0 0 1 1 0 1 1 0 1 1 1 1 1 0 0 1 1 1 1 1 1 0 1 1 1 0 0 1 1 1 1 1 0 1 1 1 32
1 0 0 0 0 0 0 1 0 1 0 1 0 1 1 0 0 0 0 1 1 0 1 1 1 1 1 1 0 0 0 1 1 0 1 0 1 0 1 1 0 0 1 1 0 1 1 1 1 1 27
1 0 0 0 0 0 1 1 0 1 0 1 1 1 1 0 1 0 1 1 0 0 0 1 1 1 1 1 0 0 1 0 1 1 1 0 1 1 1 1 0 1 1 0 0 1 1 1 1 1 31
1 1 0 0 0 0 0 1 0 1 0 1 1 1 0 0 1 1 0 0 0 0 1 1 1 1 1 1 0 0 0 1 1 1 1 0 1 0 1 1 0 0 1 0 1 0 1 1 1 1 28
0 0 0 0 0 0 0 1 1 1 0 1 1 0 1 0 1 1 0 1 1 0 1 0 1 0 1 1 0 0 1 1 1 0 1 0 1 1 1 0 1 0 1 1 0 1 0 0 1 0 26
1 1 0 0 0 0 1 1 1 1 0 1 1 1 0 0 1 0 0 1 0 0 1 1 1 1 0 1 0 0 0 0 1 1 1 0 1 0 0 1 0 0 1 0 0 0 1 0 1 0 24
1 0 0 0 0 0 1 1 0 1 0 1 1 1 1 1 1 1 0 1 0 0 1 0 1 1 1 1 0 0 0 1 0 1 1 1 1 1 0 0 0 1 1 0 0 0 0 0 1 1 27
1 1 0 0 0 0 0 1 0 1 0 1 1 0 1 0 1 0 0 1 1 0 1 0 1 1 1 1 0 0 0 0 1 1 1 0 1 1 0 1 0 1 1 1 0 1 0 0 1 1 27
1 0 0 0 0 0 1 0 0 1 0 1 1 1 1 0 1 1 0 1 0 1 1 1 1 0 1 1 0 0 1 0 1 1 1 0 1 1 1 0 1 0 1 0 0 1 0 0 1 0 27
1 0 0 0 0 0 0 1 1 1 0 1 1 0 0 0 0 0 0 1 0 0 1 0 1 1 0 0 0 0 1 0 1 1 1 0 0 1 0 0 0 0 1 1 0 1 1 0 1 1 21
1 0 0 0 0 0 0 1 0 1 0 1 1 0 0 0 0 0 0 1 1 0 1 1 1 1 1 0 0 0 0 1 1 1 1 0 1 0 0 1 0 0 1 0 1 1 0 0 1 1 23
1 1 0 0 0 0 1 1 0 1 0 1 1 1 1 1 1 1 1 1 1 0 1 0 1 0 1 1 0 0 1 1 0 1 1 0 1 1 1 1 0 1 1 1 0 1 0 1 1 0 33
1 0 0 0 0 0 1 1 0 1 0 1 1 0 1 1 1 1 0 1 0 0 1 0 1 1 0 0 0 0 0 0 1 1 1 0 1 0 0 1 0 1 0 0 0 1 1 1 1 1 25
1 0 0 0 0 0 1 1 0 1 0 1 1 0 1 0 1 1 0 1 1 1 1 1 1 1 1 0 0 0 0 0 1 0 1 0 1 1 1 1 1 1 1 1 1 0 1 0 1 1 31
1 0 0 0 0 0 0 1 0 1 0 1 1 0 1 1 1 1 0 1 0 0 1 1 1 0 1 0 0 0 1 0 1 1 1 0 1 1 0 1 0 0 1 0 1 1 1 0 1 1 27
1 0 0 0 0 0 0 1 0 1 0 1 1 1 1 0 1 1 1 1 1 0 1 0 1 0 1 0 0 0 0 0 0 0 1 1 1 1 1 1 0 0 1 0 0 0 1 0 1 1 25
1 1 0 0 0 0 0 1 0 1 0 1 1 1 1 0 1 0 0 1 0 1 1 0 1 1 1 1 0 0 1 0 0 0 1 0 1 1 1 0 0 0 1 1 0 0 1 0 1 1 26
1 0 0 0 0 0 0 0 0 1 0 0 1 0 1 0 0 1 0 1 0 0 1 1 1 1 1 1 1 0 1 0 1 0 1 0 1 0 1 0 1 1 0 1 1 0 0 0 1 0 23
1 1 0 0 0 0 1 1 1 1 0 1 1 0 1 0 1 0 1 1 1 0 1 0 1 1 0 0 0 0 0 0 0 1 1 0 1 1 1 0 0 0 1 1 0 1 1 0 1 1 27
1 0 0 0 0 0 1 1 0 1 0 1 1 1 1 1 1 0 0 1 1 0 1 0 1 0 0 0 0 0 1 0 1 1 1 0 1 1 0 1 0 1 1 1 0 0 0 1 1 1 27
1 0 0 0 0 0 0 1 0 0 0 1 1 0 0 0 1 0 0 1 1 0 1 0 1 1 0 1 0 0 0 1 1 1 1 0 1 1 0 1 0 1 1 1 0 0 1 1 1 1 25
1 0 0 0 0 0 1 0 0 1 0 1 1 1 1 0 0 1 0 1 1 0 1 0 1 1 0 1 0 0 1 0 1 1 1 0 1 0 1 1 1 1 1 1 0 1 1 0 1 1 29
1 0 0 0 0 0 1 1 0 1 0 1 1 0 0 0 1 1 0 1 1 0 1 0 1 0 1 1 0 0 0 1 1 1 1 0 1 0 1 1 0 1 1 0 0 0 1 0 1 0 25
1 0 0 0 0 0 1 0 0 1 0 0 1 1 1 0 1 1 1 1 0 0 1 0 1 0 1 0 1 0 0 1 1 1 1 0 1 0 0 1 0 0 1 1 1 1 0 0 1 0 25
1 0 0 0 0 0 0 1 0 1 0 1 1 1 0 0 0 1 0 1 1 0 1 1 1 1 1 1 0 1 0 0 1 0 1 0 1 0 1 1 0 0 1 1 0 1 0 1 1 0 26
1 0 0 0 0 0 1 0 1 1 0 1 1 1 0 1 1 1 0 1 1 0 1 1 1 1 1 1 0 0 0 1 1 0 1 0 1 1 0 1 1 1 1 0 0 1 0 1 1 1 31
1 0 0 0 0 0 1 0 0 1 0 1 1 0 1 0 1 1 0 1 0 0 1 1 1 1 1 1 0 0 1 0 1 0 1 0 1 0 0 0 0 0 1 1 1 0 0 0 0 0 22
1 0 0 0 0 0 1 1 0 1 0 1 1 0 0 0 0 0 0 1 1 0 1 0 1 1 0 1 1 0 1 0 1 0 1 0 1 0 0 0 0 0 1 0 1 0 1 0 1 0 21
1 1 0 0 0 0 1 1 0 1 0 1 0 0 0 0 1 1 1 1 0 0 0 1 1 1 0 1 0 0 1 0 0 0 0 0 1 0 0 1 0 0 1 0 0 1 1 0 1 0 21
1 0 0 0 0 0 1 0 0 1 0 0 1 1 1 1 1 1 0 1 1 0 1 0 1 1 1 1 0 0 1 0 1 0 1 0 1 0 0 0 0 1 0 1 0 0 0 0 1 0 23
1 0 0 0 0 0 1 1 0 1 0 1 0 0 1 1 1 0 1 1 0 0 1 0 1 1 1 1 0 0 0 0 1 1 1 0 1 1 0 0 0 1 1 0 1 0 1 1 1 1 27
1 0 0 0 0 0 1 1 0 1 0 1 1 1 1 1 1 0 1 1 0 1 1 0 1 1 1 1 0 0 0 0 1 1 1 0 1 1 1 1 0 0 0 0 0 0 1 1 0 1 28
1 0 0 0 0 0 0 1 0 1 0 1 1 0 1 0 1 0 1 1 0 0 0 1 1 1 0 1 0 0 0 0 1 0 1 0 1 1 0 0 0 0 1 0 0 1 0 0 1 0 20
0 0 0 0 1 0 1 0 0 1 0 1 1 0 1 0 0 1 1 1 0 0 1 0 1 1 0 0 0 0 1 0 1 0 0 0 1 0 1 1 0 0 0 1 0 0 1 0 1 1 21
0 0 0 0 0 0 0 1 0 1 0 1 1 1 1 0 0 1 0 1 0 0 0 0 1 0 0 1 0 0 0 1 1 1 1 0 1 1 1 1 0 0 1 0 0 0 1 1 1 0 22
1 0 0 0 0 0 1 1 0 1 0 1 1 1 1 0 1 1 0 1 0 1 1 1 1 1 1 1 0 0 1 1 1 0 1 0 1 0 1 0 0 0 1 1 1 1 1 1 1 0 31
1 0 0 0 0 0 0 1 0 1 0 1 1 1 1 0 0 1 0 0 0 0 1 1 1 1 1 0 0 1 1 0 1 1 1 0 1 0 0 1 0 0 1 0 0 1 1 0 1 0 24
1 0 0 0 0 1 1 1 1 1 0 1 1 0 0 1 1 0 0 1 1 0 0 1 1 1 1 1 0 1 0 1 1 1 1 0 1 1 0 0 0 0 1 0 0 1 1 0 1 1 29
1 0 0 0 0 0 0 0 0 1 0 1 1 1 1 0 1 1 1 1 0 0 1 1 1 1 1 0 0 0 0 1 0 1 1 0 1 0 1 1 0 0 1 1 1 1 1 0 1 1 28
1 0 0 0 0 0 1 1 0 1 0 1 1 1 0 0 0 1 0 1 0 0 1 1 1 1 0 1 0 0 0 0 1 0 1 1 1 0 0 0 0 1 1 1 0 1 1 1 1 0 25
1 0 0 0 1 0 1 1 0 1 0 1 0 0 1 0 1 1 1 1 0 0 1 0 1 1 0 1 0 0 0 1 1 0 1 0 1 1 0 0 0 1 1 1 0 0 0 0 1 0 24
1 0 0 0 0 0 0 1 0 1 0 1 1 0 1 0 0 1 0 1 0 0 0 0 1 1 0 1 0 0 1 1 1 1 1 0 1 1 1 0 0 1 0 0 0 1 0 0 1 1 23
1 0 0 1 0 0 0 1 0 1 0 0 0 0 1 0 1 1 1 1 0 0 1 1 1 1 1 0 0 0 0 1 0 0 1 0 1 1 1 0 0 1 0 1 0 0 1 1 1 0 24
1 0 0 0 0 0 0 1 0 1 0 1 1 0 0 0 0 1 1 1 1 0 1 0 1 1 0 0 0 0 1 0 0 0 1 1 1 1 0 1 1 1 1 0 1 0 1 0 1 1 25
1 0 0 0 0 0 0 1 0 1 0 1 1 1 0 0 1 0 0 1 0 0 1 1 1 1 0 1 1 0 1 1 1 0 1 0 1 0 1 0 0 1 1 1 1 1 1 0 1 1 28
1 1 0 0 0 0 0 1 0 1 0 1 1 0 0 0 0 1 0 1 1 0 1 0 1 0 1 0 0 0 0 1 0 0 1 0 1 1 0 0 0 0 1 0 0 1 1 0 1 1 21
1 0 0 0 0 0 0 0 0 1 0 1 1 1 1 0 0 0 1 1 0 0 1 1 1 1 1 1 1 1 0 1 1 0 1 0 1 1 0 0 0 0 1 1 0 1 1 1 0 0 26
1 0 0 0 1 0 0 1 0 1 0 1 0 0 1 0 0 0 1 1 0 0 1 1 1 1 0 1 0 0 1 1 1 1 1 0 0 1 0 0 1 0 1 0 0 0 1 0 1 0 23
1 0 0 0 0 0 1 1 1 0 0 1 1 1 0 0 1 1 0 1 0 0 1 1 1 1 1 1 0 0 0 0 1 1 1 0 1 0 0 0 0 1 1 0 0 0 1 0 0 0 23
1 0 1 0 0 0 0 1 1 0 0 1 1 0 0 0 1 1 0 1 1 0 1 1 1 1 1 0 0 0 0 0 1 0 1 0 1 1 0 0 0 0 1 0 0 0 0 1 1 1 23
1 1 0 1 0 0 1 1 0 1 0 1 1 1 0 0 1 0 0 1 1 0 1 1 1 1 1 1 0 0 1 0 1 0 1 0 1 0 0 1 0 1 1 1 0 1 0 1 0 0 28
1 0 0 0 0 0 1 1 0 1 0 1 1 1 0 0 0 1 0 1 0 0 1 0 1 1 1 0 0 0 1 0 1 0 1 0 1 1 1 1 0 0 0 0 0 0 1 0 1 1 23
1 0 0 0 0 0 1 1 0 1 0 1 1 0 1 1 1 1 1 1 1 0 0 1 1 1 0 1 1 0 1 1 1 1 1 0 1 1 0 1 0 1 1 1 0 1 0 0 1 1 32
1 0 0 0 0 0 1 1 0 1 0 1 1 0 0 0 1 1 0 1 0 0 1 0 1 1 1 1 0 0 0 0 0 1 1 0 1 1 0 0 0 1 1 0 0 1 0 0 1 0 22
1 0 0 0 0 0 1 0 1 1 0 1 1 1 0 1 0 0 1 1 0 0 1 0 1 1 1 1 0 1 0 1 1 1 1 0 1 1 1 0 1 0 1 1 1 1 0 0 1 1 30
1 0 0 0 0 0 0 1 0 1 0 0 1 0 0 0 0 1 1 1 1 0 0 0 1 0 0 1 0 0 1 0 1 1 1 0 0 1 0 1 0 0 0 0 0 1 0 0 1 1 19
1 0 0 0 0 0 0 1 0 1 0 1 1 0 1 0 0 0 0 1 0 0 1 1 1 1 1 0 0 1 1 0 0 0 1 0 1 0 0 0 0 1 1 0 0 1 0 0 1 1 21
1 0 0 0 0 0 0 1 0 1 0 1 1 1 0 0 1 1 0 1 0 0 1 1 1 1 1 1 0 0 0 0 0 1 1 0 1 1 0 1 0 0 1 1 0 0 1 0 1 1 25
1 1 0 0 0 0 0 1 0 1 0 1 1 0 0 1 0 1 0 1 1 0 1 1 1 0 1 1 0 0 0 1 0 0 1 0 1 1 0 1 0 1 0 1 0 0 1 1 1 0 25
1 0 0 0 0 0 1 1 0 1 0 1 1 0 0 0 1 0 1 1 0 0 1 1 1 1 0 0 0 0 0 1 1 0 1 0 1 1 1 0 0 0 1 1 0 1 0 1 1 0 24
1 0 0 0 0 0 0 1 0 1 0 1 1 0 0 0 1 1 0 1 1 0 1 0 1 1 1 1 0 0 1 0 1 0 1 0 1 0 1 1 0 1 1 1 0 1 1 0 1 1 27
1 0 0 0 1 0 0 1 0 1 0 1 1 0 0 0 1 1 1 1 0 0 1 1 1 0 1 1 0 0 0 0 1 0 1 0 1 1 1 0 0 0 1 1 0 0 0 0 1 1 24
1 0 0 0 0 0 1 0 1 1 0 1 0 0 0 0 1 1 0 1 0 0 1 0 1 1 1 1 0 1 0 0 1 0 1 0 1 0 0 0 0 1 1 1 0 0 0 0 1 0 21
1 0 0 0 0 0 0 1 0 0 0 1 1 0 1 0 1 0 0 1 0 0 0 1 1 1 1 1 0 0 1 0 1 1 1 0 1 0 1 0 0 1 1 1 1 0 1 1 1 1 26
0 0 0 0 0 0 0 1 0 1 0 1 1 0 0 0 0 0 1 1 0 0 1 1 1 1 0 1 0 0 0 0 1 1 0 0 1 0 1 0 0 0 1 1 1 1 1 1 1 1 23
1 0 0 0 0 0 0 0 0 1 0 1 0 1 1 0 0 1 0 1 0 0 1 0 1 1 0 1 0 0 0 0 1 0 1 0 1 1 0 0 0 0 1 1 0 1 0 0 0 0 18
1 0 0 0 0 0 0 0 0 0 0 1 1 0 0 0 1 0 0 1 1 0 1 1 1 1 0 1 1 1 0 1 0 1 1 0 1 0 1 0 0 1 1 1 0 1 0 0 1 1 24
1 0 0 0 0 0 0 1 0 0 0 0 1 1 1 0 1 1 1 1 1 0 1 0 1 1 0 0 0 0 0 0 1 0 1 0 1 1 0 1 0 0 0 0 1 1 1 1 1 0 23
1 0 0 0 0 0 1 1 0 1 0 1 0 1 0 0 0 1 0 1 0 0 1 0 0 1 1 1 0 0 1 0 1 1 1 1 1 1 1 1 1 0 0 0 1 1 0 0 1 1 26
1 0 0 0 0 0 0 1 1 1 0 1 1 0 0 1 0 0 1 1 0 0 0 0 1 1 1 0 0 0 1 0 1 0 1 0 1 0 0 1 1 0 1 0 0 1 0 0 1 1 22
1 0 0 0 1 0 0 1 0 1 1 1 1 0 0 0 0 1 0 1 0 0 1 0 1 1 0 0 0 0 1 0 1 0 0 0 1 1 1 0 0 0 1 0 0 0 1 0 0 0 19
1 0 0 0 0 0 0 1 0 1 0 1 1 0 1 0 0 1 0 1 1 0 1 1 1 0 0 0 1 0 1 1 1 1 1 1 1 1 0 0 0 0 1 0 0 0 0 0 1 1 24
1 0 0 0 0 0 0 1 0 1 0 0 1 0 0 0 1 1 1 1 0 0 1 1 1 1 0 0 0 0 0 0 1 0 1 1 1 1 1 0 0 1 1 0 0 1 1 0 1 1 24
1 0 0 0 0 0 0 0 0 1 0 1 1 0 1 0 1 1 0 1 0 0 1 0 1 1 1 0 0 0 1 0 1 0 1 0 1 0 0 0 0 0 1 1 0 0 1 1 1 1 22
0 0 0 0 0 0 1 1 0 1 0 1 1 1 1 0 1 1 0 1 0 0 1 1 1 1 1 1 0 0 1 1 1 0 1 0 1 1 1 1 0 1 0 1 0 1 1 0 1 1 30
1 0 0 0 0 0 1 1 0 1 0 1 1 1 0 0 1 0 0 1 0 0 1 1 1 0 1 1 0 0 1 0 1 1 1 0 1 0 1 1 0 1 0 1 0 1 1 0 1 0 26
0 0 0 0 0 0 0 1 0 1 0 1 1 0 1 0 1 0 0 1 1 1 1 0 1 1 1 1 0 0 0 1 1 0 1 0 1 1 0 1 0 0 1 0 0 0 1 0 1 1 24
0 0 0 0 0 0 0 1 0 0 0 1 1 0 1 0 1 1 0 1 1 0 1 0 1 1 0 1 0 1 0 0 1 0 1 0 1 0 0 0 0 0 1 1 0 1 1 0 1 1 22
1 0 0 0 0 0 1 0 0 1 0 1 1 1 0 0 1 1 0 1 0 0 1 0 1 0 1 1 1 0 1 1 1 1 1 0 1 0 1 0 0 1 0 0 0 0 0 1 1 1 25
1 1 0 0 0 0 1 1 0 1 0 1 1 0 1 0 0 0 0 1 0 0 1 0 1 0 0 0 0 0 0 0 1 1 1 0 1 0 1 1 1 0 1 0 0 1 1 0 1 1 23
1 0 0 1 0 0 0 1 0 1 0 1 1 0 1 0 0 1 0 1 0 0 1 0 1 1 1 0 0 0 1 0 1 1 1 0 1 1 0 1 0 0 1 0 0 1 1 1 1 0 25
0 0 0 0 0 0 1 1 0 1 0 1 1 0 1 1 1 1 0 1 1 0 1 0 1 1 1 1 0 0 0 0 1 0 0 0 1 0 1 0 0 1 1 1 0 1 1 0 1 1 26
1 0 0 1 0 0 0 1 0 1 1 1 0 0 0 0 1 1 0 1 0 0 1 1 0 0 1 1 0 0 0 0 1 0 1 0 0 1 1 0 0 1 1 1 1 1 1 0 1 0 24
1 0 0 0 0 0 0 1 1 1 0 1 1 0 0 0 0 0 1 1 1 0 1 0 1 1 0 0 0 0 1 0 1 1 1 0 0 0 0 0 0 0 1 0 0 0 0 0 0 0 17
1 0 0 0 0 0 1 1 0 0 0 1 1 1 1 0 0 0 1 1 0 0 1 0 1 1 0 1 0 0 0 1 0 0 1 0 1 1 0 1 0 1 1 1 0 1 0 0 1 0 23
1 0 0 0 0 0 1 1 0 1 0 1 1 0 1 0 0 1 0 1 0 0 1 1 1 1 1 1 0 0 0 1 1 0 1 0 1 1 0 0 0 1 1 0 0 0 1 0 1 0 24
1 0 0 0 0 0 0 1 1 1 0 1 1 0 1 0 1 0 0 1 1 0 1 0 1 1 0 0 1 0 0 0 1 1 1 0 1 1 1 0 0 0 1 1 0 0 1 1 0 0 24
1 0 0 0 0 0 1 1 1 1 0 1 0 0 0 1 1 1 1 1 0 0 1 0 1 0 1 0 0 0 1 0 0 0 1 0 1 1 1 0 0 1 1 1 0 1 1 0 0 1 25
1 0 0 0 0 0 1 1 0 0 0 1 1 0 0 1 1 1 0 1 0 0 0 0 1 1 1 1 0 0 1 0 1 1 1 0 1 1 1 1 0 0 1 1 0 0 1 0 1 0 25
1 0 0 0 0 0 0 0 1 1 0 1 1 0 0 0 1 1 0 1 0 0 1 1 1 1 0 0 0 0 1 0 0 0 1 0 0 1 1 1 0 1 1 0 0 0 0 0 1 0 20
0 1 1 0 0 0 0 1 0 1 0 1 1 0 0 0 1 0 0 1 0 0 1 1 1 1 1 1 0 0 1 0 1 1 1 0 1 1 1 0 0 0 1 1 0 1 1 0 1 0 26
1 1 0 0 0 0 0 1 0 1 0 1 1 1 0 0 1 1 0 1 0 0 1 1 1 0 1 0 0 1 1 1 1 1 1 0 1 1 1 0 0 1 1 0 0 0 1 0 0 1 27
1 1 0 0 0 0 0 1 0 1 0 1 0 1 0 0 1 0 0 1 0 0 1 0 1 1 1 1 0 0 0 0 1 0 1 0 1 1 0 1 0 1 1 1 0 0 0 0 1 0 22
1 0 0 0 0 0 1 0 0 1 0 1 1 1 0 0 1 1 0 1 0 0 1 0 1 1 1 1 0 0 1 0 1 0 1 0 0 0 0 1 0 0 1 1 0 0 1 0 0 0 21
1 0 1 0 0 0 1 1 0 1 0 0 1 0 0 0 0 0 0 1 0 0 1 0 1 0 0 1 0 0 0 0 1 1 1 0 1 1 1 1 1 1 1 0 0 1 1 0 1 1 24
0 0 0 0 0 0 0 0 0 1 0 1 1 0 1 0 1 0 0 1 0 0 1 0 1 1 1 1 1 0 1 1 0 1 1 0 1 1 1 0 1 0 1 1 0 0 1 0 0 1 24
1 0 0 0 0 0 0 1 1 1 0 1 1 1 1 1 0 1 0 1 1 0 1 1 1 1 1 1 0 0 1 0 1 1 1 0 1 0 1 0 0 0 1 1 0 1 1 1 0 0 29
0 0 0 0 0 0 1 0 0 1 0 1 1 0 1 0 1 1 0 1 1 0 1 1 1 1 1 1 0 1 0 1 1 0 1 0 1 1 1 0 0 0 1 1 0 1 0 1 1 1 28
1 0 0 0 0 0 0 1 1 1 0 1 1 0 1 0 1 1 0 1 0 0 1 1 1 0 1 1 0 1 0 0 1 1 1 0 1 0 0 1 0 0 1 1 0 1 0 0 0 1 25
1 0 0 0 0 0 0 1 1 1 1 1 0 1 1 0 1 1 0 1 0 0 1 0 1 1 1 1 0 1 1 0 0 1 1 0 1 1 0 0 0 0 1 0 0 1 1 0 0 0 25
1 0 0 0 0 0 1 1 0 1 0 0 1 0 0 0 0 1 0 1 0 0 1 0 1 0 0 0 0 0 0 0 1 1 1 0 1 1 0 1 0 0 1 1 0 1 1 0 1 0 20
1 0 0 0 0 0 1 1 0 1 0 1 0 1 0 0 1 1 0 1 0 0 1 1 1 1 0 1 0 1 0 0 0 1 1 0 1 0 0 1 0 0 1 0 0 0 0 1 1 0 22
1 0 0 0 0 0 1 1 0 1 0 1 1 0 1 1 1 1 0 1 0 0 1 0 1 0 0 0 0 0 0 1 0 1 1 0 1 1 0 0 0 1 0 1 0 1 1 0 1 0 23
1 0 0 0 0 0 1 1 0 1 0 1 1 0 1 0 1 1 0 1 0 0 1 1 1 1 1 0 0 0 0 1 1 1 1 0 1 1 1 0 0 1 1 1 0 0 1 0 1 1 28
1 0 0 0 0 0 0 0 0 1 0 1 1 0 0 0 1 1 1 1 0 0 0 1 1 1 1 0 0 0 0 1 0 0 1 0 1 1 0 1 0 0 1 1 0 1 0 0 1 1 22
1 1 0 0 0 0 1 1 0 1 1 1 0 0 0 0 1 1 0 1 1 0 1 0 1 1 1 1 0 0 1 1 1 1 1 0 1 1 0 0 0 1 1 1 0 0 1 1 0 0 28
0 0 0 0 0 0 0 1 0 1 0 1 1 1 0 0 0 1 1 1 0 0 1 1 1 1 0 1 0 0 0 0 1 1 1 0 1 0 0 0 0 0 1 1 0 1 1 0 0 1 22
1 0 0 0 0 0 0 1 0 1 0 1 1 0 1 0 1 1 0 1 0 0 1 1 1 1 1 1 0 0 0 0 1 0 1 0 1 1 0 1 0 0 1 1 0 0 1 0 1 0 24
1 0 1 0 0 0 0 1 0 0 0 1 1 1 1 1 1 1 0 1 0 0 1 1 1 1 1 1 0 0 1 0 1 0 1 0 1 1 1 0 0 1 1 0 0 0 0 1 1 0 27
0 0 0 1 0 0 1 1 0 1 0 1 1 1 1 1 1 1 0 1 1 0 1 0 1 0 0 1 1 0 0 0 0 1 1 1 1 1 0 0 0 1 1 1 1 1 1 0 1 1 30
0 0 0 1 0 0 0 1 0 1 0 1 1 1 0 0 1 0 0 1 0 0 0 0 1 1 0 1 1 0 0 1 1 1 1 0 0 1 1 0 1 1 1 0 0 0 1 0 1 1 24
1 0 0 0 0 0 1 0 0 1 1 1 0 1 1 0 0 1 1 1 1 0 1 1 1 1 1 1 0 0 1 1 1 1 1 0 1 1 1 0 0 0 1 0 0 0 0 0 0 1 27
1 0 0 0 0 0 0 1 0 1 0 1 1 0 1 0 1 0 0 1 0 1 1 0 1 1 0 1 1 0 0 1 1 1 1 0 1 0 1 1 0 0 0 1 0 0 1 0 0 1 24
1 0 0 0 0 0 1 1 0 1 0 1 1 0 1 0 0 0 0 1 0 0 1 0 1 1 1 1 0 0 0 0 0 0 1 0 1 0 0 1 0 0 1 1 0 0 1 0 1 1 21
1 0 0 0 0 0 1 1 0 1 0 1 1 0 0 0 1 0 0 1 0 0 1 1 1 1 0 0 0 0 0 1 1 0 1 0 0 1 0 1 0 1 1 1 1 1 0 0 1 1 24
1 0 0 0 0 0 1 1 1 1 0 1 1 1 1 0 1 1 0 1 0 0 1 1 1 1 1 1 0 1 0 1 0 0 1 1 1 0 1 1 0 1 1 1 0 1 0 0 1 0 30
1 0 0 0 0 0 0 1 0 1 0 1 1 0 0 1 0 1 0 1 1 0 1 0 1 1 1 1 0 0 0 0 1 1 1 0 1 1 1 1 0 1 1 1 1 0 0 1 0 1 27
0 0 0 0 1 0 1 1 0 1 0 1 1 1 0 0 0 1 0 1 0 0 1 0 1 1 0 0 0 1 0 0 1 0 1 0 1 1 1 1 0 0 1 1 0 1 1 0 1 1 25
1 0 0 0 0 0 1 0 0 1 0 1 1 0 1 0 1 1 1 1 0 0 1 0 0 1 0 0 0 0 1 0 0 0 1 0 1 0 1 1 0 0 1 1 0 0 1 0 1 1 22
1 0 0 0 0 0 0 1 1 1 0 1 1 1 0 1 1 1 0 1 0 0 1 0 0 1 0 1 0 0 0 1 1 0 1 0 1 1 0 0 1 0 1 0 0 1 1 0 0 1 24
1 0 0 0 0 0 0 1 0 1 0 1 1 1 1 1 1 1 0 1 0 1 1 1 1 0 0 1 0 0 0 0 1 0 1 0 1 1 0 1 0 0 0 1 0 1 0 0 1 1 25
1 0 0 1 1 0 0 1 0 1 0 1 1 1 1 0 0 1 1 1 0 0 1 0 1 0 0 1 1 0 0 1 1 0 1 0 1 1 0 0 0 0 1 0 0 1 1 0 1 0 25
1 0 0 0 0 0 0 1 0 1 0 1 0 0 0 0 0 0 0 1 1 0 1 0 1 1 1 1 0 1 1 0 1 0 1 0 1 0 0 1 0 0 1 0 0 0 1 1 1 1 22
0 0 0 0 0 0 0 1 0 1 0 1 1 1 1 0 1 1 0 1 0 0 1 0 1 0 1 1 0 0 0 0 0 1 1 0 1 0 0 1 1 0 1 1 0 0 0 0 0 0 20
1 1 0 0 0 0 1 1 0 1 0 1 1 1 0 0 1 0 0 1 0 0 1 0 1 1 0 0 0 0 0 1 1 1 1 0 1 0 0 0 0 0 0 0 0 0 1 1 1 1 22
1 0 0 0 0 0 0 1 0 0 0 0 1 0 1 0 1 1 0 1 0 0 1 1 0 1 1 0 0 0 0 0 1 0 1 0 1 1 1 0 0 1 1 0 0 0 0 0 1 1 20
1 0 0 0 0 0 1 1 1 1 0 1 1 0 1 0 0 0 0 1 0 0 1 0 1 1 1 1 0 0 1 1 1 0 1 0 1 1 0 0 0 0 1 1 0 1 1 0 1 0 25
0 0 0 0 0 0 0 1 0 1 0 1 1 1 1 0 1 1 1 1 0 0 1 1 1 1 1 1 0 0 1 0 1 0 1 0 1 1 1 0 0 1 1 0 1 0 1 0 1 1 28
1 1 0 0 0 0 0 0 1 1 0 1 0 0 0 0 1 1 1 1 0 0 1 1 1 0 1 1 0 0 1 0 1 1 1 0 1 0 1 1 0 1 1 0 0 0 0 0 1 0 24
1 1 0 0 0 0 0 0 0 1 0 1 1 1 1 0 0 1 0 1 0 0 1 0 1 1 0 1 0 0 1 1 1 0 1 0 1 0 1 1 0 0 1 0 0 1 1 0 1 0 24
1 1 0 0 0 0 1 1 1 1 0 1 1 1 1 0 0 1 0 1 1 0 1 1 1 1 1 0 0 0 0 1 1 0 1 0 1 1 0 1 0 1 0 0 0 1 1 0 1 0 28
1 0 0 0 0 0 0 0 0 1 0 1 1 1 1 0 0 1 0 1 0 0 1 1 1 1 1 0 0 0 1 0 1 1 1 0 1 1 0 1 0 0 0 0 0 1 1 0 1 1 24
1 0 0 1 0 0 1 1 0 1 0 1 1 1 1 0 1 1 0 1 0 0 1 0 1 1 1 1 0 0 1 1 1 0 1 0 1 1 0 1 0 0 1 1 1 0 1 1 1 0 30
1 0 0 0 0 0 1 1 0 1 0 1 1 0 0 0 1 1 1 1 0 0 1 0 1 1 1 1 0 0 1 0 1 1 1 0 1 0 0 1 0 1 1 1 0 0 1 1 0 1 27
1 0 0 0 0 0 0 1 0 1 0 1 1 1 1 0 1 1 0 1 1 0 1 1 1 1 0 0 0 0 0 0 0 1 1 0 1 1 1 1 1 0 1 0 0 1 1 0 1 0 26
1 0 0 0 0 0 0 1 0 1 0 1 1 1 1 0 1 0 1 1 0 0 1 1 1 1 1 0 0 0 0 1 0 1 1 0 1 1 0 0 0 0 0 1 0 0 1 0 1 1 24
1 0 0 0 0 0 1 1 0 1 0 1 1 0 0 0 0 1 1 1 0 0 1 1 1 0 1 1 0 0 1 0 1 0 0 0 1 1 1 0 0 0 1 0 0 0 0 1 1 0 22
1 0 0 0 0 0 0 1 0 1 0 0 1 0 1 0 1 0 0 1 0 1 1 0 1 1 0 1 0 1 0 1 1 1 1 0 1 1 1 0 0 1 1 1 1 0 0 0 0 0 24
1 1 0 0 0 0 1 1 0 1 0 1 1 1 1 0 0 1 0 1 1 0 1 0 1 1 1 1 0 0 1 0 1 0 1 0 1 1 1 1 0 0 1 1 0 1 1 0 1 1 30
1 0 0 0 0 0 1 1 0 1 0 1 1 0 0 0 0 0 0 1 1 1 0 1 1 1 0 0 0 0 0 0 1 0 1 0 1 1 1 1 0 0 1 0 0 0 1 0 0 1 21
1 0 0 0 0 0 0 1 0 1 0 1 1 0 1 1 0 1 0 1 0 0 1 0 1 0 0 0 0 0 1 0 1 1 1 0 1 1 1 1 0 0 0 1 0 0 0 0 0 1 21
0 0 0 0 0 0 1 1 0 1 0 1 1 0 1 0 0 1 0 1 0 0 1 1 1 1 0 1 0 0 0 1 0 1 0 0 1 1 1 0 1 0 1 0 1 1 1 0 1 0 24
1 0 0 0 0 0 1 1 0 1 0 1 0 0 0 1 1 0 0 1 0 0 1 0 1 0 1 1 0 1 0 1 0 0 1 0 1 0 1 0 0 0 1 0 0 1 1 0 0 1 21
1 1 0 0 0 0 1 1 0 1 0 1 1 0 1 1 0 0 0 1 0 0 1 0 0 1 1 1 1 0 1 1 1 0 1 0 1 1 1 1 0 1 1 0 0 1 1 0 1 1 29
1 0 0 1 0 0 0 1 1 1 0 1 1 0 1 1 1 0 1 1 1 0 1 1 1 1 1 1 0 0 1 0 1 1 1 0 1 1 1 1 0 1 1 0 0 1 0 0 0 0 30
0 0 0 0 0 0 1 1 1 1 0 1 1 1 0 0 0 1 0 1 1 0 1 0 1 1 0 0 1 0 0 0 1 1 1 0 1 1 0 0 0 1 1 0 0 0 1 0 1 0 23
1 0 0 0 0 0 1 1 0 0 0 1 1 0 1 1 1 1 0 1 0 0 0 0 1 1 1 0 1 0 1 0 1 0 1 0 1 1 0 1 0 0 1 0 0 0 1 1 1 1 25
0 1 0 0 0 0 0 1 0 1 0 0 1 0 1 0 0 1 0 1 0 0 1 1 1 1 0 1 0 1 1 0 1 1 1 0 1 1 1 0 0 0 1 1 0 0 1 0 1 0 24
1 0 0 0 0 0 0 1 0 1 0 1 0 0 0 0 1 1 0 1 1 0 1 1 1 1 1 1 0 1 0 0 0 1 0 0 0 0 0 0 1 1 1 1 0 0 1 1 1 0 23
1 1 0 0 0 0 1 1 1 1 1 1 0 0 1 0 0 1 0 1 1 1 1 0 1 1 0 0 0 0 1 1 0 1 1 0 1 1 0 0 1 0 0 1 0 0 1 1 1 0 27
1 0 0 0 0 0 1 1 0 1 0 1 1 1 1 0 0 1 0 1 1 0 1 1 0 1 0 0 0 0 0 0 1 1 1 0 1 1 0 1 0 0 1 0 0 0 1 1 1 1 25
1 0 0 0 0 0 1 1 1 1 0 1 0 1 1 0 1 1 0 1 0 0 1 1 1 0 1 1 0 0 1 0 1 0 1 0 1 1 1 0 0 0 1 0 0 1 1 1 1 1 28
1 1 0 0 0 0 1 1 0 0 0 1 1 0 1 0 0 1 1 1 0 0 1 0 1 0 0 1 0 0 0 0 1 1 1 0 1 1 1 0 0 0 1 0 0 0 0 1 0 1 22
0 0 0 0 0 0 0 0 0 1 0 1 1 1 1 1 0 1 0 1 0 0 1 1 1 1 0 1 0 0 0 1 1 1 1 0 1 1 1 1 0 1 1 1 0 1 0 0 0 0 25
1 0 0 0 0 0 1 1 0 1 0 1 1 1 0 1 1 1 0 1 0 0 1 0 1 1 1 1 1 0 1 0 1 0 1 0 1 0 0 1 0 0 1 1 0 1 0 0 1 1 27
0 1 0 0 0 0 1 0 0 1 0 1 1 0 0 0 0 0 0 1 1 0 1 1 1 1 1 0 0 0 0 0 1 0 1 0 1 0 1 0 0 1 1 0 0 1 0 0 1 0 20
1 0 0 0 0 0 1 1 1 1 0 1 1 1 1 0 1 1 0 1 0 0 1 0 1 1 1 1 1 0 1 1 1 1 1 0 0 1 0 1 0 0 1 1 1 0 0 0 1 0 29
1 0 0 0 0 0 1 1 0 1 0 0 0 1 0 0 1 1 0 1 0 0 1 0 1 1 0 1 1 0 0 0 1 0 1 0 1 1 0 0 0 0 1 0 0 1 1 0 1 1 22
1 0 0 0 0 0 0 1 0 1 0 1 0 1 0 0 0 1 0 1 0 0 1 0 1 1 1 0 0 0 0 0 1 0 1 0 1 1 0 1 0 1 1 1 0 1 0 0 1 1 22
1 1 0 0 0 0 0 1 1 1 0 1 1 0 0 0 1 1 1 1 1 0 1 0 1 1 1 1 0 0 0 0 1 0 1 0 1 0 1 0 0 0 1 1 1 1 0 0 1 0 26
1 0 0 0 0 0 1 1 0 1 0 1 1 1 0 0 1 0 0 1 1 0 1 1 1 0 1 1 0 0 0 0 1 1 1 0 1 1 0 0 1 1 1 0 0 1 1 0 1 0 26
1 0 0 0 0 0 1 0 0 1 0 1 1 0 0 0 1 1 0 1 0 0 1 1 1 1 0 1 0 0 1 0 1 1 1 0 1 1 1 1 0 1 1 1 0 0 1 0 1 1 27
0 0 0 0 1 0 0 0 0 1 0 1 1 0 0 0 1 1 0 1 0 0 1 1 1 1 1 1 0 0 1 0 1 1 1 0 1 0 0 0 0 0 1 1 1 1 1 1 0 0 24
0 0 0 0 0 0 0 1 1 1 0 1 1 1 1 0 1 1 0 1 0 0 1 0 1 1 0 1 0 1 0 0 1 1 1 0 1 1 1 0 0 0 1 0 1 1 1 0 1 1 27
0 0 0 0 1 0 0 1 0 1 0 0 1 0 0 1 1 1 0 1 0 0 1 0 1 1 0 0 0 0 1 0 1 1 1 0 1 1 1 1 1 1 1 0 1 1 1 0 1 0 26
1 0 0 0 0 0 1 1 0 1 0 1 1 1 1 0 0 1 0 1 0 0 1 1 1 0 0 1 0 0 1 1 1 1 1 0 1 1 1 1 0 1 1 1 0 1 1 0 0 1 29
1 1 0 0 0 0 1 1 0 0 0 1 1 0 1 0 1 1 0 1 0 0 1 1 1 1 0 1 0 0 1 0 1 0 1 0 1 1 0 1 0 0 1 0 0 0 0 0 1 1 24
1 1 0 0 0 0 0 1 0 1 0 1 1 1 1 0 1 0 1 1 0 0 1 0 1 1 1 1 0 1 1 0 0 1 1 0 1 1 1 0 0 1 1 0 1 0 1 0 0 0 27
1 0 0 0 1 0 1 1 0 1 0 0 1 1 1 1 1 1 0 1 0 0 1 1 1 1 0 1 0 1 1 0 1 0 1 0 1 1 1 1 0 1 1 1 0 1 0 0 1 1 31
0 0 0 0 0 0 0 1 1 1 0 1 1 0 1 1 0 1 0 1 1 0 1 1 1 1 1 1 0 0 1 1 0 0 1 0 1 1 1 0 0 1 1 1 0 0 0 0 1 0 26
1 0 0 0 0 0 0 1 0 1 0 1 1 0 0 1 1 1 0 1 0 0 1 1 1 0 0 0 0 1 1 1 1 1 1 0 1 1 1 1 0 0 1 1 0 1 0 0 1 0 26
1 1 0 0 0 0 1 1 0 1 0 1 1 1 1 0 1 1 0 1 0 0 0 0 1 1 0 1 0 1 1 1 1 1 1 0 1 1 0 1 0 0 1 0 0 1 1 1 1 0 29
0 1 0 0 0 0 1 0 0 1 0 1 1 0 1 0 1 1 1 1 0 0 0 1 1 0 1 1 1 1 0 1 0 1 1 0 1 1 1 1 0 0 1 0 1 0 1 0 1 1 28
1 0 0 1 0 0 0 0 1 1 0 1 1 1 1 0 1 0 0 1 0 0 1 1 1 1 1 1 0 0 0 1 1 1 1 0 1 1 0 1 0 1 1 0 1 1 1 0 1 0 29
0 0 0 0 0 0 1 1 1 1 0 1 1 0 1 0 1 1 0 1 0 0 1 1 1 0 0 1 1 1 1 0 1 1 1 0 0 1 1 1 0 0 0 1 0 0 1 0 1 0 26
1 0 0 0 0 0 0 1 0 1 0 1 1 1 0 0 1 1 0 0 0 1 1 1 1 1 0 0 0 0 0 0 0 0 1 0 1 1 0 0 0 0 1 0 1 1 0 1 1 1 22
1 0 0 0 0 0 1 1 0 1 0 1 1 0 1 0 1 1 1 1 0 0 1 1 1 1 0 0 0 0 0 0 0 1 1 0 1 0 1 0 1 1 1 0 0 1 0 0 1 1 25
1 0 0 0 0 0 1 1 0 1 0 1 1 1 0 0 1 1 0 1 0 0 1 1 1 1 1 1 0 1 0 0 1 1 1 0 1 1 0 1 1 0 1 0 0 1 0 0 1 0 27
1 0 0 0 0 0 0 1 0 1 0 1 1 1 1 0 0 1 0 1 1 1 1 1 1 0 0 1 0 0 1 1 1 1 1 0 1 1 1 1 1 0 1 1 1 1 1 1 1 1 33
1 0 0 0 0 0 1 0 0 1 0 1 1 0 0 0 1 1 0 1 0 0 1 0 1 1 0 1 0 0 0 1 1 0 1 0 1 1 0 1 1 1 1 1 1 1 1 0 1 0 26
1 0 0 0 0 0 1 1 0 1 0 1 1 1 0 0 1 0 1 1 0 0 1 0 1 1 1 1 0 0 0 1 1 1 1 0 1 0 0 1 0 0 1 1 0 1 0 1 0 1 26
0 0 0 0 0 0 0 1 0 1 0 1 1 0 1 0 1 1 0 1 0 1 1 1 1 1 0 1 0 0 1 0 0 1 1 0 1 1 0 0 0 0 0 1 0 1 1 1 1 1 25
0 0 0 0 0 0 0 1 0 1 0 1 1 1 0 0 1 0 0 1 1 0 1 0 1 1 0 1 0 0 1 0 1 0 1 0 1 1 0 0 0 1 1 0 0 0 1 0 1 1 22
1 1 0 0 0 0 0 1 0 1 0 1 1 1 0 1 1 1 0 1 0 0 1 0 1 1 0 0 0 0 0 0 1 1 1 0 1 0 0 0 0 0 1 1 1 0 1 0 1 1 24
1 0 0 0 0 0 1 1 0 1 0 1 0 1 0 0 1 1 0 1 0 0 0 1 1 0 0 0 0 0 0 0 1 1 1 0 1 0 0 0 1 0 1 0 0 0 0 0 1 1 19
1 0 0 0 0 0 0 1 0 1 0 1 1 1 0 0 1 1 1 1 0 1 1 1 1 0 0 1 1 0 0 0 1 0 1 0 1 1 0 1 0 0 0 0 1 0 1 0 1 1 25
1 0 0 0 1 0 0 0 0 1 0 1 1 1 0 0 1 0 0 1 1 0 1 1 1 1 0 1 0 1 0 0 1 1 1 0 0 1 1 1 0 1 1 1 0 1 1 1 1 0 28
1 0 0 0 0 0 0 1 1 1 0 1 1 0 0 0 1 0 0 1 1 0 1 1 1 1 0 1 0 0 1 0 1 1 1 0 1 1 0 0 0 1 1 1 0 1 1 0 0 0 25
0 0 0 0 1 0 0 1 0 1 0 1 1 1 1 0 1 1 1 1 0 0 1 1 1 1 0 1 0 0 1 0 1 1 1 1 1 1 0 0 0 1 1 1 0 0 0 0 1 1 28
1 1 0 0 0 0 1 0 1 1 0 1 0 0 0 0 1 0 0 1 0 0 1 0 1 1 0 1 0 0 0 0 1 1 1 1 1 1 0 1 0 0 1 1 0 1 0 1 1 1 25
1 0 0 1 0 0 1 1 1 1 0 1 1 1 0 0 1 1 0 1 0 0 1 1 1 1 0 1 0 0 1 1 1 0 1 0 1 1 0 1 0 0 1 1 0 1 1 0 1 0 29
1 0 0 0 0 0 1 1 0 1 0 1 1 0 1 0 1 1 1 1 0 0 1 0 1 1 1 1 0 0 0 1 0 1 1 0 1 1 0 0 0 0 1 0 1 1 0 0 1 0 25
1 0 0 0 0 0 1 1 1 1 0 0 0 0 0 0 1 1 0 1 0 0 1 1 1 1 1 1 0 0 0 0 1 0 1 0 1 1 1 0 1 0 1 0 0 1 0 0 1 0 23
1 0 0 1 0 0 1 0 0 1 0 1 1 1 0 0 1 1 1 1 0 0 1 0 1 1 1 0 1 1 0 0 1 0 1 1 1 1 0 0 1 0 0 0 0 0 1 0 1 1 26
1 0 0 0 0 0 1 0 0 1 0 1 1 0 0 0 0 1 0 1 0 0 1 0 1 1 1 1 0 0 1 0 1 0 1 0 1 1 0 1 0 0 1 1 1 0 1 0 1 1 24
1 0 0 0 0 0 1 0 0 1 0 1 1 1 1 0 1 1 0 1 0 0 0 1 1 0 1 1 0 0 0 0 1 0 1 0 1 1 0 0 0 0 1 1 0 1 0 0 0 0 21
0 0 0 0 0 0 1 1 0 0 0 1 1 0 0 0 0 0 1 1 0 1 1 1 1 0 1 0 0 0 1 0 1 0 1 0 1 0 1 1 0 1 1 1 0 0 1 0 0 0 21
1 0 0 0 0 0 1 0 1 1 0 1 0 1 0 1 1 1 0 1 1 0 1 0 0 1 1 1 0 1 0 0 0 1 1 0 1 1 0 1 0 1 1 0 0 0 1 1 0 1 26
0 0 0 0 0 0 0 1 0 1 0 1 1 1 0 0 0 0 0 1 0 0 1 0 1 1 0 0 0 0 1 0 0 1 1 0 1 1 1 0 0 0 1 1 1 0 1 0 1 0 20
1 1 0 0 0 0 0 1 0 1 0 1 1 1 0 0 0 1 0 1 0 0 1 0 1 1 0 1 0 0 1 1 1 1 1 0 1 1 0 0 0 0 1 1 1 1 0 1 0 1 26
1 0 0 0 0 0 0 1 0 0 0 1 1 1 1 0 1 1 0 1 0 0 1 0 1 0 1 1 0 0 0 0 1 0 1 0 1 1 1 0 0 0 1 1 0 0 1 1 1 1 24
1 0 0 0 0 0 0 1 0 1 0 1 1 1 0 0 1 1 0 1 0 0 1 1 1 1 1 1 0 0 1 1 1 1 1 0 1 1 1 1 0 0 1 0 0 0 1 0 1 0 27
0 0 0 0 0 0 1 1 0 1 0 1 1 1 0 0 1 1 0 1 0 0 1 1 1 1 1 0 0 0 0 1 1 1 1 0 1 1 1 0 0 0 0 1 1 1 1 0 1 0 26
1 0 0 0 0 0 0 1 1 1 0 1 1 1 0 0 0 0 0 1 1 0 0 0 1 1 1 1 1 0 0 1 1 1 1 0 1 1 0 0 0 0 1 1 0 1 0 0 1 1 25
0 0 0 0 0 0 0 1 0 1 0 1 1 1 0 0 1 0 0 1 0 0 1 1 1 1 1 1 0 1 0 0 1 1 1 0 1 0 1 1 0 1 1 1 0 1 0 1 1 0 26
1 0 0 0 0 0 0 0 0 1 0 1 0 1 1 0 1 1 1 1 0 0 0 0 0 1 1 0 1 0 1 0 1 0 1 0 1 0 0 1 0 0 1 0 0 0 1 0 1 1 21
0 1 0 0 0 0 1 1 0 1 0 1 1 1 0 0 1 1 0 1 0 0 1 0 1 1 1 0 1 1 1 0 1 1 1 0 1 1 1 1 0 1 1 0 0 1 1 0 1 0 29
0 0 0 0 0 0 0 0 0 1 0 1 1 0 0 0 0 1 0 1 0 0 1 0 1 1 0 1 0 0 1 1 1 0 1 0 1 0 0 1 0 0 0 0 1 1 1 0 0 0 18
0 0 0 0 0 0 0 1 1 1 0 1 1 1 0 0 1 0 0 1 0 0 1 0 1 1 1 0 0 0 0 0 0 0 1 0 1 1 0 0 0 0 1 0 0 0 1 1 1 1 20
0 0 0 0 0 0 1 1 0 1 0 1 1 0 1 0 1 1 0 1 0 0 0 0 1 1 1 1 0 0 0 0 1 1 0 0 1 1 1 0 0 1 1 1 1 1 1 0 0 1 25
1 0 1 0 0 0 1 1 0 1 0 1 1 0 1 0 0 1 1 1 0 0 1 0 1 1 1 1 0 0 0 0 1 1 1 0 1 1 1 1 0 0 1 0 0 0 1 1 0 1 27
1 0 0 0 0 0 0 1 0 0 0 0 1 0 1 0 1 1 0 1 0 0 1 0 1 1 0 1 1 0 0 0 1 1 1 0 1 1 0 0 0 1 1 0 0 1 0 0 1 1 22
1 0 0 0 0 0 0 1 0 1 0 0 1 1 1 0 1 0 0 1 1 0 1 0 1 1 1 0 0 0 0 0 1 0 1 0 1 1 1 0 0 1 1 0 1 0 0 1 1 0 23
1 0 0 0 0 0 0 0 0 1 0 1 1 0 0 1 1 1 1 1 1 0 1 1 1 1 1 1 0 0 0 0 1 0 1 1 1 1 1 0 0 1 1 0 0 1 1 0 0 0 26
1 0 0 0 0 0 0 1 0 1 0 1 1 0 0 0 0 1 0 1 1 0 1 0 0 1 1 1 0 0 0 0 1 0 1 0 1 1 0 1 0 1 0 0 0 0 0 1 1 1 21
0 1 0 0 0 0 0 0 0 0 0 1 1 0 1 0 1 1 0 1 0 0 1 1 1 1 0 0 0 0 0 1 1 0 1 0 1 1 1 1 0 1 1 0 0 0 1 0 1 1 23
1 0 0 0 0 0 1 1 0 1 0 1 1 1 1 0 1 0 1 1 0 0 0 0 1 0 0 0 0 0 1 1 1 0 1 0 1 1 0 0 0 0 1 0 0 0 1 0 1 0 21
1 0 0 0 0 0 0 1 0 1 0 1 1 0 0 1 0 0 1 1 1 0 1 0 1 0 1 1 1 0 1 1 1 0 0 0 1 0 1 1 0 0 1 1 0 1 1 0 1 1 26
0 0 0 0 0 0 0 1 0 1 0 1 1 1 1 0 1 0 0 1 0 0 1 0 1 0 0 1 0 0 0 0 1 1 1 0 1 1 1 1 0 1 1 0 0 1 1 0 1 1 24
1 0 0 0 0 0 0 1 0 1 0 1 1 0 0 0 0 0 0 1 0 0 1 1 1 1 1 1 0 0 0 1 1 1 1 0 1 1 0 1 0 1 1 1 0 1 1 0 1 1 26
1 0 0 0 0 0 0 0 0 1 0 1 1 1 1 0 1 1 1 1 0 0 1 1 1 1 1 1 0 0 1 0 1 1 1 0 1 1 1 0 1 0 1 1 0 0 0 0 1 1 28
1 0 0 0 0 0 0 1 0 1 1 1 1 1 1 0 0 0 0 0 0 0 1 1 1 1 1 1 0 0 1 0 1 1 1 0 1 1 1 1 0 0 0 1 0 1 1 0 1 1 27
1 1 0 0 0 0 1 1 0 1 0 1 0 0 0 0 1 1 1 1 0 0 1 1 1 1 0 0 0 0 1 0 1 1 1 0 1 0 0 0 1 1 0 0 0 1 0 0 1 0 23
1 0 0 0 0 0 0 1 0 1 0 1 1 1 1 0 1 1 0 1 0 0 1 0 0 1 1 0 0 0 1 0 1 1 1 0 1 1 0 1 0 0 1 1 0 1 1 0 1 0 25
0 0 0 0 0 0 1 1 0 1 0 1 1 0 0 0 1 1 0 1 0 0 1 0 1 1 1 0 0 0 1 1 1 1 1 0 1 1 1 0 0 1 1 0 0 1 1 1 1 0 26
1 0 0 0 0 0 0 0 0 1 0 1 1 1 1 1 1 0 0 1 0 1 1 0 1 1 1 1 0 1 0 1 0 1 1 0 1 1 0 0 0 1 0 0 0 0 0 1 1 1 25
0 0 0 0 0 0 0 1 0 1 0 1 1 1 1 0 1 0 1 1 0 0 1 0 1 1 1 1 0 0 0 0 1 1 1 0 1 0 0 1 0 0 1 0 0 0 1 0 1 0 22
1 0 0 0 0 0 0 1 0 1 0 1 1 1 1 0 0 0 0 1 1 0 0 0 1 0 1 1 0 0 0 0 1 1 1 0 1 1 1 1 0 1 1 1 0 0 1 0 1 0 24
1 0 0 0 1 0 0 1 0 1 0 1 1 1 1 0 1 0 0 1 1 0 1 0 1 1 0 1 1 0 1 0 1 1 1 0 0 1 1 1 0 0 0 0 0 0 0 0 1 1 25
1 0 0 0 0 0 1 0 1 1 0 1 0 1 0 0 1 1 0 1 0 0 1 0 1 0 1 1 0 0 1 0 1 1 1 0 1 1 0 1 0 0 1 1 0 1 1 0 1 0 25
1 0 0 0 0 0 1 1 0 1 0 1 1 0 0 1 0 1 1 1 0 0 1 1 1 1 1 0 1 0 0 0 0 0 1 0 1 1 1 1 0 0 1 1 1 1 1 0 0 1 27
1 1 0 0 0 0 1 1 0 1 0 1 1 1 1 0 1 1 0 1 0 0 1 1 0 1 1 0 0 1 1 1 1 1 1 0 1 1 0 1 0 1 1 1 1 1 1 0 1 1 33
1 0 0 0 1 0 1 1 0 1 0 1 1 1 0 0 1 0 0 0 1 0 1 0 1 1 1 1 0 0 1 0 1 0 1 0 1 1 1 0 0 1 0 0 0 1 0 0 1 0 24
1 0 0 0 0 0 0 0 0 1 0 1 1 1 1 0 1 0 1 1 1 1 1 1 1 1 1 1 0 1 1 0 1 1 1 0 1 1 0 1 1 0 0 0 0 0 1 0 0 1 28
1 0 0 0 0 0 0 1 1 1 0 1 1 0 1 0 1 1 1 1 0 0 1 0 1 1 0 1 0 0 0 1 0 1 1 0 1 0 0 1 0 0 0 0 0 1 1 0 1 1 24
1 0 0 0 0 0 1 1 0 1 0 1 1 0 1 0 1 1 1 1 0 0 1 1 1 1 0 1 0 0 1 0 1 0 1 0 1 1 0 1 0 0 1 0 0 1 1 1 1 1 28
1 0 0 0 0 0 0 1 1 1 0 0 1 0 1 0 1 0 0 1 0 0 0 0 1 1 1 1 0 0 1 0 0 0 1 0 1 0 1 0 1 1 1 1 0 0 0 1 0 1 22
1 0 0 0 0 0 1 0 0 1 0 1 1 0 1 0 1 1 1 1 0 0 1 1 1 1 1 1 0 0 0 1 0 0 1 0 0 1 0 1 0 1 0 0 1 1 1 0 1 0 25
0 0 0 0 0 0 0 1 0 1 0 1 1 1 0 0 0 1 0 1 0 0 0 1 1 1 0 1 0 0 0 1 1 1 1 0 1 1 1 1 0 0 1 0 1 0 1 0 1 1 24
1 0 0 0 0 0 0 0 0 1 0 1 1 1 1 0 0 1 0 1 0 0 1 1 1 1 1 1 0 0 0 0 0 1 1 0 1 1 0 1 0 1 1 1 1 1 1 0 1 1 27
0 1 0 0 0 0 1 1 0 1 0 0 1 1 1 0 1 1 1 1 0 1 1 0 1 1 1 1 0 0 1 1 1 1 1 0 1 1 1 1 0 0 0 1 0 0 1 0 1 1 30
1 0 0 0 0 0 1 1 1 1 0 1 1 0 1 0 1 1 0 1 0 0 1 1 1 0 1 0 0 0 1 0 0 0 1 0 1 1 0 1 0 1 0 0 0 0 0 0 0 0 21
1 0 0 0 0 0 1 1 0 1 0 1 1 1 0 0 0 1 0 1 1 0 0 1 1 1 1 0 0 0 1 0 0 1 1 0 1 1 0 1 0 0 1 1 0 0 1 0 1 0 24
399 84 7 20 25 4 258 399 100 466 8 453 432 254 284 78 353 357 113 485 133 44 437 238 475 394 299 341 75 80 236 185 406 281 482 24 466 347 250 285 71 212 421 256 105 286 313 129 381 269 12500
