0 1 1 1 1 1 1 1 1 0 0 0 1 0 0 1 0 0 0 1 0 1 1 0 1 0 1 0 0 1 0 1 1 0 0 1 1 0 1 0 0 1 1 0 1 0 0 1 1 0 26
0 0 1 0 1 0 1 1 0 1 1 1 0 1 0 0 1 0 1 0 1 1 1 0 0 0 1 0 1 0 1 0 0 1 0 0 1 1 0 1 0 1 0 1 1 1 1 0 0 0 25
0 0 1 0 1 0 0 0 0 0 0 1 0 0 0 1 0 1 1 1 1 1 1 0 0 0 1 1 0 0 0 1 0 1 1 1 1 0 1 1 1 1 1 0 0 0 0 1 0 1 24
1 0 1 0 1 0 0 1 1 0 1 0 1 1 0 0 0 1 1 1 0 0 1 0 1 1 1 1 1 1 0 0 1 0 0 0 1 0 0 0 1 0 1 0 0 0 0 0 0 0 22
1 1 1 0 1 1 0 0 0 1 1 0 1 1 1 1 0 0 0 0 0 0 0 0 0 1 1 0 1 1 0 1 1 0 1 1 0 0 0 1 1 0 0 0 0 1 0 1 1 1 25
1 0 1 0 0 1 0 0 0 1 0 0 1 0 0 0 0 1 1 1 0 1 0 0 0 1 0 0 0 0 0 0 1 0 1 1 0 0 0 0 0 1 1 0 0 0 1 0 1 0 17
1 1 0 0 0 0 1 1 1 0 1 0 0 1 0 0 0 0 0 0 0 0 1 1 0 0 1 0 1 0 1 0 1 0 1 0 0 1 1 1 0 0 1 1 1 1 0 0 1 1 23
1 0 1 1 1 0 1 0 1 0 1 1 1 1 1 1 0 0 0 1 1 0 1 0 1 1 1 0 0 0 0 0 0 1 1 1 0 0 0 0 0 1 1 1 0 0 1 1 0 1 27
1 0 1 1 1 0 0 1 0 1 0 1 0 0 0 0 1 0 0 0 1 0 0 1 0 1 0 1 1 1 0 1 0 1 1 1 1 0 1 1 0 1 0 1 0 1 1 0 0 1 26
1 1 1 1 1 0 1 1 1 1 1 0 1 0 1 0 1 1 0 1 0 1 1 0 1 0 0 0 0 1 0 1 0 1 0 1 0 1 0 1 0 0 1 1 1 1 0 1 0 1 30
1 0 1 0 1 0 1 1 1 1 0 1 1 0 0 1 1 1 1 1 1 1 0 1 1 0 1 1 1 0 0 0 0 0 1 0 1 0 1 1 1 0 0 0 1 1 0 1 1 0 30
0 0 1 1 1 1 1 0 1 0 1 1 1 1 1 0 1 0 0 0 1 0 0 1 0 0 0 0 1 1 1 1 1 1 1 1 0 1 1 0 1 1 1 0 0 1 1 1 1 1 32
1 0 1 1 1 1 1 0 1 1 0 0 0 0 0 1 1 1 0 1 1 0 1 0 0 0 0 1 1 0 1 1 0 1 1 1 0 0 1 1 0 0 1 0 1 1 0 1 1 0 28
0 1 1 0 1 1 1 0 0 0 0 1 0 1 0 0 0 1 1 1 0 1 0 1 1 0 0 1 1 1 0 1 0 0 1 0 1 0 1 1 0 0 0 1 0 1 1 0 0 0 24
1 1 1 0 1 0 1 1 0 1 0 0 1 1 0 0 1 0 0 1 0 1 1 0 1 0 0 0 0 0 1 1 0 1 0 1 0 0 0 0 1 0 1 1 0 1 0 1 1 1 25
0 0 0 1 0 0 0 1 1 0 1 1 1 0 0 0 0 0 0 0 0 0 0 0 0 0 0 0 0 0 0 0 0 0 0 0 0 0 0 0 0 0 0 0 0 0 0 1 0 1 8
0 0 0 0 0 0 0 0 0 0 0 0 0 0 0 0 0 0 0 0 0 0 0 0 0 0 0 0 0 0 0 0 0 1 0 0 0 0 0 0 0 0 0 0 0 0 0 0 0 0 1
0 0 0 0 0 0 0 0 0 0 0 0 0 0 0 0 0 0 0 0 0 0 0 0 0 0 0 0 0 0 0 0 0 0 0 0 0 0 0 0 0 0 0 0 0 0 1 0 0 0 1
0 0 0 0 0 0 0 0 0 0 1 0 0 0 0 0 0 0 0 0 0 0 0 0 0 0 0 0 0 0 0 0 0 0 0 0 0 0 0 0 0 0 0 0 0 0 0 0 0 0 1
0 0 0 0 0 0 0 0 0 0 0 0 0 0 0 0 0 0 0 0 0 0 0 0 0 0 0 1 0 0 0 0 0 0 0 0 0 0 0 0 0 0 0 0 0 0 0 0 0 0 1
0 0 0 0 0 0 0 0 0 0 0 0 0 0 0 0 0 0 0 0 0 0 0 0 0 1 0 0 0 0 0 0 0 0 0 0 0 0 0 0 0 0 0 0 0 0 0 0 0 0 1
1 1 0 1 0 1 1 1 1 1 0 0 1 0 1 1 1 1 1 1 0 0 0 0 1 1 0 1 0 1 0 0 0 1 0 1 1 0 0 1 0 1 1 1 1 1 0 1 0 0 29
1 1 1 1 0 1 1 1 0 0 0 1 0 0 1 0 0 1 0 1 0 0 1 0 1 0 1 1 1 0 0 1 1 0 0 0 0 0 1 1 1 1 1 1 1 1 1 0 1 0 28
1 0 0 1 0 0 1 0 0 0 1 0 0 1 1 1 0 1 0 1 1 1 1 0 0 1 1 0 1 1 0 0 1 1 1 1 1 1 0 0 0 0 1 0 0 1 1 1 1 1 28
1 0 1 0 0 0 0 1 1 0 1 0 0 0 0 1 1 0 1 1 1 0 0 0 1 1 1 1 1 0 0 1 0 0 1 0 0 1 1 1 0 1 1 0 1 0 0 0 0 0 23
0 0 0 0 1 1 0 0 0 1 0 1 0 1 1 1 0 1 1 0 0 0 0 1 0 0 1 0 1 1 1 1 0 0 1 1 0 0 0 0 0 0 0 0 1 1 1 0 1 1 22
1 1 0 1 0 1 0 0 1 0 1 1 0 0 0 1 1 1 1 0 0 0 1 1 1 1 0 0 0 1 0 0 0 1 1 0 1 1 1 0 0 0 1 1 1 1 0 1 0 0 26
0 0 1 0 1 0 0 0 0 0 0 1 1 1 1 1 1 0 0 0 0 1 0 1 0 0 1 0 0 1 1 0 0 0 1 0 0 0 1 0 0 1 0 1 0 1 1 1 0 0 20
1 0 1 0 1 0 0 0 0 0 1 0 1 0 1 0 0 0 0 1 1 0 1 1 1 1 1 1 1 1 1 1 0 1 1 1 0 0 0 1 1 1 1 0 1 0 0 1 1 0 28
1 0 1 0 0 1 1 1 1 1 0 0 1 1 1 0 1 1 1 1 1 0 1 0 0 1 0 1 1 1 1 0 1 0 0 1 1 1 0 1 1 1 0 0 0 0 0 0 1 0 29
0 1 1 1 0 1 0 0 0 1 1 0 1 1 1 0 0 0 0 1 1 1 1 1 0 1 1 0 0 0 0 0 1 1 1 1 0 1 1 0 1 1 0 0 0 1 1 0 0 0 26
1 0 1 0 1 1 1 0 1 1 1 0 0 0 0 1 1 1 1 1 1 1 0 1 1 0 1 0 0 0 0 0 0 0 1 0 0 1 1 0 1 0 0 1 1 0 0 1 1 1 27
0 1 0 0 0 0 1 0 1 1 1 0 0 1 0 0 0 1 0 1 1 1 1 0 1 1 0 0 1 1 0 0 1 0 1 0 0 1 1 0 0 0 1 0 1 1 1 1 1 0 25
0 1 1 1 0 0 1 0 1 1 0 0 0 0 1 1 0 0 1 1 1 1 1 0 1 0 0 1 0 0 0 1 0 1 1 0 0 1 1 1 0 0 0 0 1 0 1 0 0 0 23
1 0 1 0 0 0 0 0 0 0 0 0 1 1 1 1 0 0 1 1 0 0 0 1 1 1 0 1 1 1 1 0 0 0 1 0 0 0 1 1 1 1 1 0 1 1 0 1 1 1 26
1 1 0 0 1 0 0 1 0 0 1 0 0 0 1 1 1 1 0 1 1 1 0 1 1 1 0 1 0 0 1 0 0 0 0 1 1 0 0 0 0 0 0 1 1 0 0 0 0 0 21
0 1 1 1 0 1 1 0 0 1 0 0 0 0 0 0 0 0 1 0 0 1 0 0 0 1 0 0 0 1 0 1 0 0 1 0 0 0 1 1 0 0 0 1 1 1 1 0 0 1 19
1 1 1 0 0 0 0 1 1 0 1 0 0 1 0 1 1 0 0 1 1 1 1 1 1 0 0 0 0 0 0 1 1 1 1 1 1 0 0 0 1 1 0 0 0 0 0 0 1 1 25
1 0 0 1 0 0 1 1 0 1 1 0 0 0 0 0 0 1 0 1 0 0 1 0 1 1 0 0 0 0 1 1 1 1 0 0 0 1 1 0 0 1 0 1 0 0 0 0 0 0 19
0 1 0 0 1 1 0 1 0 1 1 0 1 0 0 0 1 1 0 1 0 0 0 0 1 0 1 0 0 0 1 0 0 0 1 1 1 0 1 0 0 0 0 0 1 0 0 1 0 1 20
0 0 1 0 1 0 1 0 1 0 1 1 1 1 1 0 0 0 1 1 1 0 1 1 1 0 0 1 0 0 0 0 1 1 1 1 1 1 0 0 0 1 0 0 1 0 0 0 1 1 26
0 1 0 1 0 1 1 0 0 0 1 1 0 0 0 1 1 1 0 0 1 1 0 0 1 0 1 1 0 1 1 0 0 1 1 1 0 0 0 1 0 0 0 0 1 0 0 0 0 1 22
1 1 0 1 0 1 0 0 0 1 1 1 1 0 0 0 0 1 1 0 1 0 1 1 0 0 1 1 0 0 0 0 1 1 1 1 1 1 0 0 1 1 1 1 1 1 1 0 0 1 29
0 0 0 1 1 1 1 1 1 0 1 0 0 0 1 1 1 1 1 1 1 1 1 1 0 1 0 0 0 1 1 1 0 1 1 1 1 0 1 1 0 1 0 1 1 0 1 0 0 1 32
0 1 1 1 0 0 0 1 1 0 0 1 0 1 1 1 0 0 1 0 1 1 0 1 1 1 0 1 1 0 0 0 1 1 1 0 0 0 1 1 0 1 1 0 1 0 0 0 1 0 26
1 1 1 1 0 1 1 1 0 1 0 1 1 0 1 0 0 1 0 1 0 0 0 1 1 1 0 0 1 1 0 0 0 1 0 1 0 1 0 1 1 1 0 1 1 1 0 1 0 0 28
1 0 1 1 0 1 1 0 1 0 1 0 1 0 1 0 0 0 0 1 1 0 1 1 1 1 1 1 0 0 0 1 0 1 1 0 1 1 1 0 1 1 1 0 1 1 1 0 1 1 31
0 1 1 0 0 1 1 0 0 1 0 1 1 0 1 1 0 1 0 0 0 1 0 1 0 1 0 0 0 1 1 0 0 0 0 1 0 0 0 0 1 1 0 1 1 1 0 0 1 0 22
0 0 0 0 1 1 1 0 0 0 0 0 1 0 1 0 0 1 1 1 1 1 1 0 1 1 0 1 1 1 1 1 0 0 0 1 0 1 1 1 1 0 0 0 0 1 1 0 0 1 26
0 1 0 0 1 0 0 1 1 0 0 0 0 1 1 1 0 1 1 0 0 0 0 0 0 1 0 0 1 1 0 0 1 0 1 1 0 0 0 1 0 1 0 0 1 1 1 0 1 1 22
0 1 0 1 0 0 0 0 1 1 1 0 0 1 0 1 0 1 0 1 0 0 1 1 1 0 0 1 1 1 0 0 0 1 0 0 0 1 0 1 0 1 1 1 0 1 1 1 0 1 25
1 0 0 1 0 0 0 0 0 0 0 0 0 1 0 0 1 1 0 0 0 0 0 0 0 0 1 0 0 0 0 1 1 0 1 0 1 0 0 0 0 0 0 1 0 1 1 1 0 1 15
0 0 0 1 0 1 0 0 0 1 0 1 1 0 0 0 1 1 1 1 0 0 0 0 0 0 0 0 1 1 0 1 1 1 1 1 0 0 1 0 1 0 0 1 1 1 0 0 1 1 23
0 1 0 1 1 1 1 1 0 1 1 0 1 1 0 1 0 1 1 0 0 1 0 1 0 0 1 0 0 1 0 0 1 0 1 1 1 1 0 1 1 0 0 0 1 0 0 0 0 0 25
1 0 1 0 0 1 1 1 1 0 1 0 0 1 0 1 0 1 1 0 1 1 1 0 1 1 1 1 0 0 1 1 0 0 0 1 0 1 1 0 1 1 1 1 0 0 1 0 0 0 28
1 0 0 0 0 0 0 1 1 1 1 0 0 0 1 1 1 0 1 1 1 0 1 1 1 0 0 0 1 0 1 0 1 0 0 1 0 1 0 0 0 0 0 1 1 0 1 1 1 0 24
0 1 0 0 0 0 1 0 0 1 0 0 1 0 1 1 0 1 0 1 0 1 0 0 1 1 1 1 1 0 0 0 0 0 1 0 1 0 0 1 1 0 1 1 0 0 0 1 1 1 23
0 1 0 0 1 1 1 1 1 0 1 1 1 1 0 0 0 0 1 1 1 1 0 0 1 0 1 1 0 1 1 0 0 1 1 1 0 1 0 0 1 0 0 1 0 1 0 1 0 0 27
0 0 1 1 1 1 0 1 1 1 1 0 1 1 1 0 0 1 1 0 1 1 1 0 1 0 1 1 1 1 0 1 1 0 1 1 0 0 1 0 0 1 1 1 0 1 0 0 1 0 31
0 1 0 0 1 0 0 1 0 0 1 1 1 0 1 0 1 0 1 1 0 1 0 1 0 0 1 1 1 1 1 1 1 1 0 0 0 1 1 0 1 0 1 0 0 0 1 0 1 0 26
0 1 1 1 1 1 1 0 1 1 1 0 1 0 0 0 0 1 1 0 1 0 0 1 1 0 1 0 0 1 1 1 0 0 0 0 1 0 1 0 1 1 1 0 0 0 1 0 1 1 27
0 0 0 0 0 1 1 0 1 0 0 1 1 1 1 0 1 1 1 0 0 0 0 0 1 0 1 0 1 0 1 1 1 0 1 1 1 0 1 1 1 1 1 0 0 1 0 1 0 1 27
0 1 0 1 1 1 0 1 0 0 1 1 1 1 0 1 1 0 0 1 0 1 1 1 1 1 1 0 1 0 1 0 0 0 0 0 0 0 1 1 0 0 0 1 1 0 0 1 0 0 25
1 0 1 1 0 1 1 0 0 0 0 1 1 1 1 1 0 0 1 1 0 0 1 0 1 0 1 1 1 1 1 0 1 1 0 1 1 0 1 0 1 1 0 1 0 0 1 0 0 0 28
1 1 0 1 0 0 0 0 0 0 1 0 1 1 0 1 1 1 0 1 1 0 0 0 0 0 1 1 1 1 1 1 0 0 0 1 1 0 1 0 1 1 0 0 0 0 0 1 0 0 23
0 0 0 0 1 0 1 1 1 1 0 1 1 1 0 0 1 0 1 1 0 1 1 1 1 1 0 1 0 0 1 1 0 0 1 1 0 0 0 1 1 1 0 1 1 0 1 1 1 1 30
0 0 1 0 1 1 1 0 0 1 0 1 1 1 0 1 1 0 1 1 0 1 0 1 1 0 0 0 0 1 1 1 0 1 1 1 0 0 1 1 0 0 0 1 0 0 1 0 0 0 25
0 1 0 1 0 0 0 0 0 1 1 0 1 1 0 0 0 1 0 0 0 1 1 1 1 1 1 1 1 1 0 1 1 0 1 1 0 0 0 1 0 0 1 1 0 1 1 1 0 1 27
1 1 1 1 1 0 1 1 1 1 1 1 1 0 0 1 1 0 1 0 1 0 1 0 0 1 1 1 1 1 1 1 0 1 1 1 1 1 1 0 0 0 0 0 1 0 0 1 1 0 33
0 1 0 0 1 0 0 0 1 1 1 1 0 0 1 0 0 0 1 0 1 0 0 1 0 1 0 1 1 0 1 0 0 0 1 0 1 0 0 0 1 1 1 1 0 1 0 1 1 1 24
0 1 1 0 0 1 0 1 1 0 0 0 0 1 1 1 1 0 0 1 1 1 1 0 1 0 0 0 0 1 1 0 0 1 0 1 0 1 0 1 1 0 0 1 0 0 1 1 0 1 25
0 1 0 0 0 0 1 1 0 0 1 1 0 1 1 1 1 1 1 0 1 1 0 0 0 0 1 1 1 1 0 0 1 0 0 1 0 0 0 1 1 0 1 0 0 1 1 0 1 1 26
0 1 0 1 0 1 1 0 0 1 0 1 0 1 1 0 0 1 0 0 0 1 1 0 1 1 0 1 0 1 0 1 1 0 1 1 0 0 0 1 0 1 1 1 0 0 1 0 0 0 24
1 0 1 1 0 1 1 1 0 1 1 0 1 1 0 1 1 1 1 1 1 0 0 1 1 0 0 0 1 1 0 1 0 1 1 1 1 1 0 0 1 1 1 0 0 0 0 1 1 1 32
0 0 1 0 1 1 1 1 1 0 1 0 1 0 1 1 0 0 1 1 0 1 1 0 1 1 0 0 1 1 1 0 1 0 0 1 1 0 0 0 1 0 1 1 0 1 1 1 1 0 29
1 0 0 0 1 0 0 0 1 0 0 1 1 0 0 0 0 0 0 1 0 1 0 1 1 0 0 0 0 0 1 0 1 0 0 1 0 1 0 0 0 0 0 0 1 0 0 1 1 1 17
0 0 0 1 0 1 0 0 1 0 1 1 0 0 1 0 0 1 0 0 1 1 1 1 1 1 1 0 0 0 1 1 1 0 1 0 0 1 0 1 0 1 1 1 1 0 1 1 1 1 28
1 1 0 1 0 0 0 1 1 0 1 1 0 1 0 1 0 1 1 1 0 0 0 1 1 1 0 0 1 1 1 1 0 0 0 1 0 0 1 0 1 1 1 1 1 0 0 1 0 0 27
0 1 0 0 1 1 1 1 1 0 0 0 0 0 0 0 0 1 1 0 0 0 1 1 1 0 1 0 0 0 0 1 0 1 1 0 1 1 0 1 0 0 0 0 0 1 1 1 0 1 22
0 0 1 1 1 1 1 0 0 1 0 1 1 1 0 0 0 1 1 0 0 1 1 0 1 1 0 1 1 1 1 0 1 1 0 1 1 1 0 1 1 1 0 0 0 0 0 0 0 1 28
1 0 0 1 0 1 0 0 1 0 1 1 0 1 0 1 1 0 0 0 0 1 0 0 0 1 0 0 0 1 0 0 1 0 1 0 1 1 1 1 0 0 1 0 1 1 0 0 1 0 22
1 1 0 0 0 1 1 1 0 0 1 1 0 1 1 0 1 0 0 1 1 0 0 1 0 1 0 0 0 0 1 1 1 1 0 1 0 1 0 1 1 1 0 1 0 0 1 1 0 1 27
0 1 0 0 1 1 0 1 0 0 1 0 0 1 0 1 0 1 1 1 0 0 0 1 1 1 1 1 0 0 1 1 0 0 0 0 1 0 1 1 1 0 1 1 1 1 0 0 0 1 26
0 1 1 1 1 0 0 0 0 0 0 1 0 1 0 1 1 1 1 0 1 1 1 0 0 1 1 0 0 0 1 1 1 1 1 0 1 0 1 0 1 0 1 0 1 1 1 1 0 0 28
0 0 0 1 1 1 0 1 1 0 0 1 0 1 1 0 1 0 1 1 1 1 0 0 0 1 0 1 0 0 0 0 1 0 0 0 1 1 0 1 1 0 0 0 0 1 0 1 0 0 22
0 0 0 0 1 1 1 1 1 1 0 0 1 1 0 1 0 1 0 1 0 0 1 1 0 1 1 0 1 1 0 0 0 0 1 0 0 1 1 1 0 1 1 0 0 0 1 0 1 0 25
1 1 0 0 1 1 0 0 0 0 0 1 0 0 0 0 1 1 1 0 1 1 0 1 0 0 1 1 0 1 1 1 0 1 1 1 1 0 1 1 1 1 1 1 0 1 0 0 1 1 29
0 1 0 1 0 0 1 0 0 1 1 0 1 1 1 0 0 1 1 1 0 1 0 1 1 0 1 1 1 0 0 0 1 1 1 0 1 1 0 1 0 0 0 0 0 1 0 0 0 0 24
1 1 0 1 0 1 1 1 0 0 1 1 1 0 0 0 1 1 1 1 0 0 1 1 0 1 0 1 0 0 0 1 0 1 0 0 1 1 1 0 1 0 0 1 1 1 0 1 0 1 28
0 0 1 0 1 1 0 0 1 0 1 0 0 0 1 0 1 0 1 1 1 1 1 1 0 1 0 0 1 1 1 0 1 0 0 0 0 0 1 1 0 1 1 0 1 1 0 1 1 1 27
0 1 0 1 0 0 1 1 1 1 0 0 1 1 1 1 0 0 1 1 1 0 0 0 0 0 1 0 0 0 0 1 1 1 1 1 1 1 1 0 0 0 0 1 0 1 1 0 1 0 26
0 1 0 1 0 0 1 1 1 1 0 1 0 0 1 0 0 0 1 1 1 0 0 0 1 0 0 1 0 0 1 1 0 1 1 1 0 1 1 1 1 0 1 1 1 1 1 1 0 0 28
0 0 1 0 1 0 1 0 0 0 0 0 1 1 1 1 0 1 1 0 0 1 1 1 1 0 1 1 0 1 0 1 0 0 1 1 1 0 0 0 0 0 0 0 0 0 0 0 0 1 21
0 0 0 1 0 1 1 0 1 1 1 1 0 0 0 0 0 0 0 1 1 0 0 0 0 1 0 1 0 0 1 1 1 0 1 0 1 0 1 1 0 1 0 1 1 1 1 0 1 0 24
1 1 0 0 1 0 1 1 0 1 1 0 0 1 0 0 0 0 0 1 0 1 1 1 1 0 0 1 1 0 0 1 1 0 0 0 0 0 0 1 1 1 1 0 0 0 1 1 0 0 23
1 1 1 1 1 0 1 1 0 1 0 1 0 1 0 1 0 1 1 0 0 0 1 1 0 0 1 1 1 0 0 0 0 1 1 0 1 1 1 1 0 0 1 0 0 1 0 1 0 0 27
1 1 0 0 1 1 1 1 1 0 0 0 0 1 0 1 1 0 1 0 1 0 1 0 1 0 0 1 1 1 0 0 0 0 0 0 1 1 0 1 1 1 0 0 1 1 0 0 1 1 26
0 1 0 1 1 1 0 0 1 1 0 1 1 1 0 1 0 1 0 1 1 0 1 1 1 0 1 1 1 1 0 1 1 0 0 1 1 1 1 1 1 1 0 0 0 0 1 1 0 0 31
1 0 1 1 0 0 1 0 1 0 0 1 1 1 0 1 1 1 1 1 1 0 1 0 1 0 1 1 1 1 1 1 0 0 0 0 0 0 0 1 0 1 1 1 1 0 1 1 0 1 30
1 1 1 1 0 0 0 0 0 1 1 1 0 0 1 0 0 1 1 0 0 1 0 1 1 0 0 1 0 0 0 1 0 1 0 1 0 1 1 1 1 1 0 0 0 1 1 1 0 1 26
0 1 1 0 0 1 1 0 0 1 0 1 0 0 0 1 1 1 0 0 0 1 0 0 1 0 0 1 1 1 0 1 1 0 1 1 0 0 1 0 0 0 1 0 0 1 0 0 0 0 21
1 0 0 1 1 1 1 1 1 1 0 0 0 1 1 1 1 1 1 0 1 1 0 0 0 1 0 1 0 0 0 0 1 0 0 1 1 0 1 0 1 0 0 1 0 0 0 0 1 0 25
0 1 1 0 1 1 0 0 0 0 1 1 0 0 1 1 1 0 1 0 1 0 1 0 1 1 1 1 0 1 1 1 0 1 0 1 1 1 1 0 1 1 1 1 1 1 0 0 0 0 30
0 1 0 1 0 1 0 1 1 0 1 0 0 1 1 1 0 0 0 0 0 1 0 1 1 1 1 0 0 1 1 1 0 0 1 1 0 0 1 1 0 1 1 1 0 0 0 1 1 0 26
1 0 1 0 0 0 0 0 0 1 0 1 0 1 1 0 0 1 1 0 1 0 1 0 0 1 1 1 1 0 1 1 0 0 1 1 0 1 0 0 0 0 0 1 0 0 1 1 1 1 24
0 1 1 0 1 0 0 1 1 0 0 1 1 1 1 0 1 0 1 0 0 1 0 1 1 1 0 1 1 1 1 1 0 1 1 1 0 0 0 1 1 1 1 0 0 0 0 1 0 0 28
0 0 1 0 0 0 0 1 0 0 1 1 0 1 1 1 1 1 0 1 0 1 0 1 0 0 0 0 0 0 0 0 0 1 0 1 0 0 1 1 0 1 1 0 1 0 0 1 0 1 21
0 1 1 1 0 0 1 1 0 1 1 0 0 1 0 1 1 1 0 0 0 0 1 0 1 1 1 1 1 0 1 1 0 1 0 1 0 0 1 0 0 0 1 0 1 1 0 1 1 1 28
1 1 0 1 1 1 0 1 0 0 1 0 1 1 0 1 1 0 0 1 0 0 1 1 0 0 0 1 0 0 1 0 1 1 0 1 1 1 1 0 1 0 1 1 0 1 1 0 0 0 27
1 0 0 0 0 1 0 1 0 1 0 0 0 1 1 0 1 1 1 0 1 1 1 1 1 0 0 0 0 0 1 1 1 0 1 1 0 0 1 1 1 0 1 1 1 1 1 1 1 1 30
0 0 0 1 0 1 0 1 0 1 0 1 0 0 0 0 1 1 1 0 1 0 1 0 1 1 1 0 0 1 0 0 1 1 0 1 0 0 0 1 0 0 0 1 1 1 0 0 0 0 21
1 0 0 1 0 0 0 0 0 1 0 0 0 1 0 0 1 0 1 1 1 1 0 0 0 0 0 0 1 1 1 1 1 0 0 1 0 1 1 1 0 1 0 1 0 1 1 0 0 0 22
0 1 0 0 1 1 0 1 0 1 1 0 0 0 1 0 0 0 1 0 1 1 1 1 0 0 0 0 0 1 0 1 0 0 0 1 1 0 0 1 0 0 0 1 0 0 0 1 1 1 21
0 0 0 0 0 1 1 0 1 1 0 0 0 0 0 0 1 0 0 0 1 1 1 1 1 1 0 1 1 0 1 0 0 1 0 1 1 1 1 0 1 0 0 0 1 0 1 0 0 0 22
1 1 1 1 1 0 1 0 1 1 0 0 1 1 1 1 1 1 0 1 1 1 1 0 1 1 0 0 0 0 0 1 1 1 1 1 1 0 1 0 1 0 1 0 0 0 1 1 1 1 33
0 0 0 0 0 1 0 1 0 1 0 0 0 0 1 0 0 0 1 1 0 1 1 1 0 1 0 1 0 1 0 0 1 1 1 0 1 0 1 1 0 0 1 0 1 1 0 0 1 0 22
0 0 0 0 1 0 1 0 1 0 1 1 1 0 1 1 0 0 0 1 0 1 1 0 0 0 0 1 0 0 1 0 1 1 0 1 1 0 1 1 1 1 1 0 0 0 1 1 0 0 24
0 0 1 0 1 1 1 0 0 1 1 0 0 1 0 1 0 1 0 0 0 1 0 0 0 0 1 1 0 1 1 0 0 0 1 1 0 1 0 0 0 1 1 1 1 0 0 0 1 0 22
0 0 1 0 0 0 1 0 0 0 0 1 1 1 1 0 0 1 1 1 0 0 1 1 1 0 1 1 1 1 1 0 0 0 0 0 0 1 1 0 1 1 0 0 1 0 0 0 0 1 23
1 1 1 1 1 1 1 1 0 0 0 1 0 0 0 1 1 0 0 0 1 1 1 1 0 0 1 1 1 0 1 0 0 1 0 0 1 1 0 0 0 1 1 0 0 1 1 0 0 1 27
0 0 0 1 1 1 1 0 0 0 0 0 0 1 0 0 1 0 1 0 0 0 0 0 0 1 0 1 1 0 0 0 1 1 0 1 1 1 1 0 1 0 1 1 1 1 1 0 0 0 22
0 0 1 1 1 0 0 0 0 1 1 0 1 0 1 0 1 1 1 1 1 0 1 1 1 1 1 0 1 0 1 0 1 1 1 0 1 0 1 0 0 0 0 1 0 0 1 1 0 1 28
1 1 0 1 1 0 1 0 1 1 1 1 0 1 0 0 1 1 0 1 0 0 0 1 0 1 1 1 0 0 0 1 1 1 0 0 1 0 0 0 1 0 1 1 1 0 1 0 1 1 28
1 0 1 1 0 0 0 0 1 1 1 1 0 1 0 0 1 0 0 0 0 0 0 0 0 0 0 0 1 1 0 0 1 0 1 1 1 1 0 1 1 1 1 0 1 1 1 0 1 1 25
1 0 1 1 1 1 0 0 1 1 0 1 1 0 0 1 0 0 0 1 1 1 0 1 1 0 0 0 0 0 1 1 0 1 0 1 1 0 0 1 0 0 1 0 0 1 1 0 0 0 24
0 0 1 0 0 0 1 0 0 1 1 1 0 1 1 0 1 0 1 0 1 1 1 1 1 1 0 0 1 0 1 0 0 0 1 1 0 0 0 1 1 0 0 0 0 1 1 1 1 0 25
0 1 0 0 0 0 0 0 1 0 1 1 1 1 1 1 1 1 1 1 0 0 1 1 1 1 0 1 1 0 1 0 0 0 1 1 0 1 1 0 1 1 1 1 1 1 1 0 0 0 30
1 0 1 1 0 0 1 1 1 1 0 1 0 0 1 1 1 0 0 0 1 1 0 1 0 0 1 1 1 0 1 1 0 1 1 0 0 0 0 0 0 1 1 1 1 1 0 1 0 1 28
0 0 0 1 0 1 0 1 0 1 0 1 1 1 1 1 1 1 1 0 1 0 1 0 1 0 1 0 1 1 1 0 0 0 1 1 1 1 0 0 0 0 1 0 1 0 0 0 0 1 26
0 1 1 0 0 0 1 1 0 0 0 1 0 0 0 0 0 1 1 1 1 1 1 0 1 0 1 0 0 0 1 0 1 1 0 1 0 0 0 1 1 0 1 1 1 0 0 1 0 0 23
0 1 1 1 0 0 1 0 1 1 1 0 0 0 1 0 1 0 0 0 0 1 1 0 0 1 0 0 1 0 1 1 1 1 1 1 1 1 1 0 1 1 1 0 1 1 0 0 1 0 28
0 1 1 1 1 0 0 1 0 0 1 1 0 1 1 0 1 0 1 0 1 0 1 1 1 1 0 0 1 0 0 0 1 1 0 1 0 1 0 0 0 0 1 1 0 0 0 0 1 0 24
0 0 1 1 0 1 0 0 0 1 0 1 1 1 1 1 1 0 1 1 1 1 1 0 0 0 1 0 1 0 1 0 1 0 1 1 1 0 0 0 0 1 0 0 1 1 0 1 0 0 26
1 1 1 0 1 0 1 0 1 1 1 1 0 0 1 1 0 1 0 0 0 0 1 0 1 0 1 0 1 1 1 1 1 1 1 0 0 0 1 1 1 1 1 1 1 1 1 1 0 0 32
0 1 0 1 1 0 1 1 1 0 1 1 0 1 1 0 1 0 1 1 1 1 1 0 0 1 0 0 0 0 0 0 1 1 0 0 1 1 0 1 0 0 1 0 0 1 0 1 1 0 26
1 0 1 1 1 1 1 1 0 1 0 1 0 1 0 0 1 0 1 1 1 0 0 1 1 0 1 1 1 0 0 1 1 1 1 1 1 0 0 1 1 0 0 1 0 0 1 0 1 0 30
0 1 0 0 0 1 1 0 1 1 1 1 1 1 1 0 1 1 0 0 1 1 0 0 1 0 0 1 1 0 1 1 1 0 0 0 0 1 1 1 1 1 0 0 0 1 1 0 1 0 28
0 0 1 1 1 0 1 1 1 1 0 0 1 0 1 0 1 1 0 1 0 1 0 0 0 1 1 1 1 1 1 1 0 1 1 1 1 0 0 0 1 1 1 1 0 1 1 1 0 0 31
0 0 0 1 0 1 0 1 1 0 1 1 0 1 1 1 1 1 1 0 0 1 0 0 1 0 1 1 0 1 1 0 0 1 0 0 1 1 1 1 0 0 1 0 0 1 1 0 1 0 27
1 0 0 0 0 0 1 1 0 0 1 1 0 1 0 0 1 0 0 0 1 0 1 1 0 1 1 0 0 1 0 1 1 1 0 0 1 0 0 1 0 1 1 1 0 0 1 1 1 0 24
0 1 0 0 1 0 0 0 1 1 1 0 0 1 1 0 1 1 1 1 0 0 1 1 1 0 1 1 0 0 0 1 0 0 0 0 1 0 0 1 1 0 0 1 0 1 0 1 0 0 23
1 1 0 0 1 1 0 1 0 0 1 0 0 1 0 1 1 0 0 0 0 0 1 1 1 0 0 1 1 1 1 1 1 0 1 1 0 0 0 0 0 0 1 1 1 0 0 0 1 1 25
0 0 1 0 1 1 0 1 1 0 0 1 0 1 0 1 1 1 1 0 0 1 0 0 0 1 0 1 1 0 0 1 0 1 0 0 0 1 1 0 0 1 1 1 1 0 1 0 1 1 26
0 0 1 0 1 1 0 0 1 0 0 1 0 0 1 1 0 0 0 0 0 0 0 0 1 0 1 0 0 0 1 1 1 1 0 1 1 0 0 0 0 1 0 1 0 1 0 0 1 1 20
0 1 0 0 0 1 0 1 1 0 1 0 1 1 1 0 1 1 0 1 0 1 1 1 1 1 0 1 1 1 1 1 0 1 1 1 0 0 1 1 1 1 0 0 1 0 0 1 1 0 31
0 1 0 0 1 0 1 1 1 1 1 1 1 0 0 1 0 0 1 1 0 1 1 1 1 0 0 1 1 1 1 0 1 0 1 0 1 0 0 0 1 1 1 0 1 1 1 0 0 0 29
0 1 1 1 0 1 1 1 0 0 0 1 1 1 1 0 0 1 0 1 1 0 1 1 0 1 0 1 0 1 0 1 1 0 0 1 0 0 0 0 1 1 0 1 1 1 1 1 0 1 29
0 1 0 1 0 1 1 1 0 1 0 1 1 0 0 0 1 0 1 0 1 1 0 0 1 0 1 1 1 1 1 1 1 1 1 1 0 0 1 1 0 1 1 1 0 0 0 1 0 0 29
0 1 0 1 0 1 0 1 1 0 0 1 0 0 1 1 0 0 0 0 0 0 1 0 1 0 0 0 1 1 1 1 0 1 1 1 1 0 1 1 1 1 1 0 0 0 0 0 0 0 23
0 1 1 0 0 0 1 0 1 0 0 0 0 1 0 1 0 1 0 1 0 0 0 1 1 1 0 1 0 1 0 0 1 0 1 1 1 1 1 0 0 0 1 1 1 1 1 1 1 0 26
1 0 0 1 1 0 0 0 0 0 0 1 0 1 0 1 0 1 0 0 1 0 1 0 0 0 0 0 0 1 0 1 0 0 0 0 0 0 0 0 0 0 0 0 0 1 1 1 0 0 14
1 1 0 0 0 0 1 0 0 0 0 1 0 0 0 1 1 1 0 1 0 0 0 0 0 1 1 0 0 0 1 0 1 1 1 1 1 0 1 1 1 1 1 1 1 1 1 1 0 1 27
0 1 1 1 1 0 1 1 0 0 1 1 0 1 0 1 1 0 0 0 0 0 1 0 1 0 1 0 1 1 0 1 1 0 1 1 1 1 0 1 0 1 1 1 0 1 1 0 1 0 29
0 1 1 1 0 1 0 0 1 1 1 0 1 1 1 1 0 0 0 1 0 0 1 0 0 0 0 0 1 1 1 1 1 1 0 0 0 0 1 0 1 0 1 0 0 1 1 0 1 0 25
1 0 1 1 0 0 1 0 0 1 1 0 1 1 0 1 0 1 1 0 0 1 1 1 0 1 1 1 1 1 1 1 0 1 1 0 1 1 1 1 0 1 0 0 1 0 0 1 0 1 31
0 1 1 0 1 1 1 1 0 0 0 1 1 1 0 0 1 0 1 1 1 0 1 0 1 1 0 0 1 1 0 1 1 0 1 1 0 0 0 1 0 1 1 0 0 0 1 1 0 1 28
1 0 1 0 1 0 0 0 1 1 1 1 1 0 0 0 0 0 0 1 0 0 1 1 1 1 1 1 0 1 1 0 1 0 0 0 1 0 0 0 0 0 1 0 1 0 1 1 1 0 24
1 0 1 1 0 1 1 1 1 1 0 0 1 1 0 1 1 0 0 1 1 1 1 0 1 0 0 1 1 1 1 1 0 0 1 1 1 1 1 1 0 0 1 0 1 0 1 1 0 0 32
1 1 0 0 1 1 1 0 1 1 0 0 1 1 1 0 1 0 1 1 1 1 1 1 1 0 0 0 0 0 0 0 0 1 0 1 1 1 0 0 0 1 1 0 1 0 0 0 0 0 25
0 1 0 1 0 1 0 0 0 0 1 0 1 1 1 0 1 1 1 0 1 1 0 0 1 1 1 1 1 1 1 0 0 1 0 1 0 0 1 0 1 1 0 1 0 1 1 1 1 0 29
0 0 1 1 1 0 1 1 0 0 0 1 0 0 1 1 1 0 0 1 0 1 1 1 0 1 1 0 0 1 1 1 1 1 0 1 0 0 0 0 1 0 0 1 0 1 0 0 1 0 25
1 1 1 1 1 1 0 1 1 1 0 0 0 0 0 0 0 0 0 1 1 0 0 1 0 1 0 1 0 0 1 0 0 1 1 0 0 1 1 0 1 1 0 0 1 0 1 1 1 0 25
0 0 0 1 1 0 0 1 1 1 0 1 1 1 1 1 0 0 1 0 0 1 1 1 1 0 0 0 0 0 1 0 0 1 0 1 1 0 1 1 0 0 1 0 0 1 0 0 0 0 23
0 1 0 1 0 1 0 0 0 0 1 1 0 1 0 0 0 0 0 1 1 0 1 0 0 0 1 1 0 0 1 0 1 0 0 0 1 1 1 0 1 0 1 0 1 1 1 0 0 0 21
1 0 1 1 0 0 0 1 0 0 1 0 0 1 1 1 0 1 0 1 1 0 1 0 1 1 1 0 0 0 1 0 0 1 1 0 0 0 0 0 1 0 0 1 1 0 1 0 1 0 23
1 0 1 0 0 1 0 1 0 0 1 1 0 0 1 0 1 1 1 1 1 1 0 0 1 1 1 1 1 1 0 1 0 1 1 0 1 0 0 0 0 0 0 0 1 0 0 1 0 0 25
0 0 0 1 0 1 0 1 1 1 1 0 1 1 1 0 1 1 0 1 1 0 1 0 1 1 0 0 1 1 0 1 0 1 0 0 1 1 0 0 1 0 0 1 1 1 1 1 0 1 29
0 1 1 1 0 1 1 0 0 0 0 0 0 0 1 0 0 1 0 1 1 1 1 1 0 0 0 1 1 1 1 1 0 1 1 1 0 1 0 0 0 0 1 1 0 1 1 1 1 0 27
1 0 1 0 0 1 1 1 0 0 0 0 1 0 1 0 0 0 1 1 0 1 0 1 1 0 1 0 1 0 1 0 1 0 0 1 0 0 0 0 1 1 1 0 1 1 1 1 0 0 24
1 1 0 1 0 0 0 0 0 0 1 0 1 1 0 0 0 1 1 0 0 0 1 1 0 0 0 0 1 0 0 1 1 1 0 1 1 0 1 0 0 0 1 1 0 1 0 1 1 1 23
0 0 1 1 0 0 1 1 1 1 0 0 1 0 1 0 0 1 0 0 0 0 0 1 1 0 1 0 0 1 0 0 1 1 1 0 1 0 0 1 0 0 1 1 0 0 1 0 1 1 23
0 1 1 1 1 1 1 1 1 0 0 1 1 0 0 1 0 0 1 1 1 0 1 1 1 0 1 0 1 1 1 1 0 0 0 1 1 0 1 1 0 0 0 0 1 1 1 1 0 1 31
1 0 1 0 1 1 0 1 0 0 0 1 1 0 0 1 0 0 0 1 1 1 0 0 1 1 1 0 0 0 0 0 0 1 0 1 0 1 1 0 1 1 0 1 1 1 0 0 1 0 24
1 1 1 1 1 1 0 1 0 1 0 0 1 1 0 1 1 1 1 1 0 1 0 0 0 0 0 1 0 1 0 0 1 0 0 0 1 1 1 1 1 1 1 1 0 1 0 0 0 0 28
0 0 1 0 0 1 1 1 1 1 0 1 1 0 0 0 1 0 1 1 1 1 1 0 0 1 0 0 1 0 1 1 0 1 1 1 1 1 1 1 1 0 1 1 1 1 0 0 1 0 31
1 1 1 1 1 0 0 0 1 0 1 0 1 1 0 0 1 1 0 1 0 0 0 0 0 0 0 1 0 1 1 0 0 0 0 0 0 1 1 0 0 1 0 0 0 0 1 1 1 1 22
1 0 1 1 1 0 1 1 1 0 0 1 1 1 0 0 1 1 1 1 0 0 0 1 1 0 0 1 0 1 1 0 0 0 0 1 1 0 0 0 1 1 0 0 1 1 0 1 1 0 27
1 1 1 1 0 0 0 1 0 0 1 0 0 1 1 0 0 0 0 0 0 0 1 0 1 0 0 0 0 0 1 1 1 1 0 1 0 1 1 1 0 1 0 1 0 0 1 1 1 1 24
0 0 1 1 1 1 1 1 0 0 1 1 1 1 1 0 1 0 0 1 1 0 0 1 1 1 0 0 1 0 0 0 0 1 1 1 1 1 0 0 0 1 1 0 1 1 1 1 1 1 31
1 1 1 0 1 1 0 1 1 0 1 1 0 0 1 0 1 0 1 0 1 0 1 0 1 1 0 0 1 1 1 1 0 0 1 0 1 0 1 0 0 0 0 0 1 1 1 0 1 0 27
0 0 0 0 1 1 1 1 1 1 0 1 0 1 1 1 1 0 1 1 0 0 1 1 1 0 0 1 0 0 0 1 1 0 1 0 0 0 1 1 1 1 1 0 1 0 1 0 0 0 27
0 1 1 1 1 1 1 1 0 1 0 1 0 1 1 0 1 1 1 0 1 1 1 1 1 1 0 1 0 0 1 0 0 1 0 1 1 1 1 1 1 0 0 0 1 1 0 1 1 0 33
0 1 0 0 1 1 1 1 1 1 0 1 0 0 1 1 1 0 0 0 1 0 0 0 0 1 1 0 0 1 0 0 1 1 1 1 0 0 0 0 1 1 0 1 0 0 1 0 0 0 23
1 1 0 0 0 0 1 0 0 0 1 1 1 0 1 1 0 1 1 0 1 0 1 1 1 1 0 1 1 0 1 1 1 1 1 1 1 1 1 0 1 1 1 0 0 0 1 0 0 0 30
1 1 1 1 1 0 0 1 1 1 0 0 0 0 0 0 0 1 1 1 0 1 1 0 0 0 0 0 1 1 1 0 1 1 1 1 1 0 0 1 0 1 0 1 1 1 0 0 1 1 28
0 0 0 1 0 0 1 1 0 0 1 0 1 1 0 0 1 1 0 0 0 0 0 0 1 1 1 1 0 0 1 0 0 1 0 1 0 0 0 1 0 0 1 1 1 1 1 1 0 1 23
0 1 0 1 1 0 1 0 1 1 0 1 1 1 0 0 1 1 0 0 1 1 0 0 1 0 1 1 0 1 1 0 1 1 1 1 1 0 0 1 1 1 0 1 0 1 1 1 0 1 31
1 0 1 1 0 0 1 0 0 1 1 1 1 1 1 1 0 0 1 0 0 0 1 1 0 0 1 1 1 0 0 1 0 1 1 1 1 1 1 1 0 1 0 1 0 1 1 1 0 1 31
0 0 0 0 0 1 1 1 1 0 0 1 0 1 1 1 1 0 0 0 0 1 0 0 0 1 1 0 0 0 1 1 0 0 0 0 0 1 1 0 0 1 0 1 0 1 1 0 1 0 21
0 1 1 1 0 0 0 0 0 0 0 0 0 0 0 1 1 1 1 1 0 0 0 1 0 1 1 1 0 0 0 1 0 1 0 0 0 0 1 1 0 0 0 0 1 1 0 1 0 0 19
1 1 1 1 0 1 0 1 1 0 0 1 0 1 0 0 0 0 1 0 1 0 0 0 0 0 0 1 1 0 1 0 0 1 1 1 1 0 0 1 1 1 0 1 1 0 1 1 1 1 27
0 1 0 1 0 0 1 1 1 1 1 0 0 1 0 1 1 1 1 1 0 1 1 1 1 1 1 0 0 0 1 0 1 0 1 1 0 0 0 0 0 1 0 1 1 0 0 1 0 1 28
0 0 1 0 1 1 1 0 1 1 1 0 1 0 0 0 1 0 1 0 0 0 1 0 0 1 1 1 1 0 1 1 0 0 1 1 0 1 1 1 0 1 0 1 1 1 1 0 1 0 28
1 0 0 1 0 0 1 1 0 0 0 1 0 1 1 0 0 0 0 0 0 1 1 0 0 0 0 1 0 0 1 1 1 0 1 0 0 0 0 0 1 1 0 1 1 0 1 0 1 1 21
0 1 0 1 0 1 0 0 0 0 1 1 1 0 1 1 0 0 0 1 1 1 0 0 0 1 0 0 1 1 0 1 1 1 0 1 1 1 0 0 0 1 1 0 1 1 0 0 1 0 25
0 1 0 0 1 1 0 1 0 0 1 1 0 1 0 0 1 0 1 1 1 0 1 1 1 0 0 0 0 1 1 1 1 1 1 0 1 1 1 1 1 0 0 1 0 0 0 0 0 1 27
1 0 1 0 0 1 1 1 0 0 1 1 1 0 0 0 0 0 1 1 0 1 0 1 1 0 0 0 1 0 0 0 1 0 1 0 0 0 0 1 1 0 1 1 1 1 1 0 0 1 24
0 1 1 1 0 0 1 1 0 1 0 1 1 0 1 0 0 0 1 0 0 1 0 0 1 0 1 1 1 1 1 1 1 0 1 0 0 1 0 1 1 1 1 1 0 1 1 1 1 0 30
0 1 1 0 1 1 1 0 0 0 0 1 1 1 1 1 1 1 0 1 0 1 1 0 0 0 0 1 1 0 1 1 0 1 1 0 0 1 1 0 1 1 0 0 1 0 0 0 1 1 28
0 0 0 0 0 0 1 0 1 1 0 0 1 1 1 1 1 0 0 1 1 0 0 1 1 0 1 0 1 1 0 0 1 0 1 0 1 0 1 1 1 0 1 1 0 0 1 0 1 0 25
0 0 0 0 0 1 1 1 0 1 0 0 1 1 1 0 0 0 1 1 1 1 1 0 1 0 1 1 0 1 1 0 1 0 0 1 0 0 0 0 0 1 1 0 1 0 0 0 1 1 24
1 0 0 0 1 0 0 1 1 0 0 1 0 0 1 1 0 1 1 0 1 1 0 0 1 0 1 0 0 1 0 0 1 0 1 0 1 0 1 0 0 0 1 1 0 1 1 1 0 1 24
0 1 1 1 0 0 1 1 0 0 0 0 1 0 1 1 0 1 0 0 1 0 0 1 0 0 1 1 0 1 0 1 1 0 1 0 1 1 0 1 0 1 0 1 1 1 0 1 1 1 27
1 1 1 1 0 1 0 0 0 1 0 1 1 0 1 1 1 0 0 0 0 1 1 1 1 0 0 1 0 1 1 1 1 1 0 1 0 0 0 0 0 0 0 1 1 1 0 0 0 0 25
1 0 0 1 1 0 1 1 0 0 0 1 0 0 0 0 1 0 0 0 1 0 1 0 0 1 1 0 0 0 1 0 0 1 0 0 0 0 0 1 1 1 0 0 0 0 0 1 1 1 19
0 0 1 0 1 0 0 1 1 0 0 1 1 0 1 1 0 1 0 0 1 1 0 0 0 1 1 1 1 1 0 0 1 1 0 1 1 0 1 1 1 1 1 1 1 1 1 0 0 0 29
0 1 1 0 0 1 1 1 1 1 0 0 0 0 0 1 0 1 1 0 1 0 0 1 0 1 0 1 1 0 1 1 0 0 1 1 0 1 1 1 0 0 1 1 0 0 0 1 0 1 26
1 1 0 1 1 1 0 1 0 0 0 0 0 0 0 1 0 0 0 1 0 0 1 1 0 1 0 1 1 0 0 0 1 1 0 1 1 1 0 1 1 0 1 1 0 1 1 1 0 1 26
0 0 1 0 1 1 0 0 0 0 0 1 0 0 1 1 0 1 0 0 1 0 0 1 0 1 0 0 0 1 1 1 1 1 0 1 1 1 1 1 1 0 1 1 0 0 0 0 0 0 23
1 1 0 0 0 1 1 0 0 0 1 1 0 1 1 1 1 0 1 1 0 1 0 1 0 1 1 0 1 1 0 0 1 1 1 0 1 0 0 1 1 1 0 0 1 0 0 1 1 0 28
0 1 1 1 0 1 1 1 0 1 0 0 1 1 1 0 1 1 1 0 0 0 0 1 0 1 0 1 1 1 0 1 0 1 0 1 1 1 1 1 0 0 1 0 0 0 1 1 0 0 28
0 1 0 0 1 0 0 0 1 1 0 1 0 1 1 0 1 0 0 1 1 0 0 0 0 1 0 0 1 0 0 1 1 0 0 1 1 0 0 1 0 0 0 1 1 1 1 1 0 0 22
1 0 0 0 0 1 1 1 0 0 1 0 1 1 0 0 1 1 0 1 1 0 0 0 1 1 1 0 1 1 1 1 0 1 0 0 0 1 1 0 0 1 1 1 0 1 1 1 0 0 27
1 1 0 0 1 0 0 0 1 1 1 0 0 0 0 1 1 0 0 0 0 1 0 0 0 0 0 1 0 1 1 1 0 1 0 0 1 1 0 1 1 0 0 0 0 1 1 0 1 1 22
0 1 1 1 1 1 0 0 0 1 1 0 0 0 1 1 0 1 1 0 1 1 0 1 0 1 0 0 0 1 1 1 0 0 1 0 0 0 1 1 1 1 0 0 1 0 1 0 0 1 26
1 0 1 0 1 1 0 1 1 0 0 0 0 0 1 0 0 1 0 0 1 0 0 0 0 1 0 1 0 1 1 1 1 0 0 1 1 1 1 0 1 1 0 1 1 1 1 0 0 1 26
1 0 0 0 0 0 0 1 0 1 1 1 1 1 1 0 0 1 1 1 1 1 0 0 1 0 1 0 1 0 0 1 0 0 1 0 0 0 1 0 0 1 1 0 1 0 0 1 0 1 24
0 1 0 1 1 1 1 1 0 0 0 1 1 1 1 0 0 1 1 1 1 1 1 1 0 0 1 0 1 0 0 1 0 0 1 1 1 0 1 1 1 1 0 0 1 0 1 0 0 0 29
1 1 1 0 0 1 1 1 0 0 1 1 1 1 1 1 1 1 0 1 1 0 1 1 0 1 1 1 1 1 1 0 1 1 0 0 0 1 0 1 0 1 0 0 1 0 1 0 1 1 33
0 1 0 1 0 0 0 1 0 0 1 0 0 0 1 0 0 1 1 0 0 0 0 1 1 0 0 0 0 0 0 1 0 0 0 1 1 0 0 1 1 0 1 1 0 1 1 1 1 1 21
0 1 1 0 0 1 0 1 1 1 1 1 0 0 1 0 1 1 0 1 0 0 1 1 1 0 1 0 0 0 0 0 1 1 0 0 1 0 1 1 1 0 0 0 0 1 1 0 1 0 25
1 0 0 1 1 0 1 1 0 0 1 1 0 1 1 1 0 0 0 0 1 0 0 1 0 0 0 0 1 0 1 0 0 0 1 1 1 1 1 0 1 1 1 0 1 0 0 0 1 0 24
0 1 1 1 0 0 1 1 1 0 1 0 0 1 0 1 0 0 0 1 0 1 0 0 1 0 0 1 0 1 1 1 0 0 0 1 0 1 0 0 1 0 1 1 0 0 1 0 0 0 22
1 0 1 1 1 0 0 0 0 0 0 0 0 1 0 1 1 0 1 0 1 1 0 1 0 1 0 0 0 1 0 1 0 1 0 1 0 1 0 1 1 1 0 0 0 0 1 0 1 0 22
1 0 1 1 0 1 1 1 0 1 0 1 0 0 0 0 1 0 0 0 1 1 0 1 0 0 0 1 1 0 0 1 0 1 1 0 0 1 0 0 1 1 1 0 0 1 1 0 1 0 24
1 0 0 0 1 1 1 1 1 1 1 0 1 1 0 1 0 1 1 0 0 0 0 0 0 1 0 0 1 1 0 1 0 1 1 0 0 0 1 1 0 1 0 1 0 0 0 1 1 0 25
1 0 0 0 0 1 1 0 0 1 0 0 1 0 0 0 1 0 1 1 0 0 1 0 0 1 0 0 0 0 1 1 1 0 0 1 0 1 1 0 0 0 0 1 1 0 0 1 0 1 20
0 0 0 1 0 0 1 0 1 0 0 0 1 0 1 1 1 1 0 0 1 1 0 0 1 1 0 1 0 0 1 0 1 0 0 0 1 1 1 1 1 1 0 1 1 1 0 1 1 0 26
1 1 1 0 1 0 1 1 0 0 0 0 1 0 1 0 1 1 0 1 1 1 1 1 1 0 1 0 0 1 0 0 1 0 0 1 1 1 1 0 0 0 1 1 1 0 0 0 1 1 28
1 0 0 0 0 1 0 1 0 0 0 1 1 1 1 0 1 0 1 0 0 0 1 1 1 0 1 0 1 1 1 0 1 1 0 1 0 1 0 1 0 1 0 0 1 1 1 0 1 0 26
0 1 0 1 1 0 1 1 1 0 0 0 0 0 1 1 0 1 1 1 0 1 0 1 1 0 0 0 1 1 1 0 1 0 1 1 1 1 0 1 1 0 0 0 1 1 1 0 1 1 29
0 1 0 0 1 1 1 1 0 1 1 1 0 0 1 1 0 1 1 1 0 1 0 1 0 0 0 1 0 1 0 0 0 0 1 1 0 0 0 0 1 0 0 0 1 1 1 0 1 1 25
1 1 0 0 1 0 0 1 0 1 1 1 0 0 0 0 0 1 1 0 0 1 1 0 0 0 1 1 0 0 1 1 0 1 0 1 0 0 0 0 0 1 0 1 0 1 0 1 0 0 21
1 1 1 0 1 0 1 1 0 0 1 1 0 0 0 1 1 1 1 1 1 1 1 0 0 0 0 0 1 1 0 0 0 0 1 1 1 0 1 0 0 1 1 0 1 1 1 0 1 0 28
0 0 0 1 0 1 0 0 1 1 1 0 0 1 0 0 0 0 1 1 1 0 0 0 1 1 0 1 1 0 1 1 0 0 0 0 0 0 0 1 0 0 1 1 1 1 0 1 1 0 22
0 0 1 1 1 0 0 0 0 0 0 0 1 1 1 0 1 1 0 1 1 1 1 0 0 0 1 1 0 1 1 0 0 0 1 0 1 0 1 0 0 1 0 1 1 0 0 1 0 0 23
0 0 1 0 1 1 0 1 0 0 1 1 1 0 1 1 1 1 1 0 0 1 1 1 0 1 1 1 0 0 0 1 1 0 1 0 0 1 1 0 0 0 0 1 1 0 1 0 1 1 28
0 0 1 1 0 1 0 1 1 1 1 0 0 0 0 0 1 0 0 1 1 1 0 1 1 1 0 1 0 1 0 1 0 0 0 1 0 1 0 1 1 0 0 0 0 1 0 0 1 1 24
0 1 1 0 1 0 0 0 1 0 1 0 1 0 1 0 1 0 1 0 1 0 1 0 1 0 1 0 1 0 0 1 1 1 0 0 1 0 1 0 1 0 0 1 1 1 0 0 0 0 23
0 0 1 1 1 0 0 1 0 0 1 1 0 1 0 0 0 1 0 0 0 0 0 0 1 0 0 1 1 1 0 0 1 1 0 1 0 0 1 0 1 1 0 0 1 0 1 0 1 1 22
0 0 1 0 1 0 0 0 1 0 0 0 1 0 0 0 0 0 0 0 0 1 0 1 0 0 1 0 1 1 1 0 0 1 1 1 1 1 1 1 1 0 0 0 0 1 1 0 1 1 22
1 0 1 1 1 0 0 1 1 1 1 0 1 0 0 0 0 0 0 0 1 1 0 1 0 1 0 0 1 1 1 0 1 0 0 1 0 0 1 0 0 1 0 0 1 0 1 0 1 1 24
0 1 0 1 0 1 0 1 0 0 1 0 0 1 0 1 1 1 1 0 0 0 0 1 0 1 1 0 0 0 1 0 1 0 1 1 0 1 1 1 0 1 1 1 1 0 0 1 1 0 26
1 0 1 0 0 0 0 1 1 1 1 1 1 0 0 1 1 0 1 0 0 1 1 0 0 1 1 1 0 1 0 0 1 1 1 1 0 0 0 1 0 1 0 0 0 1 0 1 0 0 25
0 1 1 1 0 0 1 0 0 1 0 0 0 1 1 0 1 0 0 0 1 1 0 1 0 1 0 0 1 0 1 0 1 0 0 0 0 1 1 0 0 0 0 0 1 0 0 1 1 0 20
0 1 0 1 1 1 0 0 0 1 0 1 1 1 0 0 1 0 0 1 0 1 0 0 0 0 1 1 1 0 0 1 0 1 0 1 0 1 0 0 1 0 1 0 1 0 1 0 0 1 23
0 0 1 1 0 0 1 1 1 1 0 1 0 0 1 1 1 0 1 0 0 1 0 0 1 1 0 0 0 1 1 0 1 0 1 1 0 0 1 1 0 1 0 1 0 1 1 0 1 1 27
1 0 1 0 0 0 0 1 0 1 1 0 1 1 0 0 1 1 0 0 0 0 1 0 0 1 1 1 0 1 0 0 1 0 0 1 1 1 1 1 1 0 1 0 0 0 1 0 0 0 23
0 1 0 1 0 1 1 0 1 0 1 1 0 0 0 1 1 1 0 0 1 0 1 0 1 0 1 0 1 1 0 1 0 1 1 0 0 1 0 1 0 0 0 1 0 0 1 0 0 1 24
0 0 1 1 0 0 0 1 0 0 0 0 1 1 1 0 0 1 0 1 1 0 1 0 1 0 0 1 0 1 0 0 0 0 1 0 0 1 1 1 1 0 0 0 1 1 0 1 0 1 22
103 127 130 131 119 127 130 138 113 116 122 129 117 134 126 117 129 127 128 130 123 125 127 120 133 118 115 126 124 129 132 128 120 126 131 149 120 112 129 129 122 127 122 125 129 133 132 120 121 110 6250
