0 0 1 0 0 1 1 1 0 1 1 0 0 1 1 1 1 1 0 1 1 1 1 1 1 0 0 0 1 1 0 0 1 0 0 1 0 0 1 1 0 1 1 0 0 0 0 1 1 0 27
0 1 0 0 0 0 1 1 0 0 0 0 1 0 1 0 0 1 1 0 1 1 0 1 1 0 1 1 1 1 0 0 1 0 1 0 1 1 0 0 1 1 1 0 0 0 0 0 0 1 23
0 0 1 0 0 0 0 0 0 0 1 1 0 1 0 0 1 1 1 0 0 1 0 0 1 1 1 1 1 1 0 1 0 0 0 1 0 0 1 0 0 0 1 0 0 0 0 0 0 1 19
0 1 1 0 0 0 0 1 1 0 1 0 1 1 1 0 1 1 1 0 0 0 0 1 0 1 1 1 0 0 1 0 1 0 0 0 1 1 1 0 1 1 0 1 0 0 0 0 1 0 24
1 1 0 1 1 0 0 0 1 1 0 1 0 1 1 1 1 1 1 1 1 1 0 0 1 1 1 0 0 1 1 0 1 1 0 1 1 1 1 0 1 1 1 1 1 1 0 0 0 1 34
1 1 1 1 1 0 0 1 0 0 0 1 1 0 1 0 0 0 1 0 0 0 1 1 0 0 0 1 1 1 0 0 0 1 1 0 1 0 1 1 0 0 1 1 1 1 1 0 0 1 26
0 1 0 1 1 1 0 1 1 1 1 0 1 1 1 0 1 1 1 1 1 0 0 1 1 1 1 1 1 1 0 0 1 0 0 1 0 0 1 0 1 0 1 0 1 0 1 1 0 0 31
0 1 0 0 0 0 1 0 1 1 1 1 0 1 1 1 0 1 1 0 0 0 0 1 0 1 1 1 0 1 0 0 0 1 1 0 1 0 1 0 1 0 0 0 1 1 0 0 0 0 23
0 0 1 0 1 1 1 1 0 0 1 1 1 1 1 0 1 1 0 0 1 1 1 0 0 1 0 1 0 1 0 0 0 1 1 1 0 1 0 1 0 1 0 1 0 1 1 1 0 0 28
1 1 0 0 0 1 1 1 1 0 1 1 0 0 1 0 1 1 0 0 1 0 0 1 0 1 1 0 1 1 0 0 1 0 1 0 1 1 0 1 1 1 1 0 0 0 0 1 0 1 27
0 1 1 1 0 0 0 0 0 1 0 0 0 1 0 0 0 1 0 0 1 1 0 0 0 0 1 1 1 0 0 1 1 0 0 1 0 1 0 1 1 0 1 1 1 0 1 1 1 1 24
0 0 0 0 0 1 0 1 1 1 0 1 1 0 1 0 1 0 0 0 1 1 1 1 1 0 1 1 1 0 1 0 0 0 0 0 1 0 1 1 1 1 1 0 1 1 0 1 0 1 27
1 0 0 1 1 0 0 0 1 1 1 1 1 1 1 0 1 0 0 1 1 0 1 1 1 0 0 0 0 1 0 0 0 1 0 0 0 1 0 1 1 0 0 1 1 0 1 1 0 0 25
1 0 1 1 1 1 1 1 1 0 1 1 1 1 0 0 1 1 1 1 1 1 1 1 1 0 0 0 0 1 1 0 1 0 1 1 0 1 1 0 1 0 1 1 0 1 0 1 1 1 35
0 0 0 0 1 0 1 0 1 0 0 0 1 0 1 0 0 1 0 0 0 1 0 1 0 0 1 1 0 1 1 1 0 1 0 0 1 1 1 1 0 0 0 1 0 1 0 1 1 0 22
1 1 0 1 1 1 1 0 0 1 1 1 1 0 1 1 1 0 0 1 0 1 0 1 1 1 1 1 0 1 0 0 1 0 1 1 1 1 0 0 1 1 1 1 1 1 0 1 0 1 34
0 0 1 1 0 0 0 1 1 0 1 1 1 1 0 0 0 0 1 1 1 0 1 0 1 1 0 1 1 0 1 1 1 1 1 1 1 1 0 0 0 1 1 0 0 0 1 1 0 0 28
1 0 1 1 1 1 1 1 1 1 0 1 0 0 1 1 1 0 1 0 1 0 0 0 0 0 0 1 1 1 0 0 0 1 0 1 1 0 1 0 1 1 1 1 0 0 0 0 1 0 27
0 1 1 1 1 0 0 1 0 0 0 1 1 0 1 1 0 0 1 1 1 1 1 0 1 1 0 0 0 0 0 1 0 0 0 1 1 1 0 0 0 1 0 0 0 0 0 1 1 0 23
0 0 1 0 1 1 1 0 1 1 1 0 1 1 1 0 0 0 0 1 1 1 1 0 0 1 1 1 1 1 0 1 0 0 0 1 0 0 1 1 0 1 0 0 1 1 1 1 0 0 28
1 0 0 1 0 1 0 1 0 0 1 1 0 0 0 0 0 1 1 0 1 0 0 0 1 1 1 0 1 1 0 0 1 1 1 1 0 0 1 1 0 1 1 0 1 0 1 0 0 0 24
1 1 1 0 1 0 1 0 0 0 1 0 1 1 0 0 0 1 0 0 0 0 0 0 1 0 1 1 0 0 0 0 0 1 0 1 1 0 0 1 1 1 1 0 1 0 1 0 0 1 22
1 1 0 1 0 1 0 1 0 0 0 1 1 1 0 1 0 0 1 0 1 0 1 1 0 1 1 1 1 0 1 1 0 1 0 1 1 1 1 0 1 0 0 1 0 0 1 1 0 1 29
1 1 0 1 1 1 1 0 0 1 1 0 1 1 1 1 1 1 1 0 0 1 0 0 0 1 1 0 1 0 1 1 0 0 1 1 0 1 1 1 0 1 1 0 1 1 1 0 1 0 32
1 1 0 1 0 0 0 1 1 0 1 0 1 0 1 1 0 0 1 0 1 1 0 1 0 0 1 0 0 1 1 0 1 0 0 1 0 0 0 1 0 0 0 1 1 0 0 1 0 0 22
0 0 1 1 0 0 0 1 1 0 0 0 1 1 1 1 0 1 1 0 1 1 0 0 0 1 0 0 1 0 0 1 0 1 1 1 0 1 1 1 1 0 1 0 1 0 0 0 1 0 25
1 0 0 1 1 1 1 0 0 0 0 0 1 1 1 0 0 0 1 0 0 0 0 0 1 0 0 1 0 1 1 0 0 1 1 1 0 1 1 1 0 1 1 1 1 0 1 0 1 0 25
0 0 1 0 0 1 1 0 1 0 0 1 1 0 1 0 0 1 1 0 0 1 0 0 0 0 1 1 1 0 1 0 0 0 0 1 1 0 0 1 1 1 0 0 0 1 1 1 1 1 24
1 1 0 0 0 0 1 0 1 1 1 0 0 0 0 1 0 1 1 1 0 1 1 0 0 1 1 1 1 0 1 1 0 1 1 1 1 0 1 0 0 1 0 0 1 1 1 1 1 0 29
1 1 0 1 1 0 1 1 0 1 0 1 1 1 1 0 0 0 0 1 0 0 0 0 1 1 0 1 1 0 0 0 1 0 1 1 0 0 1 0 0 0 1 1 1 0 0 0 0 1 24
0 0 0 0 0 0 0 0 0 0 0 0 0 0 0 0 0 0 0 0 0 0 0 1 0 0 0 0 0 0 0 0 0 0 0 0 0 0 0 0 0 0 0 0 0 0 0 0 0 0 1
0 0 0 0 1 0 0 0 0 0 0 0 0 0 0 0 0 0 0 0 0 0 0 0 0 0 0 0 0 0 0 0 0 0 0 0 0 0 0 0 0 0 0 0 0 0 0 0 0 0 1
0 0 0 0 0 0 0 0 0 0 0 0 0 0 0 0 0 0 0 0 0 0 0 0 0 0 0 0 0 0 0 0 0 0 0 0 0 0 0 0 0 0 0 0 0 0 0 1 0 0 1
0 0 0 0 0 0 0 0 0 0 0 0 0 0 0 0 0 0 0 0 0 0 0 0 0 0 0 0 0 0 0 0 0 1 0 0 0 0 0 0 0 0 0 0 0 0 0 0 0 0 1
0 0 0 0 0 0 0 0 0 0 0 0 0 0 0 0 0 0 0 0 0 0 0 0 0 0 0 0 0 0 0 0 0 0 0 1 0 0 0 0 0 0 0 0 0 0 0 0 0 0 1
0 0 0 0 0 0 0 0 0 0 0 0 0 0 0 0 0 0 0 0 0 0 0 0 0 0 0 0 0 0 0 0 0 0 0 0 0 0 0 1 0 0 0 0 0 0 0 0 0 0 1
0 0 0 0 0 0 0 0 0 0 0 0 0 0 0 0 0 0 0 0 0 0 0 0 0 0 0 0 1 0 0 0 0 0 0 0 0 0 0 0 0 0 0 0 0 0 0 0 0 0 1
1 0 0 1 1 1 0 1 0 1 1 0 1 0 1 0 0 0 1 1 1 0 0 0 1 1 0 0 0 1 1 0 1 0 0 0 1 0 1 0 0 1 0 0 0 0 1 0 1 0 22
1 0 0 1 1 1 1 1 0 1 0 0 0 0 1 1 1 0 0 1 0 1 0 1 1 1 1 0 0 0 0 0 0 1 0 0 0 1 0 0 0 0 1 1 1 1 1 1 0 1 25
0 1 1 1 1 0 1 0 1 0 1 1 0 0 0 0 0 1 1 1 1 0 0 0 0 0 0 1 1 1 0 0 1 1 0 1 1 0 0 1 1 1 0 0 1 1 0 1 0 0 25
1 0 1 0 0 1 0 0 0 0 1 1 1 0 0 0 0 0 0 1 1 0 1 1 0 1 0 1 0 0 1 0 0 1 1 0 0 1 0 1 0 1 1 0 1 1 0 0 1 0 22
0 1 1 0 1 1 1 1 0 1 1 0 0 1 0 0 0 1 1 0 1 1 1 1 1 1 1 1 0 1 1 1 1 1 0 0 0 1 0 0 1 0 1 1 0 1 1 0 0 0 30
0 0 0 1 1 1 0 0 1 1 1 1 1 1 0 1 1 1 1 1 0 0 1 1 1 0 1 0 1 1 1 0 1 1 1 1 0 1 1 1 0 0 0 0 1 1 1 1 1 1 34
1 1 0 0 0 0 0 1 1 1 1 0 1 1 1 0 1 1 1 1 0 1 0 0 0 1 0 0 0 1 0 0 1 1 1 1 0 1 1 0 1 0 0 1 0 1 1 1 1 1 29
1 1 1 1 1 1 0 0 0 1 0 0 1 0 0 1 1 0 1 0 0 1 0 1 1 1 1 1 0 1 1 1 0 0 1 1 0 1 0 1 1 0 0 0 0 0 1 1 1 0 28
0 1 0 1 0 0 1 0 0 1 1 1 0 1 0 1 0 0 1 0 0 0 1 1 0 0 1 1 0 0 0 1 0 0 0 0 0 1 1 0 0 1 1 1 1 0 1 0 0 0 21
0 1 0 1 1 0 0 0 1 1 0 1 0 1 0 0 1 0 0 1 1 0 1 0 0 0 1 1 0 1 0 1 0 0 1 0 0 0 1 1 0 1 1 0 0 0 0 1 0 1 22
1 0 1 1 0 1 1 0 0 1 1 0 0 0 0 1 1 1 1 1 1 0 0 1 0 0 0 1 1 1 1 0 0 1 1 0 0 0 1 0 1 0 1 0 0 1 1 0 1 0 26
1 0 0 1 0 0 1 0 1 1 1 1 1 0 0 0 0 0 0 1 1 0 0 1 0 0 1 0 0 0 1 1 0 1 0 0 0 0 1 0 1 1 1 0 1 1 1 1 1 1 25
0 0 0 1 0 0 1 0 1 1 1 0 0 1 0 1 1 0 0 0 0 1 1 0 1 0 0 1 1 0 0 0 1 1 0 0 0 1 0 0 0 0 1 1 1 0 0 1 0 0 20
0 0 1 1 0 1 0 0 1 0 1 0 1 0 0 0 0 1 0 1 1 1 0 1 1 0 1 0 0 0 0 1 1 1 0 1 1 1 1 1 0 1 1 1 1 0 1 0 0 0 26
0 0 0 1 1 0 0 0 1 0 1 0 1 0 0 1 1 0 0 0 0 0 1 1 0 0 1 1 1 1 0 1 0 0 1 0 1 1 0 1 1 0 0 1 0 0 0 1 1 1 23
1 1 0 1 1 1 0 1 0 1 1 1 0 1 1 0 0 1 0 0 1 1 0 0 0 1 1 0 0 0 1 0 0 0 1 0 1 0 0 0 1 0 0 0 0 1 0 1 0 0 22
0 0 1 0 0 1 1 0 1 1 0 1 1 1 1 0 0 1 0 1 1 1 0 0 0 1 0 0 1 1 1 0 0 0 1 0 0 1 0 0 1 1 1 1 0 0 1 1 1 1 27
1 0 1 0 0 0 0 0 1 1 0 1 1 1 1 0 0 1 0 0 0 0 1 1 0 0 1 0 1 0 0 1 1 1 0 1 0 1 0 0 1 1 0 0 1 1 1 0 1 1 25
0 0 1 0 0 1 1 1 1 1 0 0 0 1 1 1 0 1 0 1 0 0 0 0 0 0 0 1 1 1 0 1 1 0 1 0 1 0 1 1 0 1 0 1 0 0 1 1 1 0 25
0 0 0 0 1 1 0 0 1 1 0 1 0 1 0 1 0 0 0 0 0 1 1 0 0 0 1 1 1 0 1 0 1 1 1 1 0 0 0 1 0 0 0 1 0 1 1 0 0 0 21
0 0 0 1 0 0 1 1 1 1 0 0 0 1 0 0 1 0 1 0 0 0 0 0 1 0 1 0 1 0 1 1 0 1 0 1 1 0 0 0 0 1 0 0 1 0 0 1 1 1 21
0 0 0 0 1 0 1 0 1 1 0 1 0 0 0 1 0 0 1 1 0 0 1 1 1 0 0 1 1 0 0 0 0 0 1 0 1 1 0 1 1 1 0 1 1 0 1 0 0 1 23
0 1 0 0 1 0 1 1 0 0 1 0 0 0 1 0 1 1 0 0 1 1 1 0 0 1 1 0 1 0 1 1 0 1 1 0 0 1 1 1 1 0 0 1 0 0 0 1 0 0 24
1 0 1 0 0 1 1 1 1 1 1 1 1 1 1 0 1 1 1 0 1 0 0 0 1 1 1 0 0 0 1 0 0 1 0 0 1 0 1 0 1 1 0 1 1 0 1 1 1 0 30
0 0 1 0 1 1 0 0 1 0 0 1 1 0 0 1 1 1 1 0 0 0 1 0 1 1 0 0 0 0 0 1 1 0 1 0 0 0 0 0 1 1 1 0 1 0 0 0 0 0 20
1 1 1 1 1 0 1 0 0 1 0 0 0 1 1 1 0 0 0 1 1 1 1 1 0 0 1 1 1 1 1 1 0 1 0 0 1 1 1 0 0 1 0 1 1 1 1 1 1 1 33
1 1 0 1 0 1 1 0 0 1 1 0 0 0 1 0 1 1 0 0 1 1 0 0 0 0 1 1 1 1 1 1 0 1 0 1 0 1 1 0 0 0 0 1 1 1 0 1 0 1 27
0 0 1 0 1 0 0 0 0 0 1 0 1 1 0 1 1 1 0 1 1 0 1 0 1 1 0 0 1 0 1 0 1 0 0 0 1 1 1 1 0 1 1 1 0 1 1 0 0 0 25
0 0 0 0 0 1 1 0 0 0 1 1 0 0 1 0 0 1 1 1 1 1 0 1 1 0 1 1 0 1 1 0 1 0 0 1 1 0 0 0 0 0 0 1 0 0 0 0 0 1 21
0 1 1 0 0 1 1 0 0 1 1 0 0 1 1 1 1 1 0 0 1 1 1 1 1 0 1 0 1 1 0 0 1 1 1 0 0 1 1 0 0 0 1 1 1 1 0 0 1 1 30
1 1 0 0 0 1 1 1 1 0 1 0 0 0 0 0 1 0 1 0 1 1 0 1 0 1 0 0 0 0 1 0 0 0 0 0 0 1 1 0 1 1 0 0 0 1 0 0 0 0 19
1 0 1 0 0 0 1 1 1 1 1 0 1 1 0 1 1 1 0 0 0 0 1 1 0 1 0 0 0 1 0 1 1 1 1 1 0 1 1 0 0 0 0 0 1 0 0 1 1 1 27
1 1 0 0 0 1 0 1 0 1 1 0 1 0 1 1 1 0 0 1 0 1 1 1 0 1 0 1 0 1 1 0 0 0 1 1 1 1 1 1 1 1 1 0 1 1 0 0 0 1 30
0 1 0 1 0 0 0 1 0 1 0 0 1 1 0 1 0 0 0 1 1 1 0 0 1 0 1 1 0 1 0 1 1 0 0 1 0 1 0 1 1 1 0 0 1 0 0 0 1 0 23
1 1 1 0 1 1 0 1 1 1 1 0 1 0 0 0 0 1 1 0 1 0 0 0 1 1 0 0 0 1 0 1 1 1 0 0 0 0 1 0 1 0 0 1 1 1 0 0 0 1 25
1 1 1 0 0 0 1 0 0 0 1 1 0 0 0 1 1 1 0 0 0 0 1 0 1 0 1 1 1 0 0 1 1 1 0 0 1 1 1 1 1 0 1 1 0 0 0 0 1 0 25
1 1 1 1 0 1 0 1 0 1 1 1 0 1 1 0 0 0 0 1 0 1 0 1 1 1 1 1 0 1 1 0 1 0 1 1 0 1 0 1 0 1 0 0 0 1 0 0 1 1 29
0 0 1 0 1 1 0 0 1 0 1 1 0 1 1 0 1 0 0 0 1 1 1 0 1 1 1 1 1 1 1 1 1 0 1 0 0 0 0 1 1 0 1 1 1 1 0 0 1 0 29
0 1 0 0 0 0 0 1 0 1 1 0 0 0 0 0 0 1 1 0 0 1 0 0 1 0 0 1 0 1 0 0 1 1 1 1 1 0 0 0 0 0 1 1 1 1 0 1 1 1 22
1 0 0 1 0 0 0 1 1 1 0 1 0 0 1 1 1 1 1 0 0 0 0 0 1 0 0 0 1 0 0 1 0 0 0 0 0 1 0 0 1 1 1 1 0 1 1 0 1 1 23
0 0 0 1 1 0 0 1 1 0 1 1 1 0 1 1 1 1 1 1 1 1 0 0 1 0 1 1 0 0 0 1 1 0 0 1 0 1 1 0 0 0 0 1 1 1 1 0 1 0 28
1 0 0 0 0 1 0 0 0 1 0 0 1 0 0 0 0 0 0 0 1 1 0 1 0 0 1 1 0 1 1 0 0 1 1 1 0 1 1 1 1 0 0 0 1 1 1 1 0 0 22
1 0 1 0 0 0 0 0 0 0 0 1 1 1 1 1 1 0 0 0 1 0 1 1 1 0 1 0 0 1 1 0 1 1 1 0 0 1 1 0 1 0 0 1 0 0 1 1 0 0 24
1 0 0 1 1 0 1 1 1 0 1 0 0 1 0 1 1 0 1 1 1 0 1 1 1 0 1 1 0 1 0 0 0 0 1 1 1 1 0 1 1 1 0 1 1 0 0 0 0 0 28
1 0 1 1 1 0 1 0 0 0 0 0 0 0 0 0 1 0 1 1 1 1 1 0 0 1 0 0 1 0 1 1 0 1 1 0 1 0 0 1 1 1 1 0 1 1 1 1 0 1 27
1 1 1 0 1 0 0 0 1 0 0 0 1 1 0 0 1 1 0 1 1 0 1 0 0 0 1 1 0 1 0 0 1 1 1 0 1 1 0 1 1 1 0 0 0 1 1 1 0 1 27
0 0 1 0 1 1 1 1 0 1 1 1 1 1 1 0 0 0 0 1 1 1 1 0 1 0 0 1 0 1 1 1 0 0 1 0 0 0 0 0 0 0 1 0 0 0 0 1 1 0 24
1 1 0 0 1 0 1 0 1 0 0 1 1 0 0 0 1 1 0 1 0 0 1 1 1 0 0 1 0 0 1 1 1 0 0 1 1 0 0 1 1 1 0 1 0 0 1 0 0 0 24
1 0 1 1 1 0 1 0 1 1 1 0 1 0 1 0 0 0 1 0 1 0 0 1 1 1 1 0 1 0 0 0 1 1 1 1 0 0 1 0 0 0 0 1 0 0 0 0 1 0 24
1 1 1 0 1 0 1 0 1 0 0 1 1 1 1 1 1 0 1 0 1 1 0 1 1 0 0 1 1 0 1 0 1 0 1 0 1 1 1 0 0 1 1 1 0 0 1 0 0 1 30
1 1 1 1 1 0 1 1 0 0 1 0 1 1 1 1 0 1 1 1 0 0 1 1 1 0 0 1 0 1 1 1 0 1 1 0 0 1 1 1 0 0 1 1 0 1 1 1 0 0 32
0 1 1 1 1 0 1 1 0 1 1 0 1 1 1 1 0 1 0 0 1 0 0 0 0 1 1 0 1 0 0 1 0 1 1 1 0 0 0 1 1 0 0 0 1 0 1 1 0 1 27
1 1 0 1 1 0 0 0 1 1 1 0 1 1 0 1 1 1 1 1 0 0 0 1 0 0 0 0 1 1 0 1 1 1 1 0 0 1 0 0 1 0 0 0 0 0 0 1 1 0 25
1 0 1 0 1 0 1 0 0 0 1 1 0 0 1 0 1 0 0 0 0 0 0 1 1 0 0 1 0 1 1 1 0 0 1 1 1 0 1 1 0 0 0 1 0 0 0 1 0 1 22
1 0 0 0 0 0 1 0 0 0 1 0 1 1 0 0 0 1 0 0 1 1 1 0 0 1 1 0 1 0 0 0 1 0 0 1 1 1 1 1 1 1 0 0 0 1 1 1 1 0 24
1 1 1 1 1 1 0 0 0 0 0 0 1 1 0 0 0 0 0 0 0 1 1 1 0 0 0 0 1 0 1 0 1 1 1 1 0 0 1 0 0 0 0 0 0 1 1 1 1 0 22
1 1 1 0 1 1 0 0 0 1 1 1 1 1 0 0 1 1 1 1 1 1 1 1 0 0 0 1 1 1 1 0 0 1 1 0 1 0 1 0 1 1 1 1 0 0 0 1 1 0 32
1 1 0 1 1 1 0 0 1 0 0 0 0 0 0 0 0 1 0 1 1 0 0 0 1 0 0 1 0 1 1 1 0 0 1 1 0 1 0 0 0 0 1 0 1 0 0 1 0 0 20
1 1 0 0 1 1 1 1 1 0 0 0 0 0 0 1 1 0 0 1 1 0 1 0 1 0 1 0 1 0 1 0 1 1 1 0 1 0 1 0 0 1 1 0 0 0 1 0 0 1 25
0 1 0 1 0 0 0 1 0 1 0 1 1 0 1 0 0 1 1 0 0 1 1 0 0 1 1 1 0 1 0 1 1 0 1 1 1 1 0 1 1 0 1 0 1 1 0 0 1 0 27
1 1 1 1 0 0 0 0 0 0 0 0 1 0 1 0 0 0 0 0 1 1 0 0 0 1 1 0 1 1 0 1 1 1 1 0 1 0 1 1 0 0 1 0 0 1 0 1 1 1 24
1 0 0 0 1 1 0 1 0 0 0 1 1 0 1 1 1 0 1 1 0 0 1 1 1 0 0 1 0 1 0 0 1 0 0 0 1 1 1 1 0 0 1 1 0 0 1 1 1 1 27
1 0 1 1 0 0 0 0 0 0 0 1 1 0 1 1 0 0 1 1 0 1 0 1 0 1 1 0 0 1 0 0 1 0 1 0 0 0 1 1 0 1 1 1 0 0 0 0 0 1 22
1 1 1 0 0 0 0 1 0 0 0 1 1 1 0 0 1 0 1 0 0 0 1 0 1 0 0 1 0 1 1 0 0 0 1 1 1 0 0 0 1 1 0 1 1 1 1 0 0 1 24
1 1 0 0 1 1 1 1 0 0 0 1 0 0 0 0 1 0 0 0 0 0 1 1 1 0 1 0 0 0 0 1 1 0 0 0 1 1 1 1 0 1 1 0 1 1 0 0 0 0 22
0 0 1 0 0 0 1 0 0 0 0 1 0 1 0 1 0 0 0 1 1 0 1 1 1 1 0 1 0 1 1 1 1 1 0 1 1 0 0 0 1 1 1 0 0 1 1 1 1 0 26
1 1 0 0 1 1 1 0 0 0 1 1 0 1 1 1 0 1 1 1 1 1 0 0 0 1 0 1 1 1 1 1 0 1 1 1 0 0 0 1 0 0 0 1 0 0 1 1 1 0 29
1 1 1 0 1 1 0 0 0 1 1 0 1 1 1 0 0 1 0 0 0 1 1 1 0 0 1 1 0 1 1 1 0 0 0 0 0 1 1 1 0 1 1 0 0 0 0 1 1 0 26
0 0 0 0 1 1 1 0 1 0 0 1 1 1 0 0 0 1 0 0 1 0 0 0 0 0 1 1 1 1 1 1 1 1 0 1 0 1 1 1 0 0 0 0 0 1 0 1 0 1 24
1 1 1 1 1 1 1 1 1 0 0 0 1 0 0 1 1 1 1 1 1 0 0 0 1 1 0 1 0 0 1 1 1 1 1 0 1 0 0 0 0 1 0 1 0 0 1 1 1 0 30
0 1 1 1 1 1 1 1 0 0 0 1 0 0 0 1 1 0 1 0 1 0 1 1 0 0 1 0 0 0 1 1 1 1 1 1 1 1 0 1 1 0 0 0 0 0 1 1 0 0 27
1 0 1 0 0 0 1 1 1 1 1 1 0 0 0 0 0 0 0 0 1 0 0 0 1 1 1 0 0 1 0 0 0 1 1 1 1 1 1 1 1 0 1 1 1 0 1 1 1 0 27
0 0 0 1 0 0 0 1 0 1 0 0 0 1 1 1 0 1 0 1 1 1 1 1 0 0 1 1 1 0 0 1 0 0 0 1 0 1 1 1 1 1 0 1 1 0 0 1 1 1 27
1 1 1 0 0 0 1 0 1 1 0 0 0 1 1 0 1 0 1 1 1 0 1 0 0 1 0 0 0 1 0 0 0 0 0 0 0 0 0 1 1 0 0 1 0 1 0 1 1 1 22
1 0 1 0 0 0 1 1 1 0 0 1 0 1 1 0 0 0 1 0 0 0 0 0 0 0 0 1 0 1 1 0 1 1 0 1 0 1 0 0 1 0 0 0 1 1 1 0 1 1 22
1 1 1 0 1 0 0 0 0 0 1 1 0 0 1 0 0 0 0 1 0 0 1 0 1 0 1 1 0 0 1 0 1 0 0 1 1 1 1 1 1 0 1 0 0 0 0 1 0 0 22
1 1 0 0 1 0 0 0 0 0 0 1 1 0 0 1 0 1 0 1 1 1 1 0 0 0 1 1 1 1 1 1 1 0 1 1 1 0 0 1 0 0 1 1 1 1 1 1 0 0 28
0 1 1 1 0 1 1 1 1 0 0 0 0 0 0 0 1 1 0 0 0 1 0 1 0 1 1 0 1 0 1 1 1 1 1 0 0 0 1 0 0 1 0 1 0 1 1 0 1 0 25
1 0 0 0 1 1 1 0 1 0 0 1 1 1 1 0 0 1 0 0 0 0 1 1 1 0 0 1 1 0 0 1 1 1 0 0 1 0 0 0 1 0 1 0 1 1 1 0 1 1 26
1 1 0 0 1 0 0 1 0 1 1 1 1 0 0 1 1 0 1 0 0 0 1 0 0 0 0 1 1 0 1 1 0 0 0 0 0 0 0 0 0 1 0 0 0 0 0 1 1 1 20
0 1 1 0 0 0 1 1 1 1 0 0 0 0 1 0 0 1 0 0 1 1 0 1 0 1 0 0 1 1 1 0 0 1 0 1 0 1 0 0 0 1 0 0 0 1 0 1 1 0 22
1 0 0 1 0 0 1 0 1 0 0 0 0 1 1 1 0 1 1 1 1 1 0 0 0 1 1 0 0 1 1 1 0 0 1 0 1 1 1 1 1 1 1 0 0 0 1 0 1 0 27
1 1 1 1 1 1 0 1 0 0 0 1 1 1 0 0 1 0 1 1 0 1 0 0 1 1 1 0 0 1 1 0 0 1 1 0 1 1 0 0 1 1 0 1 0 1 1 0 1 1 30
1 0 1 0 0 1 0 1 1 1 1 0 1 1 0 1 1 0 0 1 0 0 1 0 1 0 1 1 1 0 0 0 0 1 1 1 0 0 1 0 0 0 0 1 0 0 1 1 1 1 26
0 0 1 1 0 0 1 0 1 1 1 0 0 1 0 1 1 1 0 1 1 0 0 0 1 1 0 0 1 1 0 0 0 1 1 0 1 1 1 0 1 0 0 1 1 1 1 0 0 1 27
1 1 0 0 0 1 1 0 1 1 1 0 0 1 1 0 0 0 1 1 1 1 1 1 1 0 1 0 0 0 0 1 1 1 0 1 0 0 0 1 0 0 1 0 1 0 0 1 1 1 27
0 1 0 1 0 1 0 0 0 1 1 0 0 0 0 0 0 1 0 0 1 0 0 1 0 0 0 1 0 1 0 0 0 0 1 1 1 0 0 0 0 0 0 0 1 1 1 1 0 0 17
0 1 1 1 0 0 0 0 0 1 1 0 0 1 1 1 1 1 0 1 0 1 0 1 1 1 0 1 0 0 0 0 1 0 1 0 0 1 1 1 0 1 0 0 1 0 0 0 1 0 24
1 1 1 0 1 1 0 0 1 0 1 1 1 1 1 1 1 0 0 1 1 0 0 0 1 0 0 0 0 1 0 1 1 0 1 0 1 1 0 0 1 0 1 1 1 0 1 1 1 0 29
1 0 1 1 1 1 0 0 0 1 1 0 0 1 1 1 0 1 0 0 1 0 0 1 1 0 0 0 0 1 1 0 0 0 0 0 0 0 1 0 0 1 0 0 1 0 1 0 0 1 21
1 0 1 1 1 0 0 0 0 0 1 1 0 1 0 0 0 1 0 1 0 0 1 1 0 0 0 1 0 1 0 0 0 0 0 0 0 1 0 0 1 0 1 1 0 0 1 1 1 0 20
0 0 1 1 1 0 0 0 1 1 1 0 0 0 0 0 1 0 0 0 1 0 1 0 1 1 1 0 0 0 1 0 1 0 1 0 1 1 0 1 0 0 0 1 0 0 0 1 1 1 22
0 0 0 0 0 1 0 1 0 1 1 1 0 0 0 0 0 1 0 1 1 0 1 0 0 1 0 1 1 0 0 0 1 0 1 0 1 1 0 0 0 1 1 0 0 1 0 0 1 0 20
1 0 0 1 0 1 1 1 1 0 0 0 0 1 1 0 1 0 0 1 0 0 1 1 1 0 1 0 1 0 0 1 1 0 0 0 1 1 0 0 1 1 0 0 1 0 0 1 1 1 25
0 1 0 1 0 1 0 0 0 0 1 1 1 0 1 1 0 0 1 0 1 1 1 0 1 0 0 0 0 0 0 0 0 1 0 0 1 0 1 0 0 0 1 1 1 1 1 1 0 1 23
1 1 1 1 0 0 0 0 1 1 1 0 1 1 1 0 1 0 0 1 1 0 1 1 1 0 0 1 1 1 1 1 1 0 1 0 1 1 1 0 0 1 0 1 0 0 0 0 1 0 29
0 0 0 0 1 0 0 1 1 1 1 1 1 1 0 0 0 0 0 1 0 1 0 0 0 1 1 1 0 0 0 1 1 1 1 1 1 0 0 1 1 1 1 0 1 1 0 0 1 0 26
1 1 1 0 0 1 1 0 0 0 1 0 1 0 0 0 0 0 1 1 1 1 1 1 1 0 1 1 0 0 1 0 1 1 1 0 1 0 1 0 1 1 0 0 0 0 1 0 0 0 25
1 1 1 0 1 0 1 0 0 1 1 1 0 0 1 0 0 0 0 0 0 1 1 1 1 0 0 1 1 1 0 0 1 1 1 0 0 1 1 1 0 1 0 0 0 1 1 0 0 0 25
0 0 0 0 1 0 0 0 1 0 0 1 1 0 0 1 1 0 1 1 1 0 0 0 0 0 1 1 1 1 1 1 0 1 1 1 0 1 1 0 1 1 1 1 0 1 0 1 1 0 27
0 1 0 0 0 1 1 0 1 1 0 0 0 0 1 0 1 0 0 1 0 0 0 1 1 0 1 1 1 1 1 1 1 0 1 0 0 0 1 1 0 0 1 0 0 0 0 0 1 1 23
0 1 1 1 1 1 1 1 0 1 1 1 1 1 1 1 1 0 0 0 0 0 0 1 0 1 0 1 0 0 1 0 1 0 0 1 1 1 0 1 1 0 0 0 1 1 0 0 0 0 27
0 1 1 0 1 0 0 1 1 0 0 0 0 0 1 1 1 1 0 1 1 1 1 1 1 0 0 1 0 1 0 0 0 0 1 0 0 0 1 0 1 0 1 0 1 1 0 0 0 0 23
1 1 1 0 1 1 0 0 0 0 1 0 1 0 1 0 0 0 1 1 1 1 0 0 1 1 1 0 0 1 1 1 0 0 0 1 1 1 0 1 0 0 1 1 0 1 1 0 0 0 26
1 0 1 0 1 0 1 1 0 1 0 1 1 1 1 1 1 0 1 0 0 1 0 1 1 0 1 1 0 1 0 0 0 0 1 1 1 1 1 1 0 1 0 0 1 1 1 0 1 0 30
0 0 1 1 1 0 1 1 1 1 0 0 1 0 0 1 1 0 0 0 1 1 0 0 1 1 1 1 0 1 1 1 1 1 1 1 1 1 0 1 0 0 1 1 1 0 0 0 1 1 31
0 1 1 1 0 1 1 0 1 0 1 1 1 1 0 0 1 1 0 1 0 0 0 1 1 0 1 1 0 1 0 0 0 1 0 1 0 1 0 0 0 0 1 0 1 1 1 0 1 0 26
0 0 1 1 1 0 0 0 0 1 0 0 0 1 1 0 0 0 1 1 1 0 1 0 1 1 1 0 1 1 0 1 1 0 0 1 1 0 0 1 1 1 1 0 1 1 0 0 1 0 26
1 0 1 1 0 1 0 1 0 1 1 1 0 1 0 1 0 0 0 1 1 1 1 0 0 0 1 0 1 1 1 1 1 1 0 0 0 1 0 1 0 0 0 1 1 1 1 1 1 1 30
1 1 1 1 1 1 0 1 0 1 1 0 1 1 1 1 1 1 1 1 1 1 1 0 0 0 1 0 1 1 0 0 0 1 1 0 1 1 1 1 1 0 0 1 1 0 1 1 0 1 35
1 0 0 1 0 0 1 1 1 1 0 1 0 1 1 0 1 1 1 1 0 0 1 0 0 1 0 1 0 1 0 0 1 1 0 1 1 1 0 0 1 0 0 1 0 1 0 1 1 1 28
0 1 0 1 1 1 0 1 0 1 0 1 1 0 0 1 1 0 1 1 0 1 0 1 0 1 1 0 0 1 0 0 0 1 0 1 0 1 0 0 1 1 1 0 1 1 1 0 0 1 27
0 0 1 1 1 0 1 1 1 1 1 1 0 0 1 0 1 1 0 0 0 1 0 0 1 1 0 0 1 0 1 1 0 1 1 1 1 0 0 0 0 0 1 1 0 1 1 1 1 1 29
1 1 0 0 1 1 0 1 0 0 0 0 1 0 0 0 1 1 1 1 0 1 1 1 1 1 1 1 0 1 1 0 1 1 1 1 1 1 0 1 0 1 0 0 0 1 1 0 0 0 29
1 0 0 1 1 0 1 0 1 1 0 0 0 0 1 0 1 0 0 1 0 1 0 0 0 1 1 0 1 1 0 0 1 0 0 1 0 0 0 0 0 1 0 1 1 1 0 0 1 1 22
1 0 1 1 1 1 1 0 0 1 1 1 1 0 0 0 0 1 1 1 1 1 0 1 0 0 0 0 1 1 1 1 0 1 0 0 1 1 0 0 1 1 0 1 1 1 1 1 1 0 31
0 1 0 1 1 0 1 0 1 1 1 0 0 0 1 1 0 1 0 1 0 1 1 1 1 1 1 0 1 1 1 1 1 1 0 1 0 0 0 0 0 1 0 1 0 1 0 0 0 0 27
1 0 1 0 0 1 1 0 1 0 1 0 1 1 1 1 0 1 0 1 1 0 1 1 1 0 0 0 0 1 0 0 0 1 0 0 0 0 1 0 0 0 1 0 0 1 0 0 1 1 23
1 1 1 1 1 0 0 0 0 1 0 1 0 0 0 0 0 1 1 1 0 0 1 0 1 1 1 0 1 0 0 0 1 0 1 1 0 0 1 0 1 0 0 0 1 0 0 0 1 0 22
0 0 0 1 1 1 0 1 0 0 1 1 1 1 1 1 0 0 1 0 1 1 0 1 0 1 1 0 1 1 0 0 1 0 1 1 0 1 1 1 1 0 1 0 0 0 1 1 0 0 28
0 1 0 1 1 0 1 1 1 1 1 0 0 1 1 1 1 1 0 0 0 1 1 0 1 0 0 0 0 0 0 0 1 1 1 1 1 0 0 0 0 0 0 1 1 0 1 0 1 1 26
0 1 1 0 1 0 1 0 0 1 1 0 1 0 1 0 0 0 1 0 0 0 0 0 1 0 1 0 1 1 1 0 0 1 0 0 0 1 0 1 0 0 1 1 0 0 0 1 1 1 22
1 1 1 0 1 0 0 0 0 0 1 1 0 1 1 1 0 0 1 0 0 1 1 1 0 0 1 1 0 1 0 1 1 0 1 0 0 0 1 1 0 0 0 1 1 0 0 0 0 1 24
0 1 1 1 1 0 0 1 1 0 0 1 1 1 1 1 0 0 0 0 1 0 1 0 0 1 1 0 1 0 0 0 0 1 1 0 1 1 0 1 0 0 1 0 1 0 0 0 1 0 24
1 0 0 0 0 0 0 0 0 1 1 1 0 0 1 1 1 0 1 0 1 0 0 1 0 0 1 0 1 0 1 0 1 1 0 0 1 0 1 0 0 0 1 1 0 0 0 1 1 1 22
1 1 1 0 0 0 1 1 0 1 0 0 1 0 0 1 1 0 0 0 1 1 0 1 1 0 1 0 1 1 0 0 1 0 1 1 0 1 1 0 1 0 0 0 1 1 1 0 1 1 27
0 0 0 1 0 1 0 0 0 0 0 0 0 1 1 1 1 0 0 1 0 1 1 1 0 0 0 1 0 0 1 1 1 1 0 1 1 0 0 1 0 1 0 1 0 1 0 1 1 1 24
1 1 0 1 0 0 1 1 0 1 0 0 0 1 0 0 1 0 1 1 1 1 0 1 0 0 1 1 1 1 1 1 0 1 0 1 0 0 1 0 1 1 0 0 0 0 1 1 0 1 27
1 1 0 0 0 0 0 0 1 1 1 0 0 1 1 0 1 1 0 0 1 0 1 1 0 0 1 1 1 0 1 1 1 0 0 0 0 1 0 0 1 0 0 1 1 0 1 0 1 1 25
0 1 1 1 0 0 1 1 0 0 0 1 1 0 0 0 0 0 0 1 1 1 1 0 1 1 1 1 1 1 0 1 1 0 1 0 1 0 0 1 1 1 0 0 0 1 1 0 1 1 28
1 0 1 1 1 1 0 1 1 0 0 1 0 1 0 1 1 1 1 1 0 0 1 0 1 0 0 1 1 1 0 1 0 0 0 1 1 0 1 1 1 0 1 0 1 1 1 0 0 0 29
0 0 0 0 1 0 0 1 1 1 0 0 0 1 0 0 1 1 0 1 0 0 0 1 1 1 1 1 1 1 0 1 1 0 0 0 0 0 1 1 0 0 0 1 1 0 0 0 0 1 22
1 0 1 1 1 1 1 1 0 1 0 1 1 1 0 0 0 0 0 1 1 1 1 1 1 1 1 1 1 0 1 1 1 1 0 1 1 1 0 0 1 0 0 0 0 0 0 0 1 1 31
0 0 1 0 0 0 1 0 1 1 1 1 1 1 0 1 1 1 0 1 1 0 1 0 1 0 1 0 1 0 1 1 1 1 1 0 0 0 0 0 1 0 0 1 0 0 1 1 1 1 28
0 0 1 1 1 1 0 1 1 0 1 0 1 1 1 1 0 1 1 0 1 1 1 1 1 1 1 1 1 1 0 0 1 1 1 0 0 0 1 1 0 1 1 1 1 1 1 0 0 0 34
1 1 1 1 1 0 1 1 1 0 0 1 0 1 1 1 1 1 0 1 0 1 1 1 0 1 1 1 0 0 0 1 0 0 0 1 0 1 0 0 0 0 0 0 0 0 1 1 1 0 27
1 0 1 1 1 0 0 1 1 1 0 0 1 1 0 1 0 1 0 1 1 0 1 0 0 1 0 0 1 0 0 1 0 1 1 1 0 0 0 0 0 1 0 0 1 1 1 1 1 0 26
1 1 0 1 0 1 0 1 1 1 0 0 1 0 0 1 1 0 1 1 0 0 0 1 0 1 0 0 1 0 0 0 1 1 0 0 1 1 1 0 1 0 0 1 1 1 0 0 1 0 25
0 0 1 1 1 1 1 1 1 1 1 1 1 1 1 1 1 0 0 0 1 0 1 1 0 0 0 0 0 1 1 0 0 1 0 0 0 0 1 0 1 1 1 1 1 0 1 0 1 1 30
0 1 1 0 0 1 0 0 1 1 0 0 0 1 0 1 0 1 0 0 0 0 1 1 0 1 1 1 0 1 0 1 0 1 1 1 1 1 1 0 1 0 0 0 1 1 0 1 0 0 25
0 1 0 1 0 1 0 0 0 1 0 0 1 0 0 1 0 0 0 1 0 0 0 1 0 1 0 1 0 1 1 1 0 0 1 0 1 0 0 0 0 0 1 0 0 1 0 0 0 1 18
0 1 1 1 1 1 0 0 1 0 1 1 1 0 1 0 0 1 1 1 1 0 1 1 1 0 0 0 0 1 0 0 0 0 1 1 0 0 0 1 0 0 1 1 1 1 0 1 0 1 27
1 0 0 0 0 1 0 0 1 1 0 1 1 0 0 1 0 1 1 1 1 0 0 0 1 0 0 1 0 1 1 0 1 0 0 1 1 0 0 0 1 1 0 1 0 0 0 0 1 1 23
0 0 1 1 1 1 1 1 0 1 1 0 1 0 1 0 1 0 1 0 0 0 1 1 1 1 1 1 1 1 1 1 0 1 0 0 1 1 1 0 1 1 0 0 1 1 0 0 0 1 31
1 1 0 0 1 1 0 1 0 0 0 1 0 0 1 0 1 0 1 0 1 1 0 1 0 1 1 1 1 1 1 0 0 0 1 1 1 0 1 0 0 1 1 1 0 0 0 1 0 0 26
1 0 1 1 1 1 0 1 0 1 0 0 0 1 0 0 0 0 1 0 1 0 0 0 0 1 1 0 0 1 1 1 0 0 0 0 1 0 1 0 0 0 0 1 0 0 0 0 1 1 20
0 1 1 1 0 1 1 1 0 1 1 1 1 0 1 0 0 1 0 1 1 1 1 0 0 0 0 0 0 0 1 1 0 1 0 0 0 1 1 1 0 0 0 1 1 0 0 0 1 1 26
1 1 1 1 1 0 1 0 0 0 1 0 1 1 1 0 0 1 1 0 1 0 1 1 1 1 0 0 0 0 0 0 1 0 1 0 1 0 0 1 0 1 0 0 0 1 1 1 0 1 26
0 0 1 0 0 1 1 0 0 0 0 1 0 0 1 1 1 1 0 1 0 1 0 1 1 0 0 1 0 1 1 1 1 1 1 0 1 1 0 1 0 1 1 0 0 1 0 1 1 0 27
1 1 1 1 0 1 1 0 1 1 1 1 1 0 1 1 0 0 0 1 0 0 0 1 0 1 0 0 1 0 0 0 1 1 0 1 1 0 1 1 0 0 0 0 0 0 1 0 0 0 24
1 1 1 0 1 0 1 0 0 1 0 0 0 0 1 1 0 0 0 0 1 0 1 1 0 1 1 1 1 1 1 1 1 1 0 0 0 1 0 1 0 1 0 0 1 0 0 0 0 1 25
1 1 1 0 0 0 1 0 0 0 1 0 0 0 1 1 0 0 1 0 0 0 1 1 0 0 0 1 0 0 0 0 1 1 1 0 1 1 0 0 1 1 0 1 0 1 1 0 0 0 21
0 0 1 1 1 0 0 1 1 1 0 0 0 0 0 1 1 0 0 0 0 0 1 0 1 0 1 1 1 1 0 1 0 0 0 0 1 1 1 0 1 1 1 1 1 1 1 0 0 1 26
0 1 1 1 1 1 0 0 1 0 0 1 1 0 0 1 0 1 0 1 1 0 1 0 1 1 0 0 1 1 1 1 1 1 1 0 1 1 1 1 1 1 0 0 1 1 0 0 0 0 30
0 0 1 0 0 1 1 0 0 1 0 1 0 1 1 0 1 0 0 1 0 1 0 1 0 1 0 0 0 0 0 0 1 0 1 0 0 0 0 0 1 0 0 0 1 1 0 0 1 0 18
0 1 0 0 0 0 1 1 0 1 0 0 0 0 0 1 1 1 0 0 1 1 1 1 0 0 1 0 1 0 0 0 0 0 0 0 0 0 1 1 0 0 1 1 0 1 1 1 0 0 20
0 1 0 1 1 0 0 0 1 1 0 0 0 0 0 0 1 1 1 0 0 1 0 1 1 1 1 0 1 0 0 0 1 1 1 1 1 1 1 0 1 1 1 1 1 0 1 0 0 1 28
1 1 0 0 0 1 1 1 0 1 1 0 1 1 0 1 0 1 0 1 1 1 1 0 1 0 0 0 0 1 1 0 1 1 1 0 1 1 1 1 1 1 1 1 1 0 1 0 0 1 32
0 0 0 0 0 1 1 1 1 1 0 1 1 0 1 0 0 1 1 1 0 1 0 0 1 0 0 0 0 1 0 0 0 1 0 0 0 0 0 0 0 0 1 0 0 1 0 0 0 0 17
1 1 0 0 0 0 0 1 0 1 0 1 1 1 1 0 0 1 1 0 1 1 1 0 1 0 1 1 1 0 0 1 1 0 1 1 1 1 1 0 0 1 0 0 0 1 0 0 0 1 27
1 0 0 1 0 0 1 1 0 0 1 1 0 1 0 0 0 0 0 0 0 0 1 1 0 1 1 0 1 1 0 0 0 1 1 0 0 1 1 0 1 0 0 1 0 1 0 1 0 0 21
1 1 0 0 1 1 1 1 0 1 0 0 0 0 1 0 0 1 0 0 0 0 0 0 0 1 1 1 0 1 1 1 0 0 1 1 1 1 1 1 1 1 0 0 1 0 1 0 1 1 27
1 0 1 0 0 1 0 0 0 1 0 0 1 0 0 1 0 1 0 0 0 0 0 0 1 1 1 1 0 0 1 0 1 0 1 1 0 0 1 0 1 0 0 0 0 1 0 0 0 0 18
0 0 1 0 1 0 0 0 0 1 0 0 1 1 0 1 1 1 1 1 1 0 1 0 0 1 0 0 0 1 1 1 1 1 0 0 1 1 1 1 1 1 0 0 1 0 1 0 1 1 28
1 0 0 1 1 0 1 0 0 1 0 0 1 1 1 1 0 1 0 0 1 0 0 1 0 1 1 0 0 1 1 0 1 0 0 1 1 0 1 1 1 0 1 0 0 1 0 1 1 1 27
1 0 0 1 0 0 1 0 0 1 0 0 1 1 0 1 0 1 1 1 1 0 0 0 1 1 0 1 1 1 0 1 1 0 0 0 1 1 1 0 0 0 0 0 0 1 0 0 0 1 23
1 0 0 0 1 0 1 1 0 1 0 0 0 1 0 0 1 0 1 1 1 0 0 1 1 0 0 1 0 0 1 1 0 0 1 0 1 1 1 0 0 0 1 1 1 0 0 0 1 0 23
0 0 0 0 1 1 1 1 0 1 0 1 1 1 0 1 1 0 1 1 1 1 1 1 0 0 1 0 1 0 0 1 0 0 1 1 1 1 0 0 1 0 0 1 0 1 0 1 0 1 28
1 0 1 0 1 1 1 1 0 1 0 0 0 1 0 1 1 1 0 1 1 1 0 1 0 1 1 0 1 0 0 1 0 1 1 1 0 1 0 1 0 1 1 0 0 0 0 0 1 0 27
0 0 0 0 1 0 0 1 1 0 1 1 0 1 1 1 1 1 1 1 0 0 1 0 0 1 1 0 0 1 0 0 1 1 0 0 1 0 0 1 0 0 0 1 1 0 1 1 0 1 25
0 0 1 1 1 1 1 1 0 1 0 0 0 0 0 0 0 0 1 1 1 1 1 1 0 1 1 1 0 1 0 1 0 1 1 1 1 1 1 0 0 1 1 0 1 0 0 1 1 1 30
0 0 1 0 0 1 0 1 1 1 0 1 0 0 0 1 1 0 0 0 0 0 1 0 1 0 0 0 1 0 1 0 0 0 0 0 1 1 0 1 0 1 1 0 1 0 0 0 0 1 19
1 0 0 1 1 1 1 0 0 0 1 0 1 0 0 0 0 0 0 0 1 0 0 0 1 0 0 1 1 0 1 1 1 0 0 0 0 1 0 0 1 0 0 0 0 0 0 0 0 0 16
0 1 1 1 1 0 0 0 1 0 0 0 0 0 1 1 1 0 1 0 1 1 0 1 0 1 0 1 1 0 1 1 1 0 0 0 1 0 1 0 0 0 0 0 0 0 0 0 0 0 20
0 0 1 0 0 0 1 1 1 0 1 1 0 0 1 0 1 1 1 1 0 0 1 1 0 0 1 1 1 0 0 1 1 1 0 1 0 0 1 0 1 1 0 1 0 0 1 1 1 1 28
1 0 0 0 0 0 1 0 1 0 1 1 1 1 1 1 0 1 0 0 0 0 0 0 1 0 1 1 1 1 0 1 1 1 0 1 1 0 1 0 1 0 1 1 1 1 1 1 0 1 29
1 1 1 0 1 0 0 1 1 1 1 1 1 1 1 1 0 0 1 1 0 1 1 1 1 0 1 1 1 0 1 0 0 1 0 0 0 1 0 0 0 0 1 0 1 0 1 1 1 1 31
1 1 0 0 1 1 1 0 1 0 1 0 1 0 1 0 0 1 1 0 1 0 1 1 0 1 1 1 1 1 1 0 0 0 1 0 1 1 1 0 1 1 0 1 0 1 1 0 1 0 30
1 1 1 1 0 0 0 1 1 1 0 1 0 1 0 1 1 0 0 1 1 0 0 1 0 0 1 1 0 0 0 0 1 0 1 0 0 0 1 1 1 1 0 1 1 0 1 0 0 0 25
0 1 0 0 1 1 1 1 0 1 1 1 0 0 0 1 0 1 0 1 0 1 1 0 1 1 1 1 1 0 0 0 0 0 1 1 0 1 1 0 0 0 0 1 0 1 1 0 1 1 27
1 0 0 1 0 1 1 1 0 1 1 1 1 0 0 0 0 1 0 0 0 1 1 0 0 1 1 1 0 1 0 0 1 1 1 0 1 1 1 0 0 1 1 0 1 0 1 0 1 1 28
0 0 1 1 0 1 1 0 1 1 0 1 1 0 0 1 1 1 1 1 0 1 0 1 1 0 0 0 1 1 0 1 1 1 1 1 1 1 1 1 1 1 0 0 0 0 0 1 1 1 32
0 1 0 0 0 1 0 0 0 0 0 1 1 1 0 1 1 0 0 0 0 0 1 1 1 1 0 0 1 1 0 1 1 1 1 0 1 0 0 1 1 0 0 0 0 1 1 0 0 0 22
0 1 1 0 0 1 0 1 1 1 0 1 1 0 0 0 0 1 0 0 0 1 1 0 0 1 1 0 1 1 0 1 0 0 0 1 1 1 0 0 1 1 0 1 1 1 0 0 1 0 25
0 0 0 1 0 0 1 1 1 0 0 1 1 1 1 0 0 0 1 0 0 1 0 1 1 0 0 1 0 1 1 1 0 1 1 1 0 0 0 1 0 1 0 1 0 0 0 0 1 0 23
1 1 1 0 1 0 1 0 0 0 0 1 1 1 1 1 0 0 0 1 1 1 1 1 1 0 0 1 1 0 0 0 0 1 0 1 1 1 0 0 0 0 1 1 0 0 0 1 1 1 27
0 1 0 1 0 0 0 1 0 0 0 0 1 1 1 0 0 1 0 0 1 1 1 0 0 1 0 0 0 1 1 0 0 0 0 1 0 1 0 1 1 1 1 1 1 0 1 0 1 1 24
0 1 1 0 0 1 1 1 1 1 0 1 1 0 1 1 1 1 0 0 1 0 1 0 1 1 0 0 0 0 1 1 0 0 1 0 1 1 1 0 0 0 0 0 1 0 1 0 0 1 26
0 1 0 1 1 0 1 1 1 1 1 0 0 1 0 0 1 0 1 1 1 1 0 0 0 0 1 0 0 0 1 1 0 0 1 1 1 0 0 1 1 0 1 0 1 0 1 0 1 0 26
0 1 1 1 1 1 0 0 0 1 1 0 1 0 1 1 1 1 1 0 0 1 0 1 0 0 0 0 1 0 0 0 1 1 1 1 1 1 1 0 1 1 1 1 0 0 0 0 0 1 28
1 0 1 0 1 0 1 1 1 0 1 0 1 1 1 0 0 0 0 1 1 0 1 0 0 1 1 0 0 0 1 1 1 0 0 0 1 1 0 0 0 0 1 0 0 0 1 1 0 1 24
1 0 1 0 0 0 0 1 1 0 0 1 1 0 0 1 0 1 0 1 0 0 1 0 0 1 0 0 0 0 1 0 0 0 1 0 0 0 1 1 0 1 0 0 1 0 0 1 1 0 19
1 0 0 1 1 0 1 0 0 1 0 1 1 1 0 1 0 0 1 1 0 0 1 0 1 1 1 1 1 1 1 0 1 0 0 0 0 0 1 1 0 0 1 1 0 1 1 1 1 1 29
0 0 0 0 0 0 1 0 1 0 0 0 0 1 0 1 1 0 0 0 1 0 1 0 0 1 0 0 1 1 1 0 1 1 0 0 1 0 1 1 1 0 1 0 1 1 0 1 1 1 23
0 0 1 0 0 0 1 0 1 0 1 0 0 0 1 1 0 1 1 0 1 1 1 0 1 0 0 0 1 0 1 0 0 1 1 1 1 1 1 1 1 0 0 0 1 1 1 1 1 1 28
0 1 1 1 1 0 1 1 1 1 1 1 1 1 0 1 0 0 0 0 1 1 1 1 1 1 0 0 1 1 0 1 0 1 0 1 0 1 0 0 0 0 1 1 0 1 1 1 1 0 31
0 1 1 1 1 0 1 0 0 0 1 1 0 0 0 0 1 0 1 1 1 1 0 0 0 1 1 1 0 0 1 0 1 1 1 1 1 1 0 1 1 0 0 0 1 0 0 1 0 1 27
0 1 0 1 0 1 1 1 0 1 1 1 0 1 1 1 0 1 1 1 1 0 1 0 0 0 1 1 0 0 0 0 0 1 1 0 1 1 1 0 0 0 0 0 1 1 0 1 0 0 26
0 1 0 1 1 1 1 0 1 0 0 0 0 1 0 0 1 0 1 1 0 0 1 1 0 0 1 1 1 0 0 1 1 1 1 1 0 0 1 0 0 0 0 1 1 0 1 0 0 0 24
1 0 1 1 0 1 1 1 1 1 1 0 0 1 1 0 1 1 0 0 1 1 1 0 0 1 0 1 0 0 0 0 1 1 0 0 1 0 0 1 0 1 0 0 1 0 1 1 1 0 27
1 1 1 1 1 0 1 1 0 0 0 0 0 0 0 0 0 0 0 0 1 1 0 1 1 0 1 0 0 0 1 0 1 1 1 0 1 1 1 0 1 0 1 1 0 1 0 1 1 1 26
1 1 0 1 0 0 0 0 0 0 0 1 1 1 0 0 1 0 1 0 1 1 1 1 1 1 0 0 0 0 1 0 1 1 1 1 1 1 0 0 1 1 1 0 1 1 0 1 0 0 27
1 0 1 1 0 1 1 0 1 1 0 1 1 1 1 0 0 0 1 0 0 1 1 1 0 1 0 1 1 0 0 1 1 0 0 1 0 1 1 1 0 0 0 1 1 0 0 0 1 1 28
1 1 1 0 1 1 0 1 1 1 0 0 0 1 0 1 1 1 1 0 0 0 1 0 0 0 1 0 1 0 0 1 0 1 0 0 0 1 0 1 0 1 1 0 0 0 0 1 1 1 25
0 1 0 1 1 1 1 1 0 1 0 1 0 1 0 1 1 0 0 0 0 1 0 0 0 0 0 1 0 1 0 1 0 0 1 0 0 1 1 1 1 1 1 1 1 1 0 1 1 1 28
1 1 0 0 1 1 0 1 1 1 0 1 1 0 1 1 1 1 0 1 0 0 1 0 0 1 0 1 0 1 1 0 0 1 1 0 0 0 0 0 0 1 0 1 1 1 0 1 0 1 27
1 1 1 1 0 1 1 1 0 1 1 0 0 0 1 0 1 1 1 0 1 1 0 0 0 1 1 0 0 0 0 1 1 1 1 0 0 1 0 1 1 1 1 1 0 0 1 1 1 0 30
0 1 0 1 1 0 1 0 1 1 0 1 1 1 0 0 0 0 1 1 1 0 0 1 0 1 1 1 0 0 0 0 1 1 1 1 1 1 1 1 1 1 1 1 0 1 1 0 1 1 32
0 1 0 0 1 0 1 0 1 0 1 1 1 1 1 1 0 1 1 1 0 0 1 0 1 0 0 1 1 0 0 1 0 0 0 1 0 1 0 0 1 0 1 0 0 0 0 1 1 1 25
0 1 0 0 1 1 0 1 0 0 1 0 1 0 0 1 0 1 1 0 1 0 1 1 1 1 0 1 1 1 1 1 0 1 0 0 1 0 0 1 1 1 1 1 0 0 0 1 0 1 28
0 1 0 1 1 1 1 1 0 0 0 0 0 1 0 1 1 1 1 0 1 0 1 1 0 0 0 1 0 1 1 1 1 1 0 1 0 0 0 0 0 1 0 0 1 1 1 1 1 0 27
1 1 0 1 1 1 1 1 1 0 0 1 1 1 1 1 0 0 0 0 1 0 1 1 1 1 0 0 1 0 1 0 1 1 1 0 1 1 0 1 1 0 1 0 1 0 1 0 0 1 31
1 0 1 1 1 0 0 0 1 0 1 1 0 0 1 1 1 1 0 0 0 1 0 1 0 0 1 0 0 0 1 1 1 1 1 1 1 1 1 0 0 0 0 1 0 1 0 1 0 0 26
131 129 131 127 134 118 132 121 119 136 120 123 132 130 126 121 118 124 114 122 136 117 131 126 121 118 135 132 123 135 119 117 130 133 133 120 129 139 127 115 121 117 113 120 122 118 119 122 131 123 6250
