0 1 0 1 0 0 0 0 0 0 1 0 0 0 1 1 0 0 1 0 0 0 0 1 0 1 1 1 1 1 0 1 1 1 1 0 0 0 0 1 1 0 0 1 0 1 0 1 1 1 0 1 1 1 1 1 1 0 0 1 1 1 1 0 0 0 0 0 1 0 0 1 0 1 1 1 1 1 1 0 1 1 1 0 1 1 1 1 0 0 0 0 0 0 0 0 0 0 0 0 48
0 1 0 1 0 0 0 0 0 1 1 1 0 0 0 1 0 0 1 1 1 0 0 1 1 0 1 1 1 0 0 1 0 0 1 0 1 0 0 1 0 0 0 0 1 1 1 1 1 1 1 1 1 0 1 1 1 1 0 1 1 1 0 0 1 0 0 0 1 0 1 1 0 1 1 1 1 1 1 0 1 1 1 0 0 1 1 0 0 0 0 0 0 0 0 0 0 0 0 0 49
1 1 0 0 0 1 0 0 0 0 1 1 0 0 0 1 1 0 1 0 0 0 1 1 0 1 1 1 1 1 0 1 0 0 1 0 1 1 1 1 1 0 1 1 1 1 0 0 1 1 0 1 1 0 1 0 0 0 0 0 1 1 0 0 0 0 0 1 1 1 1 0 1 0 1 1 1 1 1 0 1 1 0 1 1 1 1 0 0 0 0 0 0 0 0 0 0 0 0 0 49
0 1 0 1 0 1 0 0 0 0 1 1 0 0 1 1 1 1 1 1 0 1 0 1 1 1 1 1 1 0 0 1 0 1 1 0 0 1 0 1 1 0 0 1 0 1 0 1 1 1 0 1 1 0 1 1 1 0 0 1 1 0 1 0 0 1 0 1 1 1 1 0 0 1 1 1 0 1 1 0 1 1 0 0 0 1 1 0 1 0 0 0 0 0 0 0 0 0 0 0 52
1 1 0 1 0 1 1 0 0 1 1 1 0 0 1 1 1 0 0 1 0 0 0 1 0 0 1 1 1 1 1 1 0 1 1 0 0 0 0 1 1 0 0 1 1 1 1 1 1 1 1 1 1 1 1 1 1 1 0 0 1 0 1 0 0 0 0 1 1 1 0 1 0 0 1 1 1 0 1 0 1 1 1 1 0 1 1 0 0 0 0 0 0 0 0 0 0 0 0 0 54
1 1 0 1 0 1 0 0 0 1 1 0 1 0 0 0 0 1 1 0 0 0 0 0 1 1 1 1 1 0 0 1 1 1 1 0 0 0 0 1 1 1 1 0 0 1 1 0 1 1 1 1 1 0 0 0 1 0 0 1 1 1 1 0 0 0 0 1 1 1 1 1 0 1 1 1 1 0 1 0 1 1 1 1 0 0 0 0 0 0 0 0 0 0 0 0 0 0 0 0 48
1 0 0 1 0 1 0 0 1 1 1 1 0 0 0 1 1 0 1 1 0 0 0 1 1 0 1 0 1 0 0 1 1 0 1 0 1 0 1 1 1 0 1 1 1 1 1 1 0 1 0 1 1 1 0 1 1 1 1 1 0 1 1 1 0 0 0 1 1 1 1 0 0 1 1 0 1 1 1 0 1 1 0 1 1 1 0 0 0 0 0 0 0 0 0 0 0 0 0 0 54
1 1 0 0 0 0 0 0 0 1 1 1 0 0 0 1 0 0 1 1 0 1 0 1 0 1 1 1 1 1 0 1 1 0 1 0 0 1 1 1 1 0 1 1 0 1 0 0 1 0 1 1 1 1 1 1 1 0 0 0 1 0 1 0 0 0 0 0 1 1 1 1 0 1 1 1 1 0 1 0 1 1 1 1 1 1 1 0 0 0 0 0 0 0 0 0 0 0 0 0 51
0 1 0 1 0 1 0 0 1 0 1 1 1 0 0 1 0 1 1 1 0 0 0 1 0 0 1 1 0 1 0 1 0 1 1 0 0 1 1 0 1 1 1 1 0 1 0 0 0 1 0 1 1 0 1 1 1 1 0 0 1 0 0 0 0 1 0 0 1 1 0 1 0 0 1 1 1 0 1 0 1 1 0 1 1 1 1 0 0 0 0 0 0 0 0 0 0 0 0 0 47
0 1 0 1 1 1 0 0 0 0 1 1 0 1 0 0 0 1 1 1 1 0 0 1 0 0 1 1 1 0 0 1 0 1 1 0 1 1 1 1 1 1 0 1 1 1 1 1 1 1 1 1 1 0 1 1 1 1 1 1 1 1 1 0 0 1 0 1 1 1 1 0 0 1 1 1 0 0 0 0 1 1 1 1 1 0 0 0 0 0 0 0 0 0 0 0 0 0 0 0 56
1 1 0 0 0 1 0 0 0 1 1 1 1 0 0 1 1 0 1 1 1 0 0 1 1 1 1 1 0 1 0 1 0 1 1 0 1 0 1 1 1 0 1 0 1 1 0 0 0 1 0 1 0 0 1 1 0 1 1 1 1 1 1 0 0 0 0 1 0 1 0 1 0 1 1 1 1 1 1 0 1 1 1 0 1 1 1 0 0 0 0 0 0 0 0 0 0 0 0 0 53
0 0 0 1 0 0 0 0 0 1 1 1 1 0 0 1 0 0 1 1 0 0 0 1 1 1 1 1 1 0 0 1 1 1 1 0 0 0 1 1 1 1 1 1 1 1 0 1 0 0 0 1 1 1 1 1 1 0 1 1 1 0 1 0 1 0 0 1 1 1 1 1 1 0 1 1 1 1 1 0 1 1 1 1 1 1 0 1 1 0 0 0 0 0 0 0 0 0 0 0 57
0 1 0 1 0 1 0 0 0 1 1 1 0 0 0 1 0 0 1 0 0 0 0 1 0 0 1 1 1 1 0 1 1 1 1 0 0 1 1 1 0 1 0 1 0 1 0 1 1 0 1 1 1 1 1 1 1 1 1 0 0 1 1 0 0 0 1 1 1 1 0 0 0 1 1 1 0 0 0 0 1 1 0 1 1 0 1 0 0 0 0 0 0 0 0 0 0 0 0 0 48
1 1 0 1 0 0 0 0 0 0 1 1 1 0 1 1 0 1 1 1 1 0 0 0 1 1 1 1 1 0 0 1 0 1 1 0 1 1 1 1 1 0 1 1 1 1 1 1 1 1 0 1 1 0 1 0 1 0 1 1 1 1 1 1 0 0 0 0 1 1 0 0 0 0 1 1 1 0 1 0 1 0 1 1 1 0 0 0 0 0 0 0 0 0 0 0 0 0 0 0 53
1 0 0 1 0 1 0 0 1 1 1 1 0 0 0 1 1 0 1 0 0 1 0 1 1 0 1 1 1 1 0 1 0 1 1 0 0 0 1 0 1 0 1 1 0 1 0 1 0 1 1 1 1 1 0 1 0 1 0 0 1 1 0 0 0 0 0 0 0 1 0 1 0 1 1 1 0 1 1 0 1 1 1 1 0 1 1 0 0 0 0 0 0 0 0 0 0 0 0 0 48
0 1 0 1 1 1 0 0 0 0 0 1 0 0 1 1 0 1 1 0 0 1 0 1 1 1 1 1 0 1 0 1 0 1 1 0 0 1 1 1 1 0 1 0 0 1 1 1 1 1 0 1 1 1 0 0 1 1 0 1 1 1 1 0 0 0 0 1 1 1 0 0 0 1 1 0 0 1 1 0 0 1 1 1 1 1 1 0 0 1 0 0 0 0 0 0 0 0 0 0 52
1 0 0 0 1 1 0 0 0 0 1 1 0 0 1 1 0 0 0 0 0 1 0 1 0 1 1 1 0 1 0 1 0 1 1 0 1 0 1 1 1 0 0 1 0 1 0 1 0 1 1 1 1 1 1 1 1 0 0 1 1 1 0 0 0 0 0 1 1 1 0 1 0 0 1 1 0 1 0 0 1 0 1 1 1 1 1 0 0 0 0 0 0 0 0 0 0 0 0 0 47
0 1 0 1 1 1 0 0 1 1 1 0 1 0 0 1 0 0 1 0 0 0 0 1 1 1 1 1 1 1 0 1 1 1 1 0 0 0 1 1 1 0 1 0 0 1 0 1 1 1 0 1 1 0 1 0 1 1 0 1 1 0 1 0 0 0 0 1 1 1 1 0 0 1 1 0 1 1 1 0 1 1 1 1 0 1 0 0 0 0 0 0 1 0 0 0 0 0 0 0 52
0 1 0 1 0 0 0 0 0 0 1 1 1 0 1 1 0 0 1 0 0 0 0 1 0 1 1 1 0 1 0 1 1 0 1 0 0 0 0 1 1 0 1 0 1 1 0 1 1 0 0 0 1 1 1 1 0 1 0 0 1 1 0 0 0 1 0 0 1 1 0 1 0 0 1 1 0 1 1 0 1 1 1 1 0 1 0 1 0 0 0 0 0 0 0 0 0 0 0 0 44
1 0 1 1 1 1 0 0 0 0 1 1 0 0 0 1 0 0 1 1 0 1 0 1 1 1 1 1 1 0 0 1 1 0 1 0 0 0 0 0 1 0 1 1 1 1 0 1 0 0 0 1 1 0 0 1 1 1 0 0 1 1 0 1 0 0 0 1 1 1 1 1 0 1 1 1 1 1 1 1 1 1 1 1 0 0 0 0 0 1 0 0 0 0 0 0 0 0 0 0 51
0 0 1 1 1 1 0 0 1 1 1 1 1 0 0 1 0 0 1 0 0 1 0 1 0 1 1 1 0 1 0 1 0 0 1 0 0 1 0 1 1 0 0 1 1 1 0 1 1 0 0 1 1 1 1 1 1 1 0 1 1 0 0 1 0 0 0 1 1 1 0 1 0 1 1 1 0 0 0 0 1 1 1 1 0 1 0 0 0 0 0 0 0 0 0 0 0 0 0 0 49
1 1 0 1 0 0 0 0 0 1 1 0 0 0 0 1 0 0 1 1 1 0 1 1 0 1 1 1 1 1 0 1 1 1 1 1 0 1 1 1 1 0 1 0 0 1 1 1 1 0 1 1 1 1 0 1 1 0 1 1 1 0 1 1 1 0 0 0 1 0 1 1 1 0 1 1 1 1 1 0 1 1 1 1 1 0 1 0 0 0 1 0 0 0 0 0 0 0 0 0 58
0 1 0 1 0 1 0 0 1 1 1 1 0 0 0 1 0 1 0 1 1 1 0 0 0 0 1 1 1 1 0 1 1 1 1 0 0 0 0 0 1 0 0 1 1 1 0 1 0 0 1 1 1 1 0 0 1 0 0 1 1 1 0 0 0 1 0 1 1 1 1 1 0 0 1 1 1 1 1 0 1 1 0 1 0 0 1 0 0 0 0 0 0 0 0 0 0 0 0 0 48
0 1 0 0 0 1 0 0 0 0 1 1 0 1 0 0 0 0 1 1 1 0 0 1 0 1 1 1 0 0 0 1 1 0 1 0 0 0 0 1 1 1 1 0 1 1 1 0 1 0 1 1 1 1 0 0 1 0 0 1 1 1 0 1 0 1 0 0 1 0 0 0 1 0 1 0 0 1 1 0 1 1 1 1 0 1 0 0 0 0 0 0 0 0 0 0 0 0 0 0 43
1 1 0 1 1 0 0 0 1 0 1 1 0 0 1 1 0 0 1 1 0 0 0 1 0 1 1 1 1 0 0 1 1 1 1 0 1 0 1 1 1 0 1 1 0 1 0 1 1 0 0 1 1 0 0 1 1 0 1 0 1 0 1 0 0 0 1 0 1 1 1 0 0 0 1 1 1 1 1 0 1 1 1 0 1 1 0 1 0 0 0 0 0 0 0 0 0 0 0 0 51
0 0 0 0 0 1 0 0 0 1 1 1 0 0 0 1 0 0 1 1 1 0 0 1 0 0 1 1 0 1 0 1 1 1 1 1 1 0 1 1 1 0 0 0 1 1 0 1 1 0 0 1 1 1 0 0 1 1 0 1 1 1 1 1 0 0 0 1 1 1 1 1 0 1 1 1 0 1 1 0 1 0 1 1 0 1 0 0 0 1 0 0 0 0 0 0 0 0 0 0 50
0 1 0 0 0 1 0 0 0 0 1 1 1 1 0 1 1 0 1 1 1 0 1 1 0 0 1 1 1 0 1 1 1 1 1 0 1 0 1 1 1 0 1 0 0 1 1 0 0 1 1 1 1 1 1 1 1 0 0 1 0 1 1 0 0 1 0 1 1 0 0 1 0 1 1 1 1 1 1 0 1 1 1 0 1 1 0 0 0 0 0 0 0 0 0 0 0 0 0 0 54
1 0 0 0 1 1 0 0 0 1 1 1 0 1 0 1 0 0 1 0 1 1 1 1 0 0 1 1 1 0 0 1 0 0 1 0 1 1 1 1 0 0 1 0 0 1 0 1 0 0 1 1 1 1 0 1 1 1 0 1 1 0 0 0 0 1 0 1 1 1 1 1 0 1 1 0 1 1 1 0 1 0 1 1 0 1 1 0 0 0 0 0 0 0 0 0 0 0 0 0 50
0 1 0 1 0 0 0 0 1 1 1 1 0 0 0 1 1 0 1 0 1 0 0 1 1 1 1 1 0 0 0 1 0 1 1 0 0 1 0 1 0 0 0 0 1 1 0 1 1 1 0 0 1 1 1 1 0 1 0 1 1 1 1 1 0 1 0 0 1 1 0 1 0 0 1 1 1 1 1 0 1 1 1 0 1 0 1 0 0 0 0 0 0 0 0 0 0 0 0 0 49
1 1 0 0 0 0 0 0 1 1 1 1 0 0 0 0 1 1 1 1 0 1 0 1 0 0 1 0 1 1 0 1 1 0 1 0 0 0 1 1 1 0 1 1 0 1 1 1 1 0 0 1 1 1 0 0 0 0 0 1 1 0 1 1 0 1 0 1 1 1 1 1 0 0 1 1 1 0 1 0 1 1 1 0 1 1 1 0 0 0 0 0 0 0 0 0 0 0 0 0 50
0 1 0 1 1 1 0 0 0 1 1 1 1 0 0 1 0 1 1 1 1 0 0 1 0 0 1 1 1 0 0 1 0 1 1 0 1 0 1 1 1 0 1 1 0 1 1 0 0 1 1 1 1 1 0 1 1 0 0 1 1 1 1 0 0 0 0 1 0 1 0 0 0 0 1 1 1 1 1 0 1 1 1 0 1 1 0 0 0 0 0 0 0 0 0 0 0 0 0 0 51
0 0 0 1 0 1 0 0 1 1 1 1 0 0 1 1 0 1 1 1 1 0 0 1 0 1 1 1 1 0 0 1 1 1 1 0 0 0 1 1 0 0 0 1 0 1 0 1 1 1 0 1 1 1 1 1 1 1 0 0 1 1 0 0 0 1 0 1 1 1 0 1 0 1 1 1 1 1 1 0 1 1 1 0 1 1 0 0 0 0 0 0 0 0 0 0 0 0 0 0 53
0 0 0 1 1 0 0 0 0 0 1 1 0 0 1 1 1 1 1 1 0 0 0 1 0 1 1 1 1 0 0 1 0 0 1 0 0 1 1 1 1 0 1 0 1 1 0 0 0 1 0 1 1 0 1 0 1 0 1 0 1 0 1 0 0 0 0 1 1 1 0 0 0 0 1 1 1 0 1 0 1 1 1 1 0 0 1 0 1 0 0 0 0 0 0 0 0 0 0 0 45
1 1 0 1 0 0 0 0 0 1 1 1 0 1 0 1 0 0 1 1 1 1 0 1 0 0 1 1 0 1 0 1 1 1 1 0 0 0 0 1 1 0 0 1 1 1 0 0 1 1 1 1 1 1 0 1 1 1 0 1 1 0 0 1 0 0 0 1 1 1 0 1 1 1 1 1 1 0 1 0 1 1 1 0 1 0 1 0 0 0 0 0 0 0 0 0 0 0 0 0 52
0 1 0 1 0 1 0 0 0 1 1 1 0 1 0 1 0 1 1 1 0 1 0 1 1 0 1 1 0 1 0 1 0 0 1 0 1 1 0 0 1 0 1 1 1 1 0 1 1 1 1 1 0 1 1 1 1 1 1 1 1 1 1 0 0 1 0 0 1 1 0 1 1 1 1 1 1 1 0 0 1 1 1 1 1 0 1 0 0 1 0 0 0 0 0 0 0 0 0 0 58
0 0 0 1 0 1 0 1 0 0 1 1 1 0 0 0 0 0 1 0 0 1 0 1 1 1 1 1 1 0 0 1 0 1 1 0 1 0 1 1 1 1 1 0 0 1 0 0 1 1 1 1 0 1 1 0 1 0 0 1 1 1 1 0 0 0 0 1 1 1 1 1 0 0 1 1 1 1 1 0 1 1 1 0 0 1 1 0 0 0 0 0 0 0 0 0 0 0 0 0 50
0 1 0 0 1 0 0 0 0 0 1 0 0 0 0 1 0 1 1 0 0 0 0 1 0 0 1 1 0 0 0 1 1 1 1 0 1 1 1 1 1 0 1 0 0 1 0 1 1 0 0 1 1 1 0 1 1 1 0 1 1 1 1 1 0 0 0 1 1 1 1 0 0 1 1 1 1 1 0 0 1 1 0 0 1 1 1 0 0 0 0 0 0 0 0 0 0 0 0 0 47
1 1 0 1 0 0 0 0 1 1 1 1 0 0 0 1 1 0 1 0 0 0 0 1 0 1 1 1 1 1 0 1 1 1 1 0 0 0 1 1 1 0 0 1 1 1 1 1 1 0 0 1 1 1 1 0 0 0 0 1 1 0 1 0 0 0 0 1 1 1 0 1 0 0 1 0 1 1 1 0 1 1 1 1 1 0 0 1 0 1 0 0 0 0 0 0 0 0 0 0 51
0 1 0 1 0 0 0 0 1 1 1 1 0 0 0 1 0 1 1 0 1 0 0 1 0 1 1 1 1 0 0 1 0 0 1 0 1 0 1 1 1 0 1 0 1 1 0 1 0 1 0 1 1 1 0 0 1 1 0 1 1 1 0 0 1 0 0 0 1 1 0 1 1 0 1 0 1 0 1 0 1 1 1 1 0 1 1 0 0 0 0 0 0 0 0 0 0 0 0 0 48
1 1 0 0 1 0 0 0 1 1 1 1 0 0 0 1 0 1 1 1 0 0 0 1 0 1 1 1 1 0 0 1 1 0 1 0 1 1 1 1 1 0 1 1 0 1 0 1 0 1 0 1 1 1 0 1 1 1 0 1 1 1 1 0 0 0 0 1 1 1 0 1 1 1 0 1 0 1 0 0 1 1 1 1 1 1 1 0 0 0 0 0 0 0 0 0 0 0 0 0 54
0 1 0 1 1 0 0 0 0 1 1 1 0 1 0 0 0 0 1 1 0 1 0 1 0 1 1 1 1 1 0 1 1 1 1 0 0 1 1 1 1 0 1 0 0 1 1 0 0 0 0 1 1 1 0 1 1 1 0 1 1 1 1 0 0 1 1 1 1 1 1 1 0 0 1 1 1 0 1 0 1 1 1 0 1 1 1 0 0 1 0 0 0 0 0 0 1 0 0 0 56
0 1 0 0 1 0 0 0 1 1 1 0 1 0 0 1 0 0 1 1 0 0 0 1 0 0 1 1 1 0 0 1 0 1 1 1 1 0 0 1 1 0 0 1 1 0 0 1 0 1 1 1 1 0 1 1 1 0 0 0 1 1 1 0 0 0 1 0 1 1 0 1 0 1 1 1 1 1 1 0 1 1 1 1 1 1 0 0 0 0 0 0 0 0 0 0 0 0 0 0 49
0 0 0 1 0 0 0 0 0 1 1 1 1 0 0 1 0 0 1 0 0 1 0 0 0 1 1 1 1 0 0 1 1 0 1 0 0 0 1 1 0 0 1 1 0 1 1 1 1 0 1 1 1 0 1 1 1 0 0 0 1 1 1 0 0 0 0 0 1 1 0 1 0 0 1 1 1 1 0 0 1 1 1 1 0 1 0 0 1 0 0 0 0 0 0 0 0 0 0 0 45
0 1 0 1 0 0 0 0 0 1 1 1 0 0 0 1 0 0 1 1 0 1 0 1 0 1 1 1 0 1 0 1 0 1 1 1 0 0 1 1 1 0 0 1 1 1 1 0 0 1 0 1 1 1 0 1 1 0 0 1 1 1 0 1 0 0 0 1 1 1 0 1 0 1 1 1 0 0 1 0 1 1 1 1 1 1 0 0 0 0 0 0 0 0 0 0 0 0 0 0 49
0 1 0 0 0 0 0 0 1 1 1 1 1 1 0 1 0 0 1 0 0 0 0 1 1 0 1 1 0 0 0 1 0 0 1 0 0 1 1 1 1 0 0 1 1 1 1 1 1 1 0 1 1 1 1 0 1 0 1 0 1 1 1 0 0 0 0 0 1 1 0 1 0 1 1 1 0 1 1 0 1 1 0 1 0 0 0 0 0 0 0 0 0 0 0 0 0 0 0 0 46
1 0 0 1 0 1 1 0 1 0 1 1 1 0 1 1 0 1 1 1 0 1 0 1 0 1 1 1 1 0 0 1 1 0 1 0 1 0 1 1 1 1 0 1 1 1 1 1 1 1 0 1 0 1 1 0 1 1 0 1 1 1 0 0 0 0 0 1 1 0 0 0 0 1 1 1 1 1 1 0 1 1 1 1 0 0 1 0 0 0 0 0 0 0 0 0 0 0 0 0 55
1 1 0 1 0 0 0 0 1 0 1 0 1 0 0 1 0 1 1 0 1 0 0 1 0 0 1 1 1 0 0 1 1 1 1 0 1 0 1 1 1 0 1 0 1 1 0 0 1 0 1 1 1 0 1 1 1 0 0 1 1 0 0 1 0 0 0 1 1 1 1 1 0 0 1 1 1 1 1 0 1 1 0 1 1 1 0 0 0 0 0 0 0 0 0 0 0 0 0 0 50
0 1 0 1 0 1 0 0 0 0 1 0 1 0 0 1 0 0 1 1 0 0 1 1 0 1 1 1 1 0 1 1 1 1 1 0 0 1 1 1 1 0 1 0 0 1 0 1 0 0 1 1 1 1 0 1 1 1 0 1 1 1 1 0 0 1 0 0 1 1 1 0 0 1 1 1 1 1 1 0 1 1 1 0 0 1 1 0 0 0 0 0 0 0 0 0 0 0 0 0 52
1 1 0 1 0 1 0 0 1 1 1 1 0 0 0 1 0 1 1 1 1 1 0 1 0 1 1 1 1 0 1 1 1 1 1 0 0 0 0 1 1 0 1 1 0 1 0 0 1 0 1 1 1 1 1 0 1 1 0 0 1 1 0 1 0 1 0 1 1 1 0 1 1 0 1 1 1 1 0 0 1 1 1 0 1 1 1 0 0 0 0 0 0 0 0 0 0 0 0 0 56
1 0 0 0 0 0 0 0 0 1 1 1 1 0 1 1 1 0 1 0 0 0 0 0 0 1 1 1 0 0 1 1 1 1 1 0 1 1 1 0 1 1 1 1 0 1 1 0 1 0 0 1 1 1 1 1 1 0 0 1 1 0 0 1 0 0 0 1 1 1 1 0 0 0 1 0 1 1 1 0 1 1 1 1 1 0 1 0 0 0 0 0 0 0 0 0 0 0 0 0 50
0 1 0 0 1 1 0 0 0 0 1 1 0 0 1 1 0 0 1 1 0 1 0 0 0 0 1 1 1 0 0 1 1 1 1 1 1 1 0 1 1 0 0 0 1 1 0 1 0 1 0 1 1 1 1 1 1 0 0 1 1 1 0 0 0 0 0 1 0 1 0 1 0 0 1 0 0 1 1 0 1 1 1 1 1 1 1 1 0 0 0 0 0 0 0 0 0 0 0 0 49
0 0 0 1 0 1 0 0 0 0 1 0 1 0 0 1 0 1 0 0 0 1 0 1 0 1 1 1 1 1 0 1 0 1 1 0 0 0 1 0 1 1 0 0 0 0 0 0 1 1 1 1 0 1 0 1 1 1 0 0 1 0 0 0 0 0 0 1 1 1 0 1 0 0 1 1 0 1 1 0 1 1 1 1 0 1 0 1 0 0 0 0 0 0 0 0 0 0 0 0 42
0 0 0 1 0 0 0 0 1 1 1 0 0 0 0 1 0 1 1 1 0 1 0 1 0 0 1 1 1 0 0 1 1 1 1 0 1 1 1 1 1 0 1 0 1 1 0 0 0 1 1 1 1 1 0 1 1 0 0 1 1 1 1 1 0 0 0 1 1 1 1 1 0 1 1 0 1 1 1 0 1 1 1 1 0 0 0 0 0 1 0 0 0 0 0 0 0 0 0 0 52
1 0 0 0 1 0 0 0 1 1 1 1 1 0 0 1 0 0 1 1 0 0 0 1 1 1 1 1 0 0 0 1 1 0 1 0 1 1 0 1 0 0 1 0 1 1 0 1 0 1 0 0 1 1 0 1 1 1 0 0 1 1 0 0 0 0 0 0 1 1 0 1 0 1 1 1 0 1 1 0 1 0 1 0 0 0 1 0 1 0 0 0 0 0 0 0 0 0 0 0 45
0 1 0 1 0 1 0 0 1 1 1 1 1 0 1 1 0 0 1 1 0 1 0 1 0 1 1 1 1 0 0 1 0 0 1 0 0 1 1 1 1 0 1 1 1 1 0 1 1 1 0 0 1 0 1 0 1 1 0 1 0 1 0 0 0 0 0 1 1 1 1 1 0 1 1 0 1 1 1 0 0 1 0 1 1 0 0 0 0 0 0 0 0 0 0 0 0 0 0 0 50
1 1 1 1 1 1 0 0 1 0 1 1 0 0 1 1 0 1 1 0 0 1 0 1 0 1 1 1 1 0 1 1 0 1 1 0 1 0 0 1 1 1 1 0 0 1 0 1 1 1 0 1 1 1 1 1 1 1 0 1 0 1 0 0 0 0 0 1 1 0 1 0 0 1 1 0 1 1 0 0 1 1 1 1 1 1 0 0 0 0 0 0 0 0 0 0 0 0 0 0 54
1 0 0 1 1 0 0 0 0 0 1 0 0 1 0 1 0 1 1 1 0 1 1 1 1 1 1 1 1 0 0 1 0 1 1 0 0 1 1 1 1 0 1 1 1 1 0 1 1 1 1 1 1 1 1 1 0 0 0 1 1 0 1 1 0 0 0 0 1 1 0 1 0 1 1 1 0 0 1 0 1 1 1 1 0 1 1 0 0 0 0 0 0 0 0 0 0 0 0 0 54
1 1 0 1 0 0 0 0 0 1 1 1 1 0 1 0 0 0 1 1 0 0 0 1 0 0 1 1 1 1 1 1 0 1 1 0 0 0 0 1 1 1 1 0 1 1 0 1 0 1 1 1 1 0 0 1 1 1 1 1 1 1 0 0 0 0 0 1 0 1 0 1 1 0 1 0 1 1 1 0 1 1 1 1 0 1 0 0 1 1 0 0 0 1 0 0 0 0 0 0 53
1 0 0 0 0 0 0 0 0 1 1 1 0 0 0 0 0 0 1 0 1 1 0 0 0 1 1 1 1 1 0 1 0 1 1 0 1 1 0 1 1 0 1 1 1 1 1 1 1 1 0 1 1 0 1 1 1 1 1 1 1 1 0 0 0 0 0 1 1 1 1 1 0 0 1 1 0 1 1 0 1 1 1 0 0 1 1 1 0 1 0 0 0 0 0 0 0 0 0 0 53
0 0 0 1 0 1 0 0 1 1 1 1 0 0 0 1 1 1 1 0 0 1 0 1 0 0 1 1 1 1 0 1 1 0 1 0 0 0 1 0 0 1 1 1 1 1 0 1 1 0 0 0 1 1 0 1 1 1 0 0 1 0 1 0 0 0 0 0 1 1 0 0 0 1 1 1 1 0 1 0 1 1 1 1 0 0 0 0 0 0 0 0 0 0 0 0 0 0 0 0 45
1 0 0 1 0 1 0 0 0 0 0 1 0 0 0 1 0 1 1 0 0 0 0 1 0 1 1 1 1 0 1 1 0 1 1 0 1 1 1 0 1 0 1 0 0 1 0 1 1 1 1 1 1 0 1 1 0 1 0 0 0 1 1 1 0 0 0 0 1 1 0 0 0 1 1 0 1 1 1 0 1 0 1 1 1 1 1 0 0 0 0 0 0 0 0 0 0 0 0 0 47
0 0 0 1 0 1 0 0 1 0 0 1 1 1 0 1 0 1 1 1 0 0 0 1 0 0 1 1 1 1 0 1 1 1 1 0 1 0 1 1 0 0 1 0 1 1 0 1 1 0 1 1 1 0 1 0 1 1 0 0 1 0 0 0 0 0 0 0 1 1 0 1 0 1 1 1 1 0 1 0 1 1 0 1 0 0 1 0 0 0 0 0 0 0 0 0 0 0 0 0 46
0 1 0 1 0 1 0 0 0 0 1 1 1 0 1 1 1 1 1 1 0 0 0 1 1 1 1 1 1 0 0 1 0 1 1 1 1 0 0 1 1 0 1 1 0 1 1 1 1 1 1 1 1 1 1 0 1 0 0 0 1 0 1 0 0 0 0 0 1 1 1 1 0 0 1 1 0 0 0 0 1 1 1 1 1 0 1 0 0 0 0 0 0 0 0 0 0 0 0 0 52
0 1 0 1 0 1 0 0 1 0 1 1 1 1 1 1 0 0 0 0 1 0 0 1 0 0 1 1 1 1 0 1 0 0 1 0 0 1 1 1 1 0 1 0 1 1 1 0 1 0 1 1 1 1 1 1 1 0 0 1 1 0 1 0 0 0 0 1 1 1 0 1 0 0 1 1 1 1 1 0 0 1 1 1 0 0 1 0 0 0 0 0 0 0 0 0 0 0 0 0 50
0 1 0 1 1 1 0 0 1 1 1 0 0 0 1 1 1 0 1 0 0 1 0 1 0 0 1 1 1 0 0 1 0 0 1 1 0 1 0 1 1 0 1 1 1 1 0 1 0 1 0 0 1 1 0 0 1 0 0 1 1 1 0 0 0 0 0 1 1 1 1 1 0 1 1 1 1 0 1 0 1 1 1 0 1 0 1 1 0 0 0 0 0 0 0 0 0 0 0 0 50
0 1 0 1 0 0 0 0 0 0 0 1 0 0 0 1 0 0 1 0 0 1 0 1 0 1 1 1 1 0 0 1 0 1 1 0 0 0 0 1 1 0 0 0 1 1 0 0 0 0 0 1 1 1 0 1 1 1 0 1 0 1 1 0 0 1 0 0 1 1 0 0 0 1 1 1 1 1 1 0 1 1 1 1 1 1 1 0 0 0 0 0 0 0 0 0 0 0 0 0 43
1 0 0 1 0 1 1 0 0 0 1 0 0 1 0 1 0 1 0 0 0 1 1 1 0 1 1 1 0 0 0 1 0 1 1 0 0 0 0 1 1 0 0 1 0 1 0 0 0 1 1 1 1 0 0 1 1 1 0 1 1 1 1 0 0 0 0 0 1 1 0 1 0 1 1 0 1 0 1 0 1 1 1 1 1 1 1 0 0 0 1 0 0 0 0 0 0 1 0 0 48
1 1 0 0 1 0 0 0 0 1 1 0 0 0 0 1 0 0 1 1 1 1 0 1 1 0 1 1 1 1 0 1 1 0 1 0 0 0 1 1 1 0 1 1 1 1 0 1 1 1 1 0 0 1 0 0 1 0 1 1 1 1 0 0 0 0 0 0 1 1 1 1 0 1 1 0 0 1 1 0 1 1 1 0 1 1 1 0 0 1 0 0 0 0 0 0 0 0 0 0 51
1 1 0 1 0 1 0 0 0 1 1 1 0 0 0 1 1 0 1 0 1 1 0 1 0 0 1 1 1 0 0 1 0 1 1 0 1 0 1 1 1 0 1 1 1 1 0 1 1 1 1 1 0 1 1 1 1 0 1 1 1 1 0 0 0 0 0 0 1 1 1 0 0 1 1 1 1 1 1 0 1 1 1 1 1 1 1 0 0 0 0 0 0 0 0 0 0 0 0 0 56
1 0 0 0 0 1 0 0 0 1 1 1 0 0 0 1 1 0 1 0 1 0 0 1 0 0 1 1 1 0 0 1 1 1 1 0 0 0 1 1 1 1 1 1 1 1 0 1 1 1 1 1 1 1 0 1 1 1 1 1 1 1 0 0 0 0 0 1 1 1 0 1 0 1 1 1 1 1 1 0 0 0 1 1 1 0 0 1 0 0 0 0 0 0 0 0 0 0 0 0 53
1 1 0 0 1 0 0 0 1 0 1 1 1 1 0 1 0 1 1 0 0 0 0 1 0 0 1 1 1 1 1 1 0 1 1 0 0 0 1 1 0 0 0 1 1 1 0 1 0 1 0 1 1 0 1 1 1 0 0 1 1 0 1 0 0 0 0 0 1 1 0 1 0 1 1 1 1 1 1 0 1 1 1 1 1 1 0 0 0 0 0 0 0 0 0 0 0 0 0 0 50
0 1 0 1 0 1 0 0 0 0 1 1 0 0 1 1 0 1 1 1 0 1 1 1 0 1 1 1 1 1 0 1 1 0 1 0 0 1 0 1 1 0 1 0 0 1 0 1 0 0 1 1 1 0 1 1 1 1 0 1 1 1 1 0 0 0 0 1 0 1 0 1 0 1 1 1 1 1 1 0 1 1 1 0 1 0 0 0 0 0 0 0 0 0 0 0 0 0 0 0 51
1 1 0 1 0 1 0 0 1 0 1 0 0 0 0 1 1 1 1 0 1 1 1 1 0 1 1 1 1 0 1 1 0 1 1 0 0 0 1 1 0 0 1 0 0 1 0 0 1 1 0 1 1 1 0 1 0 0 0 1 1 1 0 0 1 0 0 0 1 1 1 1 0 1 1 1 1 1 0 0 1 1 1 1 1 1 0 0 0 0 0 0 0 0 0 0 0 0 0 0 51
1 1 0 1 0 0 0 0 0 0 1 1 1 0 1 1 1 0 0 1 1 0 0 0 1 0 0 1 1 0 1 1 1 0 1 0 0 1 0 1 1 0 0 1 1 1 0 0 1 1 1 1 1 0 1 0 1 0 0 1 1 0 1 1 0 0 0 1 1 1 1 1 0 1 1 1 0 0 1 0 1 0 0 1 1 1 1 0 0 0 0 0 0 0 0 0 0 0 0 0 49
0 1 1 1 0 1 0 0 1 0 1 1 1 0 1 1 1 0 1 0 0 1 0 1 0 0 1 1 1 1 0 1 0 1 1 1 0 0 1 1 1 0 1 1 0 1 0 0 1 1 0 1 1 0 0 1 1 0 1 1 1 1 0 0 0 1 0 1 1 1 0 1 0 1 1 1 0 1 1 0 1 1 1 1 0 1 1 0 1 0 0 0 0 0 0 0 0 0 0 0 55
1 1 0 1 0 0 0 1 1 0 1 0 0 0 0 1 1 1 1 1 0 1 0 1 0 0 1 1 1 1 0 1 0 1 1 0 0 0 1 1 1 0 0 0 0 1 0 0 0 1 0 0 1 1 1 1 1 0 0 0 1 1 1 0 0 1 0 1 1 1 0 0 0 1 1 1 1 1 1 0 1 0 1 1 0 1 1 0 0 0 0 0 0 0 0 0 0 0 0 0 48
0 0 0 0 0 0 0 0 1 1 0 1 1 0 0 1 0 1 1 1 1 1 0 1 0 0 1 1 1 0 0 1 0 0 1 0 1 1 1 1 1 0 1 1 0 1 0 0 0 1 1 1 0 1 1 1 1 1 0 1 1 1 1 1 0 1 0 0 1 1 0 1 0 1 1 0 1 1 1 0 1 1 0 1 1 1 0 0 0 0 0 0 0 0 0 0 0 0 0 0 51
1 0 0 0 1 0 0 0 0 1 1 0 0 0 1 1 0 1 1 0 0 0 0 1 0 1 1 0 1 1 0 1 0 1 1 0 0 1 1 1 0 0 1 0 1 1 1 1 0 1 1 1 1 1 0 1 1 0 0 1 1 1 1 0 0 0 0 1 1 0 0 1 0 1 1 1 1 1 1 0 1 0 0 1 1 1 1 1 0 0 0 0 0 0 0 0 0 0 0 0 50
0 1 0 1 0 0 0 0 0 1 0 1 1 0 0 1 0 1 1 0 0 0 0 1 0 0 1 1 1 1 0 1 0 1 1 0 1 0 1 1 1 0 0 1 0 1 0 1 0 0 0 1 1 1 0 1 0 1 0 1 1 1 1 0 0 0 0 0 1 1 0 0 0 1 1 1 1 1 1 0 1 0 1 1 0 0 0 0 0 0 0 0 0 0 0 0 0 0 0 0 43
1 1 0 1 0 1 0 0 1 0 0 1 0 1 0 0 0 1 0 0 0 0 0 1 1 0 1 1 0 0 0 1 1 0 1 0 0 1 0 1 1 1 0 1 1 1 0 1 0 0 0 1 1 1 1 1 1 0 0 1 1 1 1 0 0 0 0 0 1 1 1 0 0 0 1 1 1 1 0 0 1 1 1 0 0 0 0 0 0 0 0 0 0 0 0 0 0 0 0 0 43
0 0 0 1 0 1 0 0 0 0 1 1 1 1 0 1 1 0 1 0 0 0 1 1 0 1 1 1 1 0 1 1 0 0 1 0 0 1 1 1 1 0 1 1 0 1 0 0 1 0 0 1 1 1 0 1 0 1 0 0 1 1 1 0 0 0 0 1 1 1 1 1 0 1 1 1 1 1 1 0 1 1 0 1 1 0 0 0 0 0 0 0 0 0 0 0 0 0 0 0 49
0 0 0 1 1 1 0 0 0 1 0 1 0 0 0 1 0 0 1 0 1 0 0 1 0 0 1 1 1 1 0 1 1 1 1 0 1 1 1 1 1 1 1 0 1 1 0 1 1 1 1 1 1 1 1 0 1 0 1 0 0 1 0 0 0 0 0 1 1 1 0 1 0 1 1 0 1 0 1 0 1 1 1 1 1 1 1 0 0 1 0 0 0 0 0 0 0 0 0 0 53
0 1 0 1 0 1 0 0 0 0 1 1 0 1 1 1 0 1 1 0 0 0 0 1 0 1 1 1 1 1 0 1 0 0 1 0 1 1 1 1 1 0 0 0 1 1 1 1 1 1 0 0 1 1 0 0 1 0 0 1 1 1 0 0 0 0 0 1 1 1 0 1 0 1 1 0 0 0 1 0 1 1 1 0 1 0 0 0 0 0 0 0 0 0 0 0 0 0 0 0 46
1 1 1 0 1 1 0 0 0 0 1 0 0 1 0 1 0 1 1 1 0 0 0 0 0 1 0 0 1 0 0 1 0 1 1 0 0 1 1 1 1 0 1 1 0 1 0 0 1 1 0 1 1 1 1 1 1 0 0 1 1 1 0 0 0 1 0 1 1 0 0 0 0 1 1 0 1 1 1 0 1 0 1 1 0 0 1 0 1 0 0 0 0 0 1 0 0 0 0 0 48
0 1 0 1 0 0 0 0 1 1 1 1 0 0 1 1 0 1 1 1 0 0 0 1 0 1 1 0 1 1 0 1 0 1 1 0 0 0 1 1 1 1 0 1 0 1 0 1 1 0 1 1 1 1 1 0 0 1 0 0 1 0 1 0 0 0 0 1 1 1 1 1 0 1 1 0 0 0 0 0 1 1 1 0 1 1 0 1 0 0 0 0 0 0 0 0 0 0 0 0 48
1 0 0 0 0 0 0 0 0 1 0 1 1 0 0 1 0 0 1 0 1 0 0 1 0 1 1 1 1 0 0 1 1 0 1 0 1 1 0 1 1 0 1 0 0 1 0 1 1 1 0 1 1 1 0 1 1 1 0 1 1 1 1 0 0 0 0 1 1 1 0 1 0 0 1 1 1 0 1 1 1 1 1 1 1 1 0 0 0 0 0 0 0 0 0 0 0 0 0 0 49
0 0 0 1 0 1 0 0 0 0 1 1 1 0 0 0 0 1 0 0 1 0 0 1 0 0 1 1 1 0 1 1 1 1 1 0 1 1 1 1 1 0 1 1 1 0 1 1 1 0 1 1 1 0 1 1 1 0 0 0 1 1 0 0 0 0 0 0 0 1 0 1 1 1 1 1 0 1 1 0 1 1 1 1 1 0 0 0 0 0 0 0 0 0 0 0 0 0 0 0 48
0 1 0 1 0 0 0 0 0 0 0 1 1 0 0 1 1 1 0 0 0 0 0 1 0 0 1 1 1 0 0 1 0 1 1 0 1 0 1 1 1 0 0 1 0 1 0 1 1 0 0 1 1 1 0 1 1 0 1 1 1 1 0 1 0 0 0 0 1 1 0 1 0 0 1 1 1 1 1 0 1 0 0 0 1 0 0 0 1 0 0 0 0 0 0 0 0 0 0 0 43
1 1 1 0 0 0 0 1 0 0 0 1 0 1 0 1 0 1 1 0 0 1 0 1 0 1 1 1 1 1 1 1 1 1 1 0 1 0 1 0 1 1 1 1 0 1 1 1 1 1 1 1 1 1 1 1 1 1 0 0 1 1 0 0 0 1 0 1 1 1 0 0 0 1 1 0 0 1 0 0 1 1 0 0 1 0 1 0 0 0 0 0 0 0 0 0 0 0 0 0 53
0 1 0 1 0 1 0 0 1 1 1 1 1 1 0 1 0 0 1 1 0 0 0 1 1 0 1 1 0 1 0 1 1 1 1 0 1 1 0 1 1 0 1 1 1 1 0 1 0 1 1 1 1 1 1 1 1 1 0 1 1 1 0 1 1 1 0 1 0 1 0 1 0 1 1 1 0 1 1 0 1 1 1 0 1 0 1 0 1 0 0 0 0 0 0 0 0 0 0 0 59
0 0 1 1 0 1 0 0 0 0 1 0 0 0 0 0 0 0 1 1 0 0 0 1 1 0 1 1 0 0 0 1 1 1 1 0 1 1 1 1 1 1 1 1 0 1 0 1 1 1 0 1 1 0 0 1 1 1 0 1 1 1 1 0 0 1 0 1 1 1 0 0 0 1 1 1 0 0 1 0 1 1 1 1 0 0 0 1 0 0 0 0 0 0 0 0 0 0 0 0 48
0 0 1 1 0 0 0 0 0 1 1 1 0 0 0 1 0 1 1 1 0 0 0 1 1 0 1 1 0 0 0 1 0 1 1 0 0 1 1 1 1 0 1 0 1 1 0 1 0 1 0 1 1 1 1 0 1 0 1 0 1 0 1 0 0 0 0 1 1 1 1 1 0 0 1 1 1 0 0 0 1 1 1 1 0 0 1 0 0 0 0 0 0 0 0 0 0 0 0 0 46
0 1 0 1 1 0 0 0 1 1 1 0 0 0 1 0 0 0 1 0 0 0 0 1 0 0 1 1 1 1 0 1 1 1 1 0 0 0 1 1 1 0 0 1 0 1 1 1 1 1 1 0 1 0 0 1 1 1 1 0 1 1 1 0 0 0 0 1 1 1 1 1 0 1 1 0 1 0 0 0 1 1 0 1 1 0 1 0 0 0 0 0 0 0 0 0 0 0 0 0 48
0 1 0 1 0 0 0 0 0 0 1 1 0 1 0 1 1 1 1 1 0 1 0 1 1 1 1 1 1 1 0 1 0 0 1 1 0 1 1 1 0 0 0 1 0 1 1 0 0 0 1 1 1 1 1 1 1 1 0 0 1 1 1 0 0 1 0 1 1 0 0 1 0 1 1 1 0 0 1 0 1 1 1 0 1 0 1 0 0 0 0 0 0 0 0 0 0 0 0 0 51
1 1 0 0 0 0 0 0 1 1 1 1 1 0 0 1 0 1 1 0 0 1 1 1 0 0 1 1 1 1 0 1 0 1 1 0 1 1 0 1 1 1 1 0 0 1 0 1 0 0 1 1 0 1 1 0 1 1 0 1 1 1 1 0 0 1 0 0 1 1 0 1 0 1 1 1 1 1 1 0 1 1 1 1 1 0 0 1 0 0 0 0 0 0 0 0 0 0 0 0 54
0 1 0 1 1 1 0 0 0 0 1 1 0 0 0 1 0 0 0 0 0 1 0 1 0 1 1 1 1 1 0 1 1 1 1 0 1 1 1 1 0 0 1 0 0 1 1 0 1 1 1 0 0 1 0 0 1 0 0 0 1 1 1 1 1 0 0 1 1 1 0 1 1 0 1 1 0 1 1 0 1 0 1 1 1 1 0 0 0 0 0 0 0 0 0 0 0 0 0 0 49
0 0 0 1 0 0 0 0 0 1 0 0 0 1 0 1 0 0 1 1 1 1 0 1 0 1 1 1 1 1 0 1 0 1 1 0 1 0 1 1 1 0 1 1 0 1 0 1 0 1 1 1 1 1 1 1 1 1 0 0 1 0 0 0 0 0 0 1 0 1 0 1 0 0 1 0 1 1 1 0 1 1 1 1 1 1 0 0 0 1 0 0 0 0 0 0 0 0 0 0 49
1 0 0 0 0 0 0 0 0 0 1 1 0 1 0 1 1 0 1 0 0 1 1 0 0 0 1 1 1 1 0 1 0 0 1 0 1 0 1 1 1 0 0 0 0 1 0 0 0 0 1 1 1 1 0 1 1 0 0 0 1 1 1 1 0 1 0 1 1 0 0 1 0 0 1 1 1 0 1 1 1 1 1 1 1 1 0 0 0 0 0 0 0 0 0 0 0 0 0 0 45
0 1 0 1 0 1 0 0 0 1 1 1 0 1 0 1 1 0 1 1 1 0 0 1 0 1 1 1 1 0 1 1 1 0 1 1 0 0 1 1 1 0 1 0 1 1 0 0 1 0 1 1 1 1 0 1 1 0 1 1 1 0 1 0 0 1 0 0 1 1 1 0 0 1 1 0 0 0 1 0 1 1 1 1 0 0 1 0 0 0 0 0 0 0 0 0 0 0 0 0 51
0 0 0 1 1 0 0 1 0 0 1 1 0 0 0 1 0 1 1 0 1 0 0 1 1 1 1 1 1 0 0 1 0 1 1 1 0 1 1 1 1 0 1 1 1 1 0 1 1 1 1 1 1 0 1 1 1 0 0 0 1 1 0 0 0 0 0 0 1 0 0 1 0 1 1 1 1 0 1 0 1 1 1 1 1 0 1 1 0 0 0 0 0 0 0 0 0 0 0 0 52
0 1 0 0 1 1 0 0 0 0 1 1 1 1 0 1 0 1 1 1 0 0 0 1 0 1 1 1 1 0 0 1 0 1 1 0 0 1 1 1 1 1 1 1 1 0 1 1 0 1 1 1 1 0 0 1 1 0 0 0 1 0 1 0 0 0 1 1 1 1 0 1 0 0 1 0 0 1 1 0 1 1 0 1 1 1 1 0 0 0 0 0 0 0 0 0 0 0 0 0 51
0 1 0 1 0 1 0 0 0 1 1 1 0 0 1 1 0 1 0 1 1 0 0 1 1 1 1 1 1 1 0 1 0 0 1 0 0 1 0 1 0 0 0 0 0 1 1 1 1 1 1 1 1 1 1 1 1 0 1 1 1 0 0 0 0 0 0 0 1 1 1 0 0 0 0 0 1 0 1 0 1 1 1 1 1 0 1 0 1 0 0 0 0 0 0 0 0 0 0 0 49
1 0 0 0 0 0 0 0 1 1 1 1 0 0 0 1 0 0 1 0 1 1 0 0 0 1 1 1 1 1 0 1 0 1 1 0 0 1 1 1 1 0 0 1 0 1 0 0 0 1 0 1 1 1 0 1 1 0 1 1 1 1 0 0 0 1 0 0 1 1 1 1 0 1 1 0 0 1 1 0 1 1 1 0 1 1 0 0 0 1 0 0 0 0 0 0 0 0 0 0 48
1 1 0 0 0 0 0 0 0 0 1 1 0 0 0 1 0 0 1 1 0 0 1 1 1 1 1 1 0 0 0 1 0 1 1 0 1 0 0 1 1 0 1 0 0 1 1 1 0 1 0 1 1 0 1 1 1 1 0 1 1 1 1 0 0 0 0 0 1 1 1 1 0 0 1 1 1 1 1 0 1 0 1 1 1 0 0 0 0 0 0 0 0 0 0 0 0 0 0 0 47
0 0 0 1 0 1 0 0 0 0 1 1 1 0 0 1 1 0 1 0 1 0 1 1 0 0 1 1 1 0 0 1 0 0 1 0 1 1 0 1 1 0 0 0 1 1 0 1 0 1 1 1 1 0 1 1 1 0 0 1 1 1 0 0 0 1 0 0 1 1 1 0 0 1 1 1 1 1 1 0 1 0 0 0 1 0 1 0 0 0 0 0 0 0 0 0 0 0 0 0 46
0 0 0 0 1 0 0 0 0 0 1 0 0 0 0 1 0 0 1 1 0 1 0 1 0 1 1 1 1 0 0 1 1 1 1 1 1 1 1 1 1 0 0 1 1 1 0 0 1 1 1 1 0 0 1 1 1 0 0 1 1 1 1 0 0 0 0 0 1 1 0 1 0 1 1 0 0 1 1 0 1 1 1 1 0 0 1 0 0 0 0 0 0 0 0 0 0 0 0 0 47
1 1 0 1 1 1 0 0 0 1 1 1 0 0 0 0 1 0 1 0 0 1 0 1 1 1 1 1 1 1 0 1 0 1 1 0 0 1 1 1 0 0 0 0 1 1 0 1 0 1 1 1 1 1 1 1 1 1 0 1 1 1 0 0 0 0 0 0 1 1 1 1 0 1 1 1 1 1 1 0 1 1 1 1 0 1 1 0 1 0 0 0 0 0 0 0 0 0 0 0 56
0 0 0 1 1 0 0 0 0 0 1 1 0 0 0 1 0 0 1 1 0 1 0 1 1 0 1 1 0 1 0 1 0 1 1 0 0 1 0 1 1 0 0 1 1 1 1 1 1 1 0 1 1 1 1 1 1 0 0 0 0 1 1 0 0 0 0 1 1 1 0 1 0 1 1 0 1 0 1 0 1 1 1 1 0 0 0 0 0 0 0 0 0 0 0 0 0 0 0 0 46
0 0 0 1 0 0 0 0 1 0 1 0 0 0 0 1 0 0 1 0 0 1 0 1 0 0 1 1 1 0 0 1 0 1 1 0 1 0 1 1 1 1 1 1 1 0 1 1 1 0 1 1 1 0 1 1 1 0 0 1 1 1 1 0 0 0 0 1 1 1 0 0 0 0 1 0 1 1 1 0 1 1 1 0 1 0 1 0 0 0 0 0 0 0 0 0 0 0 0 0 46
0 1 1 1 1 1 0 0 1 1 1 1 0 0 0 1 0 1 1 1 0 0 0 1 1 1 1 1 0 1 0 1 0 1 1 0 1 1 1 1 1 0 0 0 1 1 1 0 0 1 1 1 1 1 0 1 1 0 0 1 1 1 1 0 0 0 0 0 1 1 0 1 0 1 1 1 1 1 1 0 1 1 0 0 1 1 1 0 0 0 0 0 0 0 0 0 0 0 0 0 55
1 0 0 1 0 1 0 0 1 1 1 1 1 0 0 1 1 0 1 0 0 0 0 1 0 0 0 0 0 0 0 1 1 1 1 0 0 0 1 1 1 0 1 0 0 1 0 0 1 0 0 1 1 1 1 0 1 1 0 1 1 1 1 0 0 0 0 0 1 1 0 1 0 1 1 0 1 1 1 0 1 1 0 0 1 0 0 0 0 0 0 0 0 0 0 0 0 0 0 0 43
1 1 0 1 0 1 0 0 0 1 1 1 1 0 0 1 0 1 1 0 1 1 0 1 0 1 1 1 1 0 0 1 0 1 1 1 0 1 1 1 1 0 1 0 0 1 0 1 1 1 1 1 1 0 0 0 1 0 0 1 0 1 1 1 0 0 0 0 1 1 1 1 0 1 1 1 1 1 0 0 1 1 1 0 1 1 1 0 0 0 0 0 0 0 0 0 0 0 0 0 54
0 1 0 1 1 1 0 0 1 1 0 1 0 0 0 1 1 0 1 1 1 1 0 1 0 1 1 1 1 0 0 1 0 0 1 0 1 1 0 0 1 0 1 0 1 1 0 1 1 1 0 1 1 1 0 0 1 1 0 0 1 0 1 1 0 0 0 1 1 1 0 1 0 1 1 0 0 1 0 0 1 1 1 1 1 0 0 0 0 0 0 0 0 0 0 0 0 0 0 0 49
1 1 0 1 0 0 0 0 0 0 1 1 0 0 0 1 0 0 1 1 0 1 0 1 0 0 1 1 0 1 0 1 0 1 1 1 0 1 1 1 1 0 1 1 0 0 1 0 1 0 0 1 0 1 0 1 1 0 0 0 1 1 1 0 1 0 0 1 1 1 1 1 0 0 1 1 0 1 1 0 1 1 0 1 1 0 0 0 0 1 0 0 0 0 0 0 0 0 0 0 47
1 0 1 1 0 0 0 0 0 0 1 0 0 0 0 1 0 1 1 1 0 0 0 1 1 1 1 1 1 0 0 1 1 1 1 1 1 1 0 1 1 0 0 0 1 1 1 1 1 0 1 1 0 1 0 1 1 1 0 1 1 1 1 0 0 1 0 1 1 0 0 1 0 1 1 1 1 1 1 0 1 1 1 0 1 0 1 0 0 0 0 0 0 0 0 0 0 0 0 0 53
1 0 0 1 0 1 0 0 0 1 1 1 0 1 0 1 1 0 1 0 0 1 0 1 0 1 1 1 1 0 0 1 1 1 1 0 0 0 0 1 1 0 1 1 0 1 0 1 1 0 1 1 1 1 0 1 0 0 0 0 0 0 0 1 0 0 0 1 1 1 0 0 0 0 1 1 0 0 1 0 1 1 1 0 1 0 0 0 0 0 0 0 0 0 0 0 0 0 0 0 43
1 1 0 1 1 0 0 0 0 0 1 0 1 0 1 1 0 0 1 0 0 1 0 1 0 1 1 1 1 0 1 1 0 1 1 0 1 0 1 1 1 0 1 1 0 1 1 1 1 0 0 1 1 0 1 1 1 0 1 1 1 1 1 1 0 1 0 0 1 1 0 1 0 0 1 0 1 1 1 0 1 1 0 1 0 1 0 0 0 0 0 0 0 0 0 0 0 0 0 0 52
0 1 0 1 1 0 0 0 0 1 1 0 1 1 0 1 0 1 1 0 1 1 0 1 1 0 1 1 1 1 1 1 0 1 1 0 0 1 0 1 0 0 1 0 0 1 0 1 1 1 0 1 1 1 1 1 1 0 1 0 1 0 1 0 0 0 0 1 1 1 0 0 0 1 1 1 0 1 0 0 1 1 1 1 0 0 1 0 0 0 0 0 0 0 0 0 0 0 0 0 50
1 1 0 1 1 1 0 0 0 1 1 0 1 1 0 1 0 0 1 1 0 0 0 1 0 0 1 1 1 0 0 1 0 1 1 0 0 1 1 0 1 0 1 1 0 1 0 0 0 1 0 1 1 1 1 1 1 0 1 1 1 1 0 1 0 0 0 1 0 1 0 1 1 1 1 0 1 0 1 0 1 1 0 1 1 1 1 0 0 0 0 0 0 0 0 0 0 0 0 0 51
0 1 0 0 1 0 0 0 1 0 1 1 1 0 0 1 0 0 1 1 1 0 0 1 0 1 1 1 1 1 0 1 0 1 1 1 1 1 0 1 1 1 1 1 0 1 0 1 1 1 0 1 1 1 1 1 1 1 0 1 0 1 1 1 0 0 0 1 1 0 1 0 0 0 1 0 1 1 1 0 1 0 1 1 1 1 1 1 0 0 0 0 0 0 0 0 0 0 0 0 56
0 1 0 1 0 1 0 0 1 1 1 1 1 0 0 1 0 1 1 1 1 1 0 1 1 1 1 1 1 0 0 1 0 1 1 0 0 1 1 1 0 0 1 1 0 1 1 1 0 1 0 1 1 0 0 1 1 0 1 1 1 1 1 1 0 1 0 1 1 1 0 0 0 1 1 1 0 0 1 0 1 1 1 1 1 0 0 0 0 0 1 0 0 0 0 0 0 0 0 0 56
0 0 0 1 0 1 0 0 0 1 1 1 1 0 0 1 0 1 1 1 0 0 1 0 0 1 1 1 1 0 0 1 1 1 1 0 0 1 1 1 1 0 1 1 0 1 0 1 1 0 0 1 0 1 1 0 1 1 0 1 1 1 1 0 0 0 0 1 0 1 0 1 0 1 1 1 0 1 1 0 1 1 1 1 1 0 1 0 0 0 0 0 0 0 0 0 0 0 1 0 52
1 0 0 1 0 0 0 0 0 1 1 1 1 0 0 1 0 0 1 1 0 1 0 1 0 0 1 1 0 0 0 1 0 1 1 0 0 0 1 1 1 0 1 1 1 0 0 1 1 1 0 1 1 1 0 0 1 1 0 0 1 1 1 1 0 0 0 1 1 1 1 0 0 1 0 1 1 1 1 0 1 0 1 1 1 0 0 0 0 0 0 0 0 0 0 0 0 0 0 0 47
0 1 0 0 1 1 0 0 0 0 1 1 1 0 0 1 0 0 1 0 0 1 1 1 1 0 1 1 1 1 0 1 0 1 1 0 0 0 1 1 1 0 1 0 1 1 1 1 1 0 0 1 1 1 1 1 1 1 1 1 1 1 0 0 0 0 0 0 1 1 1 1 0 0 1 1 1 1 1 0 1 0 1 1 0 0 1 0 0 1 0 0 0 0 0 0 0 0 0 0 53
0 1 1 1 0 0 0 0 0 1 1 1 0 0 0 0 0 0 1 1 1 1 0 1 0 1 1 1 0 0 0 1 1 1 1 0 0 1 1 1 1 0 1 1 1 1 1 1 1 0 0 1 1 0 1 1 1 0 0 0 1 1 0 0 0 0 1 1 1 1 1 1 0 1 1 1 0 0 1 0 1 1 1 1 1 1 1 0 0 1 0 0 0 0 0 0 0 0 0 0 54
0 0 0 1 0 0 0 0 1 0 1 0 0 0 0 1 0 1 1 1 0 1 0 1 0 1 1 1 1 0 1 1 1 0 1 0 1 1 1 0 0 0 1 1 0 1 0 0 0 1 1 1 1 1 0 1 1 0 0 1 1 1 0 0 0 1 0 1 1 1 0 1 0 1 1 1 1 1 1 0 1 1 1 1 1 0 0 0 1 0 0 0 0 0 0 0 0 0 0 0 50
1 1 0 1 0 1 0 0 0 1 1 1 0 0 1 1 0 0 0 0 1 0 0 1 1 0 1 1 1 0 0 1 0 1 0 0 1 1 1 1 1 0 1 1 1 1 1 1 0 0 1 1 1 1 1 1 1 0 1 1 1 1 1 1 0 1 0 0 1 1 1 0 0 0 1 1 1 0 1 0 1 1 1 1 1 1 0 1 0 0 0 0 0 0 0 0 0 0 0 0 56
0 1 0 1 0 1 0 0 0 1 0 1 0 0 0 0 0 1 1 1 0 1 0 1 1 1 1 1 1 0 0 1 1 1 1 0 1 0 0 1 1 0 1 0 0 1 0 1 0 1 0 1 1 1 1 0 1 0 0 0 1 1 1 1 0 0 0 1 1 1 1 0 0 0 1 0 1 1 1 0 1 1 1 0 1 1 0 0 0 0 1 0 0 0 0 0 0 0 0 0 49
1 0 0 1 0 1 0 0 1 1 1 0 0 0 0 1 0 1 1 1 0 0 0 1 0 0 1 1 1 1 0 1 0 1 1 0 0 1 1 0 0 0 1 1 1 1 0 1 0 0 0 1 1 0 1 1 1 0 0 1 0 1 1 0 0 0 0 0 1 1 0 1 0 1 1 1 1 1 1 0 1 1 1 1 1 0 0 0 0 0 0 0 0 0 0 0 0 0 0 0 47
1 1 0 1 0 1 0 0 0 0 1 0 0 0 0 1 0 0 0 0 0 1 0 1 0 1 1 1 1 0 0 1 0 0 1 0 0 1 1 1 1 0 0 1 0 1 1 0 0 1 0 0 1 0 1 1 1 0 0 0 1 0 1 0 0 0 0 1 1 1 1 1 0 1 1 1 0 1 0 0 0 1 1 0 1 1 1 0 1 1 0 0 0 0 0 0 0 0 0 0 44
1 1 0 1 1 0 0 0 0 0 1 1 1 1 0 1 1 0 1 0 1 0 0 1 0 1 1 1 1 0 0 1 1 1 1 0 1 0 1 1 0 0 1 1 1 1 0 0 0 0 0 1 1 1 1 0 1 1 1 0 1 1 0 0 1 0 0 0 1 1 1 1 0 1 1 1 1 1 1 0 1 1 1 0 1 1 1 0 0 1 0 0 0 0 0 0 0 0 0 0 55
1 1 0 1 0 1 0 0 1 1 1 1 1 0 0 1 0 0 0 0 1 0 0 1 0 0 1 1 1 0 1 1 1 1 1 0 0 0 1 1 1 0 1 1 1 1 0 1 0 1 1 1 1 1 0 1 1 1 1 1 1 1 1 1 0 0 0 0 1 1 1 0 0 1 1 1 1 1 0 0 1 0 1 1 1 0 1 1 0 0 0 0 0 0 0 0 0 0 0 0 56
0 1 0 1 0 0 0 0 0 0 1 1 0 0 1 1 0 0 1 0 0 1 1 1 1 0 1 1 1 0 0 1 1 1 1 0 0 1 1 1 1 0 1 1 0 1 1 0 1 0 0 1 1 0 0 1 1 0 0 1 1 1 0 0 1 0 0 1 1 1 0 1 0 0 1 1 1 1 0 0 1 1 0 1 0 0 1 0 0 0 0 0 0 0 0 0 0 0 0 0 47
1 1 0 0 0 1 0 0 1 1 1 0 1 0 0 1 0 1 1 1 0 1 0 0 0 0 1 1 1 0 1 1 0 1 1 0 0 1 0 1 1 0 1 0 0 1 0 1 0 1 1 1 1 1 0 0 1 0 0 1 0 1 1 0 0 1 0 1 1 1 0 0 1 1 1 1 0 1 0 0 1 0 1 1 1 1 1 0 0 0 0 0 0 0 0 0 0 0 0 0 49
1 1 0 1 0 0 0 0 0 0 1 1 0 1 0 1 0 1 1 1 0 1 0 1 0 1 1 0 1 0 0 1 1 1 1 0 1 0 0 1 0 0 0 1 1 1 0 1 1 0 1 1 1 1 1 0 1 1 0 0 1 1 0 0 0 0 0 1 1 1 0 1 1 1 1 1 1 1 1 0 1 1 1 1 0 0 0 0 0 0 0 0 0 0 0 0 0 0 0 0 50
1 1 0 1 1 1 0 0 0 1 1 1 0 0 0 0 0 1 1 0 0 0 1 1 0 1 1 1 0 0 0 1 0 1 1 0 0 1 0 1 0 0 1 1 1 1 1 1 1 0 1 1 1 1 1 1 1 0 0 1 1 1 0 0 0 1 0 0 1 1 0 0 0 0 1 1 1 1 1 0 1 1 1 1 1 1 0 0 0 0 0 0 0 0 0 0 0 0 0 0 51
1 1 0 1 0 1 0 0 0 0 1 1 1 0 0 0 0 1 1 1 1 0 0 1 0 1 1 1 1 0 1 1 0 1 1 0 1 0 1 1 0 0 1 0 1 1 0 1 1 0 0 1 1 1 0 1 1 0 0 1 1 1 0 0 0 0 0 0 1 1 1 1 0 1 1 1 1 0 1 0 1 1 0 0 1 1 1 0 0 0 0 0 0 0 0 0 0 0 0 0 50
0 1 0 1 0 0 0 0 0 0 1 1 0 0 0 1 0 0 1 1 1 1 0 1 0 1 1 0 0 0 0 1 0 1 1 0 1 1 1 1 1 0 1 0 0 1 0 1 1 0 1 1 0 0 1 1 0 1 0 1 1 1 1 0 0 0 0 1 1 1 1 1 0 1 1 1 0 0 1 0 0 1 0 1 0 0 0 0 0 1 0 0 0 0 0 0 0 0 0 0 45
0 1 0 1 1 1 0 0 1 1 0 1 1 1 1 1 0 1 1 0 0 0 0 1 0 1 1 1 1 0 0 1 0 1 1 1 0 1 0 1 1 0 0 1 1 1 0 1 0 1 0 1 0 0 0 1 1 1 0 0 1 1 0 1 0 0 0 1 1 1 1 0 0 1 1 1 1 1 1 0 1 1 1 0 1 0 1 0 0 1 0 0 0 0 0 0 0 0 0 0 53
1 1 0 1 1 0 0 0 1 1 0 1 0 0 0 1 1 1 1 0 1 0 0 1 0 0 1 1 1 0 0 1 0 0 1 0 0 1 0 1 1 0 0 0 0 1 1 1 1 1 0 1 1 1 1 1 1 0 0 0 1 1 0 0 0 1 0 1 1 1 0 1 0 0 1 1 1 1 1 0 1 1 1 0 1 1 0 0 0 0 0 0 0 0 0 0 0 0 0 0 49
1 0 0 1 1 0 0 0 0 0 1 1 0 0 0 1 0 1 1 1 0 1 0 1 0 1 1 1 1 1 1 1 0 0 1 0 1 1 1 1 1 0 1 0 0 1 1 1 0 0 0 1 0 1 1 0 1 0 0 1 1 1 1 1 0 0 0 1 1 1 0 1 0 1 1 1 1 1 1 0 1 1 1 1 1 0 0 0 0 0 0 0 0 0 0 0 0 0 0 0 52
0 1 0 1 0 1 0 0 1 0 1 1 0 0 0 1 1 0 1 1 1 1 0 1 1 0 1 1 1 1 0 1 0 1 1 0 1 0 1 1 1 0 1 0 1 1 0 0 1 1 1 1 1 0 1 1 1 1 0 0 1 0 1 0 0 0 0 1 1 1 0 1 0 1 1 1 1 1 1 0 1 0 1 1 1 0 1 0 0 0 0 1 0 0 0 0 0 0 0 0 55
0 1 0 1 0 0 0 0 0 0 1 1 0 1 0 1 1 0 1 0 0 0 0 0 0 0 1 1 1 1 0 1 0 1 1 0 0 0 0 1 0 0 0 0 1 1 0 1 0 1 1 1 0 0 1 1 1 1 0 0 1 1 0 0 0 0 0 1 1 1 0 1 1 1 1 1 0 1 1 0 1 1 1 1 1 1 0 0 0 0 0 0 0 0 0 0 0 0 0 0 44
1 1 0 0 0 0 0 0 1 0 1 0 0 0 0 0 1 1 1 1 0 1 0 1 0 0 1 1 1 0 0 1 0 1 1 0 0 1 0 1 1 0 1 1 1 1 0 1 1 1 1 0 1 1 0 0 1 0 0 0 1 1 0 0 0 0 0 1 1 1 0 1 0 1 1 1 1 0 0 0 1 1 1 1 1 0 0 0 0 0 0 0 0 0 0 0 0 0 0 0 45
1 0 0 1 0 1 0 0 1 0 1 1 1 0 0 1 1 1 1 1 0 1 0 1 0 1 1 1 0 0 0 1 1 0 1 0 0 1 1 1 0 0 0 0 0 1 1 1 1 1 0 0 1 0 1 0 0 0 0 1 1 1 1 1 0 0 0 1 1 1 0 1 0 1 1 1 0 1 1 0 1 1 1 0 1 0 0 1 0 0 0 0 0 0 0 0 0 0 0 0 49
0 0 0 1 0 0 0 0 0 1 1 1 1 1 1 1 0 0 1 1 1 0 0 1 1 0 1 1 1 0 0 1 0 1 1 0 1 0 0 0 1 0 1 1 0 1 0 1 1 1 1 0 1 1 1 1 0 1 1 1 1 1 0 0 0 1 0 1 1 1 0 1 0 1 1 0 1 1 0 0 1 1 0 1 1 1 0 0 0 0 0 0 0 0 0 0 0 0 0 0 51
0 1 0 1 0 0 0 0 0 1 1 1 1 0 0 1 0 0 1 0 0 1 0 0 0 1 1 1 0 0 0 1 1 0 1 0 0 0 1 0 1 0 0 1 1 1 0 0 0 1 0 1 1 1 1 1 1 0 0 0 1 1 1 0 0 0 0 1 1 1 0 0 0 1 1 0 0 1 1 0 1 1 1 1 0 0 1 0 0 0 0 0 0 0 1 0 0 0 0 0 43
0 1 0 0 0 1 0 0 0 0 1 0 1 1 0 1 0 1 1 1 0 1 0 1 0 1 1 0 1 1 0 1 0 0 1 0 0 0 0 1 0 1 1 1 0 1 1 1 0 1 0 1 1 1 1 1 1 0 0 1 1 1 1 0 0 0 0 0 1 0 1 1 0 0 1 1 1 1 0 0 1 1 1 0 0 0 1 0 0 0 0 0 0 0 0 0 0 0 0 0 46
0 1 0 1 1 0 0 0 0 1 1 1 1 1 0 1 0 1 1 1 0 1 1 1 0 1 1 1 1 0 1 1 0 1 1 0 0 1 1 1 1 0 0 0 1 0 1 0 0 1 1 1 1 1 0 0 1 1 0 1 1 1 0 0 0 0 0 1 1 1 0 1 1 1 1 1 0 1 1 0 1 1 1 1 1 1 1 0 0 1 0 0 0 0 0 0 0 0 0 0 57
0 0 0 1 0 1 0 0 0 1 1 1 1 1 0 1 0 0 1 1 0 0 0 1 0 0 1 1 1 1 0 1 1 0 1 0 0 0 0 1 0 0 0 0 1 1 0 1 0 1 1 1 1 1 0 1 1 0 0 1 1 1 1 0 0 0 0 1 1 1 0 0 0 1 1 0 1 1 0 0 1 1 0 0 1 0 0 0 0 1 0 0 0 0 0 0 0 0 0 0 44
0 1 0 1 0 0 0 0 1 0 1 1 0 1 0 1 1 0 1 0 1 1 0 1 1 1 1 1 1 0 0 1 1 0 1 0 1 0 1 1 1 0 0 1 0 1 0 1 1 1 1 1 1 0 0 0 1 1 0 0 1 0 0 0 0 0 0 1 1 1 1 1 0 0 1 1 1 1 1 0 1 1 1 1 1 1 1 0 0 0 0 0 0 0 0 0 0 0 0 0 52
1 1 0 1 1 1 0 0 1 1 1 0 1 1 0 1 0 0 0 1 0 1 0 1 0 0 1 1 1 0 0 1 0 1 1 0 1 1 0 1 1 0 1 0 0 1 1 0 1 1 1 1 1 0 1 1 1 1 0 1 1 0 0 0 0 1 1 1 1 1 1 0 0 1 1 1 0 1 1 0 1 1 1 1 0 0 0 0 0 0 0 1 0 0 0 0 0 0 0 0 54
0 0 0 1 1 1 0 0 0 0 1 1 1 0 0 1 0 1 1 0 1 1 0 1 1 0 1 1 1 0 0 1 1 0 1 1 0 0 1 1 1 0 1 1 0 1 0 1 1 1 1 1 1 1 1 0 1 0 0 0 1 1 1 0 0 0 0 1 1 1 1 1 0 1 1 1 0 1 1 0 1 1 1 0 1 1 0 0 0 1 0 0 0 0 0 0 0 0 0 0 54
1 1 0 1 0 1 0 0 1 1 1 1 0 1 1 1 0 0 1 0 1 1 0 1 1 1 1 1 1 0 0 1 0 1 1 0 0 0 0 1 1 0 0 1 1 1 0 1 0 1 1 1 0 0 1 1 1 0 0 0 1 1 0 1 0 0 0 1 1 1 0 0 0 0 1 1 1 1 1 0 1 1 1 1 1 0 0 1 0 0 0 0 0 0 0 0 0 0 0 0 52
0 1 0 1 0 0 0 0 0 1 1 1 0 0 0 1 1 1 0 0 0 0 0 1 0 0 1 1 0 1 0 1 0 1 1 0 1 1 0 1 1 1 1 0 0 1 0 1 0 0 0 1 1 1 0 0 1 0 0 0 0 1 1 0 0 1 0 1 1 1 1 1 0 1 1 1 1 1 1 0 1 1 1 1 1 0 0 1 0 1 0 0 0 0 0 0 0 0 0 0 48
1 1 0 1 0 0 0 0 1 1 1 1 0 0 0 1 1 1 0 0 0 0 0 1 1 0 1 1 1 0 0 1 0 0 1 0 0 0 0 1 1 0 1 1 1 1 0 1 0 0 1 1 0 1 0 1 1 1 1 1 1 1 0 1 0 0 0 0 1 1 0 0 1 0 1 0 1 1 1 0 1 1 0 1 1 0 1 0 0 1 0 0 0 0 0 0 0 0 0 0 48
1 1 0 1 0 0 0 0 0 0 1 1 0 0 0 1 0 1 1 1 0 1 0 1 1 0 1 1 1 1 0 1 0 1 1 0 0 0 0 1 1 0 0 0 0 1 0 1 0 0 1 0 1 0 0 1 1 1 0 1 1 0 1 0 0 0 0 1 1 1 0 0 0 0 1 1 0 1 1 0 1 1 1 0 1 0 1 0 1 0 0 0 0 0 0 0 0 0 0 0 44
0 1 1 1 0 1 0 0 0 1 1 1 0 0 0 1 0 1 0 1 0 1 1 1 1 1 1 1 1 0 0 1 1 1 1 0 1 1 1 1 1 0 1 0 0 1 0 0 1 0 0 1 1 0 1 1 0 1 0 1 0 1 1 0 0 0 0 1 1 1 1 1 0 0 1 1 1 1 0 0 1 1 1 1 1 1 1 0 0 0 0 0 0 0 0 0 0 0 0 0 54
0 1 0 1 1 0 0 0 0 1 1 1 0 1 1 1 0 0 1 1 0 0 0 1 0 1 1 1 1 1 0 1 0 1 1 0 1 0 0 1 1 0 1 1 0 1 0 1 1 0 0 0 1 1 0 0 1 0 1 0 1 1 1 0 0 0 0 1 1 0 0 1 0 1 1 1 1 1 1 0 1 1 0 0 1 0 0 0 0 1 0 0 0 0 0 0 0 0 0 0 48
1 1 1 1 1 1 0 0 1 0 1 1 1 0 0 1 1 1 1 1 0 1 0 1 1 1 1 1 1 0 0 1 0 1 1 0 0 0 0 1 1 0 1 0 1 1 1 0 1 1 1 1 1 1 1 1 1 1 0 1 1 1 1 0 0 0 0 1 1 1 1 1 0 0 1 1 1 0 1 0 1 0 1 1 1 1 0 0 0 0 0 0 0 0 0 0 0 0 0 0 59
0 1 0 0 0 1 0 0 0 1 1 1 0 0 0 1 1 1 1 1 0 0 1 1 0 0 1 1 0 1 0 1 0 1 1 0 0 0 1 1 1 0 1 1 0 1 0 0 1 1 0 1 1 1 1 0 1 1 0 1 1 1 0 1 0 0 0 1 1 1 0 1 0 1 1 0 1 1 1 0 1 1 1 0 0 0 1 0 1 0 0 0 0 0 0 0 0 0 0 0 50
0 1 0 1 0 0 0 0 1 1 1 1 0 0 0 1 0 1 1 0 0 1 0 1 0 0 0 1 0 0 0 1 1 0 1 1 1 0 1 1 1 0 0 1 1 1 0 1 1 0 1 1 1 0 1 1 1 0 1 1 1 1 1 0 0 0 0 1 1 1 0 1 0 1 1 1 1 1 1 0 1 0 1 0 1 0 1 1 0 0 0 0 0 0 0 0 0 0 0 0 51
0 1 0 1 1 0 0 0 1 1 1 1 1 1 0 1 0 0 1 0 0 1 0 1 0 1 1 1 1 0 0 1 0 1 1 0 1 1 1 1 1 0 0 1 1 1 0 0 1 0 0 1 1 1 1 1 1 0 1 0 1 0 0 0 1 0 0 1 1 1 0 0 0 1 1 1 1 1 0 0 1 0 0 1 1 0 1 0 0 1 0 0 0 0 0 0 0 0 0 0 51
0 1 0 1 0 0 0 0 0 0 1 0 1 0 1 1 1 1 1 1 0 1 0 1 1 1 1 1 1 1 0 1 0 0 1 0 0 1 1 1 1 0 1 1 1 1 1 0 0 1 0 1 1 1 1 1 1 0 0 1 1 1 0 0 0 0 0 0 1 1 0 1 0 1 1 0 1 1 1 0 1 1 1 1 1 0 0 0 0 0 0 0 0 0 0 0 0 0 0 0 52
0 1 1 1 0 1 0 0 0 1 0 0 1 1 0 1 0 1 1 1 0 0 0 1 1 1 1 1 1 1 0 1 1 1 1 0 0 0 0 1 0 0 1 1 1 1 0 1 1 1 1 1 1 1 1 0 1 1 0 0 1 1 0 1 0 0 0 1 1 1 0 0 0 0 1 0 1 1 1 0 1 1 1 1 1 0 0 0 0 0 0 0 0 0 0 0 0 0 0 0 52
1 1 1 0 0 0 0 0 1 1 1 1 1 1 1 1 0 0 1 0 0 0 1 1 0 0 1 1 1 0 1 1 1 1 1 1 1 0 0 1 1 0 1 1 1 1 1 1 0 1 0 1 1 1 0 1 1 1 0 1 1 1 0 0 0 1 0 0 0 1 1 1 0 1 1 1 1 0 1 0 1 1 1 1 0 0 1 0 0 0 0 0 0 0 0 0 0 0 0 0 56
0 1 0 1 0 1 0 0 0 1 1 1 0 1 1 0 0 0 1 1 0 0 0 1 0 1 1 1 1 0 0 1 1 1 1 0 1 0 0 1 0 0 1 1 0 1 1 1 0 1 0 1 1 1 1 1 0 0 0 0 1 1 0 0 0 0 0 1 1 1 1 1 0 1 1 1 0 1 1 0 1 1 0 1 1 0 0 0 0 0 0 0 0 0 0 0 0 0 0 0 48
1 1 0 1 0 1 0 0 0 0 1 0 1 0 0 1 1 0 1 1 0 1 0 1 1 0 1 1 1 0 0 1 0 1 1 0 0 1 0 1 0 0 0 1 0 1 0 1 0 0 1 1 1 1 0 1 1 0 0 1 0 1 0 0 0 0 0 1 1 1 0 1 0 1 1 1 1 1 0 0 1 0 1 1 1 1 0 0 0 0 0 0 0 0 0 0 0 0 0 0 46
0 0 0 1 1 0 0 0 0 0 1 1 0 0 0 1 0 1 1 1 0 1 0 1 0 0 0 1 0 0 0 1 1 0 1 0 0 1 1 1 1 0 0 1 0 1 0 0 1 0 0 1 1 0 1 1 1 0 0 0 1 1 1 0 0 0 0 1 1 1 0 0 0 1 1 1 1 0 1 0 1 1 1 1 1 1 1 0 0 0 0 0 0 0 0 0 0 0 0 0 44
0 1 0 0 0 0 0 0 1 0 1 1 1 0 1 1 0 0 1 1 0 1 0 1 0 1 0 1 1 0 0 1 1 1 1 0 0 1 0 1 0 0 1 1 0 1 0 0 1 1 0 1 1 1 0 1 1 1 0 1 1 0 1 1 0 0 0 1 1 1 1 0 0 0 1 1 0 1 0 0 1 1 1 1 0 0 1 0 0 1 0 0 0 0 0 0 0 0 0 0 48
0 0 0 1 1 0 0 0 0 1 1 1 0 0 0 1 1 0 1 1 1 0 0 1 0 0 1 1 1 1 0 1 1 1 1 0 0 0 1 1 1 0 1 1 1 1 0 0 0 0 1 1 1 0 1 1 1 0 1 0 1 1 0 0 0 1 0 1 1 1 1 1 0 1 1 0 1 1 1 0 1 1 1 1 0 0 1 0 0 0 0 0 0 0 0 0 0 0 0 0 51
0 1 0 1 0 1 0 0 0 1 1 1 1 1 0 1 0 1 1 0 0 1 0 1 1 1 1 1 0 1 1 1 0 1 1 1 1 0 0 1 0 0 1 1 1 1 0 0 1 1 0 1 1 1 0 1 1 1 0 1 1 1 0 1 0 0 0 0 1 1 0 1 0 1 1 1 1 1 1 0 1 1 1 0 1 0 0 0 0 0 0 0 0 0 0 0 0 0 0 0 54
0 1 0 1 0 1 1 0 1 1 1 1 1 0 1 1 0 1 1 1 0 1 0 1 0 1 1 1 1 0 0 1 1 1 1 0 1 1 1 1 1 0 0 1 1 0 1 1 1 0 1 1 1 0 1 1 0 0 0 0 1 0 0 1 0 0 0 0 1 1 1 1 0 1 1 1 0 0 1 0 1 1 1 1 1 1 1 0 0 0 0 0 0 0 0 0 0 0 0 0 56
0 1 0 0 0 1 0 0 0 1 1 1 0 1 1 1 0 0 1 0 1 1 0 0 1 0 1 1 1 0 0 1 0 1 1 0 1 0 1 1 1 0 0 1 1 1 0 0 1 1 0 1 1 1 1 0 1 0 0 1 1 1 1 0 0 0 0 1 1 1 1 1 0 1 1 0 1 1 0 0 1 1 1 1 1 0 0 1 0 1 0 0 0 0 0 0 0 0 0 0 52
0 1 0 0 1 1 1 0 1 1 1 1 0 0 0 1 0 0 1 0 1 1 0 1 0 1 1 1 0 0 0 1 1 1 1 1 0 0 1 1 1 0 1 1 1 1 0 0 1 0 1 1 1 0 0 0 1 1 0 1 1 0 1 0 0 0 0 1 1 1 0 1 0 0 1 1 1 1 0 0 1 1 1 0 1 0 1 0 0 0 0 0 0 0 0 0 0 0 0 0 50
1 0 0 1 0 0 0 0 0 1 1 0 0 0 0 1 0 0 1 0 0 0 0 1 0 0 1 1 0 0 0 1 0 1 1 0 1 1 0 1 1 0 1 1 0 1 0 1 1 1 0 1 1 0 1 1 1 0 0 0 1 1 1 0 0 0 0 0 1 1 1 1 0 1 1 1 1 1 1 0 1 1 1 0 1 0 1 0 0 0 0 0 0 0 0 0 0 0 0 0 45
0 1 0 1 0 0 0 0 0 1 1 1 0 0 1 0 0 1 1 0 0 1 0 1 0 0 1 1 1 0 0 1 1 1 1 0 1 1 1 1 1 0 0 0 0 1 0 1 0 0 1 1 1 0 1 1 0 0 0 1 1 1 0 0 0 0 0 1 0 1 0 1 0 1 1 1 1 1 1 0 0 0 1 1 0 1 0 1 0 0 0 0 0 0 0 0 0 0 0 0 45
0 1 0 0 1 1 0 0 0 1 1 1 0 1 0 1 0 0 1 1 0 1 0 1 1 1 1 1 1 1 0 1 0 1 1 0 1 0 0 1 1 0 0 0 0 1 1 0 1 0 0 1 0 1 0 1 1 0 0 1 1 1 1 0 0 0 0 1 1 1 1 1 0 1 1 1 1 0 1 0 1 1 1 1 1 0 1 1 0 0 0 0 0 0 0 0 0 0 0 0 52
0 1 0 0 0 1 0 1 0 1 0 1 1 0 0 1 0 1 1 1 1 0 0 1 0 1 1 1 1 1 0 1 0 0 1 0 0 1 0 1 0 0 1 1 1 1 0 1 0 1 0 1 1 0 1 1 1 1 0 1 1 1 1 1 0 0 0 0 0 1 0 1 0 1 1 1 0 1 1 0 1 1 1 0 0 0 1 0 0 1 0 0 0 0 0 0 0 0 0 0 50
0 0 0 1 0 1 0 0 0 1 1 1 0 0 0 1 0 1 1 0 0 1 0 1 0 0 1 1 0 0 1 1 1 1 1 0 0 1 0 1 1 0 1 1 0 1 0 1 1 1 1 1 1 0 1 1 1 0 0 1 1 1 1 0 0 0 0 1 1 1 0 0 0 1 1 1 0 0 1 0 1 1 1 1 1 1 0 0 0 0 0 0 0 0 0 0 0 0 0 0 49
1 0 0 0 1 0 0 0 1 0 1 1 0 1 0 1 0 1 1 0 0 1 0 1 1 1 1 1 1 1 0 1 0 1 1 0 0 0 1 1 1 0 1 1 1 1 0 0 1 1 1 0 1 0 1 1 1 0 0 1 1 1 0 0 0 1 0 1 1 1 0 1 0 0 1 1 0 1 1 0 1 1 1 1 0 0 0 1 0 0 0 0 0 0 0 0 0 0 0 0 51
0 1 0 1 1 1 0 0 1 0 1 0 1 1 1 1 0 0 1 1 0 0 0 1 0 1 1 1 0 1 0 1 0 1 1 0 0 1 0 1 1 0 0 0 0 1 0 1 0 1 1 1 1 1 1 0 1 1 0 1 1 1 0 0 0 0 0 1 1 1 0 0 0 1 1 1 1 1 1 0 1 1 1 1 0 0 0 0 0 1 0 0 0 0 0 0 0 0 0 0 50
0 1 0 1 1 0 0 0 1 1 1 1 0 0 0 1 0 1 1 0 0 1 0 0 0 1 1 1 1 1 0 1 0 1 1 0 0 0 1 1 1 0 0 0 1 1 0 1 1 1 0 1 1 1 0 1 1 0 0 0 1 0 1 0 0 1 0 1 1 1 1 1 0 0 1 1 0 1 0 0 1 1 1 1 1 0 0 0 0 0 0 0 0 0 0 0 0 0 0 0 48
1 1 0 1 0 1 0 0 0 1 1 1 1 0 0 1 1 0 1 1 0 0 0 1 0 1 1 1 1 0 0 1 0 1 1 0 1 1 1 1 1 0 0 0 1 1 0 1 1 0 0 1 1 1 0 1 1 1 1 1 1 1 1 1 0 0 0 0 1 1 1 1 0 1 1 0 1 1 1 0 1 1 1 1 0 0 1 0 0 1 0 0 0 0 0 0 0 0 0 0 56
0 1 0 1 0 1 0 0 1 1 1 1 1 1 0 1 0 1 1 0 1 1 0 0 0 1 1 1 1 0 0 1 1 1 1 1 0 0 1 1 1 0 1 1 0 1 1 0 1 1 1 1 1 0 1 1 1 0 0 1 1 1 0 1 0 0 0 1 1 1 0 1 0 0 1 1 1 0 1 0 1 1 1 1 1 1 1 0 0 0 0 0 0 0 0 0 0 0 0 0 57
0 1 0 1 0 0 0 0 0 1 1 1 1 1 0 1 0 0 0 0 0 1 0 1 0 1 1 1 1 1 0 1 0 1 1 0 1 0 1 1 1 0 1 1 0 1 0 1 1 0 0 1 1 1 1 1 1 1 1 0 1 1 1 0 0 0 1 0 1 1 1 1 0 0 1 1 1 0 0 0 1 1 0 1 0 0 1 0 0 0 0 0 0 0 0 0 0 0 0 0 50
0 0 0 1 0 1 0 0 1 0 1 1 0 0 1 1 0 1 0 0 0 0 1 1 1 0 1 1 1 1 1 1 0 1 1 0 1 1 1 1 0 1 1 0 0 1 0 1 1 1 0 1 1 1 1 1 1 0 0 0 1 0 0 0 0 1 0 1 1 1 0 1 0 1 1 0 1 1 1 0 1 1 1 0 1 1 1 0 0 0 0 0 0 0 0 0 0 0 0 0 52
0 0 1 1 0 0 0 0 0 0 1 1 1 0 0 1 0 0 1 1 0 0 0 1 0 0 1 1 1 0 0 1 0 1 1 0 0 1 0 1 1 0 1 1 1 1 0 1 0 1 0 1 1 1 1 1 1 1 0 0 1 0 1 0 0 0 0 1 1 1 0 0 0 0 1 0 0 0 1 0 1 1 0 1 1 0 1 0 0 0 0 0 0 0 0 0 0 0 0 0 43
0 0 0 1 1 1 0 0 0 1 1 1 0 0 0 0 0 1 1 0 1 0 0 1 1 1 1 1 1 0 0 1 1 0 1 0 1 0 0 1 1 0 0 1 0 1 0 1 1 0 1 1 1 1 1 1 1 1 0 1 1 1 1 0 0 1 0 1 1 1 1 1 0 1 1 1 1 1 1 0 1 1 1 1 1 1 0 0 0 1 0 0 0 0 0 0 0 0 0 0 56
1 1 0 1 0 1 0 1 1 0 1 1 0 0 0 1 1 1 1 1 0 1 0 1 1 1 1 0 1 0 0 1 1 0 1 0 0 1 1 1 1 1 1 0 1 1 0 1 0 0 1 1 1 1 0 1 1 0 0 0 1 1 0 0 0 0 0 1 1 1 1 1 0 1 1 0 1 1 1 0 1 1 1 1 0 1 1 0 0 0 0 0 0 0 0 0 0 0 0 0 55
0 0 0 1 1 1 0 0 0 1 1 1 0 0 0 1 1 1 1 1 1 1 0 1 0 1 1 1 1 0 0 1 1 1 1 0 1 0 1 1 0 1 1 1 0 1 0 0 0 1 0 1 1 1 0 1 1 1 0 1 1 1 0 0 0 0 0 0 1 0 1 1 0 1 1 1 0 1 1 0 1 1 1 0 0 1 0 0 0 0 0 0 0 0 0 0 0 0 0 0 51
0 0 0 1 0 0 0 0 1 0 1 1 0 0 0 1 1 0 1 0 0 0 0 1 0 1 1 1 1 0 0 1 0 0 1 0 0 0 0 0 1 0 0 0 1 1 0 1 1 0 1 1 1 1 1 1 1 0 0 1 1 1 1 0 0 0 0 0 1 1 0 1 0 0 1 0 0 0 1 0 1 1 1 1 1 1 0 1 0 1 0 0 0 0 0 0 0 0 0 0 43
0 0 0 1 0 0 0 0 0 0 1 1 1 0 0 1 1 0 1 1 1 1 0 1 1 1 1 1 1 0 0 1 0 1 1 0 0 0 1 1 1 1 0 0 1 0 0 0 1 0 0 1 0 1 1 1 1 1 0 1 1 1 1 0 0 0 0 1 1 1 0 1 1 1 1 0 1 1 0 0 1 1 0 0 1 0 0 0 0 0 0 0 0 0 0 0 0 0 0 0 47
0 1 0 1 0 0 0 0 1 1 1 1 1 0 0 1 0 1 1 1 1 1 0 1 1 0 1 1 1 0 0 1 0 1 1 0 1 0 1 1 1 0 1 0 0 1 0 0 0 1 0 1 1 1 0 0 1 1 0 0 1 1 1 0 0 1 0 0 1 1 0 1 0 1 0 1 1 1 1 0 1 1 0 1 1 1 1 0 0 0 0 0 0 0 0 0 0 0 0 0 51
1 0 0 1 1 0 0 0 0 1 1 0 1 0 0 1 0 0 1 0 0 0 0 1 1 1 1 1 1 0 0 1 1 0 1 1 0 0 0 1 1 1 0 1 1 1 0 1 1 0 0 1 1 1 0 1 0 1 0 0 0 1 1 0 1 0 1 1 1 1 1 1 1 1 1 1 1 0 1 0 1 1 1 1 1 0 0 0 0 0 0 0 0 0 0 0 0 0 0 0 51
1 1 0 1 0 0 0 0 0 1 1 0 1 1 0 1 0 1 1 0 0 0 0 1 0 0 1 1 1 0 1 1 1 1 1 0 0 0 1 0 1 1 1 1 1 1 0 0 1 1 1 1 1 1 1 0 1 0 0 0 1 1 1 0 0 0 0 0 1 1 1 1 0 0 1 1 1 0 1 0 1 1 0 0 1 0 0 0 0 0 0 0 0 0 0 0 0 0 0 1 49
0 0 0 1 0 0 0 0 0 1 1 1 1 0 0 0 0 0 0 1 0 1 0 1 0 1 1 1 1 1 1 1 0 1 1 0 0 0 0 1 1 0 1 0 1 0 1 0 1 1 0 1 1 1 1 1 1 0 0 0 1 1 1 0 0 0 0 0 1 1 0 1 0 1 1 0 0 1 1 1 1 1 0 1 0 0 0 0 0 0 0 0 0 0 0 1 0 0 0 0 45
0 0 0 1 0 1 0 0 0 1 0 1 0 0 0 1 1 1 1 1 0 1 0 0 0 0 1 1 1 1 0 1 0 1 1 0 0 0 0 1 1 0 0 1 1 1 0 1 1 1 0 0 1 1 0 0 1 0 0 1 1 1 0 0 0 0 0 0 1 1 0 1 0 1 1 1 0 1 1 0 1 1 1 1 1 1 1 0 0 0 0 0 0 0 0 0 0 0 0 0 46
0 1 0 1 0 0 0 0 0 0 1 1 0 0 0 0 1 0 0 0 0 0 0 1 0 0 1 1 0 0 0 1 0 1 1 0 0 1 0 1 1 1 0 1 0 1 1 1 0 0 1 1 1 0 1 1 1 1 0 1 1 0 0 0 0 0 1 1 1 1 0 1 0 0 1 0 1 1 1 0 1 1 1 1 1 0 1 0 0 0 0 0 0 0 0 0 0 0 0 0 43
1 1 0 1 1 1 0 0 1 1 0 0 0 0 0 1 0 0 0 1 0 0 0 1 0 1 1 1 1 0 0 1 0 1 1 0 1 0 1 1 1 0 1 1 0 1 1 0 1 1 0 1 1 0 0 0 1 0 1 0 1 0 0 0 1 1 0 1 1 1 0 1 1 0 1 1 1 1 1 0 0 1 1 0 0 1 1 0 0 0 0 0 0 0 0 0 0 0 0 0 48
80 134 16 156 60 104 5 6 72 113 180 158 81 51 43 177 52 93 176 107 60 101 23 181 60 114 194 190 158 78 29 200 82 145 199 24 85 98 125 182 164 32 130 121 102 189 61 134 122 124 97 181 178 136 119 146 178 92 41 126 182 153 114 48 13 48 10 130 186 183 80 145 21 131 196 146 137 146 163 4 192 173 160 141 137 97 107 27 16 34 4 2 1 1 2 1 1 1 1 1 10000
