1 0 0 0 1 0 0 0 1 0 1 1 0 1 0 0 0 0 0 0 0 0 1 0 0 0 1 1 0 0 0 1 0 1 1 1 0 1 1 0 1 1 0 0 0 1 1 0 1 0 1 0 0 0 1 1 0 1 0 0 0 0 1 1 0 1 0 1 0 1 0 0 1 0 1 0 0 0 0 1 1 1 0 1 1 1 0 1 1 0 1 0 0 0 1 0 1 1 1 1 45
1 0 1 1 0 1 0 1 1 0 1 0 1 1 0 0 0 1 1 0 0 0 0 0 0 0 1 0 0 1 1 0 1 1 1 0 0 1 1 0 1 0 1 0 1 0 0 0 0 1 1 0 0 1 1 1 1 1 1 0 1 0 1 1 0 0 1 1 1 0 1 0 1 0 1 0 0 0 0 1 0 1 1 1 1 1 0 0 1 1 1 0 1 0 1 0 1 1 1 1 54
1 0 1 1 1 0 1 1 0 0 1 1 0 1 0 0 0 1 1 0 0 0 0 0 0 0 1 1 0 0 0 1 0 1 1 1 0 1 1 0 0 0 1 0 0 1 1 0 0 1 0 1 0 0 0 1 1 1 0 1 0 0 1 1 1 0 1 1 1 0 0 0 1 0 0 0 0 1 0 1 0 0 1 1 0 1 0 1 1 0 1 0 0 0 1 0 1 1 1 1 48
1 0 1 0 1 1 0 1 0 0 1 1 1 1 0 0 1 1 1 1 0 0 1 0 0 0 1 0 1 1 1 1 1 1 1 1 0 0 0 0 0 1 1 0 0 1 0 1 1 0 1 0 1 0 0 0 1 1 0 1 0 0 0 0 0 0 1 0 1 0 0 1 0 1 1 0 0 0 0 1 1 1 1 1 1 1 0 1 1 0 1 0 1 1 1 1 1 1 1 1 56
0 0 1 0 1 0 0 1 1 0 1 1 1 1 0 0 1 0 1 0 0 0 1 1 1 0 1 0 1 1 1 1 0 1 1 0 0 0 1 0 1 0 1 0 1 0 0 0 0 1 1 0 1 0 1 1 1 1 0 0 0 0 0 1 1 0 0 1 0 0 1 0 0 1 0 0 0 0 0 1 1 1 0 1 1 1 0 0 1 0 1 0 0 0 0 0 1 1 1 1 48
0 0 1 0 1 0 0 1 0 1 1 0 0 1 0 0 0 1 1 1 1 0 0 1 0 0 1 1 1 0 0 1 1 1 1 1 0 0 1 0 0 0 0 1 1 1 0 0 0 1 0 0 1 0 0 1 1 1 0 0 1 0 1 1 1 0 1 1 1 1 1 0 0 0 0 0 0 1 0 0 1 1 0 1 1 1 1 1 1 0 0 0 0 1 0 0 1 1 1 1 51
1 1 1 0 1 0 0 0 0 0 1 0 1 1 0 0 0 1 1 1 0 1 1 0 0 0 1 1 1 0 1 1 1 0 1 1 1 0 1 0 0 1 1 0 0 0 1 0 0 1 1 0 0 1 0 1 0 1 1 1 1 0 0 1 0 0 0 1 1 1 1 0 0 1 1 0 0 1 0 0 1 1 0 1 1 1 0 1 1 1 1 1 0 0 1 0 1 1 1 1 56
1 0 0 1 1 1 0 1 0 0 1 0 1 1 0 0 1 1 0 1 0 0 0 0 1 0 1 0 1 1 1 1 1 1 1 0 1 1 1 0 1 0 0 0 0 1 1 0 1 1 1 0 0 1 0 1 1 1 0 1 0 0 0 0 1 0 1 1 0 1 1 0 0 1 0 0 0 0 1 1 1 1 0 1 1 1 0 1 1 0 0 1 0 0 1 1 1 0 1 1 55
0 1 1 0 1 1 0 1 1 0 1 1 1 1 1 0 1 1 1 0 0 1 0 0 0 0 1 0 0 0 1 1 1 1 1 0 0 1 0 0 0 1 0 0 1 1 1 0 0 0 0 0 0 0 1 1 1 0 1 0 1 0 0 1 1 0 0 1 0 1 0 1 0 1 0 0 0 0 0 1 1 1 0 1 0 1 1 1 1 0 1 0 0 1 1 0 1 1 1 1 52
0 0 1 0 0 0 0 0 0 0 1 1 0 1 0 0 1 0 0 1 0 0 0 0 1 0 1 0 1 1 1 1 1 1 1 0 0 1 1 0 0 1 1 0 1 0 0 0 0 1 0 0 1 0 1 1 0 1 0 0 0 0 1 1 0 0 1 1 0 0 1 0 0 0 1 0 0 0 0 1 1 1 1 1 1 1 0 1 1 0 0 0 0 0 1 1 1 1 1 1 46
0 1 0 0 1 0 0 1 0 1 1 0 0 1 0 0 1 1 0 0 1 0 0 0 0 0 1 0 1 0 1 1 0 1 1 1 0 0 1 0 0 0 0 0 1 0 0 0 1 0 1 0 1 0 0 1 0 1 1 0 1 0 1 1 0 0 1 1 1 0 0 0 0 0 0 0 0 0 0 0 0 1 1 1 1 1 0 1 1 0 1 0 1 0 1 0 1 1 1 1 44
0 0 1 1 1 0 1 1 0 1 1 1 1 1 1 0 0 1 0 0 1 0 1 0 1 0 1 0 1 0 0 1 1 0 1 1 0 1 0 0 1 1 0 0 0 1 1 0 1 0 0 0 0 0 1 1 0 1 0 1 0 0 1 1 1 0 1 0 0 0 0 0 0 0 0 0 1 0 0 1 1 0 1 1 1 1 0 1 1 0 1 1 1 0 1 0 1 1 1 1 52
1 1 1 0 0 0 0 0 0 0 1 0 1 1 0 0 0 1 1 0 0 0 0 0 0 0 1 0 1 1 1 1 1 1 1 0 0 0 0 0 0 0 1 0 1 0 0 1 1 0 1 0 0 0 0 1 1 1 0 0 1 0 0 0 0 1 0 1 1 0 1 0 1 0 0 0 1 1 0 0 0 1 1 1 1 1 0 1 1 1 0 0 0 0 1 0 1 1 1 1 45
1 1 1 0 1 0 0 1 1 0 1 0 0 0 1 0 1 1 1 0 0 0 0 0 1 0 1 0 1 0 1 1 1 1 1 1 0 0 1 0 0 0 1 1 1 1 1 0 1 0 1 0 0 0 1 1 1 1 0 0 1 0 0 1 0 0 1 0 0 0 1 0 1 1 0 0 0 0 0 1 0 0 1 1 0 1 0 1 1 0 1 0 0 0 1 0 1 1 1 1 50
0 1 0 0 0 0 0 0 0 0 1 0 1 1 0 0 1 0 0 1 0 0 1 0 0 0 1 0 1 1 1 1 0 1 1 0 0 1 1 0 0 0 0 0 0 1 0 0 1 1 0 0 0 0 1 1 1 0 0 1 0 0 1 1 0 0 0 1 0 0 1 0 0 1 0 0 0 0 0 0 0 1 0 1 1 1 0 1 1 1 0 1 1 0 1 0 1 1 1 1 42
0 1 1 0 1 0 0 0 1 1 1 0 1 1 0 0 0 1 1 0 1 0 0 1 0 0 1 0 1 0 0 1 0 1 1 0 0 1 0 0 0 0 0 0 0 1 0 0 1 0 1 1 0 0 1 1 1 1 0 0 0 0 0 1 0 0 0 1 1 0 0 0 0 1 1 0 1 0 0 0 1 1 1 1 0 1 0 1 1 1 0 0 0 0 1 0 1 1 1 1 45
1 0 0 0 1 0 0 0 1 0 1 1 0 1 0 0 1 1 1 1 0 0 0 0 1 0 1 0 1 1 1 1 1 1 1 1 0 1 1 0 1 1 1 0 1 0 1 0 1 0 1 1 0 0 0 1 1 1 0 0 0 1 0 1 0 0 0 1 0 1 1 0 0 0 0 0 1 1 0 1 0 1 0 1 1 1 0 1 0 0 0 0 1 0 1 0 1 1 1 1 52
1 1 0 0 0 1 1 1 1 1 0 0 0 0 0 0 1 1 1 0 1 0 0 0 0 0 1 0 1 1 1 1 1 1 1 1 0 0 1 0 0 0 0 0 0 1 1 0 0 0 0 0 0 0 0 1 1 1 1 0 1 0 1 0 0 0 0 1 1 0 0 1 0 0 0 0 0 0 0 0 0 0 0 1 1 1 1 1 0 0 1 0 0 1 1 0 1 1 1 1 44
0 0 1 1 1 0 1 1 1 1 1 0 1 1 0 0 0 1 0 0 0 1 0 0 1 0 1 1 1 0 1 1 0 1 1 1 1 0 0 0 1 0 0 1 1 0 0 0 1 1 0 0 0 0 1 1 1 1 0 0 0 0 1 1 0 0 0 1 1 1 1 0 0 1 0 0 0 0 0 1 0 1 0 1 1 1 0 1 1 0 1 0 0 0 1 0 1 1 1 1 51
1 0 1 0 1 0 0 0 1 0 1 0 1 0 0 0 0 0 0 1 0 0 0 0 0 0 1 0 1 1 1 1 1 1 1 1 1 1 0 1 0 0 1 0 1 1 0 1 0 1 0 0 1 0 0 1 1 1 0 0 1 0 1 0 1 0 0 1 1 0 1 0 0 1 1 0 0 0 1 0 0 1 1 1 1 1 0 0 1 0 0 0 0 0 1 0 1 1 1 1 48
1 0 1 1 1 0 0 1 1 1 1 0 1 0 1 0 0 1 1 0 0 1 0 0 1 0 1 0 1 0 0 1 0 1 1 1 0 1 0 0 0 1 0 0 0 0 0 1 0 1 1 0 0 0 1 1 1 1 0 0 0 0 0 1 1 1 1 0 0 0 0 0 0 0 1 0 0 0 0 1 1 1 1 1 1 1 0 1 1 0 0 0 0 0 1 0 1 1 1 1 48
1 1 0 1 1 1 0 1 1 1 1 1 0 1 1 0 0 1 1 1 0 0 1 0 0 1 1 0 1 0 1 1 0 1 1 0 0 1 1 0 0 0 1 0 0 1 1 0 1 1 1 0 1 1 0 1 1 1 0 0 1 0 1 1 0 0 1 1 1 0 0 0 0 0 0 0 0 0 0 1 0 0 0 1 1 1 1 1 1 0 1 1 0 0 1 0 1 1 1 1 56
1 1 0 0 1 1 0 1 0 0 1 1 1 1 0 0 1 1 0 1 1 0 0 0 1 0 0 0 1 0 1 1 0 0 1 1 0 0 1 0 0 0 0 1 1 0 1 0 0 1 1 0 0 0 0 1 1 0 1 0 0 0 1 1 0 0 0 1 1 1 0 0 0 1 0 0 0 0 0 1 1 1 1 1 1 1 0 1 1 0 0 0 0 0 1 0 1 1 1 1 48
1 0 0 0 0 1 0 1 0 0 1 0 0 1 0 0 1 0 0 0 0 0 1 0 1 0 1 1 1 1 0 1 1 1 1 0 0 0 0 0 0 0 1 1 0 1 1 0 1 1 1 0 0 0 0 0 0 1 0 0 0 0 0 1 1 0 0 1 0 0 0 0 0 1 0 0 1 1 0 0 0 0 0 1 1 1 0 1 1 0 1 0 1 0 1 0 1 1 1 1 42
1 0 0 0 0 0 0 1 1 0 0 0 1 1 0 0 1 1 0 1 0 1 1 0 0 0 0 0 1 1 1 1 0 1 1 0 0 0 1 0 0 1 1 0 0 1 1 0 1 1 1 0 1 0 0 1 1 1 0 0 0 0 0 1 0 1 0 1 1 0 1 1 0 0 1 0 0 1 0 0 0 1 1 1 1 1 1 1 1 0 0 0 0 0 1 0 1 1 1 1 49
0 0 1 0 1 0 0 0 1 0 1 0 1 1 0 0 1 1 0 0 1 0 0 0 1 0 1 0 0 1 1 1 1 1 1 1 0 0 1 0 0 0 0 0 1 1 1 0 1 0 0 0 0 0 1 0 1 1 0 0 0 0 1 1 0 1 1 1 1 0 0 0 1 1 0 0 1 0 0 1 1 0 1 1 1 1 0 0 1 0 1 0 1 0 1 0 1 1 1 1 49
0 0 1 1 1 1 0 0 0 1 1 1 1 1 0 0 1 1 1 1 1 0 0 1 1 0 1 1 1 0 1 1 1 1 1 1 0 0 1 0 1 1 0 0 0 0 1 0 0 0 0 0 1 0 1 1 0 1 0 0 0 0 1 1 0 0 1 1 1 0 0 1 0 1 0 0 0 0 0 1 1 0 1 1 1 1 0 1 1 0 1 0 0 0 1 0 1 1 1 1 54
0 0 1 1 1 0 0 0 0 1 1 1 1 1 0 0 0 0 1 1 1 0 1 0 0 0 1 1 1 0 1 1 0 1 1 1 0 1 1 0 0 1 0 0 0 1 1 0 1 0 0 0 1 1 0 1 1 1 1 1 0 0 0 1 1 0 1 1 1 0 0 0 0 1 1 0 0 1 0 1 0 1 0 1 1 1 0 1 1 0 0 0 0 0 1 0 1 1 1 1 53
0 0 1 0 1 0 0 0 1 0 1 0 0 0 0 0 0 0 1 1 0 0 1 0 1 0 1 0 0 0 1 1 1 0 1 0 0 1 1 0 0 0 0 0 0 1 1 0 0 0 1 1 0 1 0 1 0 0 1 0 1 0 1 1 0 1 0 1 1 0 1 0 1 0 0 0 0 1 0 1 0 1 0 1 1 1 1 1 1 0 1 0 0 0 1 0 1 1 1 1 45
1 0 0 0 0 0 0 0 0 1 1 0 1 0 0 0 0 1 0 0 0 1 1 0 1 0 1 0 1 1 0 1 0 1 1 1 1 1 1 0 0 0 0 0 0 1 1 0 0 1 1 0 0 1 0 1 0 0 1 1 0 0 1 0 0 0 1 1 1 0 0 0 0 0 1 0 1 1 0 0 0 0 0 1 1 1 0 1 1 0 1 0 0 0 1 0 1 1 1 1 44
1 0 0 0 0 0 1 1 0 0 1 1 1 1 0 0 1 0 0 1 1 0 0 0 1 0 1 0 1 0 1 1 0 1 1 0 0 1 0 0 0 0 1 1 0 1 0 0 1 0 1 0 1 0 0 1 1 1 0 1 0 0 0 1 0 0 1 1 1 0 0 1 0 1 0 0 1 0 0 0 0 0 0 1 1 1 0 1 1 1 1 0 1 0 1 0 1 1 1 1 48
1 0 1 1 0 0 0 1 1 1 1 0 0 0 0 0 0 1 0 0 1 0 1 0 1 0 1 0 0 0 1 1 1 1 1 1 0 0 1 0 0 1 0 0 1 1 1 0 1 1 0 0 0 0 1 0 0 1 0 0 0 0 1 1 0 1 1 1 0 0 1 1 0 0 1 0 0 0 0 1 1 1 0 1 1 1 0 1 1 0 0 0 1 0 1 0 1 1 1 1 49
1 1 1 1 1 0 0 0 1 0 1 0 0 0 1 0 1 1 0 1 0 0 0 1 1 0 1 0 1 0 0 1 1 1 1 0 0 0 1 0 1 0 0 1 0 1 1 0 1 0 1 0 0 0 1 1 1 1 1 0 1 0 1 1 0 1 1 1 1 0 1 1 0 0 0 0 0 1 0 1 1 1 1 1 1 1 0 1 1 0 1 0 0 0 1 0 1 1 1 1 56
1 1 1 0 1 0 0 1 0 1 0 0 0 0 0 0 0 0 1 0 1 0 0 0 1 0 1 0 1 1 1 1 0 1 1 1 0 1 0 1 0 0 0 0 1 1 0 0 1 0 1 0 0 0 1 1 1 1 0 0 1 0 1 1 0 1 0 1 1 0 1 1 0 0 1 0 0 0 0 0 1 1 0 1 0 0 0 1 1 0 1 0 0 1 1 0 1 1 1 1 48
1 1 1 1 1 0 1 0 0 0 1 0 1 1 0 0 0 1 1 1 0 0 0 0 1 0 1 0 1 0 1 1 1 1 1 0 0 1 1 0 1 0 0 1 0 1 1 0 1 1 1 0 0 0 0 1 1 1 0 1 0 0 1 0 1 0 1 1 1 0 0 0 0 1 0 0 0 1 0 1 1 0 1 1 1 1 0 1 1 0 0 0 1 0 1 0 1 1 1 1 54
1 0 0 1 1 0 1 1 1 0 1 0 1 0 0 0 0 1 0 0 1 1 0 1 1 0 1 0 1 0 1 1 1 1 1 1 1 0 1 0 0 0 1 0 1 1 1 0 0 0 1 0 0 0 0 1 0 1 1 0 1 0 1 1 0 0 0 1 1 1 0 0 0 0 0 0 0 0 0 1 0 1 0 1 1 1 0 1 1 0 1 1 1 0 1 0 1 1 1 1 52
1 0 1 0 0 0 0 1 1 0 0 0 0 1 0 0 1 1 1 0 0 0 0 0 1 0 1 0 0 0 1 1 1 0 1 0 0 0 1 0 0 0 0 0 1 1 1 0 0 0 0 0 0 0 0 1 1 1 1 1 1 0 1 0 0 1 1 1 1 0 1 0 0 1 0 0 0 0 0 1 0 1 0 1 1 1 0 0 1 0 1 0 0 0 1 0 1 1 1 1 43
1 1 0 0 1 1 0 0 0 0 1 0 0 0 0 0 1 1 1 0 0 0 0 0 1 1 1 0 1 0 0 1 0 1 1 1 0 0 1 0 0 0 0 0 0 1 1 0 0 1 1 0 0 0 0 1 1 1 0 0 1 0 0 1 0 0 1 1 1 0 1 0 1 0 0 0 0 1 1 1 1 1 1 1 1 1 0 1 1 0 1 0 1 0 1 0 1 1 1 1 49
0 1 0 0 1 0 0 1 0 1 1 0 0 1 0 0 0 1 1 0 1 0 1 0 1 0 1 0 0 0 1 1 0 1 1 1 0 1 1 0 1 0 1 0 0 1 1 0 0 0 0 0 0 0 0 1 1 1 0 1 1 0 1 0 1 0 1 1 1 1 1 0 0 0 1 1 1 1 0 1 1 1 1 1 1 1 0 0 1 1 0 0 0 0 1 0 1 1 1 1 53
1 1 1 1 1 0 0 1 1 0 1 1 1 0 0 0 1 1 0 0 1 0 0 0 0 0 1 1 1 1 1 1 1 1 1 1 0 1 1 0 0 0 0 0 1 1 1 0 1 0 1 1 0 1 0 1 1 1 1 1 0 0 1 1 0 0 1 1 1 1 1 1 0 1 0 0 0 0 0 1 0 1 0 1 0 1 0 1 1 0 0 0 0 0 1 0 1 1 1 1 57
1 0 1 0 1 0 0 1 0 0 1 1 1 1 0 0 0 0 0 0 0 0 0 0 1 0 1 0 1 1 0 1 0 1 0 1 0 0 1 0 0 1 1 0 1 1 1 0 1 0 1 1 0 0 1 1 0 1 0 0 0 0 1 1 0 0 1 1 1 0 1 0 0 0 0 0 0 0 0 1 0 1 0 1 1 1 0 1 1 0 0 0 1 0 1 0 1 1 1 1 46
0 0 1 0 1 0 0 1 1 0 1 1 0 1 1 0 1 0 1 1 0 0 0 0 0 0 1 0 1 0 1 1 1 1 1 1 1 1 0 0 1 0 1 1 1 1 1 0 1 1 1 0 0 0 1 0 1 1 1 0 0 0 0 1 0 1 0 0 1 0 1 0 1 0 0 0 0 1 0 1 1 1 1 1 1 1 0 1 1 0 0 1 0 0 1 1 1 1 1 1 56
1 0 0 0 0 1 1 1 0 0 1 0 0 1 0 0 1 1 0 1 0 1 1 0 0 0 1 1 1 0 1 1 1 1 1 1 0 0 1 0 0 0 1 0 1 1 1 0 1 0 1 0 0 0 0 1 1 1 0 1 0 1 0 1 0 0 1 1 1 0 1 1 0 0 0 0 0 0 0 0 0 1 1 1 1 1 0 1 1 0 1 0 1 0 1 0 1 1 1 1 52
0 0 0 1 1 0 1 1 1 1 1 0 1 0 0 0 1 1 0 1 1 0 0 0 0 0 1 0 1 0 1 1 1 1 1 1 0 1 1 0 0 0 1 0 0 1 0 0 0 0 0 0 0 0 1 1 0 0 0 1 0 0 0 0 1 0 1 1 1 0 1 0 1 0 1 0 1 1 0 1 1 1 1 1 0 1 0 1 1 0 1 1 1 0 1 0 1 1 1 1 52
1 0 1 1 1 0 0 1 0 0 1 0 0 1 0 0 0 1 0 0 0 1 0 0 0 0 0 0 1 1 1 1 1 1 1 0 0 1 1 0 0 0 1 0 1 1 1 0 0 0 1 0 0 0 0 1 0 1 0 0 0 1 1 1 1 0 0 0 1 0 1 0 0 0 0 0 0 0 0 1 1 0 1 1 1 1 0 1 1 0 1 0 1 0 1 0 1 1 1 1 46
1 1 1 0 1 0 0 1 0 0 1 0 1 1 0 0 1 1 1 0 0 0 0 0 0 0 1 0 1 1 1 1 1 1 1 0 0 0 0 0 1 1 0 0 1 0 1 0 1 0 0 0 0 1 1 1 0 1 1 0 0 0 1 1 0 0 0 0 1 0 0 0 0 1 0 0 0 0 0 1 0 1 1 1 1 1 0 0 1 0 1 1 0 0 1 0 1 1 1 1 47
1 0 1 1 0 0 0 1 1 1 1 0 0 1 0 0 1 1 0 0 0 0 1 0 1 0 1 0 0 0 1 1 1 1 1 1 0 0 1 0 0 0 1 1 1 0 1 0 0 1 1 1 0 0 0 1 1 1 0 1 0 0 1 1 0 1 1 1 1 0 1 0 0 0 0 0 0 0 0 1 0 1 0 1 1 1 0 1 1 0 1 0 1 0 1 0 1 1 1 1 52
0 1 1 0 0 0 1 0 0 1 1 0 1 0 0 0 1 1 0 0 1 0 1 0 0 0 1 1 1 1 1 1 1 1 1 0 1 1 1 1 0 0 0 0 1 1 1 0 0 0 1 0 0 1 0 1 1 1 1 0 1 0 1 0 1 1 0 1 1 0 1 0 1 0 0 1 1 0 0 1 1 1 0 1 1 0 0 1 1 0 1 0 1 0 1 0 1 1 1 1 56
0 1 1 0 0 0 0 0 0 0 1 0 0 1 0 0 1 0 1 0 0 0 1 0 1 0 1 0 1 0 0 1 1 1 1 1 0 0 1 0 0 0 0 1 1 1 0 0 1 0 1 0 0 0 0 1 0 1 0 1 1 1 1 1 0 0 1 1 1 0 0 0 0 1 1 0 0 0 0 0 0 1 1 1 1 1 0 1 1 0 0 0 0 0 1 0 1 1 1 1 45
1 1 1 0 0 0 0 1 1 0 1 0 0 1 0 0 0 1 1 1 1 0 0 0 0 1 1 1 1 1 1 1 1 0 1 0 0 0 1 0 0 0 0 0 0 1 1 1 1 1 1 0 0 0 0 1 1 1 0 1 0 0 1 1 1 0 0 0 1 0 1 1 0 0 1 0 0 1 0 1 1 1 0 1 1 1 0 1 1 0 0 0 0 1 1 0 1 1 1 1 53
1 0 0 1 1 1 0 0 0 0 1 1 0 1 0 0 0 0 0 1 1 0 1 0 0 0 1 0 0 1 1 1 1 1 1 0 0 0 1 0 0 0 1 0 0 1 1 0 1 1 1 0 0 0 1 0 1 1 1 0 0 0 0 1 1 1 0 1 1 1 1 0 0 0 0 0 0 0 0 1 1 1 0 1 1 1 0 1 1 0 1 1 0 0 1 0 1 1 1 1 50
1 0 1 1 1 0 0 0 1 0 1 0 0 0 0 0 0 1 0 1 1 0 1 0 0 0 1 1 1 0 1 1 0 1 1 0 1 1 0 0 0 0 0 0 0 1 0 0 1 0 1 0 0 0 1 1 0 1 0 1 1 0 0 1 0 0 0 0 1 0 1 1 1 0 0 0 0 1 0 1 0 1 0 1 1 1 0 1 1 0 1 0 1 0 1 0 1 1 1 1 47
1 0 1 0 1 1 0 0 0 0 1 1 0 1 1 0 1 0 1 0 0 0 0 1 0 0 1 1 1 0 0 1 0 0 1 1 0 1 1 0 1 0 0 0 0 1 1 0 1 0 1 0 0 0 0 1 1 0 0 1 1 0 1 1 0 0 1 1 1 0 0 0 1 1 0 0 0 1 0 1 1 0 0 1 1 1 0 1 1 0 0 0 0 0 1 0 1 1 1 1 48
0 0 0 0 1 0 0 0 0 0 1 1 1 1 1 0 0 0 1 0 0 0 0 1 0 0 1 1 1 0 1 1 0 1 1 1 0 0 1 0 0 1 1 0 1 1 0 0 1 0 0 1 0 0 0 1 1 1 0 1 1 0 1 1 1 0 1 0 1 0 1 0 0 1 1 0 0 0 0 0 1 1 1 1 1 1 0 1 1 0 1 0 1 0 0 0 1 1 1 1 50
1 1 1 0 1 0 1 1 0 0 1 0 1 1 0 0 0 0 1 1 0 0 0 0 1 0 1 0 1 0 0 1 1 1 1 0 0 1 1 1 0 1 0 0 0 1 1 1 1 1 0 0 1 1 0 0 1 1 1 0 0 0 1 1 0 0 0 1 1 1 1 1 0 0 0 0 0 1 0 0 1 1 0 1 0 1 0 1 1 0 0 0 1 0 1 0 1 1 1 1 52
0 0 1 0 1 0 1 0 1 0 1 0 1 0 1 0 0 1 1 1 0 0 0 0 0 0 1 0 0 1 1 1 1 1 1 1 0 0 1 1 1 0 0 1 1 0 0 0 0 1 1 1 1 0 0 1 1 1 0 0 0 0 0 1 0 1 0 1 1 0 1 1 0 0 1 0 0 1 0 0 0 1 1 1 0 1 1 1 1 1 1 0 1 0 1 0 1 1 1 1 53
0 0 1 0 0 1 0 1 1 0 1 0 0 0 0 0 1 1 1 1 0 0 0 0 0 0 1 0 0 0 0 1 0 1 1 1 0 0 1 0 0 0 0 1 1 1 0 1 0 1 0 0 0 0 1 1 1 1 0 0 0 0 1 1 0 0 1 1 1 0 0 0 0 0 0 0 0 1 0 0 1 1 1 1 1 1 0 1 1 0 0 0 0 0 1 0 1 1 1 1 43
1 1 1 0 0 0 0 0 1 1 1 0 0 1 0 0 1 1 1 1 0 1 1 0 0 0 1 0 0 0 1 1 0 1 1 0 0 1 1 1 0 1 0 0 0 0 0 0 1 1 1 0 0 0 0 1 1 1 0 1 0 0 1 1 0 0 0 1 1 1 0 0 1 1 1 0 0 0 0 1 1 1 1 1 1 1 0 1 1 1 1 0 0 0 0 0 1 1 1 1 52
1 0 1 0 1 0 1 0 0 1 1 1 0 0 0 0 0 0 0 1 1 1 1 0 1 0 1 0 1 0 1 1 1 1 1 1 0 0 0 0 0 1 1 0 1 1 1 0 1 1 0 0 0 0 1 1 1 1 0 0 1 0 1 0 0 1 1 0 1 0 1 0 0 1 1 0 0 0 0 1 0 0 0 1 0 1 0 1 1 1 0 1 0 0 1 0 1 1 1 1 51
1 0 0 0 1 0 0 0 1 0 1 0 1 1 0 0 0 0 1 1 0 0 0 0 1 0 1 0 1 1 1 1 1 1 1 1 0 0 1 0 0 0 1 0 0 1 0 1 1 1 0 0 0 1 0 1 1 1 1 0 1 0 1 1 0 0 0 1 1 1 1 0 0 1 1 0 0 0 0 0 0 1 1 1 1 1 1 0 1 0 1 1 0 0 1 0 1 1 1 1 52
1 1 0 0 0 1 1 1 0 0 1 0 1 1 1 0 1 1 1 1 0 1 0 0 0 0 1 0 1 1 1 1 0 1 1 0 0 0 0 0 0 0 0 1 0 1 1 0 0 0 0 0 0 0 0 1 0 0 0 1 1 0 1 1 0 0 0 1 0 0 0 0 0 0 0 0 1 1 0 1 0 1 1 1 1 1 0 1 1 0 0 0 1 0 1 1 1 1 1 1 47
1 1 1 0 0 0 1 1 0 0 1 0 0 1 0 0 1 0 1 1 0 0 1 0 1 0 1 0 1 0 1 1 0 1 1 1 0 0 0 0 1 0 0 0 0 1 1 0 0 1 1 0 1 0 0 1 1 1 0 1 0 0 1 1 1 0 0 1 1 1 1 0 0 1 0 0 0 0 0 0 1 1 1 1 1 1 0 1 1 0 1 0 1 0 1 0 1 1 1 1 52
1 1 1 1 0 0 0 1 0 1 1 1 0 0 0 0 0 1 0 1 1 0 1 0 1 0 1 0 1 1 1 1 1 1 1 0 0 0 1 0 0 0 0 1 0 1 1 0 1 0 1 0 0 0 1 1 1 1 0 1 1 0 0 1 1 0 0 1 1 0 1 0 0 0 0 0 1 1 0 1 1 1 1 1 1 1 0 1 1 0 1 0 0 0 1 0 1 1 1 1 55
1 0 1 0 1 1 0 1 1 0 1 0 0 1 1 0 0 0 1 1 0 0 1 0 1 0 1 0 1 1 0 1 0 1 1 1 0 0 0 0 0 0 0 0 1 1 1 0 1 1 0 0 0 0 0 1 1 1 1 1 1 0 0 1 0 1 0 1 1 0 0 0 0 0 0 0 0 0 0 1 0 1 0 1 1 1 0 1 1 0 0 0 0 0 1 0 1 1 1 1 47
1 1 1 0 0 0 1 0 1 0 1 0 1 1 1 0 1 1 1 1 0 1 1 0 1 0 1 1 1 1 1 1 1 1 1 1 0 1 1 0 0 0 0 0 0 1 1 0 1 0 0 0 0 0 0 1 0 0 0 0 1 0 0 1 0 0 0 0 1 0 1 0 0 0 0 0 1 1 0 1 0 1 0 1 1 1 0 0 1 0 0 0 1 0 1 0 1 1 1 1 50
1 0 1 0 0 0 0 0 0 0 1 1 0 1 1 0 0 0 1 0 1 0 1 0 0 0 1 0 1 1 1 1 1 0 1 1 0 0 0 0 1 1 0 0 1 0 1 0 0 1 1 0 0 0 0 1 0 1 1 0 1 0 1 0 0 0 0 1 1 0 1 1 0 0 0 0 0 0 0 0 1 1 0 1 1 1 1 1 1 0 1 0 0 0 1 0 1 1 1 1 46
1 1 0 0 1 0 1 1 0 0 1 0 0 0 0 0 0 0 0 1 1 1 0 0 0 0 1 0 1 1 1 1 1 1 1 1 0 0 0 0 0 0 0 0 0 1 1 0 0 0 1 1 0 0 0 1 0 1 0 0 1 0 0 1 0 1 0 1 0 1 1 0 1 0 0 0 0 0 0 1 0 1 0 1 1 1 0 1 1 0 1 0 1 0 1 0 1 1 1 1 45
0 1 0 0 1 0 0 1 1 0 1 1 0 1 0 0 0 1 1 1 0 1 0 1 0 0 1 0 1 0 1 1 1 1 1 1 0 1 1 0 1 0 0 1 1 1 1 0 0 0 0 0 0 0 1 1 1 1 1 0 1 0 1 1 1 0 0 1 1 1 0 0 0 1 0 0 0 0 0 0 1 0 0 1 1 1 0 1 1 0 1 0 0 0 1 0 1 1 1 1 52
1 0 0 0 1 1 0 1 0 0 1 0 1 1 1 0 1 1 1 0 0 1 0 0 1 0 1 1 1 0 0 1 0 1 1 0 0 0 1 0 0 0 1 0 1 1 1 1 0 1 0 0 1 0 1 1 1 1 0 1 0 0 1 1 0 0 1 1 1 0 0 0 0 1 1 0 0 0 0 1 0 1 1 1 0 1 0 1 1 0 0 0 1 1 1 0 1 1 1 1 53
0 0 1 1 0 0 1 0 0 1 1 0 0 1 0 0 1 1 0 1 0 1 0 0 0 0 1 0 0 0 1 1 0 0 1 1 0 0 1 0 1 0 1 1 1 1 1 0 0 1 1 0 0 0 0 0 1 1 0 0 0 0 1 1 0 1 0 1 1 0 0 0 0 0 0 0 0 0 0 0 1 0 1 1 1 1 1 1 1 0 1 1 1 0 1 0 1 1 1 1 47
0 0 1 1 1 0 1 0 0 0 0 0 0 1 0 0 1 1 1 1 0 1 1 0 1 0 1 0 1 1 1 0 1 1 1 0 1 1 0 1 0 1 1 0 1 0 1 1 1 1 1 1 0 0 0 1 0 1 0 0 0 1 0 1 0 1 1 1 1 1 1 1 0 1 0 0 0 0 0 1 1 1 1 1 1 1 0 1 1 0 1 0 0 0 1 0 1 1 1 1 58
1 0 1 0 1 0 1 1 0 1 1 0 0 1 0 0 1 0 1 1 0 0 0 0 0 0 1 0 1 1 1 1 1 1 1 1 0 1 0 0 0 0 1 0 1 1 1 0 0 0 1 0 1 1 0 1 1 1 0 0 1 0 1 1 0 0 0 1 1 1 1 1 0 0 0 0 0 0 0 0 1 0 1 1 0 1 0 1 1 0 0 0 0 0 1 0 1 1 1 1 50
0 0 0 0 1 0 0 1 1 1 1 1 1 0 0 0 0 0 1 0 0 0 0 0 0 0 1 0 1 1 1 0 1 1 1 1 0 0 1 1 0 0 1 0 0 0 1 0 1 1 0 0 0 0 1 1 0 1 0 1 0 1 0 1 0 0 1 1 1 1 0 0 0 0 0 0 1 0 0 1 1 1 1 1 1 1 0 1 1 0 1 0 0 0 1 0 1 1 1 1 48
0 1 1 1 1 0 0 1 0 1 1 0 0 0 0 0 1 0 0 1 1 0 1 0 1 0 1 0 1 0 0 1 1 1 1 0 0 1 1 0 0 0 1 0 1 0 0 0 1 1 0 0 0 0 0 1 0 1 0 0 0 0 1 0 0 0 0 1 0 0 1 0 0 0 0 0 1 0 0 1 0 0 1 1 1 1 0 1 1 0 1 1 1 0 1 0 1 1 1 1 45
1 0 1 0 1 0 0 1 1 0 1 0 0 1 0 0 1 1 1 0 1 1 1 1 0 0 1 0 1 1 1 1 1 0 1 1 0 1 0 0 0 0 0 0 0 1 1 0 1 1 0 0 0 1 1 1 1 1 0 0 0 0 1 1 1 1 0 1 1 1 0 0 0 0 1 0 0 1 0 0 0 0 1 1 1 0 0 1 1 0 1 0 0 0 1 0 1 1 1 1 52
0 0 0 0 1 0 0 1 0 1 1 1 1 1 0 0 0 1 0 1 0 0 0 0 1 0 1 0 0 0 1 1 1 1 1 1 0 1 1 0 0 0 1 0 1 1 1 0 1 0 1 0 0 0 0 1 0 0 0 0 1 0 1 1 0 0 0 1 1 1 1 1 0 0 0 0 0 1 0 0 1 1 0 1 1 1 0 1 1 0 0 0 0 0 1 0 1 1 1 1 47
0 0 0 0 1 0 1 1 0 0 1 0 0 1 0 0 1 0 1 1 1 1 1 0 0 0 1 1 1 0 0 1 1 1 1 0 0 0 1 0 0 0 0 0 1 0 1 0 0 1 0 1 0 0 1 1 1 1 1 1 1 0 1 1 0 0 0 1 1 0 1 1 1 0 0 0 0 1 0 0 1 0 1 1 1 1 0 1 1 0 1 0 0 0 1 1 1 1 1 1 52
1 1 0 0 0 0 1 1 0 1 1 1 1 1 0 0 0 1 1 1 0 1 0 0 0 0 1 1 0 1 0 0 0 1 1 0 0 1 1 1 1 0 1 1 1 1 0 0 0 1 0 0 1 0 0 1 1 1 0 0 0 0 1 0 0 1 0 1 1 0 1 0 1 0 0 0 0 1 0 1 0 0 0 1 1 1 0 1 1 0 1 0 1 0 1 0 1 1 1 1 51
0 1 0 1 1 0 0 0 0 0 1 1 1 1 0 0 0 1 1 1 0 1 0 0 1 0 1 0 1 1 1 1 1 1 1 0 0 0 0 1 0 0 1 1 0 1 1 1 1 1 0 0 0 0 1 1 0 1 0 1 1 0 0 1 0 0 1 0 0 0 1 0 0 0 1 1 0 0 0 0 1 1 1 1 1 1 0 1 1 1 0 1 1 0 1 0 1 1 1 1 54
1 1 1 0 1 0 0 1 0 1 1 0 0 1 0 0 1 0 1 1 0 0 1 0 1 0 1 0 1 0 0 1 0 1 1 1 1 0 0 0 1 1 0 1 0 1 1 0 1 1 1 0 0 0 1 1 1 1 1 0 1 0 1 0 0 1 0 1 1 0 0 0 1 0 0 0 0 1 0 1 0 1 1 1 0 1 0 1 1 0 0 0 1 0 1 0 1 1 1 1 53
1 0 1 1 1 0 0 1 1 0 1 0 1 1 1 0 0 1 0 1 0 0 1 0 0 0 1 0 1 1 1 0 1 1 1 1 0 0 1 0 0 1 1 0 1 1 1 0 1 1 0 0 1 0 0 1 1 1 1 1 0 0 1 1 1 0 1 1 1 0 1 0 0 1 0 0 0 0 0 0 0 1 1 1 1 1 0 1 1 0 1 1 0 0 1 0 1 1 1 1 57
1 0 0 0 1 0 0 1 1 1 1 0 1 1 0 0 1 0 0 1 0 1 1 0 1 0 1 0 1 0 0 1 1 1 1 1 0 0 1 0 0 0 0 0 1 0 1 0 0 1 1 0 0 0 0 1 1 1 0 0 1 0 1 0 0 0 0 0 1 1 1 1 1 0 0 0 0 0 0 0 0 1 0 1 1 1 0 1 1 0 1 0 0 0 1 0 1 1 1 1 47
0 0 1 1 1 0 0 1 0 0 1 1 1 1 0 0 0 1 1 1 0 1 0 0 1 0 1 1 1 1 1 1 1 1 1 1 0 1 1 0 0 0 1 0 1 1 1 0 0 0 0 0 0 1 0 1 0 1 0 0 1 1 1 0 0 0 0 1 1 1 1 0 0 1 1 0 0 0 0 0 0 0 1 1 1 1 0 1 1 0 1 0 0 0 1 0 1 1 1 1 53
1 1 1 0 0 0 0 0 1 0 1 0 0 1 0 0 1 1 0 0 0 0 0 0 1 0 1 0 1 0 1 1 1 1 1 0 0 1 1 0 0 0 1 0 0 1 1 0 1 1 1 0 0 0 0 1 1 1 0 0 1 0 0 1 1 1 1 1 1 1 1 0 0 1 0 0 0 1 0 1 0 1 1 1 1 1 0 1 0 0 0 0 1 0 1 0 1 1 1 1 51
0 1 1 1 0 0 1 1 0 0 1 0 0 1 0 0 0 0 0 0 0 0 1 0 1 0 1 0 1 0 1 1 1 1 1 1 0 0 1 0 0 1 0 0 1 0 1 0 1 1 1 0 1 0 0 1 0 0 0 1 0 0 1 1 1 0 0 1 1 0 1 0 0 0 0 0 0 0 0 1 1 0 0 1 1 1 0 1 1 0 1 0 0 0 1 0 1 1 1 1 46
1 0 1 0 0 0 1 1 0 0 1 1 1 1 0 0 1 0 0 1 1 0 0 0 1 0 1 0 0 0 1 1 0 1 1 0 0 0 0 0 1 0 0 0 1 0 0 0 1 0 0 0 1 0 0 1 1 1 1 0 0 0 1 1 0 1 1 1 0 0 1 0 1 0 1 0 0 1 0 0 1 1 0 1 1 1 0 1 1 0 0 0 1 0 1 0 1 1 1 1 47
1 1 1 0 0 1 1 1 1 0 0 0 0 1 0 0 0 0 1 1 1 0 0 0 0 0 1 0 1 0 1 1 1 1 1 0 0 0 1 0 0 0 0 1 1 0 1 0 0 1 0 0 1 0 0 1 1 1 1 0 0 0 1 0 0 0 1 0 1 1 0 0 0 0 1 0 0 0 0 1 0 0 1 1 0 1 0 1 1 1 1 0 1 0 1 0 1 0 1 1 46
1 0 1 1 1 1 1 0 0 1 1 0 0 0 1 0 0 1 0 0 0 0 1 0 1 0 1 0 1 1 1 1 1 1 1 1 0 0 0 0 0 0 1 1 1 1 1 1 0 1 1 0 0 1 0 1 0 1 0 0 1 1 1 1 0 1 0 1 1 1 1 0 0 0 0 0 0 0 0 1 0 1 0 1 1 1 0 1 1 0 0 0 0 0 1 1 1 1 1 1 54
0 0 0 1 1 0 0 1 0 0 1 0 1 1 0 0 1 1 1 1 0 1 1 0 0 0 1 0 0 0 1 1 0 1 1 1 0 1 1 0 0 0 1 0 1 0 1 0 1 1 1 0 0 0 0 0 0 1 0 0 1 0 1 1 0 0 0 1 1 1 1 0 0 0 1 0 0 0 0 1 0 1 1 1 0 1 0 1 1 0 1 0 0 0 1 0 1 1 1 1 48
1 0 1 0 1 0 0 0 0 0 1 0 0 0 0 0 0 1 1 1 0 0 1 0 0 0 1 1 0 0 1 1 1 1 1 1 0 0 1 0 1 0 0 0 1 1 1 0 0 0 1 1 0 0 0 1 0 1 1 0 1 0 0 1 1 0 1 0 1 0 0 0 0 0 1 0 0 0 0 1 1 0 1 1 1 1 0 1 1 0 0 0 1 0 1 0 1 1 1 1 46
1 0 0 0 1 0 0 0 0 1 1 0 1 1 1 0 1 1 1 1 1 0 1 0 1 0 1 0 1 0 1 1 0 1 1 1 0 0 0 0 0 1 0 0 1 1 0 0 0 0 0 1 1 0 0 1 1 1 1 0 1 0 1 0 1 0 0 1 1 1 0 0 1 0 1 0 0 1 0 1 1 0 1 1 1 1 0 1 1 0 1 0 1 0 1 0 1 1 1 1 54
0 0 1 0 1 1 1 1 0 0 1 1 1 1 1 0 0 1 0 1 0 0 0 0 0 0 1 0 1 1 1 1 0 1 1 1 0 0 1 0 0 0 1 0 1 1 0 0 1 0 1 0 0 0 0 1 1 1 1 0 0 0 1 1 0 0 1 1 1 0 1 0 0 1 0 0 0 1 0 1 0 1 1 1 1 1 0 0 1 1 1 0 1 0 1 0 1 1 1 1 53
1 0 1 0 1 0 0 1 0 0 0 0 0 0 0 0 0 0 0 0 1 0 1 0 1 0 1 0 1 1 1 1 1 1 1 1 0 1 1 0 0 0 1 0 1 1 1 1 0 1 1 0 0 0 1 1 1 1 0 1 1 0 0 1 0 1 0 1 1 1 0 0 0 0 0 0 1 0 0 0 1 1 0 1 0 1 0 1 1 0 1 0 1 0 1 0 1 1 1 1 50
0 0 0 0 0 0 0 1 1 1 1 0 1 1 1 0 0 0 0 0 0 0 0 0 1 0 1 0 1 0 1 1 0 0 1 0 0 0 1 0 0 0 0 0 1 1 1 0 0 1 1 0 0 0 0 1 0 1 0 0 0 1 0 1 0 0 1 1 1 0 1 0 0 1 0 0 1 0 0 1 1 0 1 1 1 1 0 0 1 0 1 0 1 0 1 0 1 1 1 1 43
1 1 1 0 1 0 0 1 1 1 1 0 0 1 1 0 0 1 1 0 1 0 0 0 0 0 1 0 1 1 0 1 0 1 1 0 0 0 1 0 0 1 1 0 0 0 0 0 1 0 0 0 0 1 0 1 0 1 0 1 0 0 1 1 1 0 1 1 1 0 1 0 0 0 0 0 0 1 0 0 0 1 0 1 1 1 0 1 1 0 1 1 1 0 1 1 1 1 1 1 50
1 0 0 0 1 0 0 1 0 0 1 0 0 1 0 0 0 0 1 1 1 0 1 0 1 0 1 1 1 1 0 1 1 0 1 1 0 1 1 0 1 0 0 0 0 1 0 0 1 0 1 1 0 0 0 0 1 1 1 1 1 0 1 1 0 1 0 1 1 1 0 0 1 1 0 0 0 1 0 0 0 1 1 0 1 1 0 1 1 0 0 1 1 0 1 1 1 1 1 1 53
1 1 1 0 1 0 0 0 0 0 1 0 1 0 0 0 0 1 0 1 0 0 1 0 1 0 1 1 0 0 1 1 1 1 1 0 0 0 1 0 0 0 0 0 0 1 1 0 1 1 1 1 1 0 0 1 1 1 0 1 0 0 1 0 0 1 1 1 1 0 1 0 0 1 1 0 1 0 0 1 0 1 1 1 1 1 0 0 1 0 1 0 0 0 1 0 1 1 1 1 51
0 0 0 0 1 1 0 0 0 0 0 1 0 0 0 0 1 0 1 1 1 0 1 0 0 0 1 0 1 1 0 1 0 1 1 0 0 1 1 0 0 0 1 1 1 0 0 0 1 0 1 0 0 0 1 1 0 1 1 0 1 1 1 1 0 0 0 0 1 0 0 0 1 0 0 0 1 0 0 1 0 0 1 1 1 1 1 1 0 0 1 0 0 0 1 0 1 1 1 1 45
0 1 0 1 0 0 0 1 0 0 1 1 0 1 0 0 1 1 0 0 0 1 0 0 0 0 1 0 1 0 0 1 1 1 1 0 0 0 1 0 0 1 0 1 0 0 1 0 1 1 1 0 0 0 0 1 1 1 1 0 0 0 1 1 1 0 1 1 1 1 1 0 0 1 1 0 0 0 0 1 0 0 0 1 1 1 0 1 1 0 0 0 0 0 0 0 1 1 1 1 46
0 0 1 0 0 0 1 1 0 0 1 0 0 1 0 0 1 0 0 0 0 0 1 0 1 0 1 0 1 0 1 1 1 1 1 0 0 1 0 0 0 0 1 0 1 1 1 0 0 1 0 0 0 0 0 1 1 1 1 0 0 0 0 1 0 0 1 0 1 0 1 1 1 0 0 0 0 0 1 1 1 0 1 1 1 1 0 1 1 0 1 1 0 1 1 0 1 1 1 1 48
1 0 1 0 1 0 0 1 0 1 1 0 1 0 0 0 1 0 1 1 0 0 0 0 1 0 1 0 1 0 1 1 1 1 1 0 0 0 1 0 1 1 0 0 0 1 1 0 1 0 1 1 0 0 1 1 0 1 1 1 1 0 1 1 0 0 0 1 1 0 0 0 1 0 1 0 0 0 0 1 0 1 1 1 0 1 1 1 1 1 1 0 0 0 1 1 1 1 1 1 54
1 0 1 1 1 0 0 1 0 0 1 0 0 1 0 0 0 1 0 0 0 0 0 0 0 0 1 0 1 0 1 1 0 1 1 0 0 0 1 0 0 1 1 0 1 0 0 0 0 1 1 0 0 1 0 1 0 1 0 1 1 0 0 1 0 1 0 1 1 0 0 0 1 0 1 0 1 0 0 1 1 0 1 1 0 1 1 1 1 0 0 0 0 0 1 1 1 1 1 1 46
0 1 0 0 1 0 0 0 0 0 1 0 1 1 0 0 0 1 1 1 0 0 0 0 0 0 1 0 1 0 0 1 1 1 1 1 0 0 1 0 1 1 1 0 1 1 1 0 0 0 1 0 0 0 0 1 0 0 0 0 1 0 1 1 0 0 0 1 1 1 1 0 0 0 1 0 0 0 0 1 0 1 1 1 1 1 0 1 1 0 0 1 0 0 1 0 1 1 1 1 46
1 1 1 1 1 0 1 0 0 1 1 1 0 1 0 0 0 0 0 1 0 1 0 0 1 0 1 0 0 1 1 0 1 1 1 1 0 1 1 0 1 1 1 0 0 1 1 0 0 1 1 0 0 0 0 1 1 1 0 0 0 0 0 1 1 0 1 1 1 1 0 0 0 1 0 0 0 0 0 0 1 1 0 1 1 1 0 1 1 0 0 0 0 0 1 0 1 1 1 1 51
1 1 1 0 0 0 1 1 0 1 0 0 1 1 0 0 0 1 0 0 0 1 0 0 0 0 1 0 1 0 1 1 1 1 1 0 0 1 1 0 0 0 1 0 1 1 1 1 1 0 1 0 0 0 1 1 1 1 1 0 1 1 0 1 0 0 0 0 1 0 0 0 0 1 0 0 1 1 0 1 1 1 0 1 1 1 1 1 1 0 1 0 1 0 1 0 1 1 1 1 54
1 1 0 1 1 0 1 1 1 0 1 0 0 0 0 0 0 0 0 0 0 0 0 0 1 0 1 1 1 0 0 1 0 1 1 1 0 1 0 0 1 0 0 0 0 1 0 0 1 0 1 1 1 0 0 1 0 1 0 0 1 0 1 1 0 1 0 0 1 0 0 0 1 0 0 0 1 0 1 1 0 1 0 1 1 1 0 1 1 0 0 0 0 1 1 0 1 1 1 1 46
0 0 1 1 1 0 0 0 0 1 1 1 1 1 1 0 1 1 0 1 0 1 1 0 0 0 1 1 1 0 1 1 1 1 1 0 1 1 1 0 0 0 1 0 1 1 0 0 1 0 1 0 0 1 0 0 1 1 0 0 1 0 0 1 0 1 1 1 1 0 0 0 1 0 1 0 0 0 0 1 0 1 0 1 0 1 0 1 1 0 0 0 0 0 1 0 1 1 1 1 52
0 1 0 1 1 0 1 0 0 0 1 0 1 1 1 0 1 1 1 1 0 0 1 0 1 0 1 1 1 0 1 1 1 1 1 0 0 1 0 0 0 0 1 0 1 1 1 0 1 0 1 0 0 0 0 1 1 1 0 0 0 0 1 1 1 0 1 1 1 0 1 0 0 0 1 0 0 1 0 1 1 1 1 1 1 1 0 1 1 0 0 0 1 0 1 0 1 1 1 1 56
1 0 0 0 0 1 0 1 1 0 1 0 0 1 0 0 0 1 1 1 0 1 0 0 1 0 1 0 1 1 1 1 0 1 1 1 0 0 0 0 0 0 0 1 1 1 1 0 0 0 0 0 0 0 0 1 1 0 0 0 1 0 1 1 0 0 0 1 0 0 0 0 0 0 0 0 0 0 0 1 0 1 0 1 1 1 0 1 1 0 0 0 1 0 1 1 1 1 1 1 43
1 0 1 0 0 0 0 0 1 1 1 1 1 1 1 0 1 1 1 1 1 0 1 0 0 0 1 1 1 0 1 1 0 1 1 0 0 0 1 0 0 1 0 0 1 1 0 0 1 1 0 0 0 0 0 1 1 0 1 1 0 0 1 1 1 1 1 1 1 1 1 0 1 0 0 0 1 0 0 0 0 1 0 1 1 1 0 1 1 1 1 0 0 0 1 0 1 1 1 1 56
1 0 0 1 0 1 1 0 1 0 1 0 1 1 1 0 0 1 0 1 1 0 1 0 0 0 1 0 1 0 1 1 0 1 1 0 0 0 1 0 0 0 0 1 1 1 0 0 0 0 1 0 0 0 1 0 0 1 0 0 0 0 1 1 0 0 0 1 1 0 0 1 0 0 0 0 1 0 0 1 0 0 1 1 1 1 0 1 1 1 1 0 1 0 1 0 1 1 1 1 47
1 0 1 0 1 0 1 1 0 1 1 0 0 1 0 0 1 1 1 0 1 1 0 0 0 0 1 0 1 1 1 1 1 1 1 0 0 1 1 0 0 1 1 0 1 1 1 0 0 0 0 0 0 0 0 1 0 1 0 0 0 0 0 1 1 1 0 1 1 1 0 0 1 1 0 0 1 1 0 0 1 1 1 1 1 1 0 1 1 1 1 0 0 0 1 0 1 1 1 1 55
1 0 1 0 1 0 0 0 0 0 1 0 0 1 0 0 1 1 1 0 1 0 0 0 1 0 1 0 1 0 0 1 1 1 1 1 0 0 0 0 0 0 0 0 1 1 0 0 1 1 1 0 1 1 1 1 1 1 1 0 1 0 1 1 1 1 0 1 1 1 1 0 1 1 1 0 0 0 0 1 0 1 0 1 1 1 0 1 1 0 1 0 1 0 1 0 1 0 1 1 54
0 1 0 0 0 0 0 1 1 1 1 0 0 1 0 0 0 1 1 1 0 1 0 0 1 0 1 0 1 1 0 1 1 1 1 1 0 0 1 0 0 0 0 0 1 1 1 0 1 0 1 0 0 1 0 1 0 1 1 0 1 0 1 1 0 1 1 0 0 1 0 0 0 0 1 0 0 0 0 0 0 1 1 1 1 1 0 1 1 0 1 0 0 0 1 1 1 1 1 1 50
1 0 1 0 0 0 1 1 0 0 1 0 0 1 1 0 1 1 1 0 0 0 0 0 1 0 1 0 1 0 1 1 1 1 1 0 0 1 1 1 0 0 0 0 1 1 1 0 0 0 0 0 1 1 0 1 0 1 0 0 1 0 0 1 0 0 0 1 1 0 1 0 1 1 1 0 1 0 0 0 0 0 1 1 1 1 1 1 1 0 1 0 0 1 1 0 1 1 1 1 51
0 0 1 1 1 0 1 1 0 0 1 1 1 1 1 0 0 1 1 1 0 0 1 0 0 0 1 0 0 0 1 1 1 1 1 1 0 0 1 0 0 0 0 0 1 0 1 0 0 1 0 1 0 0 0 1 1 1 0 0 0 0 0 0 1 0 0 1 0 1 1 0 1 1 1 0 0 0 0 1 1 0 0 1 1 1 1 1 1 0 1 0 0 0 1 0 1 1 1 1 50
0 0 0 0 1 1 1 0 0 1 1 0 0 1 0 0 0 1 1 1 0 0 0 1 0 0 1 0 1 0 1 1 1 1 1 1 0 0 1 0 0 0 1 1 1 1 1 0 0 0 0 0 0 0 0 1 1 0 0 1 1 0 0 1 1 1 0 1 1 0 0 0 1 1 0 0 0 1 0 1 0 1 0 1 1 1 0 0 1 0 1 0 0 0 1 0 1 1 1 1 48
1 1 1 0 1 0 1 1 0 1 1 0 1 1 0 0 0 0 0 0 1 1 1 0 0 0 1 0 1 1 1 1 1 1 1 1 0 0 1 0 0 1 0 1 0 1 1 0 1 0 0 0 0 0 0 1 1 1 1 0 1 0 1 1 0 1 1 1 1 1 1 0 1 1 0 0 0 1 0 0 1 0 1 1 1 1 0 1 1 1 1 0 1 0 1 0 1 1 1 1 59
0 0 0 1 1 1 0 1 0 1 1 1 0 1 0 0 1 0 1 1 0 1 0 0 0 0 1 1 0 0 1 1 0 1 1 0 0 1 1 0 0 0 0 1 0 1 1 0 0 1 1 0 1 1 0 1 1 1 0 1 1 0 1 1 0 1 1 1 1 0 1 0 0 0 1 0 0 1 0 1 0 1 1 0 1 1 0 1 1 0 0 1 0 1 1 0 1 1 1 1 55
1 0 1 0 1 0 0 1 1 0 1 1 1 1 0 0 1 0 0 0 0 0 1 0 1 0 1 1 1 0 1 0 0 1 1 1 0 0 1 0 0 0 0 1 1 0 1 0 0 0 0 0 0 0 0 1 0 1 0 0 0 0 1 0 0 0 0 1 1 1 1 0 0 0 0 0 0 0 0 0 0 1 1 1 1 1 0 1 1 0 1 1 0 0 1 0 1 1 1 1 44
1 0 1 0 1 0 1 1 0 1 1 0 0 1 0 0 0 1 1 0 0 0 1 0 1 0 1 0 0 1 0 1 0 1 1 0 1 1 1 0 0 1 0 0 1 1 1 0 0 1 0 0 0 1 0 1 0 1 0 0 0 0 0 1 0 0 1 1 1 1 1 0 0 1 1 0 0 1 0 1 0 0 0 1 1 1 0 1 1 0 1 0 1 0 1 0 1 1 1 1 50
1 0 1 0 0 0 0 1 0 1 1 1 0 1 1 0 1 0 1 0 0 0 0 1 0 0 1 0 1 0 1 1 0 1 1 0 0 0 0 1 1 0 1 0 0 1 1 0 0 0 1 0 1 0 0 1 0 1 0 0 0 0 1 1 0 1 0 1 1 0 1 1 0 1 1 0 0 0 0 0 0 1 1 1 1 1 1 1 1 0 0 0 1 0 1 0 1 1 1 1 49
1 1 1 1 1 0 0 0 1 1 1 1 0 0 0 0 0 1 1 0 1 0 0 0 0 0 1 0 1 1 1 1 1 1 1 1 0 0 1 0 0 1 1 1 1 0 1 0 0 0 1 0 1 0 0 1 1 1 0 1 0 0 1 1 0 0 0 1 1 1 0 1 0 0 1 0 0 0 0 0 0 0 0 1 1 1 0 1 1 0 1 0 0 0 1 0 1 1 1 1 51
0 1 1 0 1 0 0 0 1 1 1 1 0 0 0 0 0 1 1 1 0 0 1 0 0 0 0 0 1 0 1 1 1 1 1 1 1 0 1 0 0 0 1 0 0 1 1 0 1 0 0 0 1 1 0 1 1 1 0 1 1 0 0 1 1 0 1 1 1 1 1 0 0 0 0 0 1 1 0 0 0 1 0 1 0 1 0 0 1 0 1 0 1 0 1 0 1 1 1 1 51
0 0 0 1 1 1 0 1 0 1 1 0 0 1 0 0 0 0 1 1 1 0 0 0 1 0 1 0 1 0 1 1 1 1 1 1 0 0 1 0 1 1 0 0 1 1 1 0 0 0 0 0 1 0 1 1 1 1 0 0 0 0 1 1 1 0 1 1 1 0 1 1 0 1 1 0 0 1 0 0 1 1 0 1 1 1 0 1 1 0 1 0 0 0 1 0 1 1 1 1 54
1 1 1 1 1 1 0 0 0 1 1 0 1 1 0 0 1 1 0 0 0 0 0 0 0 0 1 0 1 1 1 1 0 1 1 0 0 1 1 0 0 0 0 0 1 1 1 0 0 1 0 0 0 0 0 1 1 1 0 0 1 0 1 0 0 1 0 1 0 1 1 0 0 0 1 0 1 1 0 1 1 1 0 1 1 1 0 1 1 0 0 0 0 1 1 0 1 1 1 1 51
1 1 0 0 1 0 0 1 1 0 1 1 1 0 0 0 1 1 0 1 0 0 1 0 1 0 1 0 1 0 1 0 1 1 1 0 0 0 0 0 0 1 1 0 1 0 1 0 0 1 1 0 0 0 0 1 1 1 1 0 1 0 1 1 0 0 1 1 0 0 0 0 0 0 0 0 0 0 0 1 0 0 1 1 1 1 1 1 1 0 1 0 0 0 0 0 1 1 1 1 47
1 1 1 0 0 0 0 1 0 1 1 1 0 1 0 0 1 1 1 1 0 0 1 0 0 0 1 0 1 1 1 1 1 1 1 1 0 1 1 1 0 0 0 1 0 1 0 1 1 1 1 0 1 0 0 1 1 1 0 1 0 0 1 0 0 1 0 1 1 0 0 0 0 1 1 0 0 0 0 1 0 1 1 1 1 1 0 0 1 0 1 0 0 0 1 0 1 1 1 1 55
1 0 1 1 1 0 0 1 0 0 1 0 0 1 0 0 1 0 0 0 1 0 0 1 1 0 0 0 1 0 1 1 1 1 1 0 0 0 0 1 1 0 0 1 1 1 0 0 0 0 1 0 0 0 0 1 0 0 0 0 1 0 1 1 0 0 1 0 1 0 0 0 0 0 1 0 1 0 0 1 0 1 1 1 1 1 1 1 1 0 0 0 1 0 1 0 1 1 1 1 46
0 0 0 0 1 0 0 0 1 0 1 0 0 1 1 0 0 0 1 1 0 0 0 0 1 1 1 0 1 0 0 1 1 1 1 1 0 0 0 0 0 1 0 0 1 1 1 0 1 1 1 0 0 0 0 1 1 1 0 0 0 0 1 1 0 0 0 1 1 0 0 0 1 0 1 0 0 1 0 0 1 1 1 1 1 1 0 1 1 1 1 0 0 0 1 0 1 1 1 1 48
0 1 1 1 1 0 1 0 0 0 1 1 0 0 0 0 1 1 0 0 0 0 0 0 1 0 0 0 1 0 0 1 1 1 1 1 0 0 1 0 0 0 1 1 1 1 1 0 0 0 1 0 1 0 0 1 1 0 1 1 1 0 0 1 0 1 0 0 1 1 0 0 0 1 0 0 0 0 0 1 0 1 0 1 1 1 0 0 1 0 0 0 1 0 1 0 1 1 1 1 46
0 1 1 0 1 0 0 0 0 1 1 0 0 0 0 0 0 1 1 1 1 0 0 0 1 0 1 0 1 1 0 1 1 1 1 0 0 0 1 0 0 0 1 0 0 1 1 0 0 1 1 1 0 0 0 1 0 1 1 0 0 0 1 0 0 1 1 1 1 0 1 0 1 0 1 0 0 0 0 1 1 1 0 1 1 1 0 1 0 0 0 0 0 0 0 0 1 1 1 1 46
0 0 1 0 0 0 0 1 0 0 1 0 1 1 0 0 0 1 1 0 0 1 1 0 0 0 1 0 0 1 0 1 1 1 1 1 1 1 1 0 0 0 0 0 0 0 1 0 1 1 0 0 1 0 1 1 1 1 1 0 1 0 1 1 1 1 0 1 1 1 1 0 0 0 0 0 0 1 0 0 0 1 0 1 1 1 0 1 1 0 1 0 0 1 1 0 1 1 1 1 51
0 1 1 0 1 1 1 0 0 0 1 1 1 1 1 0 0 1 1 1 1 1 0 0 0 0 1 0 1 0 0 1 0 1 1 1 0 0 1 0 0 0 1 0 1 1 0 0 1 0 1 0 0 0 0 1 0 1 1 0 0 0 0 1 0 1 0 1 1 0 1 0 0 1 1 0 0 0 0 1 1 1 0 1 1 1 1 0 1 0 1 0 1 0 1 0 1 1 1 1 52
0 0 1 1 1 0 0 1 0 0 1 0 0 1 0 0 1 0 1 1 0 0 0 0 1 0 1 0 1 1 1 1 0 1 1 1 0 0 1 0 0 0 0 0 0 1 1 0 0 0 1 0 0 0 1 1 0 1 0 1 0 0 1 1 0 0 0 1 1 1 0 0 0 0 1 0 0 0 0 1 0 1 1 1 1 1 0 1 1 0 0 0 0 0 1 0 1 1 1 1 45
1 0 0 1 0 0 0 1 0 0 1 0 1 0 0 0 0 1 1 1 1 1 1 0 1 0 1 0 0 1 1 1 1 1 1 1 0 0 1 0 0 0 0 0 1 1 1 0 1 1 0 1 0 0 0 1 1 1 0 0 0 0 0 1 0 0 0 0 1 0 1 0 0 0 0 0 1 0 0 0 1 1 0 1 1 1 0 1 1 0 0 0 0 1 0 0 1 1 1 1 46
1 0 0 0 1 0 0 1 0 0 1 0 0 1 1 0 1 1 1 1 0 0 1 0 0 0 1 0 1 0 0 1 0 1 1 0 1 0 1 0 0 0 1 0 1 0 1 0 0 0 1 0 0 1 0 1 1 1 0 0 1 0 1 0 0 0 0 0 1 0 1 0 0 0 0 0 1 1 0 1 0 0 0 1 1 1 0 1 1 0 1 0 0 0 1 0 1 1 1 1 44
0 1 0 0 1 0 0 1 0 1 1 0 1 1 0 0 0 1 1 1 1 0 1 0 1 0 1 0 1 1 1 1 0 1 1 1 0 0 1 0 0 1 0 0 0 1 1 0 1 0 1 1 0 0 0 1 1 1 0 0 1 0 0 0 0 0 0 1 0 0 0 0 0 1 0 0 1 0 0 0 0 1 0 1 0 1 0 1 1 0 1 0 1 0 1 0 1 1 1 1 47
1 1 0 1 0 1 0 0 0 0 1 0 0 1 1 0 1 1 1 0 1 1 0 0 1 0 1 0 1 1 1 1 1 1 1 1 1 1 1 0 0 0 0 0 1 1 0 0 1 0 1 1 1 0 0 1 0 1 1 1 0 0 0 1 0 0 0 1 1 0 0 0 1 0 0 0 0 1 0 1 1 1 1 1 1 1 0 1 1 0 1 1 0 0 1 1 1 1 1 1 57
1 0 0 1 1 0 0 1 0 0 1 1 1 1 0 0 0 0 0 1 0 0 0 0 0 0 1 0 1 1 0 1 1 1 1 0 0 1 1 0 0 0 1 1 1 1 1 0 1 1 0 0 1 0 0 1 1 1 0 1 1 0 0 1 0 1 0 1 1 0 0 0 1 0 1 0 0 1 0 0 1 1 0 1 0 1 0 1 1 0 1 0 0 0 1 1 1 1 1 1 51
1 0 1 0 1 0 0 1 1 0 1 0 0 0 1 0 0 1 1 1 0 1 0 0 0 0 1 1 1 0 1 1 1 1 1 0 0 0 0 0 0 0 0 1 0 0 1 0 1 0 0 1 1 1 0 1 0 1 0 0 1 0 1 1 0 0 1 1 1 0 0 0 1 1 0 0 0 0 1 0 1 1 1 1 0 1 1 1 1 0 1 0 1 0 1 0 1 1 1 1 51
1 1 1 1 1 0 0 0 0 0 1 0 1 1 0 0 0 1 1 1 0 0 0 0 0 0 1 0 1 1 1 1 0 1 1 0 0 0 0 0 1 0 0 1 0 0 0 0 0 1 1 0 0 0 1 1 0 1 1 1 1 0 0 1 0 0 0 1 1 0 1 0 1 0 0 0 1 1 0 1 0 1 1 1 1 1 0 1 1 0 1 0 0 0 1 0 1 1 1 1 49
1 1 1 0 1 0 1 1 1 1 1 0 1 1 0 0 1 1 0 0 0 1 0 1 1 0 1 0 1 0 1 1 1 1 1 0 0 0 1 0 1 0 1 0 1 1 1 0 1 0 0 0 0 1 0 1 1 0 1 1 1 0 1 1 0 0 1 1 1 1 0 0 0 0 0 0 0 0 0 1 0 1 0 1 1 1 0 1 1 0 1 0 0 0 1 1 1 1 1 1 56
1 1 1 0 1 0 0 1 0 1 1 1 0 1 0 0 0 0 1 0 0 0 0 0 0 0 1 0 1 1 0 1 0 0 1 0 0 0 0 0 1 0 0 0 1 0 1 0 1 1 0 1 0 1 0 1 0 1 1 0 1 0 0 1 1 0 0 0 1 0 1 1 0 1 1 0 1 1 0 1 1 1 1 1 1 1 0 1 1 0 1 0 0 0 1 0 1 1 1 1 50
1 1 0 0 1 0 0 1 1 1 1 1 0 1 0 0 1 1 0 0 0 0 0 0 0 0 1 0 0 0 1 1 1 1 1 1 0 1 1 0 1 0 0 0 0 1 0 0 0 0 0 0 1 1 1 1 1 1 0 1 1 0 0 1 1 1 0 1 1 0 1 0 1 0 0 0 0 1 0 1 1 0 1 1 1 1 0 1 1 1 1 1 0 1 1 0 1 1 1 1 55
1 1 1 0 0 0 1 0 0 1 0 0 0 0 0 0 1 1 1 0 0 1 0 0 0 1 1 0 1 1 1 1 1 1 1 1 0 1 0 0 0 0 1 0 0 1 1 0 1 1 1 0 1 0 1 1 0 1 0 1 1 0 1 1 1 1 0 1 1 1 0 0 0 1 1 0 0 1 0 1 0 1 0 1 0 0 0 1 1 0 0 0 1 0 1 1 1 1 1 1 54
1 0 0 0 0 1 1 1 1 0 1 0 0 0 0 0 1 0 1 1 0 0 1 0 1 0 1 0 1 1 1 1 1 1 1 1 0 0 1 0 0 0 1 1 0 1 0 0 0 1 0 0 1 0 1 1 1 1 1 1 1 0 1 1 1 0 0 0 0 0 1 0 0 0 0 0 0 1 0 0 1 1 0 1 1 1 0 1 1 0 1 0 1 0 1 1 1 1 1 1 53
1 0 1 1 0 0 0 1 0 0 1 0 1 0 0 0 1 1 1 0 1 1 0 0 0 0 1 0 1 0 1 0 1 0 1 1 0 0 0 0 1 0 0 1 1 1 1 0 1 0 0 1 0 1 0 1 1 1 0 0 1 1 1 0 0 0 0 1 1 0 1 0 0 0 0 0 0 1 0 1 0 0 0 1 1 1 1 1 1 0 1 0 0 0 1 0 1 1 1 1 48
1 0 1 0 1 0 0 1 0 0 1 0 1 0 0 0 0 1 0 1 0 1 1 0 1 0 1 0 1 0 1 1 1 1 1 1 0 1 1 0 0 0 0 0 1 1 0 0 1 0 1 0 0 0 1 1 1 0 0 1 0 0 1 1 0 0 0 1 1 0 1 0 0 1 0 0 0 0 0 1 1 1 0 1 1 1 0 1 1 0 1 0 0 0 1 0 1 1 1 1 49
1 0 1 0 1 0 0 1 0 0 1 0 0 0 0 0 1 1 1 1 1 1 1 0 0 0 1 1 1 1 1 1 0 1 1 1 0 0 1 0 0 1 0 1 0 1 0 0 0 1 1 0 0 0 0 1 1 1 0 0 0 0 1 1 0 0 0 1 1 1 0 1 0 0 0 0 1 1 0 1 1 1 0 1 1 1 0 1 1 0 1 1 1 0 1 0 1 1 1 1 54
1 0 1 0 1 0 0 0 1 1 1 0 0 1 0 0 1 1 1 1 0 1 0 0 0 0 1 0 1 0 1 1 1 1 1 0 0 1 1 0 1 1 1 0 0 1 1 0 0 1 0 0 0 1 1 1 1 1 1 0 1 0 1 1 0 0 0 1 1 1 0 0 0 0 1 0 0 0 0 1 0 1 1 1 1 1 0 1 1 0 1 0 0 0 1 0 1 1 1 1 54
0 0 0 0 1 0 0 1 0 1 1 0 1 1 0 0 0 1 1 0 0 0 0 0 0 0 1 0 1 1 1 1 1 1 1 0 1 0 1 0 0 0 0 1 0 1 1 0 1 0 0 0 0 0 0 1 1 0 0 0 0 0 1 1 0 0 1 0 1 0 1 0 0 1 0 1 0 0 0 1 0 0 0 1 1 1 0 1 1 0 1 1 0 0 1 0 1 1 1 1 44
1 0 0 1 0 0 0 1 1 1 1 0 0 1 0 0 0 1 0 1 0 1 0 1 0 0 1 0 1 0 1 1 1 1 1 1 1 1 0 0 0 0 0 0 1 1 1 0 1 0 1 0 0 1 1 1 1 1 0 0 1 0 0 1 1 0 1 0 1 0 1 0 0 0 0 0 0 1 0 1 0 1 0 1 1 1 0 1 1 1 1 0 1 0 1 0 1 1 1 1 53
1 1 0 0 0 0 1 0 1 1 1 1 0 0 0 0 0 0 1 0 0 0 0 0 1 0 1 0 1 0 0 1 0 1 1 1 1 1 0 0 0 0 1 1 0 1 1 0 1 1 1 1 0 0 1 1 1 1 1 1 0 0 1 0 0 0 0 0 1 0 0 0 0 0 1 0 0 0 0 0 0 1 1 1 0 1 0 1 1 0 1 1 0 0 1 1 1 1 1 1 48
1 0 1 1 0 0 0 1 1 1 1 1 1 1 0 0 0 1 0 1 0 0 0 0 1 0 1 1 1 1 0 1 1 1 1 1 0 1 1 0 0 1 0 0 1 1 1 0 1 1 0 1 0 1 0 1 1 1 0 1 0 0 0 1 0 0 1 0 1 0 0 1 0 1 0 0 0 0 0 1 0 1 1 1 1 1 1 1 1 0 1 0 0 0 1 0 1 1 1 1 56
1 0 1 0 1 0 1 1 0 0 1 1 0 1 0 0 0 1 1 0 0 0 1 0 1 0 1 0 1 0 1 1 1 1 1 1 0 0 1 1 0 0 0 0 1 0 0 0 0 0 1 0 0 0 0 1 1 1 0 0 1 0 0 1 1 0 0 0 1 0 1 0 0 1 1 0 0 0 0 1 1 1 0 1 1 1 1 1 1 0 0 0 0 0 1 0 1 1 1 1 48
1 1 1 0 0 0 0 0 0 1 1 0 0 0 0 0 0 1 1 0 0 1 0 0 0 0 1 0 1 0 1 1 1 1 1 1 0 0 1 0 0 1 0 0 1 1 1 0 1 1 1 0 1 0 0 1 1 1 0 0 1 0 0 1 0 0 0 0 1 1 0 0 1 1 1 0 0 0 0 0 0 1 1 1 1 1 0 1 1 0 1 0 0 0 1 0 1 1 1 1 48
1 0 1 1 1 0 0 1 1 0 1 0 1 0 0 0 1 1 0 1 0 0 0 0 1 0 1 0 1 0 1 1 0 1 1 0 0 0 0 0 0 0 1 0 1 1 1 1 0 1 1 0 0 0 1 1 0 1 1 0 0 0 0 0 0 0 0 1 1 0 1 0 1 0 1 1 0 0 0 1 0 0 0 1 0 1 0 1 1 0 0 0 1 0 1 0 1 1 1 1 46
1 1 0 0 1 0 1 1 0 0 1 1 1 1 0 0 1 0 1 0 1 0 0 0 1 0 1 1 1 0 1 1 1 1 1 1 1 0 0 0 1 0 1 1 1 1 0 1 1 1 1 0 0 0 0 1 0 1 1 0 0 0 0 1 1 0 0 1 1 0 0 1 0 0 0 0 0 0 0 1 1 1 1 1 1 1 0 1 1 0 1 0 1 0 1 0 1 1 1 1 56
1 1 1 0 1 0 0 1 0 1 1 0 0 1 0 1 0 1 0 1 1 1 0 1 0 0 1 0 1 0 1 1 1 0 1 0 0 1 1 0 1 0 1 1 0 1 1 0 0 0 1 0 0 1 1 1 1 1 0 1 0 0 1 1 0 1 0 1 1 0 0 1 0 0 1 0 1 0 0 1 1 1 1 1 1 1 0 1 1 0 0 0 1 0 1 0 1 1 1 1 57
1 0 1 0 0 0 1 0 1 1 1 0 0 1 0 0 0 1 1 1 0 1 0 0 1 0 1 1 1 0 1 1 0 1 1 0 0 0 0 0 0 0 0 1 0 1 1 0 1 1 0 0 0 1 0 1 1 0 0 1 1 0 1 1 1 1 0 1 0 1 1 0 0 1 1 0 0 0 0 1 1 1 0 1 0 1 0 0 1 1 0 1 0 0 1 0 1 1 1 1 51
0 0 0 1 1 0 0 1 0 1 1 0 1 0 0 0 0 1 1 1 0 0 1 0 1 0 1 0 1 1 1 1 1 1 1 1 0 0 0 0 0 0 1 1 1 0 1 0 0 1 1 0 0 1 0 1 0 0 1 0 0 0 0 1 1 0 1 1 1 1 0 0 1 0 1 0 0 1 0 1 1 1 0 0 1 1 0 1 1 0 1 0 0 0 1 1 1 1 1 1 52
0 0 1 0 1 0 0 0 1 0 1 0 0 1 0 0 0 1 1 0 1 0 0 0 1 0 1 0 1 1 1 1 0 1 1 0 0 0 1 1 1 0 0 0 1 1 1 0 1 0 1 0 1 1 1 1 1 1 0 0 0 0 1 1 1 1 0 1 1 1 1 0 1 1 0 0 0 0 0 1 0 1 0 1 1 1 0 1 1 0 1 0 0 0 1 0 0 1 1 1 52
1 0 0 1 1 0 0 0 0 0 0 0 1 0 0 0 0 1 0 1 0 0 0 0 1 0 1 1 1 0 0 1 1 1 1 0 0 0 0 0 0 0 0 0 1 1 1 1 0 0 1 0 0 0 0 1 1 0 1 0 1 0 1 1 0 0 0 1 1 0 1 0 0 1 0 0 0 1 0 1 0 1 0 0 0 1 0 0 1 1 1 0 0 0 1 0 1 1 1 1 41
1 1 1 0 1 0 1 1 0 1 1 1 1 0 0 0 0 1 1 1 0 1 0 0 0 0 1 0 1 0 1 1 1 1 1 1 0 0 1 0 0 1 0 0 1 1 1 0 0 0 1 0 0 1 0 1 0 1 0 0 1 0 1 1 0 0 0 1 0 1 0 0 1 1 0 0 0 1 0 1 1 1 1 1 1 1 0 1 1 0 1 0 0 0 1 0 1 1 1 1 54
1 0 1 0 1 0 0 1 1 1 1 0 1 1 0 0 0 1 0 1 1 1 1 0 1 0 1 1 1 0 0 0 0 1 1 1 0 1 0 0 0 1 0 1 1 1 1 1 1 0 1 1 0 0 1 1 1 1 0 0 1 0 1 1 1 0 0 0 1 1 0 0 0 1 0 0 0 0 0 0 1 1 1 1 1 1 0 1 1 0 1 0 1 1 1 0 1 1 1 1 58
0 0 0 1 0 0 0 1 0 1 1 0 1 0 0 0 0 1 0 0 0 1 0 0 0 0 1 0 1 0 1 1 1 1 1 0 1 0 1 0 0 0 1 0 0 1 1 0 1 0 1 0 0 0 0 1 1 1 0 0 0 0 0 1 0 0 0 1 1 1 0 0 1 0 1 0 0 0 0 1 1 1 1 1 1 1 0 1 1 0 1 0 0 0 1 0 1 1 1 1 45
1 0 1 0 1 0 0 1 1 1 1 1 1 1 0 0 1 1 1 0 1 0 1 0 0 0 1 0 1 0 1 1 1 1 1 1 0 1 0 0 0 0 1 0 0 1 1 0 0 0 1 0 1 1 0 1 1 1 0 1 1 0 1 1 1 0 1 1 0 0 0 0 0 0 0 0 0 1 0 0 0 0 0 1 0 1 0 1 1 0 1 1 1 0 1 0 1 1 1 1 53
1 0 0 1 1 0 0 1 0 1 1 0 1 1 0 0 1 0 1 1 0 1 1 0 1 0 1 0 1 0 1 1 1 0 1 1 0 0 1 0 0 1 1 0 1 1 1 0 1 0 1 0 1 0 1 1 1 1 1 1 1 0 1 1 0 0 0 1 1 0 0 0 0 1 0 0 0 0 0 1 1 1 1 1 1 0 0 1 1 0 1 1 1 0 1 1 1 1 1 1 59
0 1 0 1 1 0 0 1 0 0 1 0 0 1 0 0 1 0 0 1 0 0 1 0 0 0 1 0 1 1 1 1 1 1 1 1 0 1 0 0 0 0 0 0 0 1 1 0 0 1 1 0 1 0 0 1 0 1 0 0 0 0 0 0 1 1 0 1 1 0 1 0 1 1 0 0 0 0 0 0 1 1 0 1 1 1 0 1 1 0 0 0 0 0 1 0 1 1 1 1 45
1 1 0 1 1 1 1 0 0 0 1 0 0 1 0 0 0 1 0 1 0 1 1 0 0 0 1 0 1 1 1 1 1 1 1 1 0 0 1 0 0 1 0 0 1 0 1 0 1 0 1 0 0 0 0 1 1 1 1 0 0 0 1 1 0 0 1 1 1 1 0 1 0 0 1 1 1 1 0 1 0 1 0 1 0 1 1 1 1 0 1 0 0 0 1 0 1 1 1 1 55
0 0 1 1 0 0 0 0 1 0 1 0 0 1 0 0 0 0 1 1 0 0 0 0 1 0 1 1 1 1 0 1 0 1 1 0 1 1 1 0 0 0 1 0 1 1 1 0 0 1 0 0 0 0 0 0 1 1 0 0 0 0 0 1 0 0 0 1 1 1 1 0 0 1 0 0 0 0 0 0 0 1 1 1 0 1 0 1 1 0 1 0 0 0 1 0 1 1 1 1 43
0 0 1 0 0 0 0 0 1 0 1 1 1 0 0 0 1 0 1 0 0 0 0 0 1 0 1 0 0 1 0 1 1 1 1 0 0 1 1 0 0 0 0 1 0 1 1 0 0 1 0 0 0 0 0 1 0 0 1 1 0 1 1 0 1 1 1 1 1 1 0 0 0 0 1 0 0 1 0 1 1 1 0 1 1 1 0 1 1 0 1 0 1 0 1 0 1 1 1 1 48
0 0 1 1 1 0 0 0 0 0 1 0 1 0 1 0 1 1 1 0 1 1 0 0 0 0 1 0 0 0 0 1 1 1 1 1 0 0 0 0 0 0 0 0 0 1 1 0 1 0 1 0 0 1 1 1 1 1 0 0 1 0 1 1 0 1 0 0 1 1 1 1 0 1 0 0 1 0 0 1 0 1 1 1 1 1 0 0 1 0 1 0 0 0 1 0 1 1 1 1 49
1 1 1 0 0 0 0 1 1 0 0 0 0 0 0 0 0 0 1 1 1 0 1 0 0 0 1 0 1 1 1 1 0 1 1 0 1 1 0 0 0 0 1 0 0 1 1 1 1 0 1 0 0 0 0 1 0 1 1 0 0 0 0 1 0 0 1 0 1 0 1 0 0 0 0 0 0 0 0 1 0 1 0 1 1 1 0 0 1 0 1 0 0 0 1 0 1 1 1 1 43
1 1 1 1 0 0 0 0 1 0 1 0 1 1 0 0 1 1 1 0 0 0 1 0 0 0 1 1 1 0 0 1 1 1 1 1 1 0 1 0 0 0 1 0 0 1 0 0 0 1 0 0 0 1 0 1 0 1 0 0 1 0 1 1 1 0 1 0 1 0 0 0 1 0 1 0 1 0 0 1 0 1 1 1 1 1 0 0 1 0 1 0 0 1 1 0 1 1 1 1 51
1 0 0 0 1 1 0 1 1 0 1 1 1 0 0 0 0 0 1 0 0 0 1 0 0 0 1 0 1 0 1 1 0 1 1 0 0 0 1 0 1 0 0 0 0 0 1 0 0 0 0 0 1 0 1 1 1 1 1 1 1 0 1 1 0 0 1 0 1 1 0 1 0 0 0 0 0 0 0 1 1 1 0 1 0 1 0 1 1 0 1 0 1 0 1 0 1 1 1 1 47
0 0 1 0 0 0 0 1 0 1 0 0 0 1 1 0 1 1 1 0 1 0 1 0 1 0 1 1 1 0 1 1 1 1 1 1 0 1 1 1 0 0 1 0 0 1 1 1 1 0 1 0 1 0 0 1 1 1 1 1 1 0 1 1 0 0 1 1 1 1 0 0 0 0 0 0 0 1 0 0 0 1 0 1 1 1 1 1 1 0 0 0 0 0 1 0 1 1 1 1 55
1 0 1 0 1 0 0 0 0 0 1 0 1 1 0 0 1 1 1 1 1 0 0 0 1 0 1 0 1 0 1 1 0 1 1 1 0 1 0 0 0 0 1 1 0 1 1 0 0 0 1 0 0 0 0 0 1 1 1 1 0 0 1 1 1 0 1 0 1 1 1 0 1 1 1 0 1 1 0 1 1 0 0 1 1 0 0 1 1 0 1 0 0 0 1 0 1 1 1 1 53
1 1 1 0 1 0 0 1 0 0 1 0 0 1 1 0 0 1 0 1 1 1 0 0 0 0 1 0 1 1 0 1 0 1 1 1 0 0 1 0 0 0 0 0 1 1 1 0 0 1 1 0 0 0 0 1 1 1 0 0 0 1 0 1 0 0 0 1 1 1 0 1 0 0 0 0 0 1 0 1 0 1 0 1 0 1 0 1 1 0 1 0 0 0 1 0 1 1 1 1 47
1 1 1 1 0 0 1 1 1 1 1 1 1 1 0 0 0 1 0 1 1 0 0 1 0 0 1 0 1 0 1 1 0 1 1 1 0 1 0 0 0 0 1 0 0 1 1 0 0 1 1 0 0 0 0 1 0 1 0 1 1 0 1 0 0 0 0 0 0 0 0 0 0 1 0 0 1 0 0 1 0 1 0 1 1 1 0 1 1 0 0 0 0 0 1 0 1 1 1 1 48
0 0 0 1 1 0 0 1 1 0 1 1 1 0 1 0 0 1 0 0 0 0 0 0 0 0 1 0 1 1 1 1 1 1 1 0 0 0 1 0 1 1 1 0 1 1 1 0 1 1 0 1 0 0 1 1 1 1 0 1 1 0 1 1 0 0 1 0 0 1 0 0 1 0 1 0 0 0 0 1 0 1 0 1 1 1 0 1 1 0 1 0 0 0 1 0 1 1 1 1 52
1 0 1 1 1 0 1 0 1 1 1 0 0 0 0 0 0 1 1 1 1 0 0 0 1 0 1 0 0 0 1 1 1 1 1 0 0 1 1 0 0 1 1 0 0 1 1 0 1 0 0 0 1 0 0 1 1 1 0 0 0 0 0 1 0 0 0 1 0 0 1 0 0 0 1 0 0 1 0 1 0 1 1 1 1 1 0 0 1 0 0 0 1 0 1 0 1 1 1 1 48
1 1 1 1 0 1 0 1 0 0 1 0 1 1 0 0 0 0 0 0 1 1 0 0 1 0 1 0 1 0 1 1 1 1 1 0 0 1 0 0 0 0 0 0 0 1 1 0 1 0 1 0 0 0 0 1 1 1 0 0 1 0 0 1 0 1 0 0 1 0 0 1 1 1 0 0 0 0 0 1 1 0 1 1 1 1 0 1 1 0 1 0 0 0 1 0 1 1 1 1 48
1 0 0 0 1 1 0 1 0 0 1 1 0 0 0 0 0 0 0 0 0 0 0 0 1 0 1 0 1 0 1 1 1 1 1 0 0 0 1 0 0 0 1 0 1 1 1 0 0 0 1 0 0 0 1 1 1 1 0 1 0 0 0 1 0 0 0 0 0 1 1 0 0 1 1 0 0 0 0 0 1 1 0 1 1 1 0 1 1 0 1 0 1 0 1 0 1 1 1 1 44
0 0 1 0 1 0 0 1 0 0 1 0 0 0 0 0 0 0 1 1 1 0 0 0 0 0 1 0 1 1 0 1 1 1 1 1 0 0 0 0 0 0 0 1 0 0 1 1 1 1 1 0 0 1 0 1 1 0 0 1 0 0 0 1 1 1 1 1 1 0 0 1 0 0 1 0 1 1 0 1 1 1 1 1 1 1 0 1 1 0 0 0 0 0 1 0 1 1 1 1 49
0 0 0 0 1 1 0 0 0 0 1 1 0 0 0 0 1 1 1 1 0 1 0 0 1 0 1 0 1 1 1 0 1 1 1 1 0 1 1 0 0 0 1 0 1 0 0 0 0 0 1 1 0 1 1 1 1 1 0 0 1 0 1 1 1 0 0 1 0 1 0 0 0 0 1 0 0 1 0 0 1 1 0 0 1 1 0 0 1 0 1 0 0 1 1 0 1 1 1 1 49
1 1 0 0 1 0 0 0 0 1 1 1 1 0 0 0 0 1 1 1 0 1 1 0 0 0 1 0 1 1 1 1 1 1 1 0 0 1 1 0 0 0 0 0 0 0 1 0 1 1 0 0 1 0 1 1 1 1 1 1 1 0 0 1 0 0 1 1 1 0 0 0 0 1 0 0 0 0 0 1 0 1 0 1 1 1 0 1 1 0 0 0 0 0 1 0 1 1 1 1 50
0 1 0 0 0 1 0 0 0 0 1 1 0 1 0 0 0 1 0 1 1 1 1 0 1 0 1 1 1 1 1 1 1 1 1 1 0 1 0 0 0 1 0 1 1 1 1 0 0 1 1 1 0 0 1 0 1 1 0 0 1 0 1 0 0 0 1 1 0 1 1 1 0 0 1 0 0 1 0 0 0 1 0 1 1 1 0 1 1 0 1 0 0 0 1 0 1 1 1 1 54
1 0 1 0 1 0 1 0 1 0 1 1 0 1 0 0 1 1 1 1 0 0 0 0 0 0 1 0 1 1 1 1 0 1 1 0 1 0 1 0 0 0 1 0 0 1 1 0 0 0 1 0 1 1 0 1 0 1 1 1 0 0 1 1 1 0 0 1 1 0 1 1 1 1 1 0 0 0 0 0 1 1 0 1 0 1 0 1 1 0 1 0 0 0 1 1 1 1 1 1 54
0 0 0 1 0 0 0 1 1 0 1 1 0 1 1 0 1 0 0 1 0 1 1 0 0 0 1 0 1 0 1 1 0 1 1 0 0 0 1 0 1 0 0 0 0 0 0 0 0 0 0 0 0 1 0 1 1 1 1 1 0 0 1 1 1 0 0 1 1 1 1 1 0 0 0 0 0 0 0 0 1 1 1 1 0 1 0 1 1 0 0 0 0 0 1 0 1 1 1 1 45
1 0 0 0 1 0 1 1 0 0 1 0 1 1 0 0 1 1 0 1 1 1 0 1 0 0 1 0 1 1 1 1 0 1 1 0 0 0 0 0 0 0 1 0 1 0 1 0 0 0 1 0 0 0 0 1 1 1 0 1 0 0 1 0 0 0 0 1 1 0 0 0 1 1 0 0 0 1 0 0 1 1 0 1 0 1 0 1 1 0 0 0 1 0 1 0 1 1 1 1 46
1 1 1 0 1 1 0 1 0 1 1 0 0 0 0 0 0 1 0 1 1 1 1 0 1 0 1 0 1 1 0 1 1 1 1 1 0 1 0 0 0 1 1 0 1 1 1 0 1 0 1 0 0 1 0 1 1 1 0 1 0 0 1 1 0 1 1 0 0 0 0 0 0 1 0 0 1 1 0 0 0 1 0 1 0 1 0 1 1 0 0 0 1 0 1 1 1 1 1 1 54
0 0 0 1 0 0 0 0 0 0 1 0 0 1 0 0 1 1 1 1 0 1 1 0 0 0 0 0 1 1 1 1 1 1 1 1 1 1 1 1 1 0 0 1 0 0 0 0 0 0 0 0 0 1 0 1 1 0 0 1 0 1 1 0 0 0 1 1 1 1 0 0 1 1 0 0 0 0 0 0 0 1 1 1 0 1 0 1 1 0 1 0 1 0 1 0 1 1 1 1 48
0 0 1 1 1 0 0 1 1 0 0 0 0 1 0 0 1 1 1 0 0 1 0 1 1 0 1 0 0 1 1 1 1 1 1 0 0 0 0 0 0 0 0 1 1 1 0 0 0 0 1 0 0 1 1 1 1 1 1 0 0 0 0 1 0 1 1 1 0 1 0 0 0 1 0 0 1 0 0 1 0 1 0 1 1 0 1 1 1 0 1 0 0 0 1 0 1 1 1 1 49
1 0 0 1 1 0 1 1 1 1 1 1 0 1 0 0 0 1 1 1 0 0 1 1 1 0 1 0 1 0 1 1 1 1 1 1 0 1 1 1 0 0 0 0 0 1 0 1 0 1 0 0 0 0 0 1 0 1 0 0 1 0 1 0 1 1 0 1 1 0 1 1 0 1 1 0 0 0 0 1 0 1 0 1 0 1 0 1 1 0 0 0 0 0 1 0 1 1 1 1 53
1 1 0 0 1 0 1 1 1 0 1 1 1 1 0 0 1 0 1 0 0 0 0 0 1 0 1 0 1 0 0 1 0 1 1 0 0 1 1 0 1 0 0 0 1 1 0 1 0 1 0 1 0 1 0 1 1 1 1 1 0 0 1 1 0 0 0 0 1 1 1 1 0 1 1 0 0 0 0 1 0 1 1 1 1 1 0 1 1 0 1 0 0 0 1 0 1 1 1 1 54
1 1 1 0 1 0 1 1 0 0 1 1 0 1 0 0 0 0 1 0 0 1 0 0 1 0 1 0 0 1 1 0 0 1 1 1 0 0 1 0 0 1 0 0 1 0 1 0 1 0 0 0 0 0 0 1 1 1 0 0 0 1 1 1 0 0 1 0 0 1 1 1 0 1 0 0 0 0 0 1 0 0 0 1 1 1 0 1 1 0 1 1 0 0 1 0 1 0 1 1 46
1 0 1 1 1 0 1 1 0 0 1 1 0 0 0 0 1 1 1 1 0 1 0 0 1 0 1 0 1 0 0 1 1 1 1 1 0 1 1 0 1 0 0 0 1 0 0 0 0 1 1 0 0 0 1 1 1 1 0 0 1 0 0 1 0 0 0 1 0 0 1 0 1 0 1 1 1 0 0 1 0 1 1 1 0 0 0 1 1 0 1 0 1 0 1 0 1 1 1 1 52
1 1 1 0 0 0 0 0 0 0 1 0 1 1 1 0 0 1 1 1 0 1 0 0 0 0 1 0 0 0 0 1 1 1 1 0 0 1 0 0 1 1 1 0 1 1 0 0 0 0 0 0 0 1 0 1 1 1 1 1 1 0 0 1 1 0 1 1 1 0 0 1 0 0 1 0 0 0 0 0 1 0 0 1 1 1 0 1 1 0 0 0 0 0 1 0 1 1 1 1 47
131 78 125 70 137 37 58 126 76 75 186 68 91 140 39 1 92 135 122 117 66 68 79 20 100 5 193 40 166 86 147 188 130 184 199 114 27 86 137 19 47 53 88 53 114 150 144 24 103 95 122 33 50 51 63 185 135 174 69 76 99 16 128 162 61 60 83 154 163 77 108 44 57 83 81 7 46 74 6 130 91 152 98 195 160 192 27 176 195 23 131 31 75 18 192 23 199 196 200 200 10000
