0 0 0 0 0 0 0 0 0 0 0 0 0 1 0 0 0 0 0 0 0 0 0 0 0 0 0 0 0 0 0 0 0 0 0 0 0 0 0 0 0 0 0 0 0 0 0 0 0 0 1
0 0 0 0 0 0 0 0 0 0 0 0 0 0 0 0 0 0 0 0 0 0 1 0 0 0 0 0 0 0 0 0 0 0 0 0 0 0 0 0 0 0 0 0 0 1 0 0 0 0 2
0 1 0 0 0 0 0 0 0 0 0 0 0 0 0 0 0 0 0 0 0 0 0 0 0 0 0 0 0 0 0 0 0 0 0 0 0 0 0 0 0 0 0 0 0 0 0 0 0 0 1
0 0 0 0 1 0 0 0 1 0 0 0 0 0 0 0 0 0 0 0 0 0 0 0 0 0 0 0 0 0 0 0 0 0 0 0 0 0 0 0 0 0 0 0 0 0 0 0 0 0 2
0 0 0 0 0 0 0 1 0 0 0 0 0 0 0 0 0 0 0 0 0 0 0 0 0 0 0 0 0 0 0 0 0 0 0 0 0 0 0 0 0 0 0 0 0 0 0 0 0 0 1
0 0 0 0 0 0 0 0 0 0 0 1 0 0 0 0 0 0 0 0 0 0 0 0 0 0 0 0 0 0 0 0 0 0 0 0 0 0 0 0 0 0 0 0 0 0 0 0 0 0 1
0 0 0 0 0 0 0 0 0 0 0 0 0 0 0 0 0 0 0 0 0 0 0 0 0 0 0 0 0 0 0 0 0 0 0 0 0 0 0 0 0 0 0 0 0 0 0 0 0 1 1
0 0 0 0 0 0 0 0 0 1 0 0 0 0 0 0 0 0 0 0 0 0 0 0 0 0 0 0 0 0 0 0 0 1 0 0 0 0 0 0 0 0 0 0 0 0 0 0 0 0 2
0 0 0 0 0 0 0 0 0 0 0 0 0 0 0 0 0 0 0 0 0 0 1 0 0 0 0 0 0 0 0 0 0 0 0 0 0 0 0 0 0 0 0 0 0 0 0 0 0 0 1
0 0 0 0 0 0 0 0 1 0 0 0 0 0 0 0 0 0 0 0 0 0 0 0 0 0 0 0 0 0 0 0 0 0 0 0 0 0 0 0 0 0 0 0 0 0 0 0 0 0 1
0 0 0 0 0 0 0 0 1 0 0 0 0 0 0 0 0 0 0 0 0 0 0 0 0 0 0 0 0 0 0 0 0 0 0 0 0 0 0 0 0 0 0 0 0 0 0 0 0 0 1
0 0 0 0 0 0 0 0 0 0 0 0 0 0 0 0 0 0 0 0 0 0 0 0 0 0 0 0 0 0 1 0 0 0 0 0 0 0 0 0 0 0 0 0 0 0 0 0 0 0 1
0 1 0 0 0 0 0 0 0 0 0 0 0 0 0 0 0 0 0 0 0 0 0 0 0 0 0 0 0 0 0 0 0 0 0 0 0 0 0 0 0 0 0 0 0 0 0 0 0 0 1
0 1 0 0 0 0 0 0 0 0 0 0 0 0 0 0 0 0 0 0 0 0 0 0 0 0 0 0 0 0 0 0 0 0 0 0 0 0 0 0 0 0 0 0 0 0 0 0 0 0 1
0 0 0 0 0 0 0 0 0 0 0 0 0 0 0 0 0 0 0 0 0 0 0 0 0 0 0 0 0 0 0 0 0 0 0 0 0 0 0 0 0 0 0 0 0 0 0 0 1 0 1
0 0 0 0 0 0 0 0 0 0 0 0 0 0 0 0 0 0 0 0 0 0 0 0 0 0 0 0 0 0 0 0 0 0 0 0 0 0 0 0 0 0 0 1 0 0 0 0 0 0 1
0 0 0 0 0 0 0 0 0 0 1 0 0 0 0 0 0 0 0 0 0 0 0 0 0 0 0 0 0 0 0 0 0 0 0 0 0 0 0 0 0 0 0 0 0 0 0 0 0 0 1
0 0 0 0 0 1 0 0 0 0 0 0 0 0 0 0 0 0 0 0 0 0 0 0 0 0 0 0 0 0 0 0 0 0 0 0 0 0 0 0 0 0 0 0 0 0 0 0 0 0 1
0 0 0 0 0 0 0 0 0 0 0 0 0 0 0 0 0 1 0 0 0 0 0 0 0 0 0 0 0 0 0 0 0 0 0 0 0 0 0 0 0 0 0 0 0 0 0 0 0 0 1
0 0 0 0 0 0 0 1 0 0 0 0 0 0 0 0 0 0 0 0 0 0 0 0 0 0 0 0 0 0 0 0 0 0 0 0 0 0 0 0 0 0 0 0 0 0 0 0 0 0 1
0 0 0 0 0 0 0 0 0 0 0 0 0 0 0 0 0 0 0 0 0 0 0 0 0 0 0 0 0 0 0 0 0 0 0 0 0 0 0 0 0 1 0 0 0 0 0 0 0 0 1
0 0 0 0 0 0 0 0 0 0 0 0 0 1 0 0 0 0 0 0 0 0 0 0 0 0 0 0 0 0 0 0 0 0 0 0 0 0 0 0 0 0 0 0 0 0 0 0 0 0 1
0 0 0 0 0 0 0 0 0 0 0 0 0 0 0 0 0 0 0 0 0 0 0 1 0 0 0 0 0 0 0 0 0 0 0 0 0 0 0 0 0 0 0 0 0 0 0 0 0 0 1
0 0 0 0 0 0 0 0 0 0 0 0 0 0 0 0 0 0 0 0 0 0 0 0 0 0 0 0 0 0 0 0 0 0 0 0 1 0 0 0 0 0 0 0 0 0 0 0 0 0 1
0 0 0 0 0 0 0 0 0 0 0 0 0 0 0 0 0 0 1 0 0 0 0 0 0 0 0 0 0 0 0 0 0 0 0 0 0 0 0 0 0 0 0 0 0 0 0 0 0 0 1
0 0 0 0 0 0 0 0 0 0 0 0 0 0 0 0 0 0 0 0 0 0 0 0 0 0 0 0 0 0 0 0 0 1 0 0 0 0 0 0 0 0 0 0 0 0 0 0 0 0 1
0 0 0 0 0 0 0 0 0 0 0 0 0 0 0 0 0 0 0 0 0 0 0 0 0 0 0 0 0 0 0 0 0 0 0 0 0 0 0 0 0 0 0 1 0 0 0 0 0 0 1
0 0 0 0 0 0 0 0 0 0 0 0 0 0 0 0 0 0 0 0 0 0 0 0 0 1 0 0 0 0 0 0 0 0 0 0 0 0 0 0 0 0 0 0 0 0 0 0 0 0 1
0 0 0 0 0 0 0 0 0 0 0 0 0 0 0 0 0 0 0 0 0 0 0 0 0 0 0 0 0 0 0 0 0 0 0 0 1 0 0 0 0 0 0 0 0 0 0 0 0 0 1
0 0 0 0 0 0 0 0 0 0 0 0 0 0 0 0 0 0 0 0 0 0 0 0 0 0 0 0 0 0 0 0 0 0 0 0 0 0 0 0 0 0 0 0 0 0 0 0 0 1 1
0 0 0 0 0 0 0 0 0 0 0 0 0 0 0 0 0 0 0 1 0 0 0 0 0 0 0 0 0 0 0 0 0 0 0 0 0 0 0 0 0 0 0 0 0 0 0 0 0 0 1
0 0 0 0 0 0 0 0 0 0 0 0 0 0 0 0 0 0 0 0 0 0 0 0 0 0 0 0 0 0 0 0 1 0 0 0 0 0 0 0 0 0 0 0 0 0 0 0 0 0 1
0 0 0 0 0 0 0 0 0 0 0 0 0 0 0 0 0 0 0 0 0 0 0 0 0 0 0 0 0 0 0 0 0 0 0 0 0 0 0 0 0 0 0 0 1 0 0 0 0 0 1
0 0 0 1 1 0 0 1 0 0 0 0 0 0 1 1 1 0 0 1 1 1 0 1 1 0 1 0 0 1 1 0 1 1 0 1 0 0 1 1 1 0 1 0 1 1 1 0 1 0 25
0 0 0 0 1 0 0 1 0 1 0 1 1 0 1 0 0 0 1 0 1 1 0 0 0 1 0 1 0 0 1 0 1 0 0 1 1 0 1 0 0 1 0 1 1 1 1 1 1 0 23
1 1 1 0 1 0 1 0 0 0 0 1 0 0 1 1 0 0 0 0 0 0 1 1 0 0 0 0 1 1 0 0 0 1 1 1 0 0 1 0 0 0 0 0 1 0 1 1 0 0 19
1 1 1 0 1 1 1 1 0 0 1 0 0 1 0 1 1 0 1 1 1 0 0 0 0 0 0 0 0 0 0 0 1 1 0 0 0 0 0 0 1 1 1 0 1 0 0 1 0 0 21
0 1 0 0 1 1 0 0 1 0 1 0 1 1 0 1 1 1 1 0 1 0 1 0 1 0 0 1 1 0 1 1 1 1 1 1 0 1 1 1 1 0 0 1 1 1 1 1 0 1 32
0 1 1 0 0 1 1 1 1 1 1 1 1 0 1 1 0 0 0 0 1 1 1 0 1 0 0 0 1 0 0 1 1 0 0 1 1 0 1 1 0 0 0 1 1 0 0 0 1 1 27
0 1 0 0 0 1 1 1 0 1 0 0 1 0 1 0 0 1 0 1 0 0 0 1 0 1 1 1 1 0 0 1 0 0 1 0 1 0 0 0 0 0 1 0 1 0 0 0 1 0 20
1 1 1 0 0 0 0 1 0 1 0 1 0 1 0 1 0 1 1 0 0 0 1 1 0 0 0 0 1 1 1 1 1 0 0 0 0 1 0 1 0 1 0 0 0 1 1 1 0 1 24
0 1 0 1 1 0 1 1 0 0 0 1 1 0 0 0 1 0 0 0 1 0 1 0 1 0 0 0 0 1 1 0 1 0 0 0 0 0 0 0 0 1 0 1 1 0 1 0 0 1 19
1 0 1 1 0 0 0 0 1 0 1 0 1 1 0 0 0 1 1 1 0 0 0 1 0 0 1 0 0 1 0 1 1 1 0 0 0 1 1 1 1 1 0 0 1 1 1 0 1 1 26
1 0 0 1 0 1 1 0 0 1 0 1 1 0 1 0 1 0 0 0 1 1 0 0 1 1 0 1 0 0 1 0 0 1 1 0 0 0 0 1 0 0 1 0 0 0 1 1 1 1 23
1 0 0 0 0 0 0 1 0 1 1 0 1 1 1 1 1 1 1 0 0 0 1 1 0 0 0 0 1 1 1 1 1 0 0 1 0 0 1 0 0 1 0 0 1 1 0 1 0 0 24
1 1 0 0 1 0 0 1 0 0 0 1 0 0 0 0 1 1 0 1 0 1 0 0 1 1 1 1 0 0 0 1 1 1 1 1 0 1 1 1 1 1 1 1 0 0 0 0 1 1 27
0 0 1 1 1 1 0 0 0 0 0 1 1 1 1 1 0 0 0 1 1 0 0 0 1 0 0 0 0 0 0 0 0 1 1 1 0 1 0 0 0 0 1 0 1 1 0 0 0 0 19
0 1 1 0 1 1 0 1 0 1 1 0 0 1 1 0 0 0 0 0 0 0 1 1 1 0 1 1 1 0 0 0 1 1 1 0 0 1 0 0 1 0 0 1 0 1 0 1 1 1 25
0 1 0 1 1 0 0 1 1 0 0 1 1 0 1 0 1 0 0 1 0 1 0 1 1 1 1 0 1 1 1 0 1 1 0 1 1 0 1 0 1 0 0 1 0 0 1 0 1 0 27
1 0 0 0 0 0 1 0 1 0 1 0 0 0 0 1 0 0 1 0 0 0 1 1 0 1 0 0 1 0 0 1 1 1 0 1 0 0 1 0 1 0 1 1 1 1 0 0 0 1 21
0 1 0 0 1 0 1 1 0 0 0 1 1 1 0 1 0 1 0 1 1 0 0 1 1 1 1 0 0 1 0 0 0 1 1 1 0 0 0 0 0 1 0 1 0 1 1 0 0 0 23
0 0 0 1 0 1 1 1 0 0 0 0 0 1 1 1 0 1 0 0 1 0 0 1 0 1 0 1 0 0 0 0 1 1 0 0 1 1 0 0 0 1 1 0 0 0 1 0 0 1 20
0 1 0 1 1 1 1 1 1 0 0 1 1 1 1 0 1 1 0 1 0 1 1 0 0 0 0 1 1 1 0 0 1 1 0 0 1 1 0 1 1 1 0 1 0 0 0 0 0 1 28
1 0 1 0 0 1 1 1 0 1 1 0 0 1 0 1 1 1 1 0 0 0 0 0 1 1 1 0 0 0 0 1 0 0 1 0 1 1 0 1 1 1 1 1 0 0 0 0 0 0 24
1 1 0 0 1 0 0 0 0 1 1 0 0 1 0 0 1 0 0 1 1 1 1 1 1 1 1 1 1 0 1 0 0 0 1 1 0 1 1 1 0 1 0 1 0 1 0 0 0 1 27
0 0 0 0 0 1 1 1 0 1 1 0 0 0 1 1 0 1 0 1 0 0 0 1 0 1 0 1 0 1 1 0 1 0 1 1 1 0 1 0 0 0 1 1 0 1 0 0 1 1 24
0 0 1 1 0 1 1 1 1 1 0 1 0 0 0 1 1 0 1 0 0 1 0 1 1 0 1 1 0 0 1 1 0 0 0 0 1 1 0 1 0 1 0 0 0 0 0 1 1 1 25
1 0 1 1 0 0 1 1 0 0 1 1 1 1 0 0 1 0 0 1 0 0 0 0 0 1 1 0 0 1 0 0 0 0 1 0 1 1 1 0 0 1 1 0 1 0 1 1 0 1 24
1 1 1 0 1 0 1 1 0 0 0 1 1 0 0 0 1 0 0 1 1 1 1 0 1 1 1 1 1 1 0 1 0 1 1 1 1 0 0 1 1 1 1 0 0 1 0 1 0 1 31
1 1 1 0 1 1 1 0 0 1 1 1 0 1 0 1 0 1 1 1 1 0 1 0 0 1 1 0 1 0 0 0 0 0 1 0 0 1 0 0 1 0 0 1 0 0 0 1 0 0 24
1 1 0 0 1 1 0 0 1 0 1 1 1 1 0 0 0 1 1 0 0 0 1 1 0 0 0 0 0 0 0 1 0 1 0 1 1 0 1 0 0 0 0 0 1 0 0 0 1 0 20
1 1 1 1 0 0 1 1 1 0 0 1 1 1 0 1 1 1 1 0 0 0 0 0 0 0 1 0 1 1 1 0 1 1 1 1 0 1 0 1 1 1 1 0 1 1 0 0 0 1 30
0 1 0 0 0 0 0 0 1 0 0 0 0 0 0 1 0 0 0 1 1 1 0 0 0 1 0 0 0 0 1 0 0 0 0 1 1 1 1 1 1 0 0 0 1 0 0 1 1 1 18
0 1 0 1 1 1 0 0 1 1 1 1 1 0 0 1 0 0 0 1 0 0 1 0 1 0 1 1 0 0 0 0 1 1 1 0 0 0 1 0 1 1 1 1 1 0 0 0 1 1 26
1 0 0 1 0 0 1 1 1 1 1 1 0 1 0 0 0 1 1 1 1 1 1 1 0 1 1 0 0 0 1 1 0 0 0 1 0 1 1 0 1 0 1 1 0 1 1 1 1 0 30
1 0 0 1 1 0 1 1 1 1 0 0 1 1 1 1 0 1 0 1 1 1 0 1 0 1 1 1 0 0 0 0 0 0 1 1 0 1 1 1 0 0 0 0 0 0 1 0 1 0 26
1 1 1 1 0 0 0 1 1 0 0 1 1 0 1 1 1 0 0 1 1 0 1 0 1 1 0 0 1 1 1 0 1 1 1 0 0 1 1 0 1 0 1 1 1 0 0 1 1 0 30
1 0 1 1 0 1 0 1 1 0 1 1 1 0 1 0 1 0 1 1 0 0 1 1 1 0 1 0 0 0 0 1 1 0 0 0 0 1 1 0 0 1 0 1 0 0 0 0 0 0 23
0 1 1 1 0 0 0 1 0 1 0 0 1 0 0 0 0 1 0 0 1 1 0 0 0 1 0 0 0 0 1 1 0 1 1 0 0 0 1 0 1 0 1 1 0 0 1 0 0 0 19
1 1 1 1 0 0 1 0 1 0 0 0 0 1 1 1 0 1 1 1 0 1 0 1 1 0 0 1 1 1 1 0 0 1 1 0 1 0 1 1 1 0 1 1 1 0 1 1 0 0 30
1 1 0 1 1 1 1 1 1 0 1 0 0 1 0 0 1 1 0 1 0 0 0 1 0 0 0 0 1 0 0 1 0 1 0 0 0 0 1 0 0 0 1 1 0 0 0 1 1 0 22
1 1 0 1 1 1 1 0 0 0 1 1 1 1 0 0 0 1 1 1 0 0 0 0 1 1 1 0 0 1 0 1 1 0 0 1 0 1 1 0 1 1 0 0 0 1 0 1 0 0 26
1 0 0 0 0 1 0 0 1 0 1 0 0 0 1 0 0 0 1 0 0 0 1 0 1 1 1 0 1 0 1 1 1 1 0 0 0 0 1 1 1 1 1 1 1 0 1 1 1 1 26
0 0 0 0 1 1 1 1 0 1 1 0 0 0 1 0 0 0 1 0 0 0 1 1 0 1 0 1 0 1 0 0 1 1 1 0 0 0 0 1 0 1 0 1 0 1 0 1 0 1 22
0 1 0 0 0 1 1 0 1 0 0 0 1 1 0 0 0 0 0 1 0 0 1 1 0 1 1 0 0 1 1 0 0 1 0 1 0 1 1 1 1 0 0 0 1 0 0 0 1 0 21
0 1 1 1 0 0 1 0 0 1 0 1 0 1 0 1 0 0 0 1 0 0 0 0 1 0 0 1 1 0 1 1 0 1 1 0 0 0 1 1 0 0 1 1 0 1 1 0 1 1 24
0 1 1 1 0 1 0 0 0 0 0 0 1 0 1 0 0 0 0 0 1 1 0 0 0 1 0 1 0 0 0 0 0 1 1 1 0 0 0 0 1 0 0 0 1 1 0 0 0 1 17
1 0 1 1 0 0 0 0 0 0 1 0 1 0 1 0 0 0 1 0 1 0 1 1 1 0 0 0 0 1 1 1 0 1 0 0 1 0 1 0 0 1 1 1 0 1 1 0 0 0 22
1 1 0 1 0 1 1 1 0 1 0 1 0 0 0 1 1 1 0 1 0 1 1 1 0 0 1 1 1 1 0 0 1 0 1 0 1 1 1 1 1 1 1 0 1 0 1 1 1 0 32
1 1 1 0 0 1 1 1 1 1 0 1 1 0 1 1 0 1 1 0 0 1 0 0 1 1 0 0 0 0 0 0 1 1 0 1 0 1 0 1 0 1 0 0 1 0 0 1 1 1 27
1 1 1 0 0 0 1 0 1 0 1 0 0 1 1 1 1 1 0 1 1 0 0 1 0 0 1 1 0 0 0 1 0 0 0 0 0 0 1 1 0 0 0 1 0 0 1 1 1 1 24
0 1 1 0 1 0 0 1 0 1 1 1 0 0 1 1 1 0 1 0 1 0 1 0 0 0 0 0 0 0 1 1 1 0 1 0 0 0 1 0 1 0 1 0 1 1 1 0 1 0 24
1 1 1 0 1 0 1 0 0 1 0 0 1 0 1 0 1 0 1 1 0 1 0 0 0 1 0 1 1 1 1 1 1 1 0 0 0 0 0 0 1 1 1 1 1 1 1 1 1 1 30
1 0 1 1 0 0 1 0 0 0 0 1 1 0 0 0 0 1 1 0 1 0 0 1 0 1 1 1 1 0 1 0 1 0 0 0 0 1 1 1 0 1 0 0 0 0 1 0 1 1 23
1 1 0 0 0 1 0 0 1 1 0 0 0 0 1 1 0 1 0 1 1 0 1 1 0 0 1 0 1 0 1 0 0 1 1 0 1 1 1 0 1 1 0 1 1 0 1 0 1 1 27
0 0 0 0 0 1 0 1 0 0 1 0 0 0 1 1 1 1 1 0 1 1 1 1 1 1 1 1 1 1 1 1 0 1 0 0 0 0 0 1 1 1 1 1 0 0 1 0 1 0 28
0 0 1 0 1 1 1 1 0 1 0 0 1 1 1 0 1 0 1 1 0 1 1 1 0 1 1 0 1 0 1 0 1 1 1 0 1 0 1 0 1 1 1 1 1 0 0 1 1 0 31
1 0 1 1 1 1 0 1 0 0 1 1 1 0 1 1 0 1 1 1 1 1 1 1 0 1 0 1 0 1 1 1 0 0 1 1 0 1 0 1 0 1 0 0 1 1 0 0 0 1 31
0 1 0 0 1 0 0 0 1 0 0 0 1 0 1 0 0 1 0 1 0 0 1 1 1 0 1 0 0 1 1 0 0 0 0 0 0 0 0 1 1 0 1 1 0 1 0 1 0 0 19
0 1 0 1 0 1 1 0 0 1 1 0 0 0 1 0 0 1 0 1 0 0 1 1 0 0 0 1 0 0 0 0 1 0 1 0 1 0 0 1 0 1 0 0 0 0 0 0 1 1 19
0 0 0 0 0 1 1 0 0 0 0 0 1 0 1 0 0 1 1 1 0 0 1 0 0 0 1 0 1 1 1 1 0 0 1 1 1 0 1 0 1 0 1 0 0 0 1 0 1 0 21
0 0 0 1 1 0 0 1 0 1 0 0 0 0 1 1 1 0 0 1 0 0 0 0 0 0 0 1 0 1 0 0 1 1 0 1 1 0 0 0 0 0 1 0 0 1 1 0 1 1 19
1 1 1 0 1 0 0 1 1 1 0 0 1 1 1 1 1 0 0 1 1 0 1 0 0 1 0 1 1 1 0 1 0 1 0 0 0 0 0 1 1 1 1 1 0 0 1 0 0 1 28
1 0 0 1 1 1 1 0 1 0 0 1 1 0 1 1 1 1 1 1 0 1 0 1 0 1 0 1 1 0 0 0 0 0 1 1 1 1 0 0 0 0 1 1 0 0 1 0 0 0 26
1 0 0 1 1 1 0 1 1 1 0 1 0 0 0 1 1 1 1 1 1 1 0 1 0 0 1 0 1 1 0 0 1 1 1 1 1 1 1 1 1 0 0 1 1 0 0 1 0 0 31
0 0 1 1 0 0 0 1 1 0 1 0 1 1 1 0 1 1 0 0 0 0 0 0 0 0 1 0 1 0 1 1 1 0 1 1 0 1 1 1 1 0 0 1 0 0 1 1 1 0 25
1 0 0 1 0 1 0 1 1 1 0 0 0 0 1 0 1 1 0 1 1 1 0 1 0 1 1 1 0 1 1 1 0 0 1 1 1 0 1 0 1 0 1 0 1 0 0 0 0 0 26
0 1 1 1 0 0 1 0 0 0 0 0 1 0 1 0 1 1 1 1 0 0 1 1 0 1 0 1 0 1 1 1 0 0 0 1 0 0 1 0 0 1 0 1 1 1 1 0 1 0 25
1 1 0 0 1 0 0 0 0 1 1 0 0 0 1 0 0 1 1 1 0 0 0 0 0 1 0 1 1 1 0 0 1 0 1 0 0 0 0 0 1 0 0 1 0 0 0 0 0 1 18
0 1 0 0 0 1 0 0 1 0 0 0 0 0 0 0 0 0 0 0 0 0 0 0 0 0 0 0 0 0 0 0 0 0 0 0 1 1 0 1 1 0 1 0 1 0 1 1 0 1 12
36 42 30 33 32 35 35 40 32 31 29 31 36 29 39 33 31 37 32 42 29 25 34 37 25 36 32 31 31 31 34 30 35 38 35 31 27 30 39 32 37 34 34 39 34 27 33 29 36 36 1666
