0 0 0 0 0 0 0 0 0 0 0 0 0 0 0 0 0 0 0 0 0 0 0 0 0 0 0 0 0 0 0 0 0 0 0 0 0 0 0 0 0 1 0 0 0 0 0 0 0 0 1
0 0 0 0 0 0 0 0 0 0 0 0 0 1 0 0 0 0 0 0 0 0 0 0 0 0 0 0 0 0 0 0 0 0 0 0 0 0 0 0 0 0 0 0 0 0 0 0 0 0 1
0 0 0 0 0 1 0 0 0 0 0 0 0 0 0 0 0 0 0 0 0 0 0 0 0 0 0 0 0 0 0 0 0 0 0 0 0 0 0 0 0 0 0 0 0 0 0 0 0 0 1
0 0 0 0 0 0 0 1 0 0 0 0 0 0 0 0 0 0 0 0 0 0 0 0 0 0 0 0 0 0 0 0 0 0 0 0 0 0 0 0 0 0 0 0 0 0 0 0 0 0 1
0 0 0 0 0 0 0 0 0 0 0 0 0 0 0 0 0 0 0 0 0 0 0 0 0 0 0 0 1 0 0 0 0 0 0 0 0 0 0 0 0 0 0 0 0 0 0 0 0 0 1
0 0 0 0 0 0 0 0 0 0 0 0 0 0 0 0 0 0 0 0 0 0 0 0 0 0 0 0 0 0 0 0 0 0 0 0 0 0 0 0 0 1 0 0 0 0 0 0 0 0 1
0 0 0 0 0 0 0 0 0 0 0 0 0 0 0 0 0 0 0 0 0 0 0 0 0 0 0 0 0 0 0 0 0 0 0 1 0 0 0 0 0 0 0 0 0 0 0 0 0 0 1
0 1 0 0 0 0 0 0 0 0 0 0 0 0 0 0 0 0 0 0 0 0 0 0 0 0 0 0 0 0 0 0 0 0 0 0 0 0 0 0 0 0 0 0 0 0 0 0 0 0 1
0 0 0 0 0 0 0 0 0 0 0 0 0 0 1 0 0 0 0 0 0 0 0 0 0 0 0 0 0 0 0 0 0 0 0 0 0 0 0 0 0 0 0 0 0 0 0 0 0 0 1
0 0 0 0 0 0 0 0 0 0 0 0 0 0 0 0 0 0 0 0 0 0 0 0 0 0 0 0 0 0 0 0 0 0 0 0 0 0 0 1 0 0 0 0 0 0 0 0 0 0 1
0 0 0 0 0 0 0 0 0 0 0 0 0 0 0 0 0 0 0 0 0 0 0 0 0 0 0 0 0 0 0 0 0 0 0 0 0 0 0 0 0 0 0 0 0 0 0 1 0 0 1
0 0 0 0 0 0 0 0 0 0 0 0 0 0 0 0 0 0 0 0 0 0 0 0 0 0 0 0 1 0 0 0 0 0 0 0 0 0 0 0 0 0 0 0 0 0 0 0 0 0 1
0 0 0 0 0 0 0 0 0 0 0 0 0 0 0 0 0 0 0 0 0 1 0 0 0 0 0 0 0 0 0 0 0 0 0 0 0 0 0 0 0 0 0 0 0 0 0 0 0 0 1
0 0 0 0 0 0 0 0 0 0 0 0 0 0 0 0 0 0 0 0 0 0 0 0 0 0 0 0 0 0 0 0 0 0 0 0 0 0 0 0 0 0 0 0 0 0 1 0 0 0 1
0 0 0 0 0 0 0 0 0 0 0 0 0 0 0 1 0 0 0 0 0 0 0 0 0 0 0 0 0 0 0 0 0 0 0 0 0 0 0 0 0 0 0 0 0 0 0 0 0 0 1
0 0 0 0 0 0 0 0 0 0 0 0 0 0 0 0 0 1 0 0 0 0 0 0 0 0 0 0 0 0 0 0 0 0 0 0 0 0 0 0 0 0 0 0 0 0 0 0 0 0 1
0 0 0 1 0 0 0 0 0 0 0 0 0 0 0 0 0 0 0 0 0 0 0 0 0 0 0 0 0 0 0 0 0 0 0 0 0 0 0 0 0 0 0 0 0 0 0 0 0 0 1
0 0 0 0 0 0 0 0 0 0 0 0 0 1 0 0 0 0 0 0 0 0 0 0 0 0 0 0 0 0 0 0 0 0 0 0 0 0 0 0 0 0 0 0 0 0 0 0 0 0 1
1 0 0 0 0 0 1 0 0 0 0 0 0 0 0 0 1 1 1 0 1 0 1 0 0 0 0 1 0 0 0 1 0 0 0 1 0 0 1 0 0 0 1 1 0 0 0 0 1 1 15
0 0 1 0 0 1 0 0 0 1 0 1 0 0 0 0 1 0 1 0 1 0 0 0 0 0 1 1 0 0 1 0 0 1 0 1 0 1 0 1 0 1 1 0 0 0 0 0 1 0 17
0 0 1 0 0 0 0 0 0 0 0 1 1 0 0 0 1 0 1 0 1 1 0 0 1 1 0 0 0 0 0 0 0 0 1 1 0 1 1 0 0 1 1 0 0 0 0 1 1 1 18
0 0 1 1 0 0 1 1 0 1 0 1 1 1 1 0 0 0 0 1 0 0 1 1 1 0 0 0 0 1 1 1 0 0 0 1 0 0 0 1 1 0 1 0 0 0 0 1 0 1 22
0 1 0 1 0 0 1 1 0 1 0 1 0 1 1 0 1 0 0 1 0 0 0 0 1 0 0 1 0 1 1 1 0 1 0 0 1 0 1 0 0 0 0 0 1 0 1 0 0 1 21
1 1 1 0 0 0 1 1 1 0 1 0 1 0 0 0 1 1 1 1 1 1 1 1 0 1 1 0 0 0 0 0 0 1 1 0 1 1 1 0 0 0 1 1 1 0 1 0 0 1 28
0 1 0 0 1 0 1 0 1 0 1 1 0 1 1 0 1 0 0 1 1 0 0 0 0 0 0 1 0 0 1 0 1 1 0 0 0 1 0 1 1 0 1 1 1 1 0 0 1 0 23
0 1 1 1 0 1 1 1 0 0 0 0 1 0 1 0 0 0 1 1 0 1 1 1 1 1 1 0 1 0 1 0 0 0 0 1 1 0 0 0 0 1 0 0 0 1 1 0 1 0 24
0 1 1 0 0 1 1 0 0 1 1 1 1 1 0 0 1 1 0 1 1 1 0 0 0 1 1 1 0 1 0 0 1 0 1 1 0 1 1 1 1 1 1 1 1 0 0 0 1 0 30
0 1 0 1 1 0 1 1 0 0 1 1 0 1 0 0 0 1 1 0 1 0 0 1 1 1 0 0 1 0 0 1 0 0 0 0 0 1 0 0 0 0 1 1 0 1 1 1 1 0 23
0 0 0 1 1 1 1 0 1 1 0 0 0 0 1 1 0 0 0 1 1 1 0 0 0 0 1 1 0 1 0 1 1 1 0 0 1 0 0 1 0 1 1 1 1 1 0 0 1 0 25
0 0 0 1 0 1 1 0 0 1 1 1 1 0 1 0 0 0 0 0 0 1 0 0 0 1 0 0 1 1 0 0 0 0 1 0 1 1 0 1 1 0 0 0 1 1 0 0 0 0 19
1 0 0 0 1 0 0 1 1 1 0 1 1 0 1 0 1 1 1 0 0 1 1 1 1 1 1 0 1 0 1 0 1 1 0 0 0 0 0 0 1 0 1 0 1 0 0 0 1 1 26
0 0 1 1 1 1 1 1 1 0 1 0 1 0 1 1 0 0 0 0 0 0 1 0 0 1 0 0 0 0 1 0 0 1 1 1 1 1 0 1 1 1 0 1 0 0 0 0 0 1 24
1 1 0 0 0 1 1 1 0 1 0 0 0 1 0 0 0 1 1 1 0 0 1 0 0 0 1 0 0 0 0 1 1 0 1 0 1 0 1 0 1 1 1 1 0 0 1 1 1 1 25
1 1 0 0 1 0 1 0 0 1 0 0 0 1 1 0 1 1 1 1 0 1 1 0 1 1 1 0 1 0 0 1 0 1 0 0 0 0 0 1 1 0 1 1 1 0 0 0 1 1 26
1 0 1 0 1 1 1 0 0 1 0 0 1 0 0 0 0 1 1 1 0 1 1 0 1 1 0 1 0 1 1 1 1 1 1 0 1 0 0 0 1 1 0 1 0 1 0 1 1 1 29
0 1 0 0 0 1 1 1 1 1 0 0 1 1 1 1 0 0 0 1 1 1 0 1 1 1 1 0 0 1 0 0 0 1 1 0 1 0 1 1 1 1 0 0 0 1 1 0 0 0 27
0 0 1 0 1 1 1 1 1 1 1 0 0 1 0 0 0 1 1 0 1 0 0 0 0 1 0 1 1 0 0 1 0 0 0 1 0 1 0 1 0 0 1 0 1 0 1 0 0 1 23
1 0 1 1 0 1 1 0 0 1 0 0 1 0 0 1 1 0 0 0 0 0 1 0 1 0 0 0 1 0 0 0 1 0 0 0 0 0 1 0 1 1 0 1 1 0 1 0 0 1 20
1 0 0 0 1 0 0 0 0 1 0 0 0 1 1 0 1 0 0 0 1 1 1 0 0 1 0 1 1 1 1 0 1 0 1 1 0 0 1 1 1 1 0 0 0 0 1 1 0 1 24
0 1 0 1 1 0 1 0 1 1 1 0 0 1 1 1 1 0 1 0 0 1 0 0 1 0 0 0 0 1 1 1 0 1 0 1 1 0 1 0 0 1 0 1 0 1 1 0 1 1 27
1 1 0 0 1 1 1 1 0 1 1 1 1 1 1 0 1 1 1 0 0 0 0 1 1 0 1 0 1 1 1 0 1 0 0 1 0 0 1 1 1 0 1 0 1 0 0 1 0 0 29
1 0 0 1 1 1 1 0 0 1 0 1 1 1 0 1 1 0 1 0 1 1 0 0 0 0 0 0 0 0 1 0 0 0 1 0 1 0 0 1 0 1 0 0 0 0 0 0 1 0 20
1 0 1 1 1 1 1 0 1 1 0 1 0 1 1 1 1 1 0 0 1 1 0 1 0 0 1 1 1 1 0 1 0 1 0 1 1 0 1 1 1 1 0 0 0 0 1 0 0 0 30
1 1 1 1 0 1 1 1 0 1 0 1 1 1 0 0 0 1 0 1 1 1 0 1 0 1 1 1 1 0 0 1 0 1 1 1 0 1 0 1 1 0 1 0 0 0 1 1 1 0 31
1 0 1 1 1 1 1 1 1 1 1 0 1 0 0 0 0 1 1 1 1 1 0 0 1 1 1 0 0 1 0 0 0 1 0 0 1 1 0 0 0 0 0 0 0 0 0 0 0 1 24
1 1 0 0 1 1 1 1 1 1 0 0 0 1 1 1 1 0 1 1 1 1 0 0 0 1 0 1 1 1 1 0 1 0 1 1 1 0 1 0 0 1 1 1 1 1 0 0 1 1 33
0 0 0 1 0 0 1 1 0 0 1 0 1 1 0 0 1 1 0 1 1 0 0 1 1 1 1 0 1 1 1 1 1 1 0 1 1 1 0 1 1 1 0 1 1 0 1 1 0 0 30
1 0 0 1 1 1 0 1 0 1 1 0 1 0 0 0 1 0 0 1 1 1 0 1 1 1 0 0 1 0 1 1 1 0 1 1 0 0 0 0 1 0 0 0 0 1 1 1 1 0 26
1 0 0 0 1 0 1 0 0 1 1 1 1 0 0 1 0 0 1 0 1 1 1 0 1 0 0 0 1 1 1 1 1 0 1 0 1 0 1 0 0 1 1 0 1 0 0 1 1 0 26
0 0 1 1 1 1 0 1 1 1 1 0 1 1 0 0 0 0 1 0 1 1 1 0 1 0 1 0 1 1 1 1 1 0 0 1 1 0 1 0 1 1 1 1 1 1 1 1 0 1 33
1 1 1 0 0 0 1 1 1 0 0 0 1 0 1 0 1 1 0 1 1 1 1 0 0 0 1 0 0 1 1 0 1 1 0 1 1 0 0 0 1 1 1 1 1 0 0 0 0 0 26
0 1 0 0 1 1 0 0 0 0 1 0 1 0 1 1 1 0 1 0 0 1 1 0 0 0 0 0 0 0 0 1 1 0 0 1 1 1 0 0 0 1 1 1 0 1 1 1 0 1 23
1 0 0 0 1 1 1 0 0 1 1 0 0 1 1 0 0 1 0 0 0 1 1 1 1 0 0 0 1 0 0 1 0 0 1 1 1 0 0 0 1 0 1 1 1 0 0 0 1 0 23
1 0 0 1 1 0 1 0 1 0 0 0 0 1 1 1 1 0 0 0 0 0 1 0 0 1 1 0 1 0 0 1 1 1 0 0 1 1 0 0 1 0 1 1 1 1 1 1 1 1 27
0 1 0 1 0 1 0 0 1 1 0 1 0 0 0 1 1 0 1 1 1 1 0 0 0 1 0 0 0 0 0 0 1 0 1 0 1 1 1 0 0 1 0 1 1 1 1 0 0 0 23
0 0 1 0 0 1 1 0 1 1 1 1 1 1 1 1 1 0 1 0 0 0 1 0 0 1 0 0 0 0 0 1 1 1 1 0 0 1 1 0 0 0 0 0 1 0 1 0 0 0 23
1 0 1 0 1 0 0 0 0 1 1 0 1 1 0 1 1 1 0 1 0 0 1 0 0 0 1 0 0 0 0 1 0 1 1 1 1 0 0 0 1 1 0 0 1 0 1 1 1 1 25
1 1 0 0 1 1 0 1 0 1 0 1 0 1 1 0 1 0 1 0 1 1 0 1 0 1 0 0 1 0 1 1 1 1 1 1 0 0 0 1 0 0 1 1 1 0 0 1 0 0 27
0 1 1 0 0 1 1 0 0 0 1 1 1 0 0 0 1 0 0 1 1 1 1 0 1 1 0 0 1 1 1 0 1 1 0 0 1 1 1 0 0 0 0 1 1 1 1 0 1 1 28
1 0 1 1 1 1 1 1 0 1 1 0 0 1 0 1 0 0 1 0 0 0 0 1 0 0 0 0 1 1 1 1 1 0 1 0 0 1 1 1 1 1 1 0 1 1 1 1 0 0 29
0 0 1 0 1 1 0 0 1 0 1 0 1 1 1 0 1 1 1 0 0 0 0 0 1 1 0 1 1 0 1 0 1 0 0 1 1 0 1 1 0 1 1 1 0 1 1 0 0 1 27
1 1 0 0 1 0 1 0 1 1 0 1 1 0 1 0 1 0 1 1 1 1 1 1 1 0 0 1 0 1 0 1 1 0 1 1 0 1 1 1 0 0 1 0 1 1 0 0 0 0 29
0 0 1 1 1 0 1 0 1 0 0 1 0 1 0 0 1 1 0 1 1 1 1 1 0 1 0 1 1 0 1 0 0 0 1 0 0 1 1 1 1 0 0 0 0 0 0 1 1 1 26
1 0 0 0 0 0 0 1 1 1 0 0 0 0 0 0 0 1 0 0 0 0 0 1 0 0 0 0 1 0 1 0 0 0 0 1 1 0 0 1 1 0 1 0 1 1 0 1 0 0 16
1 0 0 0 1 1 1 1 0 1 0 1 0 0 1 0 1 0 1 1 1 0 1 0 0 1 0 1 1 0 0 0 1 0 1 1 1 0 1 1 0 1 0 0 1 1 0 1 1 0 27
0 0 0 0 0 1 0 1 1 1 0 0 0 1 1 0 1 1 1 0 0 0 1 1 0 0 0 0 1 1 0 0 1 0 1 1 1 0 0 0 1 1 0 0 1 0 1 0 1 1 23
1 1 0 0 0 0 0 0 0 0 1 1 0 1 1 0 1 1 1 1 1 1 0 1 1 1 1 1 1 1 1 0 1 1 1 1 0 0 0 1 1 0 1 0 0 0 0 1 1 0 29
0 1 0 1 1 0 1 0 1 1 0 0 0 1 0 1 0 1 1 0 1 0 1 0 0 1 1 1 1 0 0 1 1 1 1 1 0 0 1 0 0 0 1 0 0 1 1 1 0 1 27
0 0 1 1 1 0 1 0 0 0 0 0 1 1 1 1 0 1 0 0 1 0 0 1 0 0 0 1 1 1 0 1 1 1 1 0 1 1 0 1 0 1 1 0 1 0 1 1 1 1 28
0 1 1 1 1 0 0 1 1 0 0 1 1 1 0 0 1 0 1 1 0 0 0 0 1 1 1 0 0 0 1 1 1 1 0 1 1 1 0 0 0 0 0 0 0 1 1 1 1 0 26
0 0 0 0 1 0 1 1 1 0 0 0 1 1 1 1 0 1 1 0 1 0 0 0 0 0 1 1 1 1 0 1 1 1 1 1 0 1 1 1 1 0 0 1 0 1 0 0 1 1 28
1 0 1 0 0 0 1 0 1 1 1 1 0 0 1 0 1 1 1 0 1 0 1 1 1 0 1 1 1 0 0 0 1 0 0 1 0 0 0 0 0 0 0 0 1 0 1 0 1 1 24
1 0 0 0 0 0 1 1 0 1 1 0 0 1 0 1 0 1 0 0 1 1 1 1 1 1 1 0 1 1 0 1 1 1 1 1 0 1 0 0 1 0 0 0 1 1 0 1 0 1 28
0 0 1 1 0 1 0 0 0 1 1 1 0 1 0 1 1 0 1 1 1 0 1 1 0 0 1 0 0 1 1 1 0 1 1 1 0 0 1 0 0 1 1 1 0 0 1 1 0 1 28
0 0 1 0 1 1 1 0 0 0 0 0 1 0 0 1 1 0 0 0 1 0 0 0 1 0 0 0 0 1 1 0 0 0 0 1 0 0 1 1 0 0 0 1 1 1 1 0 1 0 19
0 0 0 0 1 0 1 0 0 1 0 0 0 0 0 0 1 1 0 0 1 0 1 1 0 0 0 0 1 1 1 0 1 0 0 1 0 0 0 0 1 1 0 1 0 0 1 0 1 0 18
0 1 0 1 1 1 0 1 1 0 0 0 0 1 1 1 0 0 1 1 1 0 0 0 0 0 1 1 0 1 0 0 1 0 1 1 0 1 1 1 0 0 0 1 0 0 1 0 0 0 23
1 1 1 0 1 0 0 0 1 0 0 0 1 1 0 0 0 0 1 1 0 1 1 1 1 1 1 0 0 0 0 0 1 0 0 1 1 0 0 1 0 0 1 1 1 0 0 0 1 0 23
0 1 1 1 0 1 0 1 1 1 1 0 0 1 0 0 1 0 1 1 1 0 1 0 1 0 1 1 0 0 1 0 1 1 0 1 0 1 1 1 1 1 1 0 1 0 0 1 1 1 31
1 1 0 1 1 1 1 0 1 1 0 1 0 1 0 0 0 0 1 0 1 1 0 1 0 1 1 1 1 0 0 0 1 1 0 0 0 0 0 1 0 1 1 0 0 0 1 0 0 1 25
0 1 1 1 1 0 0 1 0 1 0 1 1 1 1 1 0 1 0 0 1 1 0 1 1 1 1 0 0 1 1 0 0 1 1 0 0 0 1 1 1 1 1 0 0 0 0 1 1 1 30
0 0 1 1 1 0 0 1 1 1 0 1 0 1 1 0 0 1 1 1 0 0 1 1 0 1 0 0 1 0 1 1 0 1 1 1 0 1 1 1 1 0 1 1 0 0 0 1 1 0 29
1 1 0 0 1 0 1 0 1 1 1 1 1 1 0 0 1 0 0 1 1 1 0 0 1 0 0 0 1 0 0 1 0 1 0 1 0 1 0 0 0 0 1 1 1 1 1 0 0 0 25
0 1 0 0 0 1 1 1 1 0 1 1 0 1 1 0 1 0 0 0 1 1 0 0 0 0 0 1 0 1 1 1 1 1 0 0 0 0 0 0 0 0 1 0 1 1 0 0 0 1 22
0 1 0 1 0 1 1 1 0 0 1 0 1 1 1 0 0 0 1 0 1 0 0 0 1 0 1 0 1 1 0 0 0 0 1 1 0 0 1 0 0 0 1 0 1 0 0 0 0 0 20
0 1 1 1 0 1 0 0 0 1 0 1 1 0 0 0 0 0 1 1 0 1 1 0 1 1 0 1 1 0 1 1 0 0 0 0 1 0 0 1 0 0 1 0 1 1 1 1 1 0 25
1 0 1 0 0 0 1 0 0 1 1 1 1 0 0 0 0 0 1 1 1 0 0 0 0 0 0 1 1 0 1 0 0 0 0 0 1 0 0 0 0 1 0 1 0 1 1 0 0 0 18
0 1 1 1 1 0 1 0 0 0 1 1 0 0 0 0 0 0 1 0 0 1 0 0 0 1 0 0 1 0 0 1 0 1 0 1 1 0 1 1 0 1 1 1 0 1 1 0 1 1 24
0 1 0 0 0 0 1 1 0 1 0 1 1 0 1 0 1 0 1 0 1 1 1 0 1 1 1 1 0 0 0 1 1 1 0 0 0 1 0 0 1 1 1 1 1 1 1 1 1 1 30
1 0 1 1 0 1 1 0 1 0 1 0 1 0 0 1 1 0 1 1 0 0 0 1 0 1 0 0 1 0 0 0 1 1 0 0 1 1 0 0 0 0 1 1 1 0 0 0 1 1 24
0 1 1 0 1 1 1 1 0 1 0 1 0 1 0 0 0 1 0 1 1 0 1 0 0 0 0 0 0 0 1 0 1 0 1 1 0 1 0 1 0 1 1 0 1 0 0 1 0 0 23
0 1 0 1 0 0 1 0 1 0 0 1 1 1 0 1 1 1 1 1 1 1 0 1 0 0 0 1 1 1 0 1 1 0 0 0 0 1 1 0 0 0 1 0 1 1 0 0 0 1 26
0 0 1 0 1 0 0 0 0 1 1 1 0 0 1 0 1 0 1 0 0 1 1 1 0 1 1 1 1 1 1 1 1 0 0 0 1 0 1 1 1 0 0 1 0 1 0 0 0 0 25
1 0 1 0 0 0 1 0 1 1 1 1 1 0 0 0 1 1 1 0 1 1 0 0 0 0 1 0 0 1 0 0 1 1 1 0 0 1 1 1 0 0 0 0 0 1 1 0 1 0 24
0 1 1 1 1 0 0 0 0 0 0 0 1 1 1 1 0 0 1 1 1 1 0 0 0 0 0 1 0 0 0 1 1 1 1 1 0 0 0 0 0 0 0 1 0 1 0 0 0 0 20
0 1 1 0 0 0 0 0 0 1 0 1 1 0 1 0 1 1 0 1 1 1 0 1 0 1 1 1 0 1 1 1 1 0 1 1 1 0 0 0 0 1 1 0 1 0 1 0 0 1 27
1 1 0 1 0 1 0 1 0 0 0 0 1 0 0 1 0 0 1 0 1 1 0 1 1 1 0 1 0 0 1 0 1 0 1 1 0 1 0 1 1 1 1 1 1 0 0 0 1 0 26
0 1 1 0 1 1 0 1 1 0 1 1 1 0 1 1 1 0 0 0 0 1 0 0 1 0 1 1 0 0 0 0 1 1 0 0 1 1 0 1 0 1 1 1 0 0 1 1 1 0 27
0 1 1 1 1 0 0 0 0 0 0 1 0 0 1 1 1 0 1 1 0 0 0 1 0 0 0 0 0 0 1 0 0 1 1 0 1 1 1 1 0 1 1 1 1 1 0 0 1 1 25
0 0 0 0 0 0 1 1 1 1 1 1 1 1 0 0 1 0 1 0 0 0 0 0 0 0 1 1 1 0 1 0 1 1 1 0 1 0 1 0 1 1 0 0 0 0 1 1 1 1 25
0 0 1 0 0 1 0 0 0 1 0 1 0 0 0 0 0 1 1 0 1 1 1 1 0 1 0 1 1 1 1 0 1 1 1 1 0 0 1 1 1 1 1 1 0 0 0 1 1 0 27
0 0 1 0 0 0 0 1 1 1 0 1 0 1 1 0 0 1 0 0 1 0 0 1 0 1 1 0 1 0 1 0 1 0 0 1 0 0 1 0 0 1 1 0 1 1 0 0 0 1 22
1 1 1 0 1 0 1 1 1 1 0 1 1 0 0 1 1 0 1 0 0 0 1 1 0 0 0 1 1 0 1 0 0 0 1 1 1 0 0 0 1 1 1 0 1 0 1 0 0 1 27
0 1 1 1 1 1 0 1 0 0 0 0 1 1 0 1 1 1 1 0 1 1 1 0 1 1 1 0 0 1 0 1 0 0 0 1 1 0 0 1 1 0 1 0 1 1 1 1 1 0 30
0 0 0 0 0 0 1 0 0 0 0 1 1 0 1 0 0 0 1 0 1 1 0 1 0 1 0 0 0 0 1 0 1 1 1 0 0 0 1 1 0 1 0 0 1 1 1 1 0 0 20
0 1 1 0 1 1 1 1 1 1 0 1 0 0 1 1 1 0 0 0 1 0 0 0 1 1 0 0 0 0 1 0 1 1 1 1 1 1 1 0 0 0 1 1 0 0 1 0 1 0 27
0 1 1 1 0 0 0 1 1 0 1 0 1 1 1 1 1 1 0 0 0 1 0 1 0 0 0 0 0 1 0 1 0 0 1 1 1 1 1 0 0 0 1 1 1 1 1 1 1 1 29
0 1 1 1 0 1 0 0 1 0 0 0 1 1 0 1 0 1 0 1 0 0 1 1 0 0 1 1 0 0 0 1 1 0 0 1 0 0 0 0 1 0 0 1 0 0 1 0 1 1 22
1 0 1 1 1 1 0 0 0 1 1 0 0 1 1 1 0 1 1 1 0 1 0 0 0 0 1 1 1 0 1 1 0 1 1 1 1 0 1 1 0 1 1 1 0 1 1 1 0 1 32
1 1 0 0 0 1 0 1 0 1 0 1 0 0 1 0 1 1 0 0 1 1 0 0 1 1 1 1 0 1 0 1 0 1 0 1 0 1 0 0 0 0 1 1 1 1 1 0 0 0 25
1 1 1 1 0 0 1 1 1 0 1 0 1 1 0 1 1 0 0 1 1 0 1 1 1 0 0 0 1 1 1 0 0 1 0 0 1 0 1 0 0 0 0 1 0 1 0 1 0 0 26
1 0 0 0 0 1 0 0 0 1 0 0 1 1 1 0 1 1 1 1 1 1 1 0 0 0 1 1 0 1 1 0 0 1 0 1 0 1 0 0 1 1 0 1 0 1 0 0 1 1 26
1 0 1 0 0 0 0 1 1 0 0 0 1 1 1 1 1 0 0 0 0 0 0 0 1 1 0 1 0 0 0 0 0 0 1 0 1 0 1 1 0 1 0 0 0 1 1 0 1 1 21
1 1 0 0 1 1 1 0 1 0 0 0 0 0 1 0 1 0 1 0 0 1 0 1 0 1 1 0 1 0 1 0 0 1 1 0 0 0 1 1 1 0 0 1 0 1 1 1 1 1 26
0 0 0 1 1 0 1 1 1 1 0 1 1 0 0 0 0 0 1 1 0 0 0 0 1 1 0 0 0 1 0 0 1 1 1 0 1 0 1 1 0 0 1 1 1 0 0 1 1 1 25
0 1 0 1 0 1 0 1 1 1 0 1 0 1 0 0 0 1 0 1 1 1 0 1 0 1 0 0 1 0 0 1 0 1 0 0 1 1 0 0 0 1 0 1 0 1 1 1 0 0 24
1 1 0 0 0 1 0 1 0 0 1 0 0 1 1 1 0 0 1 0 0 0 1 0 0 1 1 0 1 1 0 0 1 0 0 0 0 1 0 1 1 0 1 1 1 0 0 0 1 1 23
1 0 0 1 1 0 1 0 0 1 1 1 0 1 1 1 1 1 0 0 1 1 0 0 1 1 0 0 0 1 1 0 0 1 1 0 1 0 1 0 0 1 0 1 1 1 0 1 1 1 29
1 1 0 1 0 0 1 0 1 1 1 1 1 0 1 1 0 1 1 1 1 0 0 0 0 0 1 0 0 0 0 0 1 0 1 0 1 1 0 0 0 1 1 1 1 1 1 1 0 1 28
0 0 1 1 1 0 0 0 0 0 0 0 0 1 0 0 1 1 0 1 1 1 1 0 1 0 1 0 1 0 0 0 0 1 1 1 1 0 1 0 1 0 1 0 1 1 0 1 0 1 24
1 0 1 0 0 1 0 1 0 0 0 0 1 0 0 1 0 1 1 1 1 1 0 1 0 0 0 0 1 0 0 1 1 1 1 0 1 1 0 0 1 0 1 0 1 0 0 0 0 0 22
1 0 0 0 1 1 1 1 1 1 0 1 0 1 1 0 1 1 1 0 0 0 0 1 0 1 0 1 0 1 1 1 0 0 1 1 1 0 1 0 0 1 0 1 0 1 1 1 0 0 28
1 0 0 1 0 0 0 0 0 0 0 0 0 1 0 0 0 0 0 1 1 1 0 0 1 0 0 1 1 0 0 0 1 1 0 0 1 1 0 1 1 1 1 1 1 0 1 0 1 1 22
0 0 0 1 1 1 1 0 1 1 1 1 1 1 1 0 1 1 1 0 1 0 1 1 0 0 1 1 1 0 0 1 0 0 0 1 0 0 1 1 0 1 1 0 0 0 0 1 1 0 28
1 1 0 1 1 0 0 1 1 1 0 0 1 1 0 0 0 1 1 1 1 1 1 1 0 0 0 0 0 1 1 0 0 0 0 0 0 0 1 0 0 0 1 0 0 1 1 0 0 1 23
0 0 1 0 0 0 0 0 1 1 1 0 0 1 1 1 0 0 1 0 1 1 1 1 0 0 0 0 1 0 0 0 0 1 0 0 0 1 0 1 0 1 1 0 0 0 0 0 1 1 20
0 1 0 1 1 0 1 1 0 1 0 0 0 0 0 0 1 0 0 0 1 0 1 1 1 0 1 0 0 1 0 0 1 1 0 1 1 1 0 1 0 0 1 0 0 0 0 0 0 0 20
0 1 0 1 0 1 0 1 0 1 1 1 0 1 1 1 0 1 0 1 0 1 1 1 1 1 0 1 1 0 1 0 0 0 0 1 1 1 0 0 1 0 0 1 0 1 0 0 1 0 27
0 0 1 0 0 1 0 1 0 1 1 0 0 0 0 0 0 0 1 1 0 1 1 0 0 1 0 0 1 1 0 1 1 1 1 0 1 0 0 1 0 0 1 1 0 1 0 1 0 1 23
0 0 1 1 1 1 1 1 0 1 0 1 1 1 1 1 1 1 0 1 0 1 1 0 0 1 1 0 1 0 0 1 1 0 1 0 1 0 0 0 1 0 0 0 1 1 0 1 0 0 28
1 1 1 0 0 1 1 0 0 0 0 1 1 1 1 1 1 0 0 1 0 0 1 1 0 1 0 1 0 0 0 0 0 0 1 0 0 1 1 0 1 1 1 0 1 0 1 0 0 1 25
0 0 1 0 1 0 1 1 0 1 0 1 0 1 0 0 1 0 1 1 1 0 1 1 1 1 1 1 1 1 0 0 1 1 1 1 1 1 0 0 1 1 0 0 1 1 1 1 1 0 32
1 0 1 1 0 1 1 1 1 1 1 0 1 0 0 1 0 1 1 0 0 0 0 0 1 0 0 1 0 1 1 0 1 1 1 0 1 1 0 1 1 0 1 1 1 1 1 1 0 1 31
0 0 1 1 0 0 1 1 1 0 1 0 0 0 1 1 0 0 0 0 0 1 1 1 1 1 1 1 0 0 1 1 1 0 1 1 0 1 0 1 1 0 0 1 1 0 0 0 1 0 26
1 1 1 1 0 0 1 1 0 1 0 1 0 0 1 1 1 0 1 1 0 0 1 0 1 0 1 1 0 1 1 1 1 0 1 1 0 0 0 0 0 1 0 0 0 1 0 0 1 1 27
1 1 1 1 1 1 1 0 0 0 0 0 0 0 0 1 1 0 0 0 0 0 1 1 1 0 0 1 0 0 1 1 0 0 1 0 0 0 1 0 0 0 0 1 0 1 1 1 0 0 21
0 1 1 0 1 0 1 1 0 1 0 0 1 0 0 0 1 1 0 1 0 1 1 1 0 0 0 0 0 0 1 0 0 1 0 0 0 1 0 0 1 0 0 0 1 1 1 0 1 1 22
0 1 0 1 1 1 1 1 1 0 0 0 1 1 0 0 0 0 0 0 1 0 0 0 1 1 1 1 1 1 0 0 1 1 0 0 0 0 1 1 1 1 0 0 0 1 0 0 0 1 24
1 0 0 1 0 0 1 0 1 1 0 1 1 0 1 0 0 1 1 1 1 1 0 0 0 1 0 0 0 1 0 1 1 1 0 1 1 0 0 0 0 1 0 0 1 1 0 1 1 1 26
1 1 0 1 0 0 0 0 1 0 1 1 0 1 0 0 0 1 1 0 0 0 1 0 0 0 0 1 0 0 0 0 1 0 0 0 1 0 0 1 1 1 0 0 1 1 1 1 0 1 21
1 1 0 1 0 0 1 1 1 0 1 0 0 0 0 0 0 0 1 0 1 1 0 1 1 0 0 1 1 0 0 1 0 1 0 1 0 0 0 1 0 1 1 0 1 1 0 1 0 0 23
1 1 1 1 0 1 0 0 1 1 0 0 1 1 1 0 1 1 0 0 0 0 1 1 1 0 0 0 0 0 0 1 0 1 1 0 0 0 1 0 1 0 0 1 0 1 0 0 1 0 23
0 1 0 1 0 1 1 1 0 0 1 1 0 0 1 0 0 1 0 1 0 0 1 0 1 0 0 1 1 0 1 0 1 1 1 1 1 0 0 0 1 0 1 1 0 0 0 1 1 0 25
1 1 0 0 0 1 1 0 1 1 1 1 1 1 1 0 0 0 1 0 1 0 1 0 0 1 1 1 0 1 0 1 0 1 1 1 0 1 0 1 1 1 1 0 1 1 0 1 0 0 30
1 0 1 1 0 1 0 1 0 0 0 1 1 1 0 1 1 1 1 1 1 1 0 0 0 0 1 1 0 1 0 0 1 0 1 1 1 1 0 1 1 0 1 1 0 0 1 0 0 0 28
0 0 1 1 1 0 1 1 1 0 1 1 1 0 1 1 0 0 1 0 1 0 1 1 1 1 0 1 0 1 0 1 0 0 1 0 1 1 1 0 1 1 1 1 0 1 0 0 1 0 30
1 0 0 1 0 0 0 1 1 0 0 0 0 0 0 0 0 0 0 1 0 1 1 1 1 1 1 0 1 1 0 1 1 1 0 1 1 1 1 0 0 1 0 1 0 0 0 0 1 1 24
1 0 1 1 0 0 1 1 0 0 1 1 1 1 0 0 1 1 0 1 0 1 0 1 0 0 1 1 0 1 1 0 0 1 0 0 0 1 0 1 0 1 1 1 0 0 1 0 1 1 27
1 1 0 1 0 1 0 0 1 0 1 1 1 1 0 0 0 1 1 0 1 1 0 1 1 1 0 0 1 0 1 0 0 1 0 1 1 0 1 0 1 1 1 0 0 1 0 0 0 0 26
1 1 1 1 0 1 1 0 0 0 0 0 0 1 1 0 1 0 0 0 0 1 0 1 1 1 0 1 1 1 0 1 1 1 0 0 1 0 0 1 1 0 0 0 1 0 0 1 1 0 25
1 0 0 1 1 0 1 1 1 0 0 0 1 1 1 1 0 0 1 1 1 0 0 0 1 0 0 0 1 0 0 1 1 1 0 0 1 1 1 1 1 0 1 1 1 0 1 1 1 0 29
1 1 0 1 0 1 0 1 1 0 0 1 0 0 0 1 1 0 1 0 0 1 0 1 0 1 1 1 0 1 1 0 1 0 1 1 0 0 1 0 0 0 0 0 1 1 1 0 0 0 24
1 1 0 0 1 0 0 0 0 1 0 0 0 0 1 0 1 1 0 1 0 0 1 1 0 0 1 0 0 0 1 1 1 1 1 0 1 1 1 0 0 0 0 1 0 1 0 1 0 1 23
0 0 0 0 0 0 0 0 1 0 1 0 1 1 0 1 0 1 0 0 0 0 1 0 1 0 0 0 1 0 0 1 0 1 0 0 1 0 0 1 0 1 1 1 1 1 0 1 1 1 21
1 0 1 0 0 0 0 1 0 1 0 1 0 1 1 0 1 0 0 1 0 0 1 1 1 0 0 0 1 1 0 0 1 1 0 1 1 0 0 0 1 0 1 1 0 1 0 0 1 0 23
1 0 0 1 0 0 0 1 1 0 1 1 1 1 1 1 1 1 0 0 0 1 0 0 1 0 0 0 0 0 1 1 1 0 0 1 0 0 0 1 0 0 1 0 1 0 0 0 1 1 23
1 0 0 0 1 0 0 1 1 0 0 1 0 1 1 1 1 1 1 1 0 1 0 0 1 1 1 0 0 1 0 0 0 0 0 0 1 0 0 0 0 0 1 1 1 0 1 1 0 0 23
0 0 1 0 0 0 1 1 1 0 0 0 0 1 0 0 0 0 0 1 1 0 1 0 1 0 1 1 1 0 0 0 0 1 1 0 0 0 1 1 1 1 1 1 0 1 0 0 0 0 21
1 0 1 1 1 1 0 1 1 0 1 1 1 1 1 0 1 0 1 1 1 0 1 0 0 0 1 1 0 0 0 0 1 1 0 1 1 1 0 1 1 0 1 1 0 1 1 1 0 0 31
1 1 1 1 1 0 1 0 1 1 1 1 0 1 0 1 1 1 0 0 1 0 1 1 0 0 1 1 0 1 0 1 1 1 1 1 0 1 0 0 1 1 1 1 1 1 1 0 1 0 34
1 1 1 0 0 1 1 1 1 1 1 0 1 1 0 0 0 0 1 0 1 0 1 0 1 0 1 1 1 0 0 0 0 0 0 1 1 0 0 1 1 1 0 1 1 1 0 1 1 1 29
0 0 1 1 0 1 0 0 1 1 0 0 1 0 1 1 1 1 1 0 0 0 1 0 0 1 0 0 0 0 1 1 1 1 0 0 0 1 1 0 1 1 0 1 0 0 0 0 0 0 22
1 1 0 0 0 1 1 0 1 0 0 1 1 0 1 0 1 0 1 1 0 0 1 1 0 0 1 1 1 1 1 1 0 1 0 1 1 1 0 1 1 1 0 0 0 1 1 0 0 0 28
0 0 0 0 1 1 0 0 1 0 0 1 1 0 0 0 0 0 0 0 1 0 1 0 1 1 0 1 1 1 0 0 0 1 1 1 1 1 0 1 1 0 0 1 0 0 0 0 0 1 21
1 0 0 0 1 1 0 0 1 1 0 0 1 1 0 0 1 0 1 1 0 0 0 1 0 1 0 0 1 0 0 1 0 0 1 1 1 1 1 0 0 1 1 0 0 1 0 0 0 1 23
0 1 0 1 0 0 0 1 1 0 0 1 1 1 0 0 1 0 0 1 1 1 0 0 1 1 0 1 0 0 1 0 0 0 1 0 1 1 0 1 0 0 0 0 1 1 0 0 1 1 23
1 0 1 0 0 0 0 1 1 0 0 0 1 1 1 1 0 1 0 0 0 0 0 0 0 1 1 0 1 1 0 1 1 0 0 0 0 0 0 1 1 0 0 0 0 1 1 1 0 1 21
1 1 0 1 1 0 1 0 0 0 1 0 0 0 0 0 1 1 1 0 1 0 0 0 0 1 0 0 0 1 0 1 0 1 0 0 0 1 0 0 0 0 0 0 1 0 1 0 1 1 19
0 1 1 1 1 1 1 0 0 1 1 1 0 0 1 0 1 0 1 0 1 0 0 0 1 1 1 1 1 0 1 0 1 1 1 0 0 0 1 1 1 1 1 1 0 1 1 1 0 1 32
1 1 0 1 0 0 1 1 0 0 1 1 1 0 1 0 0 1 0 0 0 0 1 1 1 0 0 0 0 0 1 0 1 1 1 1 0 1 0 0 0 1 0 0 0 0 1 1 0 0 22
0 0 1 1 1 1 1 1 0 1 0 0 1 1 0 1 1 1 0 0 0 0 0 0 1 1 1 1 1 0 0 1 1 0 1 0 0 0 1 1 0 1 0 1 0 1 0 0 0 1 26
1 0 0 1 0 1 1 1 0 1 0 0 1 1 1 1 0 1 0 0 0 0 0 1 0 1 0 1 1 0 0 1 1 0 1 1 1 0 1 0 1 1 1 0 1 1 1 1 0 1 29
0 0 0 1 0 0 0 0 1 0 1 1 1 1 1 0 1 1 1 1 0 1 0 0 0 1 1 0 1 0 1 0 1 1 1 0 1 0 0 0 1 0 1 0 1 1 0 1 0 1 26
0 1 1 1 0 0 1 0 1 1 0 0 1 1 0 0 1 1 0 1 0 0 0 0 1 0 1 1 0 1 0 1 1 1 0 1 1 0 1 1 1 1 1 0 1 0 0 0 1 1 28
1 1 1 1 0 0 0 0 0 0 1 1 0 1 1 1 0 0 1 0 1 1 1 0 1 0 1 1 0 1 0 1 0 1 1 1 0 1 0 0 1 1 0 0 0 0 0 1 0 0 25
0 0 0 0 0 0 1 1 0 0 0 1 0 1 1 0 0 0 1 0 0 1 0 0 1 1 1 0 0 1 0 1 1 0 1 0 0 0 0 1 0 1 0 1 0 1 0 0 0 1 19
0 1 0 1 0 0 0 1 1 0 0 0 1 1 0 1 1 0 0 0 1 0 1 0 0 0 0 1 0 1 1 0 0 1 0 1 0 1 0 0 1 0 1 1 0 1 1 0 1 1 23
0 1 0 1 0 0 1 1 0 1 0 1 1 0 0 1 1 1 1 1 0 0 1 1 0 1 0 1 0 1 1 1 0 1 0 1 0 0 1 0 0 0 0 0 1 0 1 0 0 0 24
1 0 0 1 1 1 0 0 0 0 0 0 1 0 0 1 1 0 0 1 0 1 1 1 0 1 0 1 1 0 0 0 1 0 0 0 0 0 0 0 0 1 1 1 1 1 0 0 0 1 21
1 0 1 0 0 1 1 0 0 0 0 0 0 0 0 0 0 1 0 0 1 1 1 1 1 1 0 0 0 0 0 0 1 0 1 0 0 1 1 0 1 1 1 1 1 1 0 1 1 0 23
1 0 0 0 0 0 0 0 0 0 0 1 1 1 1 1 0 0 1 0 0 0 1 0 1 1 0 0 0 0 1 1 0 0 1 1 1 1 0 0 1 0 0 1 1 0 0 1 0 0 20
0 0 0 0 0 0 0 0 0 0 0 0 0 0 0 0 0 0 0 0 0 0 0 0 0 1 0 0 0 0 0 0 0 0 0 0 0 0 0 0 0 0 0 0 0 0 0 0 0 0 1
0 1 0 0 0 0 0 0 0 0 0 0 0 0 0 0 0 0 0 0 0 0 0 0 0 0 0 0 0 0 0 0 0 0 0 0 0 0 0 0 0 0 0 0 0 0 0 0 0 0 1
0 0 0 0 0 0 0 1 0 0 0 0 0 0 0 0 0 0 0 0 0 0 0 0 0 0 0 0 0 0 0 0 0 0 0 0 0 0 0 0 0 0 0 0 0 0 0 0 0 0 1
0 0 0 0 0 0 0 0 0 0 0 0 0 0 0 0 0 0 0 0 0 0 0 0 0 0 0 0 0 0 0 0 0 0 0 0 0 0 0 0 0 0 0 0 0 0 0 1 0 0 1
0 0 0 0 0 0 0 0 0 0 0 0 0 0 0 0 0 0 0 0 0 0 0 0 0 0 0 0 0 0 0 0 0 0 0 0 0 0 0 1 0 0 0 0 0 0 0 0 0 0 1
0 0 0 0 0 0 0 0 0 0 0 0 0 0 0 0 0 0 0 0 0 0 0 0 0 0 0 0 0 0 0 0 0 0 0 0 0 0 0 0 0 1 0 0 0 0 0 0 0 0 1
0 0 0 0 0 0 0 0 0 0 0 0 0 0 0 0 0 0 0 0 0 0 1 0 0 0 0 0 0 0 0 0 0 0 0 0 0 0 0 0 0 0 0 0 0 0 0 0 0 0 1
0 0 0 0 0 0 0 0 0 0 0 0 0 0 0 0 0 0 0 0 0 0 0 0 0 0 0 0 0 0 0 0 0 0 0 0 0 0 0 0 0 0 0 0 0 0 1 0 0 0 1
0 0 0 0 0 0 0 0 0 0 0 0 0 0 0 0 0 0 0 0 0 0 0 0 0 0 0 0 0 0 0 0 0 0 0 0 0 0 0 0 1 0 0 0 0 0 0 0 0 0 1
0 0 0 0 0 0 0 0 0 0 0 0 0 0 0 0 0 0 0 0 0 0 0 0 0 0 0 0 0 1 0 0 0 0 0 0 0 0 0 0 0 0 0 0 0 0 0 0 0 0 1
0 0 1 0 0 0 0 0 0 0 0 0 0 0 0 0 0 0 0 0 0 0 0 0 0 0 0 0 0 0 0 0 0 0 0 0 0 0 0 0 0 0 0 0 0 0 0 0 0 0 1
0 0 0 0 0 0 0 0 0 0 0 0 0 0 0 0 0 0 0 0 0 0 0 0 0 0 0 0 0 0 0 1 0 0 0 0 0 0 0 0 0 0 0 0 0 0 0 0 0 0 1
0 0 0 0 0 0 0 0 0 0 0 0 0 0 0 0 0 1 0 0 0 0 0 0 0 0 0 0 0 0 0 0 0 0 0 0 0 0 0 0 0 0 0 0 0 0 0 0 0 0 1
0 0 0 0 0 0 0 0 0 0 1 0 0 0 0 0 0 0 0 0 0 0 0 0 0 0 0 0 0 0 0 0 0 0 0 0 0 0 0 0 0 0 0 0 0 0 0 0 0 0 1
1 0 0 0 0 0 0 0 0 0 0 0 0 0 0 0 0 0 0 0 0 0 0 0 0 0 0 0 0 0 0 0 0 0 0 0 0 0 0 0 0 0 0 0 0 0 0 0 0 0 1
0 0 0 0 1 0 0 0 0 0 0 0 0 0 0 0 0 0 0 0 0 0 0 0 0 0 0 0 0 0 0 0 0 0 0 0 0 0 0 0 0 0 0 0 0 0 0 0 0 0 1
0 0 0 0 0 0 0 0 0 0 0 0 0 0 0 0 0 0 0 1 0 0 0 0 0 0 0 0 0 0 0 0 0 0 0 0 0 0 0 0 0 0 0 0 0 0 0 0 0 0 1
0 0 0 0 0 0 0 0 0 0 0 0 0 0 0 1 0 0 0 0 0 0 0 0 0 0 0 0 0 0 0 0 0 0 0 0 0 0 0 0 0 0 0 0 0 0 0 0 0 0 1
0 0 0 0 0 0 0 0 0 0 0 0 0 0 0 0 0 0 0 0 0 0 0 0 0 0 0 0 0 0 0 0 0 0 0 0 0 0 1 0 0 0 0 0 0 0 0 0 0 0 1
0 0 0 0 0 0 0 0 0 0 0 0 0 0 0 0 0 0 0 0 0 0 0 0 0 0 0 0 0 0 0 0 1 0 0 0 0 0 0 0 0 0 0 0 0 0 0 0 0 0 1
0 0 0 0 0 0 0 0 1 0 0 0 0 0 0 0 0 0 0 0 0 0 0 0 0 0 0 0 0 0 0 0 0 0 0 0 0 0 0 0 0 0 0 0 0 0 0 0 0 0 1
0 0 0 0 0 0 0 0 0 0 0 0 0 0 0 0 0 0 0 0 0 0 0 0 0 0 0 0 0 0 0 0 0 0 0 0 0 0 0 0 0 0 1 0 0 0 0 0 0 0 1
0 0 0 0 0 0 0 0 0 0 0 0 0 0 0 0 0 0 0 0 0 0 0 0 1 0 0 0 0 0 0 0 0 0 0 0 0 0 0 0 0 0 0 0 0 0 0 0 0 0 1
0 0 0 0 0 0 0 0 0 0 0 0 1 0 0 0 0 0 0 0 0 0 0 0 0 0 0 0 0 0 0 0 0 0 0 0 0 0 0 0 0 0 0 0 0 0 0 0 0 0 1
0 0 0 0 0 0 0 0 0 0 0 0 0 0 0 0 0 0 0 1 0 0 0 0 0 0 0 0 0 0 0 0 0 0 0 0 0 0 0 0 0 0 0 0 0 0 0 0 0 0 1
0 0 0 0 0 0 0 0 0 0 0 0 0 0 0 0 0 0 0 0 0 0 0 0 0 0 0 0 0 0 0 1 0 0 0 0 0 1 0 0 0 0 0 0 0 0 0 0 0 0 2
0 0 0 0 0 0 0 0 0 0 0 0 0 0 0 0 0 0 0 0 0 0 0 0 0 0 0 0 0 0 0 0 0 0 0 0 0 0 0 0 0 0 0 0 0 0 1 0 0 0 1
0 0 0 0 0 0 0 0 0 0 0 0 0 0 0 0 0 0 0 1 0 0 0 0 0 0 0 0 0 0 0 0 0 0 0 0 0 0 0 0 0 0 0 0 0 0 0 0 0 0 1
0 0 0 0 0 0 0 0 0 0 0 0 0 0 1 0 0 0 0 0 0 0 0 0 0 0 0 0 0 0 0 0 0 0 0 0 0 0 0 0 0 0 0 0 0 0 0 0 0 0 1
0 0 0 0 0 0 0 0 0 0 0 0 0 0 0 0 0 0 0 0 0 0 0 0 0 0 1 0 0 0 0 0 0 0 0 0 0 0 0 0 0 0 0 0 0 0 0 0 0 0 1
0 0 0 0 0 0 0 0 0 0 0 0 0 0 0 0 0 0 0 0 0 1 0 0 0 0 0 0 0 0 0 0 0 0 0 0 0 0 0 0 0 0 0 0 0 0 0 0 0 0 1
0 0 0 0 0 0 0 0 0 0 0 0 0 0 0 0 0 0 0 0 0 0 0 0 0 0 0 0 0 0 0 0 0 0 0 0 0 0 0 0 0 0 1 0 0 0 0 0 0 0 1
0 0 0 0 0 0 0 0 0 0 0 0 0 0 0 0 0 0 0 0 0 0 0 0 0 0 0 0 0 0 0 0 0 0 1 0 0 0 0 0 0 0 0 0 0 0 0 0 0 0 1
0 0 0 0 0 0 0 0 0 0 0 0 0 0 0 0 0 0 0 0 0 0 0 0 0 0 0 0 1 0 0 0 0 0 0 0 0 0 0 0 0 0 0 0 0 0 0 0 0 0 1
0 0 0 0 0 0 0 0 0 0 0 0 0 0 0 0 0 0 0 0 0 0 0 0 0 0 0 0 0 0 1 0 0 0 0 0 0 0 0 0 0 0 0 0 0 0 0 0 0 0 1
0 0 0 0 0 0 0 0 0 0 0 0 0 0 0 0 0 0 0 0 0 0 0 0 0 0 0 0 0 0 0 1 0 0 0 0 0 0 0 0 0 0 0 0 0 0 0 0 0 0 1
0 0 0 0 0 0 0 0 0 0 0 0 0 0 0 0 0 0 0 0 0 0 0 0 0 0 0 0 0 0 0 0 0 0 0 0 0 1 0 0 0 0 0 0 0 0 0 0 0 0 1
0 0 0 0 0 0 0 0 1 0 0 0 0 0 0 0 0 0 0 0 0 0 0 0 0 0 0 0 0 0 0 0 0 0 0 0 0 0 0 0 0 0 0 0 0 0 0 0 0 0 1
0 0 0 0 0 0 0 0 0 0 0 0 0 0 0 0 0 0 0 0 0 0 0 0 0 0 0 1 0 0 0 0 0 0 0 0 0 0 0 0 0 0 0 0 0 0 0 0 0 0 1
0 0 0 0 0 0 0 0 0 0 0 0 1 0 0 0 0 0 0 0 0 0 0 0 0 0 0 0 0 0 0 0 0 0 0 0 0 0 0 0 0 0 0 0 0 0 0 0 0 0 1
0 0 0 0 0 0 0 0 0 0 0 0 0 0 0 0 0 0 1 0 0 0 0 0 0 0 0 0 0 0 0 0 0 0 0 0 0 0 0 0 0 0 0 0 0 0 0 0 0 0 1
0 0 0 0 0 0 0 0 0 0 0 0 0 0 0 0 0 0 0 1 0 0 0 0 0 0 0 0 0 0 0 0 0 0 0 0 0 0 0 0 0 0 0 0 0 0 0 0 0 0 1
0 0 0 0 0 0 0 0 0 0 0 0 0 0 0 0 0 0 0 0 0 0 0 0 0 0 0 0 0 0 0 0 0 0 0 0 0 0 0 0 0 0 0 0 0 0 0 1 0 0 1
0 0 0 0 0 0 0 0 0 0 0 0 0 0 0 0 0 0 0 0 0 0 0 0 0 0 0 0 0 0 0 0 1 0 0 0 0 0 0 0 0 0 0 0 0 0 0 0 0 0 1
0 0 0 0 0 0 0 0 0 0 0 0 0 0 0 0 0 0 0 0 0 0 0 0 0 0 0 0 0 1 0 0 0 0 0 0 0 0 0 0 0 0 0 0 0 0 0 0 0 0 1
0 0 0 0 0 0 0 0 0 0 0 0 0 0 0 0 0 0 0 0 0 0 1 0 0 0 0 0 0 0 0 0 0 0 0 0 0 0 0 0 0 0 0 0 0 0 0 0 0 0 1
0 0 0 0 0 0 0 0 0 0 0 0 0 0 0 0 0 0 0 0 0 0 0 0 0 0 1 0 0 0 0 0 0 0 0 0 0 0 0 0 0 0 0 0 0 0 0 0 0 0 1
0 0 0 0 0 0 0 0 0 0 0 0 0 0 0 0 0 0 0 0 0 0 0 0 0 0 0 0 0 0 0 0 0 0 0 0 0 0 0 0 0 1 0 0 0 0 0 0 0 0 1
0 0 0 0 0 1 0 0 0 0 0 0 0 0 0 0 0 0 0 0 0 0 0 0 0 0 0 0 0 0 0 0 0 0 0 0 0 0 0 0 0 0 0 0 0 0 0 0 0 0 1
0 0 0 0 0 0 0 0 0 0 0 0 0 0 0 0 0 0 0 0 0 0 0 0 0 0 0 0 0 0 0 0 0 0 0 0 0 0 0 0 1 0 0 0 0 0 0 0 0 0 1
0 0 0 0 0 0 0 0 0 0 0 0 1 0 0 0 0 0 0 0 0 0 0 0 0 0 0 0 0 0 0 0 0 0 0 0 0 0 0 0 0 0 0 0 0 0 0 0 0 0 1
0 0 0 0 0 0 0 0 0 0 0 0 0 0 0 0 0 0 0 0 0 0 0 0 0 0 0 0 0 1 0 0 0 0 0 0 0 0 0 0 0 0 0 0 0 0 0 0 0 0 1
0 0 0 0 0 0 0 0 0 0 1 0 0 0 0 0 0 0 0 0 0 0 0 0 0 0 0 0 0 0 0 0 0 0 0 0 0 0 0 0 0 0 0 0 0 0 0 0 0 0 1
0 0 0 0 1 0 0 0 0 0 0 0 0 0 0 0 0 0 0 0 0 0 0 0 0 0 0 0 0 0 0 0 0 0 0 0 0 0 0 0 0 0 0 0 0 0 0 0 0 0 1
0 0 0 0 0 0 0 0 0 0 0 0 0 0 0 0 0 0 0 0 0 0 0 0 0 1 0 0 0 0 0 0 0 0 0 0 0 0 0 0 0 0 0 0 0 0 0 0 0 0 1
0 0 0 0 0 0 0 0 0 0 0 0 0 0 0 0 0 0 0 0 0 0 0 0 0 0 0 0 1 0 0 0 0 0 0 0 0 0 0 0 0 0 0 0 0 0 0 0 0 0 1
0 0 0 1 0 0 0 0 0 0 0 0 0 0 0 0 0 0 0 0 0 0 0 0 0 0 0 0 0 0 0 0 0 0 0 0 0 0 0 0 0 0 0 0 0 0 0 0 0 0 1
0 0 0 0 0 0 0 0 0 0 0 1 0 0 0 0 0 0 0 0 0 0 0 0 0 0 0 0 0 0 0 0 0 0 0 0 0 0 0 0 0 0 0 0 0 0 0 0 0 0 1
0 0 0 0 0 0 0 0 0 0 0 0 0 0 0 0 0 0 0 0 0 0 0 0 0 0 0 0 0 1 0 0 0 0 0 0 0 0 0 0 0 0 0 0 0 0 0 0 0 0 1
0 0 0 0 0 0 0 0 0 0 0 0 0 0 0 0 0 0 0 0 0 0 0 0 0 0 0 0 0 0 0 0 0 0 0 0 0 0 0 0 0 0 0 0 0 0 1 0 0 0 1
0 0 0 0 0 0 0 0 0 0 0 0 0 0 0 0 0 0 0 0 0 0 0 1 0 0 0 0 0 0 0 0 0 0 0 0 0 0 0 0 0 0 0 0 0 0 0 0 0 0 1
0 0 0 0 0 0 0 0 0 0 0 0 1 0 0 0 0 0 0 0 0 0 0 0 0 0 0 0 0 0 0 0 0 0 0 0 0 0 0 0 0 0 0 0 0 0 0 0 0 0 1
0 0 0 0 0 0 0 0 0 0 1 0 0 0 0 0 0 0 0 0 0 0 0 0 0 0 0 0 0 0 0 0 0 0 0 0 0 0 0 0 0 0 0 0 0 0 0 0 0 0 1
0 0 0 0 0 0 0 0 0 0 0 0 0 0 0 0 0 0 0 0 0 0 0 0 0 0 0 0 0 0 0 0 0 0 0 0 1 0 0 0 0 0 0 0 0 0 0 0 0 0 1
0 0 0 0 0 0 0 0 0 0 0 0 0 0 0 0 0 0 0 0 0 0 0 0 0 0 0 0 0 0 0 0 0 0 1 0 0 0 0 0 0 0 0 0 0 0 0 0 0 0 1
0 0 0 0 0 1 0 0 0 0 0 0 0 0 0 0 0 0 0 0 0 0 0 0 0 0 0 0 0 0 0 0 0 0 0 0 0 0 0 0 0 0 0 0 0 0 0 0 0 0 1
0 0 0 0 0 0 0 0 0 0 0 0 0 0 0 0 0 0 0 0 0 0 0 0 0 0 0 0 0 0 0 0 0 0 0 0 0 0 0 0 0 0 0 0 1 0 0 0 0 0 1
0 0 0 0 0 0 0 0 0 0 0 0 0 0 0 1 0 0 0 0 0 0 0 0 0 0 0 0 0 0 0 0 0 0 0 0 0 0 0 0 0 0 0 0 0 0 0 0 0 0 1
0 0 0 0 0 0 0 0 0 0 0 0 0 0 0 0 0 0 0 0 0 0 0 1 0 0 0 0 0 0 0 0 0 0 0 0 0 0 0 0 0 0 0 0 0 0 0 0 0 0 1
83 81 81 89 77 82 95 85 83 89 68 84 94 98 84 69 92 78 93 79 89 83 82 75 77 86 75 78 85 77 75 81 94 90 86 89 85 75 73 79 83 87 95 85 86 88 82 76 82 84 4166
