0 0 1 0 1 0 0 0 0 0 2
0 0 1 1 1 0 0 0 0 0 3
0 0 0 1 1 0 0 0 0 0 2
0 0 0 0 1 0 0 0 0 0 1
0 0 0 0 1 0 0 0 0 0 1
0 0 1 0 0 0 0 0 0 0 1
1 0 0 0 1 1 0 0 1 0 4
0 0 1 1 0 0 0 0 0 0 2
0 0 0 0 1 0 0 0 0 0 1
0 1 0 1 1 1 0 0 0 0 4
0 0 1 0 0 0 0 0 1 0 2
0 0 0 0 0 0 0 0 1 0 1
1 0 0 1 0 0 0 0 0 0 2
0 1 1 0 0 0 1 0 0 0 3
1 1 0 0 1 0 1 0 0 0 4
0 0 0 0 1 0 0 0 0 0 1
0 0 0 0 1 0 0 0 0 0 1
0 0 0 1 1 0 0 0 0 0 2
0 0 0 0 1 0 0 0 1 0 2
0 1 0 0 0 0 0 0 1 0 2
0 0 0 0 0 0 0 0 1 0 1
0 0 0 0 1 0 0 1 0 0 2
0 0 0 1 0 0 0 0 0 0 1
0 1 0 0 0 1 1 0 1 0 4
1 0 0 0 0 0 0 0 0 0 1
0 0 1 0 0 0 0 0 0 0 1
0 0 1 0 0 0 1 1 0 0 3
0 0 1 1 0 0 0 0 0 0 2
0 0 0 1 0 0 0 0 0 0 1
0 0 1 1 1 0 0 0 0 0 3
1 0 1 1 0 0 0 0 0 0 3
0 0 0 1 1 0 1 0 0 0 3
0 0 0 1 0 0 0 0 0 0 1
0 0 0 1 0 0 0 0 0 0 1
0 1 0 1 1 0 1 0 0 0 4
0 0 0 1 0 0 0 1 1 0 3
0 0 1 0 0 0 0 0 1 0 2
1 0 1 0 0 0 0 0 1 0 3
0 0 0 0 0 0 1 0 0 0 1
0 1 0 0 1 0 1 0 0 0 3
1 0 1 0 1 0 0 0 0 0 3
0 0 1 0 0 0 0 0 0 0 1
0 1 1 1 0 0 0 0 0 0 3
0 1 0 0 1 0 0 0 0 0 2
1 1 0 0 0 0 0 0 1 0 3
0 0 0 1 1 0 1 0 0 0 3
0 0 1 1 1 0 0 0 1 0 4
0 0 0 0 1 0 0 0 0 0 1
0 0 0 1 0 0 0 0 1 0 2
0 0 0 1 0 0 0 0 0 0 1
0 1 0 0 1 0 0 0 1 0 3
0 0 0 0 0 0 0 1 0 0 1
0 1 0 0 0 0 0 0 0 0 1
1 1 0 1 0 0 0 0 0 0 3
0 0 1 0 0 0 0 0 1 0 2
0 0 0 1 0 0 0 0 1 0 2
0 0 0 1 0 0 0 0 0 0 1
0 0 0 1 0 1 1 0 1 0 4
0 0 0 0 1 0 0 0 0 1 2
0 1 0 0 0 0 0 0 0 0 1
0 0 0 0 1 0 0 0 1 0 2
0 0 0 0 1 0 0 0 0 0 1
0 0 1 1 0 0 0 0 0 0 2
0 0 0 1 0 0 0 0 0 0 1
0 0 0 0 0 0 1 0 0 0 1
0 0 0 0 0 0 0 0 1 0 1
0 0 0 1 0 0 0 0 0 0 1
0 1 0 0 1 0 0 0 0 0 2
0 0 0 1 0 1 0 0 0 0 2
0 0 0 0 1 0 0 0 0 0 1
0 0 0 0 1 0 1 0 0 0 2
1 1 0 0 0 0 0 0 0 0 2
0 0 1 1 1 0 0 0 0 0 3
0 0 1 1 0 0 0 0 0 0 2
0 1 0 0 1 0 0 0 0 0 2
0 0 0 1 0 0 0 0 1 0 2
1 0 0 0 1 0 0 0 1 0 3
1 0 0 0 1 0 0 0 0 0 2
1 0 0 1 0 0 0 0 0 0 2
1 0 0 1 1 0 0 0 0 0 3
0 0 0 0 1 0 0 0 0 0 1
1 0 0 0 0 0 0 0 0 0 1
0 0 0 0 1 0 0 0 0 0 1
0 1 1 0 0 0 0 0 0 0 2
1 0 0 0 0 0 0 0 0 0 1
0 0 0 0 0 0 0 0 0 1 1
0 0 0 0 1 0 0 0 0 0 1
0 1 0 0 1 0 0 0 0 0 2
0 1 0 0 1 0 0 0 0 0 2
0 0 0 1 0 0 0 0 0 0 1
0 1 0 0 1 1 0 0 0 0 3
0 1 1 0 0 0 0 0 0 0 2
0 0 0 0 1 0 0 0 0 0 1
0 0 1 0 0 0 1 0 1 0 3
0 0 0 0 1 0 0 0 0 0 1
0 1 1 0 1 0 0 1 0 0 4
0 0 1 0 0 0 0 0 1 0 2
0 0 0 0 0 0 0 0 0 1 1
0 0 1 0 1 1 0 0 0 0 3
0 1 0 0 1 0 0 0 1 0 3
16 24 27 35 46 7 13 5 24 3 200
