0 0 1 0 0 1 0 0 0 0 1 1 0 0 1 0 1 0 0 1 0 0 1 1 0 0 0 0 0 0 1 1 1 1 1 0 0 1 1 0 0 0 1 1 1 0 1 1 1 1 23
0 0 0 0 0 0 1 0 0 1 1 1 0 0 0 0 0 0 1 0 0 0 1 1 1 1 0 0 0 0 1 1 0 1 1 0 0 0 1 0 1 0 1 0 1 1 1 1 1 1 22
0 0 1 0 0 0 0 0 0 1 0 1 0 1 1 0 0 1 1 0 0 0 1 0 0 1 0 0 0 0 1 1 0 1 1 0 0 0 1 0 0 1 0 0 1 1 1 1 1 1 21
0 0 1 0 0 0 0 1 0 1 1 1 0 1 0 0 1 1 1 0 0 0 1 1 0 0 0 0 0 0 1 1 1 1 1 1 0 1 0 1 0 1 1 0 1 0 0 1 1 1 25
0 0 1 0 1 0 0 1 0 0 1 1 0 1 0 0 0 0 1 1 0 1 1 1 1 0 1 0 0 1 1 1 0 1 1 1 1 0 1 1 0 1 0 0 1 1 1 1 1 1 29
0 0 1 1 0 1 0 1 1 0 1 0 0 0 1 0 1 0 1 0 1 0 1 1 0 1 1 0 0 0 1 1 1 1 1 0 1 1 1 0 1 0 1 0 1 0 1 1 1 1 29
0 0 1 0 0 0 0 0 0 0 1 0 0 1 0 0 1 0 1 1 0 1 1 0 0 0 0 0 0 0 0 1 1 1 1 1 0 0 1 0 0 1 1 0 1 1 1 1 1 1 22
0 1 1 0 0 1 0 0 0 0 0 1 0 0 1 0 1 0 1 0 0 0 1 1 1 1 1 0 0 0 0 1 1 1 1 1 1 0 1 0 1 0 1 0 1 1 1 1 1 1 27
0 0 1 0 0 1 0 0 1 0 1 1 0 1 0 0 1 0 0 1 0 0 1 0 0 0 0 0 1 0 1 1 0 1 1 0 0 0 1 0 1 0 0 0 1 1 1 1 1 1 22
0 0 1 0 1 0 0 0 1 1 1 1 0 1 0 0 1 1 1 0 0 0 1 1 1 0 0 0 0 0 0 1 0 1 0 1 0 1 1 1 0 1 0 0 1 1 1 1 1 1 26
0 0 1 0 0 0 0 1 1 1 1 1 0 1 0 1 1 0 1 1 0 0 1 0 1 0 0 0 0 1 0 1 1 1 1 1 1 1 1 1 0 0 0 0 1 1 1 1 1 1 29
0 0 1 0 0 0 0 0 1 1 1 1 0 1 1 0 1 0 0 0 1 0 0 1 0 0 0 0 1 0 1 0 1 1 1 1 0 0 1 0 0 0 1 0 1 1 1 1 1 1 24
0 0 1 0 0 0 0 1 0 0 1 1 0 1 1 0 0 1 0 1 0 0 1 0 1 0 0 1 1 1 1 1 0 1 1 1 0 0 1 0 0 0 1 0 1 1 1 1 1 1 26
0 0 1 0 0 0 0 1 0 0 1 1 0 1 0 0 0 0 0 1 0 0 1 1 0 0 1 0 1 0 1 1 1 1 1 0 0 0 1 1 0 0 1 0 1 1 1 1 1 1 24
0 0 0 0 0 0 0 0 0 0 1 1 0 0 1 0 0 1 1 1 0 0 1 1 0 1 0 0 0 0 1 1 1 0 0 1 0 1 1 0 1 0 0 0 1 1 1 1 1 1 22
0 0 1 0 0 0 0 1 0 0 1 1 0 0 1 1 0 0 0 0 0 0 1 1 0 0 0 0 0 0 1 1 1 1 1 1 0 0 1 0 0 0 1 0 1 1 1 1 1 1 22
0 0 1 0 0 1 0 1 0 0 1 1 0 0 1 0 0 0 0 0 0 0 1 1 0 0 0 0 1 1 0 1 0 1 1 0 0 0 1 1 0 0 1 0 1 1 1 1 1 1 22
1 0 1 0 0 0 0 1 1 1 1 1 0 1 1 0 0 1 0 1 0 0 1 1 1 0 0 0 0 0 1 1 0 1 1 1 0 1 1 0 0 0 1 0 1 0 0 1 1 1 26
0 0 1 0 0 0 0 0 1 1 1 1 0 0 1 0 0 0 1 1 0 0 1 1 0 0 0 0 1 1 1 1 1 1 0 1 1 1 1 0 0 0 1 0 1 1 1 1 1 0 26
0 0 1 0 0 0 0 1 0 1 1 1 0 1 1 1 1 0 1 1 0 0 1 1 1 1 0 0 0 0 1 1 0 1 1 1 0 0 1 0 0 0 0 0 1 1 1 1 1 1 27
0 1 1 0 0 0 0 1 0 1 1 1 0 0 0 0 1 0 1 0 0 0 1 1 0 0 0 0 0 0 1 1 0 1 0 1 1 0 1 0 0 0 1 0 1 1 1 1 1 1 23
0 1 1 0 0 1 1 1 0 0 1 1 0 1 1 0 1 0 1 0 0 0 1 0 1 1 0 1 0 0 1 1 1 1 1 1 0 0 1 0 0 0 0 0 1 1 1 1 1 1 28
0 0 1 0 0 0 0 0 0 1 1 1 1 1 0 0 1 0 0 1 1 0 1 1 1 1 0 0 0 0 1 1 0 1 1 1 1 0 1 0 0 1 0 0 1 1 1 1 1 1 27
0 0 1 0 0 1 0 1 1 0 1 1 0 1 1 0 1 1 0 0 0 0 1 0 0 1 0 0 0 0 0 1 0 1 1 1 1 0 1 0 1 1 1 0 1 1 1 1 1 1 27
0 0 1 0 1 1 0 0 0 0 1 0 0 1 0 0 0 0 1 0 0 0 1 1 0 0 0 0 0 0 1 1 1 1 1 0 0 0 1 0 0 0 1 1 1 0 1 1 1 1 21
0 0 1 0 0 1 0 1 0 0 1 1 1 1 1 0 0 0 0 0 0 0 1 1 1 0 0 0 1 0 0 1 1 1 1 0 0 0 1 0 0 0 1 0 1 1 1 1 1 1 24
0 1 1 0 0 0 0 0 1 1 1 1 0 0 0 0 1 0 0 1 1 1 1 1 0 0 0 0 0 0 1 1 0 1 1 0 0 0 0 0 1 1 1 0 1 0 1 1 1 1 24
0 0 1 0 0 0 0 1 1 1 1 1 0 1 0 0 1 0 1 0 0 0 1 1 1 0 0 0 1 1 1 1 1 1 1 1 1 1 1 1 0 0 0 0 0 1 1 1 1 1 29
0 0 1 0 0 0 0 0 0 1 1 1 0 0 1 0 1 1 1 1 0 0 1 1 0 0 0 0 0 0 0 1 0 1 1 1 1 0 1 0 0 1 0 0 1 1 1 1 1 1 24
0 0 1 0 0 0 0 0 1 0 1 1 0 1 1 0 1 1 0 1 0 0 1 0 0 0 0 1 0 0 1 1 0 1 0 0 0 1 0 0 1 1 1 0 1 1 1 1 1 1 24
0 0 1 0 1 1 0 1 1 0 1 0 0 1 0 0 0 0 1 1 0 0 1 1 0 0 0 0 0 0 0 1 1 1 1 0 0 0 1 1 0 0 1 0 1 1 0 1 1 1 23
0 0 1 0 1 1 0 1 0 0 1 1 0 1 1 0 1 1 1 1 0 0 1 1 1 0 0 0 0 0 0 1 1 1 1 0 0 1 1 0 0 1 1 0 1 1 1 1 1 1 29
0 0 1 0 0 0 0 0 0 1 1 0 0 1 1 1 1 1 1 1 0 1 1 1 1 1 0 0 1 0 0 1 1 1 1 0 0 0 1 0 1 1 1 0 0 1 0 1 1 1 28
0 0 1 0 0 1 0 0 0 1 1 1 0 1 0 0 0 1 0 1 0 0 1 0 0 0 0 0 1 0 1 1 1 1 0 0 0 0 1 1 0 0 1 0 1 1 1 1 1 1 23
0 0 1 0 1 0 0 0 0 1 1 1 0 1 0 0 1 0 0 1 0 1 1 1 0 0 0 0 0 0 0 1 1 0 1 0 0 0 1 0 0 0 1 0 1 1 1 1 1 1 22
0 0 1 0 0 1 0 0 0 0 1 1 0 0 0 0 1 0 0 1 0 0 1 0 0 0 0 1 0 0 0 1 1 1 0 1 0 0 0 0 0 0 1 0 1 1 1 1 1 1 19
0 0 1 0 0 0 0 1 0 1 1 1 0 0 0 0 1 0 0 0 1 0 1 1 1 0 0 0 0 0 1 1 0 1 1 0 1 0 1 0 0 0 1 0 0 1 0 1 1 1 21
0 0 1 0 0 0 0 0 0 0 1 1 0 0 0 0 1 0 0 1 0 0 1 1 0 0 0 0 0 0 1 1 0 1 1 1 0 0 1 1 1 0 1 0 1 1 1 1 1 1 22
0 0 1 0 0 0 0 0 0 1 0 1 0 1 1 0 0 0 0 0 0 0 1 1 1 1 0 0 0 1 1 1 0 1 1 1 0 0 0 1 0 1 0 1 1 1 1 1 0 1 23
0 0 1 1 0 0 0 0 0 1 1 1 0 1 0 0 1 0 0 0 0 0 1 1 0 0 0 0 0 0 1 1 0 1 0 0 0 1 1 0 0 0 1 0 1 1 1 1 1 1 21
0 0 1 0 1 0 1 1 0 1 1 0 0 1 0 0 0 0 1 1 0 0 1 1 1 1 1 0 1 1 1 1 0 1 1 1 0 0 1 1 0 1 1 1 1 1 1 1 1 1 32
0 0 1 1 0 0 0 1 0 1 1 1 0 1 1 1 0 0 1 1 0 0 1 0 1 0 0 0 0 1 1 1 1 1 0 1 0 0 1 0 0 1 1 0 1 1 1 1 1 1 28
0 0 1 0 0 1 0 0 0 1 1 1 0 0 0 0 1 1 1 1 0 0 1 0 0 0 0 1 0 0 1 1 1 1 1 1 0 0 1 1 0 0 1 0 1 1 1 1 1 1 26
0 0 1 0 0 0 0 0 0 0 1 1 0 0 1 0 1 0 1 1 0 0 0 1 0 0 0 0 0 0 1 1 1 1 1 0 0 0 1 1 0 0 1 0 1 1 1 1 1 1 22
0 0 1 0 1 1 0 1 0 0 1 1 1 0 1 1 1 1 0 0 0 0 1 0 1 1 1 0 1 0 1 1 0 1 1 1 0 1 0 1 1 0 0 0 1 1 1 1 1 1 30
0 1 1 0 0 1 1 1 0 1 0 1 0 1 0 1 1 1 0 1 0 0 1 1 1 1 0 0 1 0 1 1 1 1 1 1 0 1 1 0 0 0 0 0 1 1 1 1 1 1 31
0 0 1 0 0 0 0 1 0 0 0 1 0 1 0 0 0 0 1 1 0 0 1 0 0 1 1 0 0 0 0 1 0 1 1 1 0 0 1 1 0 1 0 1 0 1 1 1 1 1 22
0 1 1 0 0 0 0 1 0 0 1 1 0 0 0 0 1 0 1 1 0 0 1 1 1 0 0 0 0 1 1 0 1 1 1 1 1 0 1 0 0 0 0 0 1 1 1 1 1 1 25
0 1 1 0 0 1 0 1 0 0 1 0 0 1 0 0 1 0 1 0 0 0 1 1 1 0 0 0 1 1 1 1 1 1 0 1 0 0 1 0 0 0 1 0 1 1 1 1 1 1 26
0 0 1 0 0 0 0 0 0 0 1 1 0 0 1 0 0 1 1 1 0 0 1 1 0 0 1 0 1 0 1 0 1 1 1 1 1 0 1 0 0 0 1 0 1 1 1 1 1 1 25
0 1 1 0 1 1 0 0 0 1 1 1 0 0 1 1 0 0 1 1 0 1 1 1 0 1 1 0 1 0 0 0 0 1 1 1 0 0 0 1 0 1 1 0 1 1 1 1 1 1 29
0 0 1 0 0 0 0 1 0 1 1 1 0 0 1 0 0 1 0 1 0 0 1 1 1 1 0 1 0 0 1 1 1 1 1 1 0 0 1 1 0 0 1 0 1 1 1 1 1 1 28
0 1 0 1 0 1 0 1 0 1 1 1 0 0 0 1 0 0 0 1 0 0 1 0 0 1 0 0 0 0 1 1 1 1 1 1 1 1 1 0 0 0 1 0 1 1 1 1 1 1 27
0 0 1 0 0 0 0 1 1 0 1 0 0 1 0 0 0 0 1 1 0 0 1 1 1 0 0 0 0 0 1 1 1 1 1 1 1 0 1 1 1 0 1 0 1 0 1 1 1 1 26
0 0 1 0 0 0 0 0 0 0 1 0 0 1 0 0 0 0 0 1 1 1 1 1 0 0 0 0 1 0 1 1 1 1 1 1 1 0 1 0 1 0 1 0 1 1 1 1 1 1 25
0 1 1 0 0 0 0 1 1 0 1 1 0 1 1 0 1 0 0 1 0 0 1 0 0 1 0 0 0 0 1 1 1 1 0 0 1 1 0 1 0 0 1 0 1 1 1 1 1 1 26
0 1 1 0 1 1 0 1 0 1 1 0 0 1 1 0 0 0 1 1 0 0 1 1 1 0 0 0 0 0 0 0 1 0 1 0 1 1 1 0 1 1 1 0 1 1 1 1 1 1 28
0 0 1 0 1 0 0 1 0 0 1 1 1 0 1 0 1 0 1 1 0 0 1 1 1 1 0 0 1 0 1 1 0 1 1 1 0 1 1 0 1 0 0 0 1 1 1 1 1 1 29
0 0 1 0 0 0 0 1 0 0 1 1 0 0 0 0 1 1 0 1 0 0 1 1 1 1 0 0 0 0 0 1 1 1 1 1 0 1 1 1 0 0 0 0 1 1 1 1 1 1 25
0 0 0 0 1 0 0 0 0 1 1 1 1 1 1 0 1 0 0 1 0 0 1 0 1 0 0 0 1 0 1 1 0 1 1 0 0 1 1 1 1 0 0 0 1 1 1 1 1 1 26
0 0 1 0 0 0 0 0 1 0 1 1 0 1 0 0 1 0 1 1 0 1 1 1 1 1 1 0 1 0 1 1 0 1 0 1 0 1 1 1 0 0 1 0 1 1 1 1 1 1 29
0 1 1 0 0 0 0 1 0 0 1 1 0 0 0 0 1 0 0 1 0 1 1 1 1 0 0 0 0 0 1 1 1 1 1 1 0 0 1 0 1 0 1 0 1 1 1 1 1 1 26
0 1 0 0 0 1 0 1 0 1 1 1 1 1 1 0 1 0 1 1 0 0 1 1 1 0 1 0 0 0 1 1 1 1 1 0 1 0 1 0 0 0 0 0 1 1 1 1 1 1 29
0 0 1 0 0 0 0 1 0 1 1 0 0 1 0 0 1 1 0 1 0 0 1 1 0 1 1 0 0 0 1 1 1 1 1 1 0 1 1 0 0 0 0 0 1 0 1 1 1 1 25
0 0 0 0 0 0 0 1 0 0 1 1 0 1 0 0 1 1 1 1 0 0 1 1 0 1 0 0 1 1 1 0 0 1 1 1 0 1 1 0 0 0 0 0 1 1 1 1 1 1 25
0 0 0 1 0 0 0 0 0 0 0 0 0 0 1 0 1 0 0 0 0 0 1 1 0 0 0 0 0 0 1 0 1 1 1 1 0 0 1 1 0 0 0 0 1 1 1 1 1 1 18
1 0 1 0 1 0 0 1 0 1 1 1 0 0 1 0 1 1 0 1 0 0 1 1 1 1 0 0 0 0 1 0 1 1 0 0 0 1 1 0 0 0 1 0 1 1 1 1 1 1 27
0 0 1 0 0 0 0 0 0 0 1 1 0 1 1 0 1 0 0 1 0 0 1 1 0 1 0 0 0 0 0 1 0 1 1 0 1 1 0 1 0 0 1 0 1 1 1 1 1 1 23
0 0 1 0 0 1 0 0 0 0 1 1 0 1 1 0 1 1 1 0 0 0 1 1 1 0 0 0 0 0 1 1 1 0 0 1 1 0 1 1 0 0 1 0 1 1 1 1 1 1 26
1 0 1 0 0 0 0 0 1 0 1 1 1 1 0 0 1 0 0 1 0 0 1 0 1 0 0 0 1 0 0 1 1 0 1 0 0 1 1 1 0 0 1 0 1 1 1 1 1 1 25
0 0 1 0 0 0 0 1 0 1 1 1 0 1 0 0 1 0 0 1 0 0 1 1 0 0 0 0 1 0 0 1 0 1 1 1 0 0 1 0 1 1 1 0 1 1 1 1 1 1 25
0 1 1 0 0 0 0 1 0 0 1 1 0 1 1 0 1 1 0 1 1 0 1 1 1 0 0 0 0 0 1 1 1 1 1 0 0 0 1 1 0 0 1 0 1 1 1 1 1 1 28
0 0 1 0 0 0 0 1 0 0 1 1 0 1 0 1 0 0 0 1 0 1 1 1 0 0 1 0 1 0 1 1 0 0 1 1 1 1 1 1 0 0 1 0 1 0 1 1 1 1 26
0 1 1 0 0 0 0 1 0 1 1 1 1 0 1 0 1 1 0 1 0 0 1 0 1 0 1 0 0 0 1 1 1 1 1 0 0 1 1 1 0 1 0 0 1 1 1 1 1 1 29
0 1 1 0 1 1 0 1 0 1 1 1 1 1 0 0 0 0 1 1 0 0 1 1 0 0 0 1 0 1 1 1 0 1 1 0 0 0 1 1 1 0 1 0 1 1 1 1 1 1 30
0 0 1 0 0 0 0 1 0 0 1 1 0 0 0 0 0 0 0 0 0 0 1 0 0 0 0 0 0 1 1 1 0 0 1 1 0 1 1 1 1 0 1 0 1 1 1 1 1 1 21
0 0 1 0 0 0 0 1 1 0 1 1 0 0 0 0 1 1 0 0 0 0 1 1 1 0 1 0 1 0 1 1 1 1 0 0 0 1 0 0 1 0 1 0 1 1 1 1 1 1 25
1 1 1 0 0 0 0 1 0 1 1 1 0 0 0 0 1 0 0 1 0 0 1 1 1 0 1 0 0 1 0 1 1 1 1 0 1 0 1 0 1 1 0 0 1 1 1 1 1 1 28
0 0 1 0 1 0 0 1 0 1 1 1 0 1 1 0 1 1 1 0 0 0 1 1 0 0 0 0 1 1 0 1 1 1 0 0 1 1 1 0 0 0 1 0 1 0 1 1 1 1 27
1 0 1 0 0 0 0 1 0 1 1 0 0 0 1 0 1 1 0 1 0 0 1 1 1 0 0 0 0 0 1 1 1 1 1 1 1 1 1 1 1 0 1 0 1 1 1 1 1 1 30
0 0 1 0 0 1 0 1 0 0 1 1 0 1 0 0 1 1 1 1 0 0 1 1 0 0 0 0 1 0 0 1 1 1 1 1 0 1 1 1 1 0 1 1 1 1 1 1 1 1 30
0 1 1 0 0 1 0 0 0 0 0 1 0 0 1 0 0 0 1 1 0 0 1 0 1 1 0 1 1 1 0 1 0 1 0 1 1 0 1 0 0 0 1 0 1 1 1 1 1 1 25
1 0 0 0 0 0 0 0 0 1 1 0 0 0 0 0 1 0 0 1 0 0 1 1 1 0 0 0 1 0 0 1 0 1 1 1 0 0 1 1 0 1 1 0 1 1 1 1 1 1 23
0 0 1 0 0 0 0 1 0 0 1 1 0 1 1 0 1 0 1 1 0 1 1 0 0 1 0 1 0 0 1 1 1 1 1 1 1 1 1 0 1 0 1 0 1 0 1 1 1 1 29
0 1 1 0 0 1 0 0 0 0 1 0 0 1 1 0 1 0 0 1 0 0 1 1 0 0 0 0 0 1 0 1 1 1 0 1 0 0 1 0 0 0 1 0 1 1 1 1 1 1 23
0 0 0 0 0 1 0 0 0 1 1 0 0 1 1 0 1 1 0 1 0 0 1 1 1 1 0 0 1 1 1 1 0 1 1 1 0 0 1 0 0 1 1 0 1 1 1 1 1 1 28
0 0 1 1 0 1 0 0 1 1 0 0 0 0 1 0 1 0 1 1 0 0 1 0 0 0 1 0 0 0 0 1 1 1 0 0 0 0 1 0 1 0 0 0 1 1 1 1 1 1 22
1 0 1 0 0 1 0 1 0 1 1 1 0 0 1 0 1 0 0 0 0 0 1 1 1 0 0 0 1 0 1 1 1 1 1 0 0 1 1 0 1 1 0 0 1 1 1 1 1 1 28
0 0 1 1 0 0 0 1 0 0 1 1 0 1 1 0 1 1 1 1 0 0 1 1 0 0 0 0 0 0 1 1 1 1 1 0 0 0 0 0 0 1 1 0 1 1 1 1 1 1 26
0 0 1 0 0 0 0 0 1 0 1 0 0 1 1 0 1 0 1 1 0 0 1 1 0 0 0 0 1 0 0 1 0 1 1 0 0 1 1 0 0 0 0 0 1 1 1 1 1 1 22
0 0 1 0 0 0 0 1 0 0 1 1 0 0 1 1 1 1 1 0 0 0 1 1 0 0 0 0 1 0 1 1 0 1 1 0 0 0 1 0 0 0 1 0 1 1 1 1 1 1 24
0 0 1 0 0 1 0 0 0 0 1 1 0 1 0 0 0 0 1 0 0 0 1 1 1 0 0 0 0 1 1 1 1 1 1 1 0 0 1 1 1 0 1 0 1 1 1 1 1 1 26
0 0 1 0 0 1 0 0 0 1 1 1 0 0 0 0 0 1 1 0 0 0 1 1 1 0 0 0 0 0 1 1 1 1 1 0 0 1 0 1 1 0 1 0 0 1 1 1 1 1 24
1 0 1 0 0 0 0 1 0 1 0 1 0 1 0 0 1 1 1 1 0 0 1 1 0 1 0 0 0 0 0 1 1 1 1 0 0 0 1 1 0 0 1 0 1 1 1 1 1 1 26
0 0 1 0 0 1 0 1 0 1 1 1 0 1 0 1 1 0 1 1 0 0 1 1 1 0 0 0 1 0 1 1 1 1 1 0 1 0 1 1 1 0 0 0 1 1 1 1 1 1 30
0 0 1 0 0 0 0 1 0 1 1 1 0 1 1 1 1 1 1 1 0 0 1 1 0 0 0 0 0 0 1 1 0 1 1 1 0 1 1 0 1 0 1 0 1 1 0 1 1 1 28
0 0 1 0 1 0 0 1 0 0 1 0 0 0 1 0 0 1 1 1 0 0 1 1 0 0 0 0 0 0 0 1 1 0 1 1 1 1 1 1 1 0 1 0 1 1 1 1 1 1 26
0 0 1 0 0 0 0 1 0 0 1 0 0 1 0 0 1 0 1 1 0 0 1 1 0 1 1 1 1 0 1 1 1 1 1 0 1 0 1 0 0 0 1 0 1 1 1 1 1 1 27
0 0 1 0 0 0 0 0 0 0 1 0 0 1 0 0 1 0 1 1 0 0 1 1 0 0 0 0 1 0 0 1 0 1 1 0 0 0 1 0 1 1 1 0 1 1 1 1 1 1 22
0 0 1 0 0 0 0 1 0 0 1 1 0 1 1 0 0 0 1 1 0 0 1 1 0 0 0 0 1 0 0 1 1 1 1 1 0 1 1 0 0 1 1 0 1 0 1 1 1 1 25
0 0 1 0 0 0 0 1 0 1 0 1 0 0 0 0 1 0 0 1 0 0 1 1 1 0 0 0 0 0 1 1 0 1 1 1 0 1 1 0 1 0 1 0 1 0 1 1 1 1 23
0 0 1 0 0 0 0 1 0 0 1 1 0 0 0 0 1 0 1 0 0 0 1 1 1 0 1 1 1 0 1 1 1 1 1 1 0 1 1 1 0 0 1 0 0 1 1 1 1 1 27
0 0 1 0 1 1 0 1 1 0 0 0 0 0 1 0 1 0 0 0 0 0 1 1 1 0 0 0 0 1 1 1 0 1 1 0 1 1 1 0 0 0 1 0 1 1 1 1 1 1 25
0 1 1 0 0 0 0 1 0 1 1 1 0 1 0 0 0 1 1 0 0 1 1 0 1 0 0 0 0 0 1 1 1 1 1 1 0 0 1 0 1 0 1 0 1 1 1 1 1 1 27
0 1 1 0 0 0 0 0 1 1 1 1 1 0 0 1 0 0 1 1 0 0 1 1 1 0 1 0 1 0 1 1 0 1 1 1 1 1 0 0 0 0 1 0 1 1 1 1 1 1 29
0 0 1 0 0 0 0 1 0 0 1 1 0 0 0 0 1 1 0 0 1 0 1 1 1 0 0 0 0 0 1 0 0 1 0 0 0 1 0 0 0 1 1 0 1 1 1 1 1 1 21
0 1 1 1 0 0 0 1 0 1 1 1 0 0 1 1 1 1 1 0 0 0 1 1 1 0 0 0 1 0 0 0 0 1 1 0 0 0 1 0 0 0 1 0 1 1 1 1 1 1 26
0 0 0 0 0 0 0 1 0 0 1 1 0 1 0 0 1 0 0 0 0 0 1 1 0 0 0 0 0 0 1 1 1 1 1 0 1 1 1 0 0 1 0 0 1 1 1 1 1 1 22
0 0 1 1 0 1 0 1 0 0 1 1 0 1 1 0 1 1 0 1 0 1 1 1 0 0 0 0 1 0 1 1 1 1 0 1 0 0 1 0 0 0 0 0 1 1 1 1 1 1 27
0 0 0 0 1 0 0 1 0 0 1 1 0 0 1 0 0 0 1 1 0 0 1 0 0 0 0 0 0 1 1 1 0 1 1 0 0 1 1 1 0 0 1 0 1 1 1 1 1 1 23
0 1 1 0 0 0 0 1 0 0 1 0 0 1 1 0 1 0 1 0 0 0 1 0 0 0 0 0 0 0 1 1 1 1 1 1 1 0 1 0 0 0 0 0 1 1 1 1 1 1 23
0 0 1 0 0 0 0 0 1 0 1 1 0 0 1 0 1 0 0 1 0 0 1 1 1 0 0 0 0 0 1 1 1 1 1 1 0 0 0 0 0 0 1 0 1 1 1 1 1 1 23
0 0 1 0 0 0 0 0 0 1 1 1 0 1 0 0 1 1 1 1 0 0 1 1 1 0 0 0 1 0 1 1 1 1 1 1 1 0 1 0 0 0 1 0 1 1 0 1 1 1 27
0 0 1 0 0 0 0 0 0 0 1 1 0 1 0 0 1 0 0 1 0 0 1 0 0 0 0 0 0 0 0 1 1 1 0 1 1 1 1 0 0 0 1 0 1 1 1 1 1 1 21
0 0 1 0 1 1 0 0 0 1 1 1 0 0 1 0 0 0 0 1 0 0 1 1 0 1 1 0 1 0 1 0 0 0 1 0 1 1 1 0 1 1 1 0 1 1 1 1 1 1 27
0 1 1 0 0 0 0 1 0 1 1 0 0 0 0 0 1 1 1 0 0 0 1 1 1 0 0 0 1 1 1 1 1 1 0 0 0 1 1 0 0 0 1 0 1 1 0 1 1 1 25
0 0 1 0 0 0 0 1 0 1 1 1 0 0 1 0 1 0 1 1 0 0 1 1 0 0 0 0 0 0 1 1 1 1 1 1 0 0 1 1 0 1 1 0 1 1 1 1 1 1 27
0 0 1 1 0 1 0 0 1 1 1 1 0 0 0 0 1 1 0 1 0 0 1 1 0 0 1 0 0 0 1 1 0 1 0 0 0 0 1 0 0 0 1 0 1 1 1 1 1 1 24
0 0 1 0 1 0 0 1 0 0 1 1 0 0 1 1 0 0 0 1 1 1 1 0 0 0 1 0 0 1 1 1 1 0 1 0 0 0 1 1 0 0 1 0 1 1 1 1 1 1 26
1 0 1 0 0 0 0 1 0 1 1 1 0 0 0 0 0 1 0 0 0 0 1 1 1 0 1 0 0 0 0 1 1 1 0 1 0 1 1 1 0 1 1 0 1 1 1 1 1 1 26
0 0 1 0 0 0 0 0 1 1 1 1 0 0 1 0 1 0 0 1 0 0 1 1 1 0 0 0 0 0 1 1 0 0 0 0 0 1 1 0 0 0 1 0 1 1 1 1 1 1 22
0 1 1 0 0 0 0 1 1 1 1 1 0 1 0 0 1 0 0 1 0 0 1 1 0 0 0 0 0 1 1 1 1 1 1 0 0 0 1 0 0 0 1 0 1 1 1 1 1 1 26
0 0 1 0 1 0 0 0 1 1 0 1 0 0 0 0 0 0 0 1 0 0 1 1 0 0 0 0 1 0 1 1 1 1 0 1 1 1 1 0 0 1 1 0 1 1 1 1 1 1 25
0 0 1 0 0 0 0 0 0 1 1 1 0 0 1 1 1 0 1 1 0 0 1 0 0 1 0 0 1 0 1 1 0 1 1 1 0 0 1 0 0 1 1 0 1 1 0 1 1 1 25
0 0 1 0 0 0 0 0 0 0 1 0 0 1 0 0 0 1 0 1 0 0 1 1 0 0 1 0 1 0 1 1 1 0 1 0 0 0 1 0 0 0 1 0 1 0 1 1 1 1 20
0 0 1 0 0 0 0 1 1 0 1 1 0 1 0 0 1 0 1 1 0 0 1 0 0 1 0 0 0 0 0 1 1 1 0 0 0 1 1 0 1 0 1 0 1 1 1 1 1 1 24
0 0 1 0 0 0 1 0 0 0 1 1 0 1 0 0 1 1 1 1 0 1 1 1 1 1 1 0 0 0 0 1 1 1 1 0 0 1 1 1 1 1 0 0 1 1 1 1 1 1 30
0 0 1 0 0 0 0 1 0 1 1 0 0 0 1 1 1 1 1 1 0 0 1 1 0 0 0 0 1 0 0 1 1 1 0 1 0 1 1 1 0 0 0 0 1 1 1 1 1 1 26
0 0 0 0 0 1 0 0 0 0 1 1 0 1 0 0 0 1 1 0 0 0 1 1 1 0 0 0 1 0 1 1 0 1 1 0 0 0 1 0 0 0 1 0 1 1 1 1 1 1 22
0 0 1 0 0 0 0 0 0 1 1 1 0 0 1 0 1 1 1 0 0 0 1 1 0 0 1 0 1 0 1 1 1 1 0 0 0 0 1 0 0 1 1 0 1 1 1 1 1 1 25
0 0 1 0 0 1 0 1 0 0 0 1 0 0 1 0 1 1 1 1 0 0 1 1 1 1 0 0 0 0 1 0 1 1 0 0 1 0 1 1 0 0 1 0 1 0 1 1 1 1 25
0 0 0 0 0 1 0 0 0 1 1 0 0 1 1 0 1 0 0 1 0 0 1 1 1 1 0 0 1 0 1 1 1 1 0 1 0 0 1 0 0 0 1 0 1 1 1 1 1 1 25
0 0 1 0 0 0 0 0 1 0 1 1 0 0 0 0 1 1 1 0 0 0 1 1 0 1 0 0 1 1 1 1 1 1 1 1 1 0 1 0 0 1 1 0 1 1 1 1 1 1 28
0 0 1 0 0 1 0 0 0 0 1 1 0 0 1 0 1 0 1 0 0 0 1 1 0 1 1 0 1 1 1 1 1 1 1 0 1 0 1 0 1 0 1 0 0 1 1 1 1 1 27
0 0 1 0 0 0 0 0 0 0 1 1 0 0 1 0 1 1 1 1 1 0 1 1 0 1 0 0 0 1 0 1 1 1 1 1 0 1 1 1 0 0 1 0 1 1 1 1 1 1 28
0 0 1 0 0 0 0 0 0 0 1 1 0 0 0 0 0 0 0 1 0 0 1 1 0 0 0 0 0 0 1 1 0 1 1 1 0 0 1 1 1 0 0 0 1 1 1 1 1 1 20
0 0 1 0 0 0 0 0 1 0 1 1 0 1 1 0 0 0 1 1 0 0 1 0 0 1 0 0 0 0 0 1 1 1 1 1 0 1 1 1 0 0 1 1 1 0 1 1 1 1 25
0 0 1 0 0 0 0 1 0 0 1 1 0 1 0 0 1 1 1 1 0 0 1 1 1 0 1 0 1 0 0 1 0 1 1 0 1 0 1 0 0 0 1 0 1 1 1 1 1 1 26
0 0 1 0 0 0 0 0 1 1 1 1 0 0 0 0 1 1 0 1 0 0 1 0 1 1 0 0 0 1 1 1 0 1 1 1 1 0 1 1 0 1 1 1 1 1 1 1 1 1 29
0 0 1 0 0 1 1 1 1 1 1 1 0 0 0 0 0 1 0 1 0 0 1 1 0 0 0 0 0 0 1 1 0 1 0 1 0 1 1 1 0 1 0 0 1 1 1 1 1 1 26
0 0 1 0 0 0 0 1 0 0 1 1 0 0 0 0 0 1 0 0 0 0 1 1 1 0 0 0 0 1 1 1 0 1 1 0 0 0 1 0 1 1 1 1 1 1 1 1 1 1 24
0 1 1 0 0 0 0 0 0 0 1 1 0 0 0 0 1 0 0 0 0 0 1 1 0 1 0 0 0 0 1 1 1 1 1 0 1 1 1 1 1 0 1 0 1 1 1 1 1 1 25
0 1 1 0 0 0 0 0 0 0 1 1 0 1 0 0 1 1 0 0 0 0 1 1 0 1 0 1 0 1 1 1 1 1 1 1 0 0 1 0 1 0 0 0 1 1 1 1 1 1 26
0 1 1 0 0 0 0 0 0 1 1 0 0 1 0 0 1 1 0 1 0 1 1 1 0 0 1 0 1 0 1 1 1 1 1 0 1 0 1 0 0 0 1 0 1 1 1 1 1 1 27
0 0 1 0 0 0 0 0 0 0 1 1 0 1 0 0 1 1 1 0 0 0 1 1 0 0 0 1 0 0 1 1 1 1 1 0 1 0 1 0 1 0 1 0 1 1 1 1 1 1 25
0 0 0 0 0 0 0 1 0 0 1 1 0 0 0 0 1 1 0 1 0 0 1 1 1 0 0 0 1 0 1 1 1 1 1 1 0 1 1 0 1 0 1 1 1 1 1 1 1 1 27
0 0 1 0 0 0 0 1 0 1 1 1 0 0 1 0 1 0 1 0 0 0 1 1 0 0 0 0 1 0 1 1 1 1 0 1 1 1 1 0 0 0 1 0 1 1 1 1 1 1 26
1 0 1 0 0 0 0 0 0 1 1 1 0 1 0 0 1 1 1 0 0 0 1 0 1 0 0 0 0 0 1 1 1 1 1 1 0 0 1 1 1 0 0 0 0 1 1 1 1 1 25
0 0 1 0 0 1 0 1 0 0 1 1 0 1 0 0 1 0 0 1 0 0 1 1 0 0 1 0 0 0 1 1 1 1 1 1 0 1 1 0 1 0 1 0 0 1 1 1 1 1 26
0 0 1 0 0 0 0 1 0 0 1 1 0 1 0 0 0 0 1 1 0 0 1 1 1 1 0 0 1 0 0 1 1 1 1 0 0 1 1 0 0 1 1 0 1 1 1 1 1 1 26
0 0 1 0 0 0 0 1 0 1 1 1 0 1 0 0 1 1 1 0 0 0 1 1 0 0 0 0 0 0 0 1 0 0 1 1 0 0 1 0 0 1 1 0 0 1 1 1 1 1 22
0 0 1 0 0 0 0 0 0 0 1 1 1 1 1 0 1 1 1 0 0 0 1 1 0 0 0 0 0 1 1 1 0 1 0 0 0 0 1 1 0 0 1 0 0 1 1 1 1 1 23
0 0 0 0 1 1 0 0 1 0 1 0 0 1 0 0 1 1 0 1 0 0 1 1 1 0 0 0 1 1 1 1 1 0 1 1 1 0 1 1 0 0 1 0 1 1 1 1 1 1 28
0 1 1 0 0 1 1 0 0 0 0 1 0 0 0 0 0 0 0 0 0 0 1 1 1 0 0 0 1 1 1 1 0 1 1 0 1 0 1 0 0 0 1 0 1 0 1 1 1 1 22
0 0 1 0 0 0 0 1 0 0 1 1 0 1 0 0 1 0 0 1 0 0 1 1 0 1 0 0 0 1 1 1 1 1 1 0 0 0 1 1 0 1 1 0 1 0 1 1 1 1 25
0 0 0 0 0 0 0 0 0 1 1 1 0 0 0 0 1 0 1 1 0 0 1 1 1 0 0 0 0 1 1 1 0 1 1 0 1 0 0 1 1 1 1 0 1 1 1 1 1 1 25
0 0 1 0 0 0 0 1 0 1 1 0 0 0 0 0 0 0 1 1 0 0 1 1 1 0 0 0 0 0 1 1 1 1 1 0 1 1 1 1 0 0 0 0 1 1 1 1 1 1 24
0 0 1 0 0 0 0 0 0 0 1 1 0 1 0 0 1 1 1 1 1 1 1 1 0 0 0 0 0 0 1 1 1 1 0 1 0 1 1 1 1 0 1 0 1 1 1 1 1 1 28
0 0 1 0 0 0 0 1 0 0 0 1 0 1 1 0 1 0 0 1 0 0 1 0 0 0 0 0 1 0 0 1 1 1 1 0 1 1 1 0 0 1 0 0 1 1 1 1 1 1 23
0 0 1 0 0 1 0 0 0 1 1 1 0 1 1 0 1 0 1 1 0 0 1 1 0 1 0 0 1 0 1 1 0 1 1 1 1 0 1 1 0 0 1 0 1 1 1 1 1 1 29
0 0 1 0 0 0 0 0 0 0 0 1 0 1 0 0 1 0 1 0 0 1 1 1 0 0 0 0 0 0 1 1 1 1 1 0 0 0 1 0 0 0 1 0 1 1 1 1 1 1 21
0 1 1 0 0 1 0 1 0 0 1 1 0 1 1 0 1 0 1 1 0 0 1 1 0 1 1 0 0 1 1 1 1 1 1 1 0 1 1 0 0 1 1 0 1 1 1 1 1 1 32
0 0 1 0 0 0 0 0 0 0 1 1 0 0 1 0 1 0 0 0 0 1 1 1 0 0 0 0 1 0 1 1 0 1 1 1 1 0 1 0 1 0 0 0 1 1 1 1 1 1 23
0 0 1 0 0 1 0 1 0 0 1 1 0 1 0 0 0 1 0 1 0 0 1 1 1 1 0 0 0 0 1 1 1 1 1 1 0 0 1 1 0 0 0 0 1 1 1 1 1 1 26
0 0 1 0 0 1 0 0 1 0 1 0 0 0 1 0 1 1 1 0 0 0 1 1 0 0 1 0 0 0 1 1 1 1 1 0 1 1 1 1 0 1 0 0 1 1 1 1 1 1 27
0 0 1 0 1 1 0 1 0 0 1 1 0 1 0 0 1 1 1 1 0 0 1 1 0 0 0 0 1 0 1 1 1 1 0 1 0 1 0 1 0 0 0 0 1 1 1 1 1 1 27
0 0 0 0 1 1 0 0 1 1 1 1 0 1 0 0 0 0 1 0 0 0 1 1 0 1 1 0 0 0 1 1 0 1 0 0 0 0 1 1 0 0 1 0 1 1 1 1 1 1 24
0 0 1 0 0 0 0 0 0 1 1 1 0 0 0 0 1 0 0 0 0 0 1 1 1 0 1 0 0 0 0 1 1 1 0 0 0 0 1 0 0 0 1 0 1 1 1 1 1 1 20
0 0 1 0 1 1 0 0 0 1 1 1 0 1 0 0 0 0 1 1 0 0 1 1 0 0 0 0 0 1 1 1 0 1 0 0 0 0 1 0 0 0 1 0 1 1 1 1 1 1 23
0 1 1 0 0 0 0 1 0 1 1 1 0 1 1 0 1 0 0 1 0 0 1 1 0 0 0 1 1 0 0 1 0 0 1 1 1 0 1 1 1 1 1 0 1 0 1 1 1 1 28
0 0 1 0 0 0 0 0 0 0 1 1 0 1 0 0 1 0 0 1 0 0 1 1 0 0 0 1 1 0 1 1 1 1 1 1 0 0 1 0 0 0 1 0 1 1 1 1 1 1 24
0 0 1 0 1 1 0 1 0 0 1 1 0 0 0 0 1 1 0 1 0 0 1 0 0 1 0 0 1 0 1 1 1 1 0 1 0 0 0 1 0 0 1 0 1 1 1 1 1 1 25
0 0 1 0 0 0 0 1 0 0 1 1 0 1 0 1 1 0 0 1 0 0 1 1 1 1 0 0 0 0 1 1 0 1 1 0 0 0 1 1 0 0 0 0 1 1 1 1 1 1 24
0 0 1 0 0 0 0 0 0 0 1 0 0 1 0 0 1 1 1 1 0 0 1 1 0 0 0 0 0 1 0 1 1 1 1 1 1 1 1 0 0 1 1 0 0 1 1 1 1 1 25
0 1 1 0 0 0 0 1 0 0 0 1 0 1 0 0 1 0 1 1 0 0 1 0 1 1 0 1 0 0 1 0 1 1 0 1 0 0 0 0 0 0 1 0 1 1 1 1 1 1 23
0 0 1 1 0 1 0 0 1 0 1 1 0 0 0 0 1 1 1 0 0 0 1 1 0 0 0 0 0 0 1 1 0 1 0 1 0 0 1 0 0 1 0 0 1 1 1 1 1 1 23
0 0 1 0 0 0 0 1 0 1 1 0 0 1 0 0 1 1 1 1 0 0 1 1 1 0 0 0 0 0 1 1 1 1 0 0 0 0 1 0 1 0 1 0 1 1 1 1 1 1 25
0 0 0 0 0 0 0 1 0 1 1 1 0 1 0 0 0 1 0 1 0 0 1 1 0 1 0 0 1 0 1 1 1 1 1 1 1 0 1 0 0 0 1 0 1 1 1 1 1 1 26
0 0 1 0 1 1 0 0 1 1 1 0 0 1 0 1 1 1 1 0 0 1 1 1 0 1 1 0 0 0 0 1 1 1 1 1 1 0 1 0 1 1 1 0 1 1 1 1 1 1 32
0 0 1 0 0 0 0 0 1 1 1 1 0 1 1 0 1 1 0 1 0 0 1 1 1 0 0 0 0 1 1 1 1 1 1 1 0 0 1 0 0 0 0 0 1 1 1 1 1 1 27
0 0 1 0 1 0 0 1 0 0 1 1 0 1 0 0 1 1 1 1 0 0 1 1 0 0 0 0 0 0 0 1 1 1 1 0 0 0 0 1 0 0 0 0 1 1 1 1 1 1 23
0 0 1 0 0 0 0 1 0 1 1 1 0 1 1 0 0 0 0 0 0 0 1 1 0 0 0 1 1 0 1 1 0 0 0 0 1 1 1 1 0 0 1 0 1 1 1 1 1 1 24
0 0 1 0 0 1 0 1 0 0 1 1 0 0 1 1 1 1 0 1 0 0 1 0 0 0 0 0 0 1 1 0 0 1 1 1 0 0 1 0 0 1 1 0 1 1 1 1 1 1 25
0 0 1 1 1 1 0 1 0 0 1 1 0 1 1 0 1 0 0 0 0 0 1 0 1 0 0 0 0 0 0 1 0 1 0 0 0 0 1 1 0 1 0 0 1 0 1 1 1 1 22
0 0 1 0 0 1 0 0 1 1 1 1 0 1 1 0 1 0 1 1 0 0 1 1 1 0 0 0 1 1 1 1 0 1 1 0 1 1 1 0 1 0 0 0 1 1 1 1 1 1 30
0 0 0 0 1 0 0 1 1 0 1 1 0 1 1 0 1 0 1 1 0 0 1 0 0 1 0 0 0 0 1 1 1 0 1 1 0 0 0 1 0 0 1 0 1 1 1 1 1 1 25
0 0 1 0 1 0 0 1 0 0 1 0 0 0 0 0 0 1 1 1 0 0 1 1 1 0 0 0 0 0 0 1 1 0 1 1 0 1 1 0 0 1 0 0 1 0 1 1 1 1 22
0 1 1 0 0 1 0 0 0 1 0 1 0 1 0 0 1 0 0 1 0 0 1 0 1 1 0 1 1 0 1 0 1 1 0 0 1 0 1 0 1 0 1 0 1 1 1 1 1 1 26
0 0 1 1 0 0 0 0 1 0 0 1 0 0 1 0 0 1 0 1 0 1 1 1 0 0 0 0 0 1 1 1 0 0 1 0 1 0 1 0 1 0 1 0 1 1 1 1 1 1 24
0 0 1 0 0 0 0 1 0 1 1 1 0 1 1 0 1 0 1 1 0 0 1 1 0 0 0 0 1 1 1 1 0 1 0 1 0 1 1 1 1 0 1 0 0 1 1 1 1 1 28
0 0 1 0 0 0 0 0 0 0 1 1 0 1 0 0 1 0 1 0 0 0 1 1 0 0 1 0 0 1 1 0 1 1 1 0 0 0 1 0 1 0 1 0 1 1 1 1 1 1 23
0 0 1 0 1 1 0 0 0 1 1 1 0 1 0 0 1 0 1 1 0 0 1 1 0 1 0 0 0 0 1 1 0 1 1 0 0 1 1 1 0 0 0 0 1 1 1 1 1 1 26
0 0 1 0 1 0 0 0 0 0 1 1 0 1 1 0 0 0 1 0 0 0 1 1 0 1 0 0 1 1 1 1 0 1 0 0 0 1 1 0 0 0 1 0 1 1 1 1 1 1 24
0 0 1 0 1 1 0 1 0 0 1 1 0 1 0 0 0 0 1 1 0 0 1 1 0 0 0 0 1 1 1 1 0 1 1 0 0 1 1 0 0 0 1 0 1 1 1 1 1 1 26
0 0 1 0 0 0 0 1 0 0 1 1 1 1 1 1 0 0 0 0 0 0 1 0 1 1 0 0 0 0 0 1 1 1 0 1 1 0 1 0 0 0 1 0 1 1 1 1 1 1 24
0 0 0 0 0 0 0 1 0 0 1 1 0 1 1 0 0 0 0 0 0 0 1 1 0 0 0 0 1 0 1 1 1 1 0 1 0 0 1 0 0 1 0 0 1 1 1 1 1 1 21
0 0 1 1 0 0 0 0 0 0 1 1 0 1 0 0 1 0 0 1 1 0 1 1 1 0 0 0 0 0 1 1 1 1 1 0 0 0 1 1 0 0 1 0 1 0 1 1 1 1 24
0 0 1 0 0 0 0 0 0 0 1 1 0 1 0 0 0 0 1 0 0 0 1 1 0 1 0 0 0 0 1 1 0 1 0 0 0 1 1 0 0 0 1 0 1 1 1 1 1 1 20
0 0 1 0 0 0 0 1 0 1 1 1 0 1 1 0 1 1 0 0 0 0 1 1 0 1 0 1 1 0 1 1 1 1 0 0 0 0 1 0 0 0 1 0 1 1 1 1 1 1 26
0 1 1 0 0 0 0 0 0 1 1 1 0 0 0 0 1 0 1 1 0 0 0 1 0 0 0 0 0 1 1 1 1 1 0 0 0 1 0 1 1 0 0 0 1 1 1 1 1 1 23
0 1 1 0 0 0 0 0 1 1 1 1 0 0 0 0 1 0 1 0 0 0 1 1 1 0 1 0 0 0 1 1 1 1 1 0 0 0 1 1 0 1 1 0 1 1 1 1 1 1 27
0 1 1 0 0 1 0 0 0 1 1 1 1 1 1 0 0 1 1 0 0 1 1 1 0 1 0 0 0 0 0 0 0 1 0 0 0 0 1 1 0 0 0 0 1 1 1 1 1 1 24
0 0 1 0 1 0 0 0 0 1 1 1 0 1 1 1 0 0 1 0 0 1 1 1 1 0 0 0 1 1 1 1 1 1 1 0 0 0 1 1 0 0 0 0 1 0 1 1 1 1 27
0 0 1 0 0 0 0 1 0 1 1 1 0 0 1 1 1 0 1 0 0 0 1 1 0 1 0 0 0 0 1 1 1 1 1 0 0 0 1 0 0 0 0 0 1 0 1 1 1 1 23
0 1 1 0 0 1 0 1 0 1 1 0 1 0 0 0 1 0 1 0 0 0 0 1 1 1 0 0 0 0 1 1 0 1 1 1 0 0 1 0 1 0 1 0 1 1 1 1 1 1 26
0 0 0 0 0 1 0 1 0 0 1 1 0 1 0 0 0 0 0 0 0 0 1 1 0 0 0 0 0 0 1 1 1 1 1 0 0 0 0 0 0 0 0 0 0 1 1 1 1 1 17
0 1 1 1 0 1 0 1 0 1 0 1 0 1 0 0 0 0 0 1 1 0 1 1 1 1 0 0 0 1 1 1 0 1 0 1 0 1 1 1 1 1 1 0 1 1 1 1 1 1 31
0 0 1 0 0 1 0 0 0 0 1 1 0 0 0 0 0 1 0 1 0 0 1 1 0 1 0 0 1 0 1 1 1 1 0 0 0 1 1 1 0 0 0 0 1 1 1 1 1 1 23
0 0 0 0 0 0 0 0 0 1 1 1 0 0 1 0 1 0 1 0 0 0 1 1 0 1 0 0 1 0 0 1 0 1 1 1 0 0 1 0 1 0 0 0 0 1 1 1 1 1 21
0 0 1 0 0 0 0 0 1 0 1 1 0 0 1 0 0 1 1 1 0 1 1 1 0 0 0 0 0 0 1 1 1 0 1 1 0 1 1 0 0 0 0 0 1 1 1 1 1 1 24
0 0 1 0 0 0 0 0 0 0 1 1 0 1 0 0 0 1 1 0 0 0 1 1 0 0 1 0 1 0 1 0 1 1 0 1 0 0 1 0 0 1 1 0 1 1 1 1 1 1 23
1 0 1 0 0 1 0 0 0 1 1 0 0 0 0 0 1 1 0 1 0 0 1 1 0 0 1 0 0 1 1 1 1 1 1 1 1 0 1 1 0 0 1 0 1 1 1 1 1 1 28
0 0 1 0 0 1 0 0 0 1 1 1 0 0 0 0 1 0 1 1 0 0 1 1 0 0 1 1 0 0 1 1 1 0 1 1 0 0 1 0 0 0 0 0 1 1 1 1 1 1 24
0 0 1 0 1 1 0 1 0 0 1 1 0 1 0 1 1 0 0 0 0 0 0 1 1 0 0 0 0 0 0 1 1 1 0 1 1 0 1 0 0 0 1 0 1 1 0 1 1 1 23
0 0 1 0 0 0 0 1 0 0 1 1 1 1 1 0 1 0 0 0 0 0 1 0 0 0 0 0 0 1 1 1 1 0 1 1 0 0 1 0 0 0 1 0 1 1 1 1 1 1 23
0 0 0 0 0 0 0 0 0 0 1 1 0 0 0 0 1 1 0 1 0 0 1 0 0 0 0 0 0 0 1 1 1 1 1 0 0 0 1 0 1 0 1 1 1 1 1 1 1 1 21
0 1 1 0 0 0 0 1 0 0 1 0 0 1 0 0 1 0 1 0 0 0 1 1 1 0 0 0 0 0 1 1 0 1 1 1 0 1 1 0 0 1 1 0 1 1 1 1 1 1 25
0 0 1 0 0 0 0 0 0 0 1 1 0 0 1 0 1 1 1 1 0 0 1 0 0 1 0 1 0 1 1 0 1 1 0 1 0 1 0 1 1 0 1 0 1 1 1 1 1 1 26
0 1 1 1 0 1 0 0 0 0 1 1 0 1 0 0 1 0 1 1 0 0 1 1 1 0 0 0 0 0 1 1 1 1 1 0 0 1 1 0 0 0 1 0 1 1 1 1 1 1 27
0 0 1 1 0 0 0 1 0 0 1 1 0 1 1 0 0 1 1 0 0 1 1 0 0 1 0 0 1 0 1 1 0 1 1 0 0 0 1 0 0 0 1 0 1 1 1 1 1 1 25
0 0 1 0 0 0 0 1 0 1 1 1 0 0 1 1 1 1 1 1 0 0 1 0 0 0 1 0 0 0 1 1 0 0 0 0 1 0 1 0 0 0 1 0 1 1 1 1 1 1 24
0 0 1 0 0 1 1 0 0 0 1 0 0 0 0 1 0 1 1 0 0 0 1 1 1 0 0 0 1 0 1 1 1 1 1 0 1 0 0 0 0 0 0 0 1 1 1 1 1 1 23
0 0 1 0 0 0 0 1 0 0 1 1 0 1 0 0 0 1 1 1 0 0 1 1 0 0 0 0 0 1 1 1 0 1 0 0 0 0 1 1 0 0 1 0 1 1 1 1 1 1 23
0 0 1 0 0 0 0 1 0 1 0 1 0 1 1 0 0 1 1 1 0 0 1 1 0 1 1 0 0 0 0 1 0 1 1 0 0 0 1 0 0 1 1 0 1 1 1 1 1 1 25
0 0 1 0 0 0 0 1 0 1 1 1 0 0 0 0 1 0 0 0 0 0 1 1 1 1 0 0 0 1 1 1 0 1 0 1 1 1 1 0 0 1 1 0 1 1 1 1 1 1 26
0 0 0 0 0 0 0 1 0 1 1 1 0 0 0 0 1 0 0 1 0 0 1 1 0 0 0 0 0 0 1 1 0 1 0 0 0 0 1 0 0 1 1 0 0 1 1 1 1 1 19
0 0 1 0 0 0 0 0 1 0 0 1 0 1 0 0 0 0 0 1 0 0 1 0 0 0 0 0 0 1 1 1 1 1 1 1 0 0 1 0 1 0 1 0 1 1 1 1 1 1 22
1 0 1 0 0 0 0 0 0 0 1 1 0 0 1 0 1 1 1 1 0 0 1 1 0 0 0 0 1 1 0 1 1 1 1 1 1 0 1 1 0 0 1 0 1 1 1 1 1 1 28
0 0 1 0 0 0 0 1 0 0 1 1 0 0 0 0 0 1 0 1 0 0 0 1 1 0 0 0 1 0 1 1 0 0 0 1 0 0 1 0 0 0 0 0 0 1 1 0 1 1 17
0 0 1 0 0 0 0 0 1 0 1 1 0 1 0 0 0 1 1 0 1 0 1 1 1 1 0 0 0 0 0 1 1 1 0 1 0 0 1 0 0 0 1 0 1 0 1 1 1 1 23
0 0 1 0 1 0 0 0 0 0 1 1 0 0 0 0 1 0 0 1 0 1 1 0 0 1 1 0 0 1 1 0 1 0 0 1 0 0 1 0 0 0 1 0 1 1 1 1 1 1 22
0 0 1 0 0 0 0 1 0 0 1 1 0 0 0 0 0 1 1 0 0 0 1 0 0 0 0 0 0 1 1 1 1 1 1 0 0 0 0 1 1 0 1 0 1 0 1 1 1 1 21
0 0 1 0 0 0 0 0 0 1 1 1 0 1 0 0 1 0 0 1 0 0 1 1 0 0 0 0 1 0 1 0 0 1 0 0 0 0 1 0 0 1 1 0 1 1 1 1 1 1 21
0 0 1 0 0 0 0 0 0 0 1 1 0 0 0 0 1 0 1 1 0 0 1 1 1 0 0 0 0 0 1 1 1 1 1 1 0 0 1 0 0 0 0 0 1 1 1 1 1 1 22
0 0 1 0 0 0 0 0 1 0 1 0 0 1 0 0 1 0 0 0 0 0 1 1 1 1 0 0 0 0 0 1 0 1 0 1 1 0 1 0 0 0 1 0 1 0 0 1 1 1 19
0 1 1 0 0 0 0 0 0 1 1 1 0 1 0 0 0 0 1 1 0 1 1 1 1 0 1 0 1 0 1 1 1 1 1 0 0 1 1 0 0 0 0 0 1 1 1 1 1 1 27
0 0 1 0 0 0 0 1 0 0 1 1 0 0 0 0 0 1 1 0 0 0 1 1 1 1 0 0 1 1 1 0 1 1 1 1 0 1 1 1 0 0 1 0 1 1 1 1 1 1 27
0 0 1 0 0 0 0 1 1 0 0 1 0 0 0 0 1 1 0 0 0 1 1 1 1 0 0 0 0 0 1 1 0 1 1 1 1 1 1 0 0 0 0 0 1 1 1 1 1 1 24
0 0 0 0 0 0 0 1 1 0 1 1 0 1 1 0 1 0 1 1 0 0 1 1 1 1 0 0 1 0 1 0 1 1 1 1 1 0 1 1 0 0 1 0 1 1 1 1 1 1 29
0 0 1 0 1 0 0 0 0 1 1 1 0 0 0 0 1 0 1 1 0 1 1 0 0 0 0 1 1 0 0 1 0 0 1 0 1 0 1 1 1 0 1 0 1 1 1 1 1 1 25
0 0 1 0 1 0 0 1 0 0 1 1 0 0 0 0 1 0 1 0 0 0 1 0 0 0 0 0 1 0 1 0 1 1 1 0 1 0 1 0 0 0 0 0 1 1 1 1 1 1 21
0 0 1 0 0 1 0 1 0 1 1 1 0 1 0 0 1 1 1 0 0 0 1 1 0 0 1 0 0 0 1 1 0 1 1 1 0 1 1 1 0 1 0 0 1 1 1 1 1 1 28
0 0 1 0 0 0 0 1 1 0 1 1 0 0 0 0 1 1 1 1 1 0 1 0 1 0 0 0 0 0 1 1 1 1 1 1 0 0 1 1 0 0 0 0 1 0 1 1 1 1 25
0 0 1 0 0 0 0 0 0 0 1 1 0 0 0 0 1 1 1 1 0 0 1 0 0 1 0 0 1 0 1 1 0 1 1 0 1 0 1 1 0 1 1 0 0 1 1 1 1 1 24
0 0 1 0 0 1 0 1 1 0 1 1 1 1 0 0 0 0 0 1 0 0 0 1 0 0 0 0 0 1 1 1 1 1 0 0 0 1 1 0 0 1 0 0 1 0 1 1 1 1 23
0 0 1 0 0 0 0 1 0 1 1 1 1 1 1 0 0 0 1 1 0 0 1 1 0 1 0 0 1 0 1 1 0 1 0 1 0 0 0 0 0 0 0 1 1 1 1 1 1 1 25
1 0 1 0 0 0 0 1 0 0 1 1 0 1 0 0 1 0 0 0 0 1 1 1 0 1 0 1 0 1 1 0 1 1 1 1 1 1 1 0 1 0 1 0 1 1 1 1 1 1 29
0 0 1 0 1 0 0 0 0 0 1 0 0 1 0 0 1 0 0 1 0 0 1 0 0 0 1 0 0 0 1 1 1 1 0 0 0 0 1 0 0 0 1 0 1 1 1 1 1 1 20
0 0 1 1 0 0 0 1 0 0 1 1 0 1 0 0 0 0 0 0 0 0 1 1 0 0 1 0 1 1 1 1 1 1 1 0 0 0 1 1 0 1 1 0 1 1 1 1 1 1 26
0 0 1 0 0 1 0 1 0 0 1 1 0 1 0 0 1 0 1 1 0 0 1 1 0 0 0 0 0 0 1 1 1 1 1 1 1 0 1 0 1 0 0 0 1 1 1 1 1 1 26
13 41 225 18 40 73 8 133 49 105 227 209 17 144 102 27 169 100 138 161 15 30 243 196 102 80 48 23 93 63 190 225 155 224 178 134 78 93 223 94 69 67 177 12 232 221 239 249 249 249 6250
