1 0 1 1 0 1 1 1 0 1 1 0 1 0 0 1 1 1 1 0 0 0 1 0 0 1 1 1 0 0 0 0 0 0 0 0 0 0 0 0 0 0 0 0 0 0 0 0 0 0 17
0 1 1 0 0 1 1 1 0 0 1 0 0 0 0 0 1 1 1 0 0 1 1 0 1 1 0 1 0 0 0 1 1 0 0 0 0 0 0 0 0 0 0 0 0 0 0 0 0 0 16
1 0 1 1 0 1 1 1 0 1 0 1 0 1 0 0 0 1 1 1 0 1 1 1 1 0 0 0 0 0 0 1 1 0 0 0 0 0 0 0 0 0 0 1 0 0 0 0 0 0 19
1 0 1 1 1 0 1 1 0 1 0 0 0 0 0 0 0 1 1 1 0 1 1 0 1 0 1 1 0 0 0 0 0 0 0 0 0 0 0 0 0 0 0 0 0 0 0 0 0 0 15
0 0 1 0 0 1 1 1 0 1 1 0 0 0 0 1 0 1 1 0 0 1 1 1 0 1 0 1 0 0 0 1 0 1 0 0 0 0 0 0 0 0 0 0 0 0 0 0 0 0 16
0 0 1 0 0 1 1 1 0 1 1 1 0 0 0 0 1 0 1 0 0 1 1 0 1 0 0 1 0 0 0 1 0 0 0 0 0 0 0 0 0 0 0 0 0 0 0 0 0 0 14
1 0 1 0 0 1 1 1 0 0 1 0 0 0 0 0 0 1 1 0 0 1 1 1 1 1 0 1 0 0 0 1 0 0 0 0 0 0 0 0 0 0 0 0 0 0 0 0 0 0 15
0 0 1 1 1 1 1 1 0 0 1 1 0 0 0 1 1 1 1 0 0 0 1 0 1 1 0 0 0 0 0 0 1 0 0 0 0 0 0 0 0 0 0 0 0 0 0 0 0 0 16
0 1 1 0 1 1 0 1 0 0 1 0 0 0 0 1 0 1 1 1 0 1 0 0 1 1 0 1 0 0 0 0 0 0 0 0 0 0 0 0 0 0 0 0 0 0 0 0 0 0 14
1 1 1 0 0 1 1 1 0 0 1 1 0 0 0 1 0 0 1 1 0 0 1 0 1 1 1 0 0 0 0 1 0 0 0 0 0 0 0 0 0 0 0 0 0 0 0 0 0 0 16
1 1 0 1 0 1 1 1 0 0 1 0 0 1 0 0 1 1 1 0 0 1 1 1 1 1 0 1 0 0 0 1 0 0 0 0 0 0 0 0 0 0 0 0 0 0 0 0 0 0 18
1 0 1 0 0 1 1 1 0 1 1 1 0 0 0 1 1 1 1 0 0 1 1 0 1 1 1 1 0 0 1 1 0 0 0 0 0 0 0 0 0 0 0 0 0 0 0 0 0 0 20
0 0 1 0 0 1 1 1 0 1 1 1 1 0 0 0 0 1 1 1 0 1 1 0 1 1 1 1 0 0 0 1 0 0 0 0 0 0 0 0 0 0 0 0 0 0 0 0 0 0 18
0 0 1 0 0 1 1 1 0 1 1 0 0 0 0 1 1 1 1 1 0 1 0 1 1 1 1 1 1 0 1 1 0 0 0 0 0 0 0 0 0 0 0 0 0 0 0 0 0 0 20
1 1 1 1 0 0 1 1 0 1 1 1 0 0 0 1 0 1 1 1 0 1 1 0 0 1 1 1 0 1 0 1 0 0 0 0 0 0 0 0 0 0 0 0 0 0 0 0 0 0 20
1 0 1 0 0 1 1 1 0 0 1 0 0 0 0 1 0 1 1 1 0 1 1 1 1 0 0 1 0 0 0 0 0 0 0 0 0 0 0 0 0 0 0 0 0 0 0 0 0 0 15
1 1 1 0 0 0 1 1 0 1 0 0 0 1 0 0 0 1 1 1 0 0 1 0 1 1 0 1 0 0 0 1 0 0 0 0 0 0 0 0 0 0 0 0 0 0 0 0 0 0 15
0 1 1 0 0 1 1 1 0 0 0 1 0 0 0 1 0 1 1 1 0 1 1 0 0 0 0 1 0 0 0 1 0 0 0 0 0 0 0 0 0 0 0 0 0 0 0 0 0 0 14
1 1 1 1 0 1 1 1 0 0 1 0 0 0 0 1 0 1 1 0 0 0 1 0 1 0 1 1 1 0 0 1 0 0 0 0 0 0 0 0 0 0 0 0 0 0 0 0 0 0 17
0 0 1 1 0 1 0 1 0 0 0 0 0 0 0 1 0 0 1 0 0 0 1 0 1 1 0 1 0 0 1 1 0 0 0 0 0 0 0 0 0 0 0 0 0 0 0 0 0 0 12
1 0 1 0 0 0 1 0 0 0 0 0 0 0 1 1 0 1 1 1 1 1 1 0 1 1 0 0 0 0 0 0 0 0 0 0 0 1 0 0 0 0 0 0 0 0 0 0 0 0 14
0 1 1 1 0 1 1 1 0 1 1 0 0 0 0 0 1 1 1 1 0 1 1 0 0 1 1 1 0 0 0 1 0 0 0 0 0 0 0 0 0 0 0 0 0 0 0 0 0 0 18
1 0 1 0 0 1 0 1 1 0 1 1 0 0 0 0 0 1 1 0 0 0 0 0 1 0 1 1 0 1 0 1 0 0 0 0 0 0 0 0 0 0 0 0 0 0 0 0 0 0 14
1 0 1 1 1 1 1 1 0 1 1 0 0 0 0 0 1 1 1 1 0 0 1 1 1 1 0 1 0 0 0 0 0 0 0 0 0 0 0 0 0 0 0 0 0 0 0 0 0 0 18
1 0 1 0 0 0 1 1 0 1 1 0 0 0 0 0 0 1 1 1 0 0 1 1 0 1 0 1 0 0 1 1 0 0 0 0 0 0 0 0 0 0 0 0 0 0 0 0 0 0 15
1 1 1 0 1 1 0 1 0 1 1 0 0 1 0 0 1 1 1 0 0 1 1 1 1 1 0 1 0 0 0 0 0 0 0 0 0 0 0 0 0 0 0 0 0 0 0 0 0 0 18
0 0 0 1 0 1 1 1 0 1 1 0 0 0 0 0 0 1 1 0 0 0 1 0 1 1 1 1 0 0 1 1 0 0 0 0 0 0 0 0 0 0 0 0 0 0 0 0 0 0 15
1 0 1 0 0 1 0 1 0 0 1 1 0 1 0 1 0 1 1 0 0 1 1 0 1 1 0 1 0 0 1 1 0 0 0 0 0 0 0 0 0 0 0 0 0 0 0 0 0 0 17
0 1 1 0 1 1 1 1 0 1 1 1 0 0 0 0 0 0 1 0 0 1 1 0 1 0 0 1 0 1 0 1 0 0 0 0 0 0 0 0 0 0 0 0 0 0 0 0 0 0 16
0 0 1 0 0 1 0 1 0 0 0 1 0 0 0 0 1 1 1 1 0 0 1 0 1 1 0 1 0 0 0 1 1 0 0 0 0 0 0 0 0 0 0 0 0 0 0 0 0 0 14
1 0 1 0 0 1 1 1 0 0 1 0 0 0 0 1 0 1 1 0 0 1 1 0 1 1 0 1 0 0 1 0 0 0 0 0 0 0 0 0 0 0 0 0 0 0 0 0 0 0 15
0 1 0 1 0 1 1 1 0 1 1 1 0 0 1 0 1 1 1 0 0 1 1 0 1 0 1 1 0 0 0 1 0 0 0 0 0 0 0 0 0 0 0 0 0 0 0 0 0 0 18
1 1 1 1 0 1 1 1 0 0 1 1 0 0 0 0 0 0 1 0 0 0 1 0 1 1 0 0 0 0 1 1 0 0 0 0 0 0 0 0 0 0 0 0 0 0 0 0 0 0 15
1 1 1 1 0 0 1 0 0 0 1 0 0 0 0 0 1 1 1 1 0 1 1 0 1 1 0 1 0 0 0 0 0 0 0 0 0 0 0 0 0 0 0 0 0 0 0 0 0 0 15
0 1 1 0 0 1 1 1 0 1 1 1 0 0 0 0 1 1 1 0 0 0 1 0 1 1 0 1 0 0 0 1 0 0 0 0 0 0 0 0 0 0 0 0 0 0 0 0 0 0 16
0 1 0 0 1 0 1 1 0 0 1 0 0 0 0 0 0 1 1 0 0 1 1 0 0 1 0 1 0 0 0 1 0 0 0 0 0 0 0 0 0 0 0 0 0 0 0 0 0 0 12
1 0 1 0 1 1 1 1 0 0 0 1 0 0 1 1 0 1 1 1 0 1 1 0 1 1 1 1 0 0 0 1 0 0 0 0 0 0 0 0 0 0 0 0 0 0 0 0 0 0 19
0 0 0 0 0 0 1 1 0 1 1 1 1 0 0 1 1 1 1 1 0 1 1 0 1 1 0 1 0 0 0 0 1 0 0 0 0 0 0 0 0 0 0 0 0 0 0 0 0 0 17
1 1 1 1 0 0 1 1 0 1 1 1 1 0 0 1 1 1 1 1 0 0 1 0 0 1 0 1 0 0 0 1 0 0 0 0 0 0 0 0 0 0 0 0 0 0 0 0 0 0 19
1 1 1 0 0 1 1 1 0 1 1 1 1 1 0 0 1 1 1 1 0 1 0 0 1 1 0 1 0 0 0 1 0 0 0 0 0 0 0 0 0 0 0 0 0 0 0 0 0 0 20
1 0 1 1 0 1 1 1 0 1 1 0 0 0 0 1 0 0 1 1 0 0 1 1 1 1 0 1 0 0 0 0 1 0 0 0 0 0 0 0 0 0 0 0 0 0 0 0 0 0 17
0 0 1 0 0 1 1 1 0 1 1 0 0 0 0 0 1 1 1 1 0 1 1 1 1 1 1 1 0 0 0 0 0 0 0 0 0 0 0 0 0 0 0 0 0 0 0 0 0 0 17
1 1 1 0 0 1 1 0 0 1 1 0 0 0 1 0 0 0 1 1 0 1 1 1 1 0 0 1 0 0 0 0 0 0 0 0 0 0 0 0 0 0 0 0 0 0 0 0 0 0 15
1 0 1 1 0 1 1 1 1 1 1 0 0 0 0 0 0 1 1 1 0 0 1 0 0 1 0 1 0 0 0 1 0 0 0 0 0 0 0 0 0 0 0 0 0 0 0 0 0 0 16
1 0 1 0 0 1 1 1 0 0 1 0 0 0 0 0 0 1 1 1 0 1 1 0 1 0 0 1 1 0 0 1 0 0 0 0 0 0 0 0 0 0 0 0 0 0 0 0 0 0 15
1 0 1 0 0 1 1 1 0 0 1 0 0 0 0 1 0 1 0 0 0 1 1 1 1 0 0 1 0 0 0 1 0 0 0 0 0 0 0 0 0 0 0 0 0 0 0 0 0 0 14
1 1 1 1 0 0 1 1 1 1 0 1 0 0 0 1 0 0 1 0 0 1 1 1 1 1 1 1 0 0 0 1 0 0 0 0 0 0 0 0 0 0 0 0 0 0 0 0 0 0 19
1 1 1 1 0 1 1 1 0 0 1 1 0 1 0 0 1 1 1 0 0 0 1 0 1 1 0 1 0 0 0 0 0 0 0 0 0 0 0 0 0 0 0 0 0 0 0 0 0 0 17
1 1 1 0 0 1 1 1 0 1 1 0 0 0 0 0 0 1 1 0 0 0 1 1 0 1 1 1 0 0 0 0 0 0 0 0 0 0 0 0 0 0 0 0 0 0 0 0 0 0 15
1 0 1 1 0 1 1 1 0 1 0 1 0 0 0 0 1 1 1 1 0 0 0 0 1 1 1 1 0 0 1 1 0 0 0 0 0 0 0 0 0 0 0 0 0 0 0 0 0 0 18
0 0 1 0 0 1 1 1 0 0 1 1 0 0 0 1 1 1 1 1 0 1 1 0 1 1 1 1 0 0 1 1 0 0 0 0 0 0 0 0 0 0 0 0 0 0 0 0 0 0 19
1 0 1 0 0 1 1 1 0 0 1 1 0 0 0 0 1 1 1 0 0 1 1 0 0 1 0 0 0 0 0 1 0 0 0 0 0 0 0 0 0 0 0 0 0 0 0 0 0 0 14
1 0 1 0 0 0 1 0 0 1 1 0 0 0 0 1 0 1 1 0 1 0 0 0 1 0 0 1 0 0 0 0 0 0 0 0 0 0 0 0 0 0 0 0 0 0 0 0 0 0 11
0 0 1 1 0 1 1 1 0 0 1 1 0 0 0 0 0 1 0 1 0 0 1 0 1 1 0 1 0 0 0 1 0 0 0 0 0 0 0 0 0 0 0 0 0 0 0 0 0 0 14
0 0 1 0 0 0 1 1 0 0 1 1 0 0 0 1 0 1 1 0 0 1 1 0 1 1 0 1 0 0 1 0 0 0 0 0 0 0 0 0 0 0 0 0 0 0 0 0 0 0 14
1 0 1 0 0 1 1 1 0 0 1 1 0 0 0 0 0 1 1 0 0 1 1 0 1 1 0 0 0 1 0 0 0 0 0 0 0 0 0 0 0 0 0 0 0 0 0 0 0 0 14
1 1 0 0 0 1 1 1 0 0 1 0 0 1 0 0 1 1 1 1 0 1 1 0 1 1 1 1 0 0 0 1 0 0 0 0 0 0 0 0 0 0 0 0 0 0 0 0 0 0 18
0 0 1 1 0 1 1 1 0 0 1 0 1 0 0 1 0 1 1 1 0 1 0 0 1 1 0 1 0 0 1 1 0 0 0 0 0 0 0 0 0 0 0 0 0 0 0 0 0 0 17
0 0 1 0 0 1 1 0 0 1 1 1 1 1 0 1 0 1 1 0 0 1 1 1 1 1 1 1 0 0 0 1 0 0 0 0 0 0 0 0 0 0 0 0 0 0 0 0 0 0 19
1 0 1 0 0 1 1 1 0 1 1 0 0 0 0 0 0 1 1 0 0 1 1 0 0 1 0 0 1 0 0 1 0 0 0 0 0 0 0 0 0 0 0 0 0 0 0 0 0 0 14
0 0 1 0 0 1 1 1 0 1 1 1 0 1 0 0 1 0 1 1 0 1 1 1 1 1 1 1 0 0 0 1 0 0 0 0 0 0 0 0 0 0 0 0 0 0 0 0 0 0 19
0 0 1 1 0 1 1 1 0 1 1 1 0 0 0 0 0 1 1 1 0 0 0 0 1 0 0 0 1 0 0 0 0 0 0 0 0 0 0 0 0 0 0 0 0 0 0 0 0 0 13
0 0 1 1 0 0 1 0 0 1 1 0 0 0 0 0 1 0 1 0 0 0 1 1 1 1 1 1 0 1 0 1 0 0 0 0 0 0 0 0 0 0 0 0 0 0 0 0 0 0 15
0 1 1 0 0 1 0 1 0 1 1 1 0 0 0 1 1 1 1 1 0 1 1 0 1 1 1 1 0 0 0 0 0 0 0 0 0 0 0 0 0 0 0 0 0 0 0 0 0 0 18
0 0 1 0 0 0 1 0 0 0 1 1 0 0 0 0 1 1 1 0 0 1 1 0 1 1 0 1 0 0 0 1 0 0 0 0 0 0 0 0 0 0 0 0 0 0 0 0 0 0 13
1 0 1 0 0 1 1 1 0 1 1 1 0 0 0 1 1 1 1 0 0 0 1 0 1 1 0 0 0 0 1 1 0 0 0 0 0 0 0 0 0 0 0 0 0 0 0 0 0 0 17
1 1 1 0 0 1 1 1 0 1 1 1 0 0 0 0 0 1 1 1 0 1 1 0 1 1 1 1 0 0 0 1 0 0 0 0 0 0 0 0 0 0 0 0 0 0 0 0 0 0 19
1 1 1 0 0 1 1 1 0 0 1 1 1 0 0 1 0 0 1 1 0 0 1 0 1 1 0 1 0 0 1 1 0 0 0 0 0 0 0 0 0 0 0 0 0 0 0 0 0 0 18
1 0 1 0 0 1 0 1 0 1 1 0 0 0 0 0 0 1 1 0 0 1 1 1 0 1 1 1 0 0 0 1 1 0 0 0 0 0 0 0 0 0 0 0 0 0 0 0 0 0 16
1 0 1 0 0 1 1 0 0 1 1 1 0 0 0 0 0 1 1 0 0 1 1 0 1 1 1 1 0 0 0 0 0 0 0 0 0 0 0 0 0 0 0 0 0 0 0 0 0 0 15
1 0 1 1 0 1 1 1 1 1 1 0 0 0 0 0 0 1 1 0 0 1 1 0 1 1 0 1 0 1 0 0 0 0 0 0 0 0 0 0 0 0 0 0 0 0 0 0 0 0 17
1 1 1 0 0 1 1 1 0 1 1 0 0 0 1 1 0 1 1 0 0 0 1 0 1 1 0 1 0 1 0 0 0 0 0 0 0 0 0 0 0 0 0 0 0 0 0 0 0 0 17
1 0 1 0 0 0 1 1 0 1 1 1 0 0 1 1 0 1 1 1 0 0 1 0 1 1 1 1 0 0 0 1 0 0 0 0 0 0 0 0 0 0 0 0 0 0 0 0 0 0 18
1 0 1 1 0 1 1 1 0 1 1 1 0 0 0 1 0 0 1 1 0 1 1 0 1 1 0 1 0 0 0 1 0 0 0 0 0 0 0 0 0 0 0 0 0 0 0 0 0 0 18
0 0 0 0 0 1 1 1 0 0 1 0 0 0 0 1 1 1 1 0 0 1 1 0 1 1 1 1 0 0 1 0 0 0 0 0 0 0 0 0 0 0 0 0 0 0 0 0 0 0 15
0 1 1 0 0 0 1 1 0 1 1 0 0 0 1 1 0 1 1 0 0 1 0 0 1 1 1 1 0 1 1 1 0 0 0 0 0 0 0 0 0 0 0 0 0 0 0 0 0 0 18
0 0 1 1 0 1 1 1 0 0 1 0 1 0 0 1 0 1 1 1 0 1 1 0 1 1 1 1 0 0 0 1 0 0 0 0 0 0 0 0 0 0 0 0 0 0 0 0 0 0 18
0 0 1 1 0 1 1 1 0 1 1 0 0 0 0 0 1 1 1 0 0 0 1 0 0 1 0 1 1 0 0 1 0 0 0 0 0 0 0 0 0 0 0 0 0 0 0 0 0 0 15
0 1 1 0 1 1 0 1 0 0 0 1 0 0 0 1 0 1 1 1 0 0 1 0 1 0 1 1 0 1 0 1 0 0 0 0 0 0 0 0 0 0 0 0 0 0 0 0 0 0 16
0 1 1 0 0 1 1 1 0 1 1 1 0 1 0 1 1 1 1 0 0 1 1 0 0 1 0 1 0 0 0 1 0 0 0 0 0 0 0 0 0 0 0 0 0 0 0 0 0 0 18
1 0 1 1 0 1 1 1 0 0 1 0 1 0 0 0 0 0 1 0 0 1 0 0 1 1 1 1 0 0 0 1 0 0 0 0 0 0 0 0 0 0 0 0 0 0 0 0 0 0 15
1 1 0 0 0 1 0 1 0 0 1 1 0 0 0 0 0 1 1 0 0 0 1 1 1 1 0 0 0 0 0 1 0 0 0 0 0 0 0 0 0 0 0 0 0 0 0 0 0 0 13
1 0 1 1 0 1 1 1 0 1 1 1 0 0 0 0 0 1 1 1 0 1 1 0 1 1 1 1 0 0 0 1 0 0 0 0 0 0 0 0 0 0 0 0 0 0 0 0 0 0 19
0 0 0 0 0 1 1 1 0 1 1 1 0 0 0 0 1 1 1 1 1 1 0 0 0 0 1 1 0 0 1 0 0 0 0 0 0 0 0 0 0 0 0 0 0 0 0 0 0 0 15
1 0 1 0 0 1 1 0 0 1 0 1 0 0 1 1 0 1 1 1 0 0 1 1 1 1 0 1 0 0 0 1 0 0 0 0 0 0 0 0 0 0 0 0 0 0 0 0 0 0 17
0 1 0 0 0 1 1 1 0 1 0 1 0 0 0 1 0 1 1 1 0 1 1 1 0 1 1 1 0 1 0 0 0 0 0 0 0 0 0 0 0 0 0 0 0 0 0 0 0 0 17
0 0 0 0 0 1 1 0 0 0 1 0 0 0 0 1 1 1 1 0 0 0 0 0 1 1 1 1 0 0 0 0 0 0 0 0 0 0 0 0 0 0 0 0 0 0 0 0 0 0 11
0 1 1 1 0 0 1 0 0 0 1 1 0 0 1 1 0 1 1 0 0 1 0 1 1 1 0 1 0 0 0 1 0 0 0 0 0 0 0 0 0 0 0 0 0 0 0 0 0 0 16
1 0 1 0 0 1 1 1 0 0 1 1 0 0 0 1 0 1 1 0 0 1 1 1 1 1 0 1 0 0 0 1 0 0 0 0 0 0 0 0 0 0 0 0 0 0 0 0 0 0 17
1 1 1 0 0 1 1 1 0 1 1 1 0 0 0 1 0 1 1 1 0 1 1 0 0 1 1 1 0 0 1 1 0 0 0 0 0 0 0 0 0 0 0 0 0 0 0 0 0 0 20
1 0 1 0 0 1 1 1 0 1 1 0 0 1 0 0 0 1 1 1 0 0 1 1 1 1 0 1 0 0 0 1 0 0 0 0 0 0 0 0 0 0 0 0 0 0 0 0 0 0 17
1 0 1 1 0 1 1 1 0 0 1 0 0 0 0 1 0 1 1 0 0 1 1 0 1 1 0 1 0 0 1 1 0 0 0 0 0 0 0 0 0 0 0 0 0 0 0 0 0 0 17
1 0 1 0 0 1 1 1 0 0 1 1 0 0 0 0 1 1 1 1 0 0 1 0 0 1 1 1 0 0 0 1 0 0 0 0 0 0 0 0 0 0 0 0 0 0 0 0 0 0 16
1 1 1 1 1 0 0 1 0 0 1 0 0 0 0 1 0 1 1 0 0 0 1 0 1 1 0 1 0 0 0 1 0 0 0 0 0 0 0 0 0 0 0 0 0 0 0 0 0 0 15
1 0 1 0 0 1 0 1 0 0 1 1 0 0 1 1 1 1 1 1 0 1 0 1 1 1 1 1 0 0 0 1 0 0 0 0 0 0 0 0 0 0 0 0 0 0 0 0 0 0 19
1 0 1 0 0 1 1 1 0 0 0 0 0 0 0 1 0 1 1 0 0 1 1 0 0 1 0 1 0 0 0 1 0 0 0 0 0 0 0 0 0 0 0 0 0 0 0 0 0 0 13
1 1 1 0 0 1 1 1 0 1 1 1 0 0 0 0 1 1 0 1 0 1 1 1 1 1 0 1 0 1 1 1 0 0 0 0 0 0 0 0 0 0 0 0 0 0 0 0 0 0 21
0 1 1 0 0 1 1 1 0 0 1 0 0 0 0 0 1 1 1 1 0 0 1 0 1 1 1 1 0 0 0 1 0 0 0 0 0 0 0 0 0 0 0 0 0 0 0 0 0 0 16
1 0 1 1 0 1 1 1 0 0 1 1 1 0 0 0 1 1 1 1 0 0 1 0 1 1 1 1 0 0 0 1 0 1 0 0 0 0 0 0 0 0 0 0 0 0 0 0 0 0 20
1 1 1 0 0 1 1 1 0 1 0 1 0 0 0 0 0 1 1 1 0 0 1 0 1 1 1 1 0 0 0 0 0 0 0 0 0 0 0 0 0 0 0 0 0 0 0 0 0 0 16
1 0 0 0 0 1 1 1 0 1 1 1 0 0 0 1 0 1 1 0 0 1 1 0 1 1 0 1 0 0 0 1 1 0 0 0 0 0 0 0 0 0 0 0 0 0 0 0 0 0 17
1 0 1 0 0 0 1 1 0 0 1 1 0 0 0 0 0 1 1 0 0 0 1 0 1 1 1 1 0 1 0 1 0 0 0 0 0 0 0 0 0 0 0 0 0 0 0 0 0 0 15
1 0 1 0 0 1 1 1 0 1 1 1 0 0 0 1 1 1 1 0 0 0 1 0 1 1 0 1 0 0 0 1 0 0 0 0 0 0 0 0 0 0 0 0 0 0 0 0 0 0 17
1 0 1 0 0 1 1 1 0 0 1 0 0 0 0 0 1 1 1 1 0 0 1 1 0 1 1 0 0 0 0 0 0 0 0 0 0 0 0 0 0 0 0 0 0 0 0 0 0 0 14
0 0 0 1 0 1 1 1 1 0 1 1 0 1 1 1 1 1 1 0 0 0 1 0 1 1 1 0 0 0 0 1 0 0 0 0 0 0 0 0 0 0 0 0 0 0 0 0 0 0 18
0 0 1 0 1 1 1 0 0 1 1 1 0 0 0 0 0 0 1 1 0 0 1 0 1 1 0 1 0 0 0 1 0 0 0 0 0 0 0 0 0 0 0 0 0 0 0 0 0 0 14
0 1 0 1 0 0 1 1 0 1 1 1 0 0 0 0 1 1 1 1 0 0 0 0 0 1 0 1 0 0 0 1 0 0 0 0 0 0 0 0 0 0 0 0 0 0 0 0 0 0 14
0 0 0 0 0 1 1 1 0 1 0 1 0 0 0 1 0 1 1 1 0 0 1 0 1 1 1 1 0 0 0 1 0 0 0 0 0 0 0 0 0 0 0 0 0 0 0 0 0 0 15
1 1 1 0 0 0 1 1 0 1 1 1 0 0 0 1 0 1 1 0 0 1 0 0 0 1 0 1 0 1 0 0 0 0 0 0 0 0 0 0 0 0 0 0 0 0 0 0 0 0 15
1 1 1 1 0 1 1 1 0 1 1 0 0 0 0 1 0 1 1 1 0 1 1 0 1 1 1 1 0 0 0 0 0 0 0 0 0 0 0 0 0 0 0 0 0 0 0 0 0 0 19
1 1 1 1 0 1 1 1 0 1 1 0 0 0 0 1 0 0 1 1 0 1 1 0 1 1 0 1 0 0 0 1 0 0 0 0 0 0 0 0 0 0 0 0 0 0 0 0 0 0 18
1 0 1 0 0 1 1 0 0 0 1 0 0 0 0 0 0 1 1 0 0 0 1 0 1 1 1 1 0 0 0 1 0 0 0 0 0 0 0 0 0 0 0 0 0 0 0 0 0 0 13
0 1 0 0 0 1 1 1 0 1 1 1 0 0 0 1 0 1 1 0 0 1 1 1 0 1 0 1 0 1 1 1 0 0 0 0 0 0 0 0 0 0 0 0 0 0 0 0 0 0 18
1 0 0 0 0 1 0 1 0 0 1 1 1 0 0 0 1 1 1 0 0 1 1 1 1 1 1 1 0 0 0 0 0 0 0 0 0 0 0 0 0 0 0 0 0 0 0 0 0 0 16
0 0 1 1 1 0 1 1 0 1 0 1 1 0 0 0 0 0 1 1 0 1 1 0 1 1 1 1 0 1 0 0 0 0 0 0 0 0 0 0 0 0 0 0 0 0 0 0 0 0 17
0 0 1 0 0 1 1 1 0 1 1 1 1 0 0 1 0 0 1 1 0 1 1 1 1 1 0 1 0 0 0 0 0 0 0 0 0 0 0 0 0 0 0 0 0 0 0 0 0 0 17
0 0 1 0 0 1 1 1 0 1 1 1 0 0 0 1 0 1 1 1 0 0 0 1 1 1 1 1 0 0 0 1 0 0 0 0 0 0 0 0 0 0 0 0 0 0 0 0 0 0 17
0 1 1 0 0 1 1 1 0 1 1 0 1 0 0 1 0 0 1 1 0 1 0 1 1 1 0 1 0 0 0 1 0 0 0 0 0 0 0 0 0 0 0 0 0 0 0 0 0 0 17
0 0 1 0 0 1 1 1 0 1 0 1 0 0 0 0 1 1 1 1 0 1 1 0 1 1 1 1 0 0 0 1 0 0 0 0 0 0 0 0 0 0 0 0 0 0 0 0 0 0 17
0 0 1 0 0 1 1 1 0 1 0 0 1 0 0 0 1 1 1 0 0 1 1 0 1 1 0 1 0 0 0 1 0 0 0 0 0 0 0 0 0 0 0 0 0 0 0 0 0 0 15
1 0 1 0 0 0 1 1 0 0 0 0 0 0 0 1 0 1 1 0 0 0 0 0 1 1 1 1 0 0 0 0 0 0 0 0 0 0 0 0 0 0 0 0 0 0 0 0 0 0 11
1 0 1 1 1 1 1 1 0 1 0 1 0 0 1 1 1 1 1 0 0 1 1 0 1 1 0 1 0 0 0 1 0 0 0 0 0 0 0 0 0 0 0 0 0 0 0 0 0 0 20
0 1 1 0 0 1 1 1 0 1 0 1 0 0 1 0 0 0 1 1 0 1 1 0 1 1 1 1 0 0 0 0 0 0 0 0 0 0 0 0 0 0 0 0 0 0 0 0 0 0 16
1 1 1 0 0 1 1 1 0 0 1 1 0 0 1 1 0 0 1 1 0 0 0 0 0 1 0 1 0 0 0 1 0 0 0 0 0 0 0 0 0 0 0 0 0 0 0 0 0 0 15
0 0 1 0 0 1 1 0 1 1 1 1 0 0 0 0 0 1 1 0 0 1 1 0 0 0 0 1 0 0 0 0 0 0 0 0 0 0 0 0 0 0 0 0 0 0 0 0 0 0 12
1 0 1 0 0 0 1 1 0 0 1 0 0 0 0 1 1 1 1 0 0 1 1 1 0 1 1 0 0 0 0 1 0 0 0 0 0 0 0 0 0 0 0 0 0 0 0 0 0 0 15
1 0 1 0 1 1 1 1 0 1 1 1 1 1 0 1 1 1 1 0 0 1 1 1 1 1 0 1 0 0 0 0 0 0 0 0 0 0 0 0 0 0 0 0 0 0 0 0 0 0 21
0 1 1 0 0 1 1 0 0 1 1 1 0 0 0 1 0 1 0 0 0 0 1 0 1 1 0 1 0 1 1 1 0 0 0 0 0 0 0 0 0 0 0 0 0 0 0 0 0 0 16
0 1 1 0 0 1 1 1 0 0 1 1 0 1 0 0 0 0 1 0 0 1 0 0 1 1 1 1 0 0 0 1 0 0 0 0 0 0 0 0 0 0 0 0 0 0 0 0 0 0 15
1 1 1 0 0 1 1 1 0 0 1 1 0 1 0 1 1 1 1 1 0 1 1 1 0 1 0 1 0 0 0 0 0 0 0 0 0 0 0 0 0 0 0 0 0 0 0 0 0 0 19
1 0 1 0 0 1 0 1 0 0 1 0 0 0 0 1 0 1 1 0 0 1 1 1 1 1 1 1 0 0 0 1 0 0 0 0 0 0 0 0 0 0 0 0 0 0 0 0 0 0 16
1 1 1 1 0 1 1 1 0 1 1 1 0 0 0 1 1 1 1 1 0 1 1 0 1 1 1 1 0 0 0 1 0 0 0 0 0 0 0 0 0 0 0 0 0 0 0 0 0 0 22
0 1 1 1 0 1 1 1 0 1 1 1 0 0 0 1 0 1 1 1 0 0 1 0 0 1 1 1 0 0 0 1 0 0 0 0 0 0 0 0 0 0 0 0 0 0 0 0 0 0 18
0 1 1 0 1 1 1 1 0 1 1 0 0 0 0 0 1 1 1 0 0 0 1 1 1 1 0 1 0 0 0 1 0 0 0 0 0 0 0 0 0 0 0 0 0 0 0 0 0 0 17
0 1 1 0 0 1 1 1 0 0 1 1 0 0 0 1 0 1 1 1 0 1 1 1 1 1 0 1 0 0 0 1 0 0 0 0 0 0 0 0 0 0 0 0 0 0 0 0 0 0 18
1 1 0 0 0 1 1 1 0 0 0 1 0 0 0 0 1 1 1 0 0 0 1 1 1 1 1 1 0 0 0 0 0 0 0 0 0 0 0 0 0 0 0 0 0 0 0 0 0 0 15
1 0 1 0 0 1 0 1 0 1 1 0 0 1 0 0 1 1 1 1 0 1 1 0 1 1 1 1 0 1 0 1 0 0 0 0 0 0 0 0 0 0 0 0 0 0 0 0 0 0 19
0 1 1 0 0 1 1 1 0 1 1 0 0 0 0 1 0 1 1 1 0 0 1 0 1 1 0 1 0 0 0 1 0 0 0 0 0 0 0 0 0 0 0 0 0 0 0 0 0 0 16
1 1 1 0 1 1 1 1 0 0 1 1 0 0 1 0 0 1 1 0 0 1 1 0 1 1 1 1 0 1 0 0 0 0 0 0 0 0 0 0 0 0 0 0 0 0 0 0 0 0 19
1 1 1 0 0 1 1 1 0 0 1 1 0 0 0 1 0 1 1 0 0 1 1 1 1 0 0 1 0 1 0 1 0 0 0 0 0 0 0 0 0 0 0 0 0 0 0 0 0 0 18
1 0 1 1 0 0 1 1 0 0 0 1 0 1 0 0 0 1 1 1 0 1 1 0 1 1 0 1 0 0 1 1 0 0 0 0 0 0 0 0 0 0 0 0 0 0 0 0 0 0 17
0 0 1 1 0 0 1 1 1 1 1 0 0 1 0 0 0 0 1 1 0 1 0 0 1 1 0 1 0 0 0 1 0 0 0 0 0 0 0 0 0 0 0 0 0 0 0 0 0 0 15
0 1 1 0 0 1 1 1 0 1 1 1 1 0 1 0 0 0 1 1 1 1 1 1 1 1 1 1 1 0 1 1 0 0 0 0 0 0 0 0 0 0 0 0 0 0 0 0 0 1 24
1 0 1 1 0 1 1 1 0 0 0 1 0 0 0 0 0 1 1 1 0 1 0 0 1 1 1 1 0 0 0 1 0 0 0 0 0 0 0 0 0 0 0 0 0 0 0 0 0 0 16
0 0 0 0 0 1 1 1 0 0 1 1 0 0 0 1 1 1 1 0 0 1 1 0 1 1 0 1 0 0 0 1 0 0 0 0 0 0 0 0 0 0 0 0 0 0 0 0 0 0 15
1 1 1 0 0 0 1 1 0 0 1 1 0 0 0 1 1 1 1 1 0 1 1 1 1 1 1 1 0 0 0 1 0 0 0 0 0 0 0 0 0 0 0 0 0 0 0 0 0 0 20
0 0 1 0 1 1 0 0 0 1 1 0 0 0 0 1 0 1 1 1 0 1 0 1 1 1 0 1 0 0 1 1 0 0 0 0 0 0 0 0 0 0 0 0 0 0 0 0 0 0 16
0 0 1 0 0 1 1 1 0 1 1 1 0 0 0 1 0 0 1 0 0 1 1 0 1 1 1 1 0 0 0 1 0 0 0 0 0 0 0 0 0 0 0 0 0 0 0 0 0 0 16
1 0 1 0 1 1 1 1 0 0 0 1 0 0 0 1 1 1 1 1 0 0 1 1 0 1 0 1 0 0 0 1 0 0 0 0 0 0 0 0 0 0 0 0 0 0 0 0 0 0 17
0 1 1 1 1 0 1 1 0 1 1 1 0 1 0 0 1 1 0 1 0 1 1 1 0 1 0 1 0 0 0 1 0 0 0 0 0 0 0 0 0 0 0 0 0 0 0 0 0 0 19
0 1 1 0 0 0 1 1 0 1 1 1 1 0 0 0 1 1 1 0 0 1 1 1 1 1 1 0 0 0 0 1 0 0 0 0 0 0 0 0 0 0 1 0 0 0 0 0 0 0 19
1 0 1 1 0 1 1 1 0 1 1 0 1 0 0 1 0 0 1 1 0 0 1 0 1 1 0 1 0 0 1 1 0 0 0 0 0 0 0 0 0 0 0 0 0 0 0 0 0 0 18
1 1 1 0 0 1 1 0 0 0 1 1 1 0 0 0 0 1 1 1 0 1 1 1 1 1 0 1 0 1 0 1 0 0 0 0 0 0 0 0 0 0 0 0 0 0 0 0 0 0 19
0 0 1 0 0 1 1 1 0 0 1 1 0 0 0 1 0 1 1 0 0 0 1 0 1 1 0 1 0 0 0 1 0 0 0 0 0 0 0 0 0 0 0 0 0 0 0 0 0 0 14
1 0 0 0 0 1 1 1 0 1 1 1 0 0 0 0 1 1 1 1 0 1 1 1 0 1 1 1 0 1 1 1 0 0 0 0 0 0 0 0 0 0 0 0 0 0 0 0 0 0 20
0 1 1 0 0 0 1 1 0 0 1 0 0 0 0 0 1 1 1 1 0 0 1 0 0 0 0 1 0 0 0 1 0 1 0 0 0 0 0 0 0 0 0 0 0 0 0 0 0 0 13
1 1 1 0 0 1 0 1 0 1 0 1 0 0 0 1 1 0 1 0 0 0 0 0 1 1 1 1 1 0 0 1 0 0 0 0 0 0 0 0 0 0 0 0 0 0 0 0 0 0 16
0 0 1 0 0 1 1 1 0 1 0 0 0 0 0 0 0 1 1 1 0 0 1 1 1 1 1 1 0 0 0 1 0 0 0 0 0 0 0 0 0 0 0 0 0 0 0 0 0 0 15
0 0 1 0 0 1 1 1 0 1 1 1 0 0 0 1 1 1 1 0 0 1 1 0 1 1 0 1 0 0 0 1 0 0 0 0 0 0 0 0 0 0 0 0 0 0 0 0 0 0 17
1 0 1 1 0 1 0 1 0 1 1 1 1 0 0 0 0 1 1 0 0 1 1 0 1 1 0 1 0 0 0 1 0 0 0 0 0 0 0 0 0 0 0 0 0 0 0 0 0 0 17
0 0 0 1 0 1 0 1 0 1 0 1 0 0 0 0 0 1 1 0 0 0 1 1 1 1 1 1 0 0 0 1 0 0 0 0 0 0 0 0 0 0 0 0 0 0 0 0 0 0 14
0 0 0 0 0 1 1 1 0 1 0 1 0 0 1 1 1 1 1 1 0 0 1 0 1 1 1 1 0 0 0 0 0 0 0 0 0 0 0 0 0 0 0 0 0 0 0 0 0 0 16
0 0 1 0 1 1 1 1 0 0 1 0 0 0 1 0 0 1 1 0 1 1 0 0 1 1 0 1 0 0 0 0 0 0 0 0 0 0 0 0 0 0 0 0 0 0 0 0 0 0 14
1 0 1 0 0 1 1 1 0 0 0 0 0 0 0 0 0 1 1 0 0 0 1 0 1 1 0 1 0 0 0 1 0 0 0 0 0 0 0 0 0 0 0 0 0 0 0 0 0 0 12
1 1 1 0 1 1 0 1 0 0 1 1 0 0 1 1 1 1 1 1 0 1 1 0 1 0 0 1 0 0 0 0 0 0 0 0 0 0 0 0 0 0 0 0 0 0 0 0 0 0 18
1 0 1 0 0 0 1 1 0 1 1 0 0 0 1 1 1 1 1 1 0 0 0 1 0 1 0 1 0 0 0 0 0 0 0 0 0 0 0 0 0 0 0 0 0 0 0 0 0 0 15
0 0 1 1 1 1 0 0 0 1 1 1 0 0 0 1 1 1 1 0 0 1 1 0 1 1 1 1 0 1 0 1 0 0 0 0 0 0 0 0 0 0 0 0 0 0 0 0 0 0 19
1 0 1 1 0 1 1 1 0 0 1 0 0 0 0 0 0 1 1 1 0 1 1 0 1 1 1 1 1 0 0 1 0 0 0 0 0 0 0 0 0 0 0 0 0 0 0 0 0 0 18
1 1 1 0 0 1 1 1 1 0 0 0 1 0 1 0 0 0 1 1 0 0 1 0 1 1 0 1 0 0 0 1 0 0 0 0 0 0 0 0 0 0 0 0 0 0 0 0 0 0 16
1 0 0 1 0 1 1 1 0 0 1 0 0 0 0 1 1 0 1 1 0 1 1 0 1 1 1 1 0 0 0 1 0 0 0 0 0 0 0 0 0 0 0 0 0 0 0 0 0 0 17
1 1 1 1 0 1 1 1 0 0 1 1 0 0 0 0 0 1 1 1 0 0 1 0 1 1 1 1 0 0 0 0 0 0 0 0 0 0 0 0 0 0 0 0 0 0 0 0 0 0 17
0 1 1 0 0 0 1 1 0 1 0 1 0 0 0 0 0 1 1 1 0 1 1 0 1 1 1 1 0 0 0 1 0 0 0 0 0 0 0 0 0 0 0 0 0 0 0 0 0 0 16
1 0 1 0 0 1 1 1 0 1 1 1 1 1 0 0 1 1 1 0 0 0 1 0 1 1 0 1 0 0 0 1 0 0 0 0 0 0 0 0 0 0 0 0 0 0 0 0 0 0 18
1 1 1 0 1 1 0 1 0 0 1 1 0 0 0 0 0 1 0 1 0 0 1 1 0 1 1 1 0 0 1 1 0 0 0 0 0 0 0 0 0 0 0 0 0 0 0 0 0 0 17
1 0 1 1 0 1 1 1 0 1 1 0 0 0 0 1 1 1 1 1 0 0 1 0 1 1 0 1 0 1 0 0 0 0 0 0 0 0 0 0 0 0 0 0 0 0 0 0 0 0 18
0 1 1 0 0 1 1 1 0 1 1 0 1 0 0 1 1 1 1 0 0 1 1 0 1 1 0 1 0 0 0 1 0 0 0 0 0 0 0 0 0 0 0 0 0 0 0 0 0 0 18
0 0 0 1 0 1 0 0 0 1 1 1 0 0 0 0 0 1 1 0 0 0 1 1 1 1 1 1 0 0 0 0 0 0 0 0 0 0 0 0 0 0 0 0 0 0 0 0 0 0 13
0 1 1 1 0 1 1 1 0 1 1 1 0 0 0 0 0 0 1 0 0 0 0 0 1 1 1 1 0 0 0 1 0 0 0 0 0 0 0 0 0 0 0 0 0 0 0 0 0 0 15
1 0 1 1 0 1 1 0 0 1 1 1 0 0 0 1 0 1 1 0 0 0 1 1 0 0 0 1 0 0 0 1 0 0 0 0 0 0 0 0 0 0 0 0 0 0 0 0 0 0 15
1 0 0 1 0 0 1 1 0 1 1 1 0 0 0 0 1 1 1 1 0 1 1 0 1 1 0 1 0 0 0 1 0 0 0 0 0 0 0 0 0 0 0 0 0 0 0 0 0 0 17
1 0 1 0 0 1 1 1 0 1 1 1 0 1 0 0 0 1 1 1 0 1 1 1 1 1 0 1 0 0 0 1 0 0 0 0 0 0 0 0 0 0 0 0 0 0 0 0 0 0 19
0 0 1 1 0 1 1 1 0 0 1 1 0 0 0 1 1 1 1 0 0 0 1 0 1 1 1 1 0 0 0 1 0 0 0 0 0 0 0 0 0 0 0 0 0 0 0 0 0 0 17
1 0 1 0 0 1 1 1 0 1 1 1 0 0 0 1 0 1 1 1 0 1 1 0 1 1 0 1 0 0 0 0 0 0 0 0 0 0 0 0 0 0 0 0 0 0 0 0 0 0 17
0 1 1 0 0 1 1 1 0 0 1 1 0 0 0 1 1 1 1 1 0 0 0 0 1 1 0 1 0 1 0 1 0 0 0 0 0 0 0 0 0 0 0 0 0 0 0 0 0 0 17
0 0 1 0 1 1 1 1 0 0 1 1 0 0 0 0 1 1 1 1 0 0 1 1 1 1 1 1 0 0 0 1 0 0 0 0 0 0 0 0 0 0 0 0 0 0 0 0 0 0 18
0 0 1 1 0 1 1 1 0 1 1 1 0 0 0 0 1 0 1 0 0 1 1 0 1 1 1 1 0 1 0 1 0 0 0 0 0 0 0 0 0 0 0 0 0 0 0 0 0 0 18
1 0 1 0 0 1 1 1 0 1 1 1 0 0 0 1 0 1 1 0 0 1 1 0 1 1 1 1 0 0 0 1 0 0 0 0 0 0 0 0 0 0 0 0 0 0 0 0 0 0 18
0 0 1 0 0 0 1 1 0 0 1 1 0 0 1 1 0 1 1 0 0 1 0 0 1 0 1 1 0 0 0 1 0 0 0 0 0 0 0 0 0 0 0 0 0 0 0 0 0 0 14
1 0 1 0 0 1 1 0 0 1 1 0 1 0 0 0 0 1 1 0 0 1 1 0 1 1 1 1 0 0 0 1 0 0 0 0 0 0 0 0 0 0 0 0 0 0 0 0 0 0 16
1 1 1 0 0 1 1 1 0 1 1 1 0 0 0 0 0 1 1 1 0 1 1 0 1 1 0 1 0 0 0 1 0 0 0 0 0 0 0 0 0 0 0 0 0 0 0 0 0 0 18
1 1 1 1 0 1 0 1 1 1 1 1 0 0 0 0 0 1 1 1 0 0 1 0 1 1 1 0 0 1 0 1 0 0 0 0 0 0 0 0 0 0 0 0 0 0 0 0 0 0 19
0 0 1 0 0 1 1 1 0 1 1 0 0 0 0 0 1 1 1 1 0 0 1 0 1 1 1 1 0 0 0 1 0 0 0 0 0 0 0 0 0 0 0 0 0 0 0 0 0 0 16
0 0 1 0 0 1 1 1 0 1 1 0 0 0 0 1 0 1 1 0 0 1 1 0 1 1 0 1 1 0 0 0 1 0 0 0 0 0 0 0 0 0 0 0 0 0 0 0 0 0 16
0 0 1 0 1 1 1 1 0 0 1 0 0 1 0 0 1 1 1 1 0 1 1 1 1 1 1 1 0 0 0 0 0 0 0 0 0 0 0 0 0 0 0 0 0 0 0 0 0 0 18
1 0 1 0 1 1 1 1 0 0 1 1 0 0 0 1 1 1 1 0 0 1 1 0 1 1 0 0 0 0 1 1 0 0 0 0 0 0 0 0 0 0 0 0 0 0 0 0 0 0 18
1 1 1 1 0 1 1 1 0 1 1 1 0 0 0 0 1 0 1 1 0 1 1 1 0 1 1 1 1 0 0 1 0 0 0 0 0 0 0 0 0 0 0 0 0 0 0 0 0 0 21
0 1 1 0 0 1 1 1 0 1 1 1 1 0 0 0 1 1 1 1 0 1 1 0 1 1 1 1 0 0 0 0 0 0 0 0 0 0 0 0 0 0 0 0 0 0 0 0 0 0 19
1 1 1 0 0 0 1 0 0 1 0 1 1 0 1 0 1 1 1 1 0 1 1 0 1 1 0 1 1 1 0 1 0 0 0 0 0 0 0 0 0 0 0 0 0 0 0 0 0 0 20
0 0 1 0 0 0 1 1 0 1 0 1 0 0 0 0 0 1 1 1 0 1 1 0 0 1 1 1 0 0 0 1 0 0 0 0 0 0 0 0 0 0 0 0 0 0 0 0 0 0 14
0 0 0 0 0 1 1 1 0 1 1 0 0 0 0 1 1 0 1 1 0 0 0 0 1 1 0 1 0 0 0 0 1 0 0 0 0 0 0 0 0 0 0 0 0 0 0 0 0 0 13
1 0 1 0 0 1 1 1 0 0 1 1 0 0 1 1 1 0 1 0 0 1 1 0 0 1 1 1 0 0 0 0 0 0 0 0 0 0 0 0 0 0 0 0 0 0 0 0 0 0 16
1 1 0 0 0 1 1 1 0 1 1 1 0 0 0 1 1 0 1 1 0 0 1 0 1 1 0 1 0 0 0 1 0 0 0 0 0 0 0 0 0 0 0 0 0 0 0 0 0 0 17
1 1 1 0 0 1 1 1 0 0 1 1 1 0 1 1 1 0 1 1 0 0 1 1 0 0 0 1 0 0 0 0 0 0 0 0 0 0 0 0 0 0 0 0 0 0 0 0 0 0 17
1 1 1 0 0 0 1 1 0 0 1 0 0 0 1 0 0 1 1 0 0 1 1 0 1 1 1 1 0 0 0 1 0 0 0 0 0 0 0 0 0 0 0 0 0 0 0 0 0 0 16
1 1 1 1 0 0 1 1 0 1 0 1 0 0 0 0 0 1 1 0 0 1 1 1 0 1 0 1 0 0 0 1 0 0 0 0 0 0 0 0 0 0 0 0 0 0 0 0 0 0 16
1 0 1 0 0 1 1 1 0 0 1 1 0 0 0 1 0 0 1 1 0 0 0 0 0 1 0 1 0 1 0 0 0 0 0 0 0 0 0 0 0 0 0 0 0 0 0 0 0 0 13
1 0 1 1 0 1 0 1 0 0 1 1 0 0 0 1 1 1 1 0 0 1 1 1 0 1 0 1 0 0 0 1 0 0 0 0 0 0 0 0 0 0 0 0 0 0 0 0 0 0 17
1 1 1 1 0 1 1 1 0 0 1 1 0 0 0 0 0 1 1 0 0 1 1 0 1 1 1 1 0 0 0 1 0 0 0 0 0 0 0 0 0 0 0 0 0 0 0 0 0 0 18
1 1 1 1 0 0 1 1 0 1 1 1 0 0 0 0 0 1 1 0 0 0 1 1 1 1 0 1 0 1 1 1 0 0 0 0 0 0 0 0 0 0 0 0 0 0 0 0 0 0 19
1 1 1 1 1 1 1 1 0 1 0 1 0 1 0 1 0 1 1 1 0 1 0 0 1 1 1 1 0 0 0 1 0 0 0 0 0 0 0 0 0 0 0 0 0 0 0 0 0 0 21
0 0 1 0 1 1 1 1 0 0 1 1 0 0 1 1 0 1 1 0 0 1 1 0 1 1 0 1 0 0 1 1 0 0 0 0 0 0 0 0 0 0 0 0 0 0 0 0 0 0 18
1 1 1 0 0 1 1 1 0 0 1 1 0 0 0 0 0 1 1 0 0 1 0 1 1 1 0 1 0 0 0 1 0 1 0 0 0 0 0 0 0 0 0 0 0 0 0 0 0 0 17
1 0 1 0 0 1 1 1 0 0 0 1 0 1 1 1 1 0 1 1 0 1 1 0 1 1 1 1 0 0 0 0 0 0 0 0 0 0 0 0 0 0 0 0 0 0 0 0 0 0 18
0 1 1 0 0 1 1 1 0 1 1 1 0 1 1 1 0 1 0 1 0 1 1 0 1 1 0 1 0 0 0 1 0 0 0 0 0 0 0 0 0 0 0 0 0 0 0 0 0 0 19
1 0 0 0 0 1 0 1 0 0 1 0 0 1 0 1 0 1 1 1 0 0 1 0 1 1 1 1 0 0 0 0 0 0 0 0 0 0 0 0 0 0 0 0 0 0 0 0 0 0 14
1 0 0 1 1 1 1 1 0 0 1 0 0 1 0 1 0 1 1 0 0 1 1 0 0 1 1 1 0 0 0 0 0 0 0 0 0 0 0 0 0 0 0 0 0 0 0 0 0 0 16
1 0 0 1 0 1 1 1 0 0 1 0 0 0 0 0 1 0 1 1 0 0 1 0 1 1 1 1 1 0 1 0 0 0 0 0 0 0 0 0 0 0 0 0 0 0 0 0 0 0 16
1 0 1 0 0 1 1 1 0 1 0 1 1 0 0 1 1 1 1 1 0 1 1 0 1 1 0 1 0 0 1 1 0 0 0 0 0 0 0 0 0 0 0 0 0 0 0 0 0 0 20
1 1 0 1 0 1 1 1 0 1 1 0 0 0 0 0 1 1 1 1 0 1 1 0 1 1 1 0 0 0 1 0 0 0 0 0 0 0 0 0 0 0 0 0 0 0 0 0 0 0 18
1 1 1 0 0 1 1 1 0 1 1 0 0 0 0 0 0 1 1 1 0 1 1 1 1 1 1 1 0 0 0 0 0 0 0 0 0 0 0 0 0 0 0 0 0 0 0 0 0 0 18
0 0 1 0 0 1 1 1 0 1 1 1 0 0 0 0 1 1 1 1 0 0 1 0 0 1 0 1 0 0 0 0 1 0 0 0 0 0 0 0 0 0 0 0 0 0 0 0 0 0 15
1 0 1 0 0 1 1 1 0 0 1 1 0 1 0 1 0 1 1 0 0 1 1 0 1 1 0 0 0 0 0 1 0 0 0 0 0 0 0 0 0 0 0 0 0 0 0 0 0 0 16
0 0 0 0 0 1 0 1 0 0 1 1 1 1 0 0 1 1 1 0 0 0 0 0 1 1 0 1 0 0 0 1 0 0 0 0 0 0 0 0 0 0 0 0 0 0 0 0 0 0 13
1 0 1 0 0 1 1 0 0 0 1 0 0 0 0 0 0 1 1 1 0 0 0 1 1 1 1 1 0 0 0 0 1 0 0 0 0 0 0 0 0 0 0 0 0 0 0 0 0 0 14
0 1 1 1 0 0 1 0 0 0 1 0 0 0 0 0 1 0 1 0 0 1 1 0 1 1 0 1 0 0 0 0 0 0 0 0 0 0 0 0 0 0 0 0 0 0 0 0 0 0 12
0 1 1 0 1 1 1 1 0 1 1 1 0 0 1 0 0 1 1 1 1 0 1 0 1 1 1 1 0 0 0 1 0 0 0 0 0 0 0 0 0 0 0 0 0 0 0 0 0 0 20
0 0 1 1 0 1 1 1 0 1 1 1 0 0 0 0 0 0 1 1 0 1 1 0 1 1 1 1 0 0 0 1 0 0 0 0 0 0 0 0 0 0 0 0 0 0 0 0 0 0 17
1 0 1 0 0 1 1 1 0 1 1 0 0 1 0 0 0 1 1 1 0 0 1 1 1 1 0 0 0 0 1 1 0 0 0 0 0 0 0 0 0 0 0 0 0 0 0 0 0 0 17
1 0 1 1 0 0 1 1 0 0 1 0 0 0 0 1 1 0 1 1 0 1 1 1 1 0 0 1 0 0 1 1 0 0 0 0 0 0 0 0 0 0 0 0 0 0 0 0 0 0 17
0 0 1 1 1 1 1 1 0 1 0 1 0 0 0 1 0 1 1 0 0 1 1 0 1 1 0 0 0 0 1 0 0 0 0 0 0 0 0 0 0 0 0 0 0 0 0 0 0 0 16
1 1 1 0 1 1 1 1 0 1 1 1 0 0 0 1 0 1 1 1 0 1 1 0 1 1 1 1 0 0 1 1 0 0 0 0 0 0 0 0 0 0 0 0 0 0 0 0 0 0 22
0 1 0 0 0 1 1 0 0 0 1 1 0 1 1 1 1 0 1 0 0 0 0 0 1 1 1 1 0 0 0 1 0 0 0 0 0 0 0 0 0 0 0 0 0 0 0 0 0 0 15
1 1 1 0 0 1 1 1 0 0 1 0 0 0 0 0 1 1 1 0 0 1 1 1 1 1 1 1 0 0 1 1 0 0 0 0 0 0 0 0 0 0 0 0 0 0 0 0 0 0 19
1 1 1 0 0 0 1 1 0 0 1 0 0 0 1 0 0 1 1 1 0 1 1 1 1 0 1 1 0 0 0 1 0 0 0 0 0 0 0 0 0 0 0 0 0 0 0 0 0 0 17
1 1 1 0 0 1 0 1 0 0 1 1 0 0 0 0 1 0 1 1 0 1 0 0 1 1 0 1 0 1 0 0 0 0 0 0 0 0 0 0 0 0 0 0 0 0 0 0 0 0 15
0 0 1 0 0 1 1 1 0 1 1 1 0 0 0 0 0 1 1 0 0 0 1 0 1 1 1 1 0 0 0 1 0 0 0 0 0 0 0 0 0 0 0 0 0 0 0 0 0 0 15
1 0 1 0 1 1 1 1 0 1 1 1 0 0 0 0 0 1 1 0 1 1 1 0 1 1 1 1 0 0 0 1 0 0 0 0 0 0 0 0 0 0 0 0 0 0 0 0 0 0 19
0 0 1 1 0 1 1 1 0 1 1 1 0 0 0 1 0 1 1 0 0 1 1 1 1 0 0 1 0 0 0 0 0 0 0 0 0 0 0 0 0 0 0 0 0 0 0 0 0 0 16
1 1 1 0 0 1 0 0 0 0 1 0 0 0 0 1 0 1 1 1 0 0 1 0 1 1 1 0 0 0 0 1 0 0 0 0 0 0 0 0 0 0 0 0 0 0 0 0 0 0 14
1 1 1 0 0 1 1 1 0 1 0 0 0 0 0 1 1 1 1 1 0 1 1 0 1 0 0 1 0 0 0 0 0 0 0 0 0 0 0 0 0 0 0 0 0 0 0 0 0 0 16
1 1 1 0 1 1 1 1 0 1 1 0 0 0 0 1 1 1 1 0 0 1 1 0 1 0 0 1 0 0 1 1 0 0 0 0 0 0 0 0 0 0 0 0 0 0 0 0 0 0 19
0 1 1 1 0 1 0 1 0 1 0 0 0 0 0 1 0 0 1 0 0 0 1 0 1 1 1 1 0 1 0 1 0 0 0 0 0 0 0 0 0 0 0 0 0 0 0 0 0 0 15
1 0 1 0 0 1 1 1 0 0 1 1 0 1 0 0 1 1 1 1 0 1 1 0 1 1 1 1 0 0 1 1 0 0 0 0 0 0 0 0 0 0 0 0 0 0 0 0 0 0 20
0 0 1 0 0 1 1 1 0 0 0 0 0 0 0 0 1 0 1 1 0 1 1 0 0 1 0 0 0 0 0 1 0 0 0 0 0 0 0 0 1 0 0 0 0 0 0 0 0 0 12
1 1 0 0 0 1 1 1 0 1 1 1 0 0 0 1 1 1 1 1 0 0 0 0 1 0 1 1 0 0 0 1 0 0 0 0 0 0 0 0 0 0 0 0 0 0 0 0 0 0 17
1 1 1 1 0 1 1 1 0 0 1 1 0 0 0 1 0 0 1 1 0 1 0 1 1 1 0 1 0 0 0 0 0 0 0 0 0 0 0 0 0 0 0 0 0 0 0 0 0 0 17
1 0 1 0 0 0 1 1 0 0 1 1 0 1 0 0 1 1 1 1 0 1 1 0 1 1 1 1 0 0 1 0 0 1 0 0 0 0 0 0 0 0 0 0 0 0 0 0 0 0 19
1 0 1 0 0 1 0 1 0 1 1 1 1 0 0 1 1 1 1 1 0 1 1 0 1 1 1 1 0 0 0 1 0 0 0 0 0 0 0 0 0 0 0 0 0 0 0 0 0 0 20
0 1 1 0 0 0 1 1 0 0 1 1 0 0 0 0 0 1 1 0 0 0 0 1 1 1 0 1 1 0 0 1 0 0 0 0 0 0 0 0 0 0 0 0 0 0 0 0 0 0 14
1 1 1 0 0 1 1 1 0 1 1 1 0 0 0 0 0 1 1 0 0 1 0 0 1 1 0 1 1 1 0 0 1 0 0 0 0 0 0 0 0 0 0 0 0 0 0 0 0 0 18
0 0 1 0 1 1 1 1 0 0 1 1 0 0 0 1 0 1 1 0 0 0 1 0 1 1 1 1 0 1 0 0 0 0 0 0 0 0 0 0 0 0 0 0 0 0 0 0 0 0 16
0 0 1 0 0 0 1 1 0 1 1 1 0 0 1 1 0 1 0 0 0 1 1 0 1 1 0 0 0 0 1 1 0 0 0 0 0 0 0 0 0 0 0 0 0 0 0 0 0 0 15
1 0 0 0 0 0 1 1 0 1 1 0 0 0 0 0 1 1 1 0 0 1 0 0 1 1 1 1 0 1 0 1 0 0 0 0 0 0 0 0 0 0 0 0 0 0 0 0 0 0 15
0 0 1 0 0 1 1 0 0 1 1 1 0 0 0 1 1 1 1 0 0 1 1 1 1 0 1 0 0 0 0 1 0 0 0 0 0 0 0 0 0 0 0 0 0 0 0 0 0 0 16
1 1 1 1 0 0 1 1 0 0 1 0 0 1 1 1 1 1 1 1 0 1 1 0 1 1 0 0 0 0 0 1 0 0 0 0 0 0 0 0 0 0 0 0 0 0 0 0 0 0 19
1 1 1 0 0 1 1 1 0 1 1 0 0 0 0 0 0 1 1 0 0 0 1 0 0 1 0 1 0 0 0 1 0 0 0 0 0 0 0 0 0 0 0 0 0 0 0 0 0 0 14
1 1 1 1 0 1 1 1 0 1 1 0 0 0 0 1 1 0 1 1 0 1 1 0 1 1 1 1 0 1 0 0 0 0 0 0 0 0 0 0 0 0 0 0 0 0 0 0 0 0 20
1 0 1 1 0 1 1 1 0 0 1 1 1 0 0 1 1 1 1 0 0 1 1 1 0 1 1 1 0 0 0 1 0 0 0 0 0 0 0 0 0 0 0 0 0 0 0 0 0 0 20
1 1 0 0 1 1 1 1 0 0 1 1 0 0 0 0 0 0 1 1 0 1 1 0 1 1 1 1 0 0 0 0 0 0 0 0 0 0 0 0 0 0 0 0 0 0 0 0 0 0 16
0 0 1 1 0 0 1 1 0 1 1 0 0 0 0 0 0 1 1 1 0 1 1 0 1 1 1 1 0 0 0 0 0 0 0 0 0 0 0 0 0 0 0 0 0 0 0 0 0 0 15
0 0 1 0 0 1 1 0 0 1 1 1 0 1 0 0 1 0 1 1 0 0 1 0 1 1 0 1 0 0 0 0 0 0 0 0 0 0 0 0 0 0 0 0 0 0 0 0 0 0 14
0 0 1 0 0 0 1 1 0 0 1 1 0 1 0 0 0 1 1 0 0 1 1 0 1 1 1 1 0 0 0 0 0 0 0 0 0 0 0 0 0 0 0 0 0 0 0 0 0 0 14
1 1 1 0 0 1 1 1 0 1 1 1 1 0 0 0 1 1 1 1 0 1 1 0 1 1 1 1 0 0 0 1 0 1 0 0 0 0 0 0 0 0 0 0 0 0 0 0 0 0 22
1 1 1 1 0 1 1 1 0 0 1 1 0 0 0 1 1 1 1 1 0 0 1 0 0 1 1 1 0 0 0 1 0 0 0 0 0 0 0 0 0 0 0 0 0 0 0 0 0 0 19
0 1 1 1 0 1 0 1 0 0 1 0 0 0 1 1 1 0 1 0 0 1 1 0 0 1 0 1 0 0 0 1 0 0 0 0 0 0 0 0 0 0 0 0 0 0 0 0 0 0 15
1 1 1 1 0 1 1 1 0 1 1 1 0 0 1 0 0 1 1 1 0 1 1 0 1 1 1 1 0 0 0 0 0 0 0 0 0 0 0 0 0 0 0 0 0 0 0 0 0 0 20
0 0 1 0 0 1 0 0 0 0 1 0 0 0 0 0 0 1 1 0 0 1 0 0 1 1 0 1 0 0 0 1 0 0 0 0 0 0 0 0 0 0 0 0 0 0 0 0 0 0 10
1 0 1 1 0 1 1 1 0 1 1 1 0 0 0 0 0 1 1 0 0 0 1 1 1 0 1 1 0 0 0 1 0 0 0 0 0 0 0 0 0 0 0 0 0 0 0 0 0 0 17
1 0 0 0 1 1 1 1 0 0 1 1 1 0 0 1 0 1 1 0 0 1 1 0 0 1 0 1 0 0 0 1 0 0 0 0 0 0 0 0 0 0 0 0 0 0 0 0 0 0 16
0 0 1 1 0 1 1 1 0 1 1 1 0 0 1 1 0 1 1 0 0 0 1 0 1 1 1 0 0 1 1 1 0 0 0 0 0 0 0 0 0 0 0 0 0 0 0 0 0 0 19
1 0 1 0 0 1 1 1 0 1 1 0 0 1 0 1 0 0 1 1 0 0 1 0 0 1 0 1 0 0 0 1 0 0 0 0 0 0 0 0 0 0 0 0 0 0 0 0 0 0 15
0 1 1 0 0 1 0 1 0 0 1 1 0 0 0 1 0 1 1 1 0 1 1 0 1 1 0 1 0 0 0 1 0 0 0 0 0 0 0 0 0 0 0 0 0 0 0 0 0 0 16
1 0 1 0 0 1 1 1 0 1 1 1 0 0 0 1 0 1 1 1 0 0 1 1 1 1 0 1 0 0 0 1 0 0 0 0 0 0 0 0 0 0 0 0 0 0 0 0 0 0 18
1 1 1 0 0 1 1 1 0 0 1 1 0 0 0 0 0 1 1 0 0 0 0 0 0 1 0 1 0 0 1 1 0 0 0 1 0 0 0 1 0 0 0 0 0 0 0 0 0 0 16
1 0 1 0 0 1 1 1 0 1 1 1 0 0 0 1 0 1 1 0 0 0 0 0 1 1 0 1 0 0 0 0 0 0 0 0 0 0 0 0 0 0 0 0 0 0 0 0 0 0 14
0 0 0 1 0 0 1 1 0 1 1 0 0 0 1 0 1 1 1 0 0 0 1 1 1 1 0 1 0 1 0 1 0 0 0 0 0 0 0 0 0 0 0 0 0 0 0 0 0 0 16
1 1 1 1 0 1 1 0 0 0 1 0 0 0 0 0 1 1 1 1 0 1 1 0 0 1 1 1 0 1 0 0 0 0 0 0 0 0 0 0 0 0 0 0 0 0 0 0 0 0 17
1 0 1 1 0 0 1 1 0 0 1 1 0 0 0 1 1 1 1 1 0 1 1 0 1 1 0 1 0 0 0 1 0 0 0 0 0 0 0 0 0 0 0 0 0 0 0 0 0 0 18
0 0 1 0 0 1 1 1 0 1 1 1 0 0 0 1 0 1 1 1 0 1 1 0 1 1 0 1 0 0 0 1 0 0 0 0 0 0 0 0 0 0 0 0 0 0 0 0 0 0 17
0 1 1 0 0 1 0 1 0 0 1 1 0 0 0 0 1 1 1 1 0 0 1 1 1 1 0 1 0 1 0 1 0 0 0 0 0 0 0 0 0 0 0 0 0 0 0 0 0 0 17
0 1 1 0 0 1 1 1 0 1 1 1 0 1 0 0 0 0 1 1 0 0 0 0 1 1 1 1 0 0 0 0 0 0 0 0 0 0 0 0 0 0 0 0 0 0 0 0 0 0 15
1 1 1 1 0 1 0 1 0 1 0 1 0 0 1 1 0 1 1 1 0 0 1 0 0 1 0 1 0 0 0 1 0 0 0 0 0 0 0 0 0 0 0 0 0 0 0 0 0 0 17
0 0 1 0 0 0 1 1 0 1 1 1 0 0 0 1 1 1 1 1 0 0 1 0 1 1 1 1 0 0 0 0 0 0 0 0 0 0 0 0 0 0 0 0 0 0 0 0 0 0 16
0 0 1 1 1 1 1 1 0 1 1 0 0 1 0 1 1 1 1 1 0 0 1 1 0 1 1 1 0 0 0 0 0 1 0 0 0 0 0 0 0 0 0 0 0 0 0 0 0 0 20
1 1 1 0 0 0 1 0 0 1 1 1 0 0 0 0 1 1 1 0 0 0 1 0 1 1 1 1 0 0 0 1 1 0 0 0 0 0 0 0 0 0 0 0 0 0 0 0 0 0 17
1 1 1 1 0 1 1 1 0 0 1 1 0 0 0 0 0 1 1 0 0 0 1 0 1 1 1 1 0 1 0 0 0 0 0 0 0 0 0 0 0 0 0 0 0 0 0 0 0 0 17
1 0 1 0 0 1 1 1 0 1 1 1 0 1 0 1 0 1 1 0 0 0 1 0 1 1 0 1 0 0 0 1 0 0 0 0 0 0 0 0 0 0 0 0 0 0 0 0 0 0 17
1 0 1 0 0 1 1 1 0 0 1 1 0 1 0 1 1 1 1 1 0 1 1 0 1 1 0 1 0 0 0 1 1 0 0 0 0 0 0 0 0 0 0 0 0 0 0 0 0 0 20
0 1 1 0 0 0 1 1 0 1 1 0 0 0 0 1 0 1 1 0 0 1 1 1 1 1 1 1 0 0 0 1 0 0 0 0 0 0 0 0 0 0 0 0 0 0 0 0 0 0 17
1 1 1 0 1 1 1 1 0 0 1 1 0 0 0 1 0 1 1 0 0 1 1 0 1 1 1 1 0 0 0 0 0 0 0 0 0 0 0 0 0 0 0 0 0 0 0 0 0 0 18
0 0 1 0 0 1 1 1 0 1 1 1 0 0 0 0 0 1 1 0 0 0 1 1 0 1 0 1 0 0 0 1 0 0 0 0 0 0 0 0 0 0 0 0 0 0 0 0 0 0 14
0 1 1 0 0 1 1 1 0 1 1 1 0 0 0 0 0 0 1 0 0 1 1 0 1 1 0 1 0 1 1 1 0 0 0 0 0 0 0 0 0 0 0 0 0 0 0 0 0 0 17
0 0 1 1 1 1 1 0 0 1 1 1 1 0 0 0 0 0 1 0 0 1 0 0 1 1 0 1 0 0 0 0 0 0 0 0 0 0 0 0 0 0 0 0 0 0 0 0 0 0 14
1 1 1 1 1 1 1 1 0 1 0 0 0 1 0 1 0 1 1 1 0 0 1 0 1 1 1 1 0 1 0 1 0 0 0 0 0 0 0 0 0 0 0 0 0 0 0 0 0 0 21
1 0 1 0 0 1 1 0 0 1 0 1 1 0 0 1 0 1 1 1 0 0 1 0 1 1 0 1 0 0 0 0 0 0 0 0 0 0 0 0 0 0 0 0 0 0 0 0 0 0 15
0 0 1 1 0 0 1 1 0 1 1 1 0 1 0 0 0 0 1 0 0 1 1 0 1 1 1 1 0 0 0 0 0 0 0 0 0 0 0 0 0 0 0 0 0 0 0 0 0 0 15
1 0 1 0 0 1 1 1 1 1 1 1 0 0 0 0 1 1 1 0 1 1 0 0 1 1 0 1 0 0 0 0 0 0 0 0 0 0 0 0 0 0 0 0 0 0 0 0 0 0 17
1 1 1 0 0 1 1 1 0 1 1 1 0 0 0 0 0 1 1 0 0 0 1 0 1 1 1 0 0 0 1 0 0 0 0 0 0 0 0 0 0 0 0 0 0 0 0 0 0 0 16
0 1 1 1 0 1 0 1 0 1 1 1 0 1 0 1 0 0 1 1 0 1 1 0 0 1 0 1 0 0 0 1 0 0 0 0 0 0 0 0 0 0 0 0 0 0 0 0 0 0 17
0 1 1 0 0 1 1 1 0 0 1 1 0 0 0 1 0 1 1 1 0 0 0 1 1 1 1 1 0 0 0 0 0 0 0 0 0 0 0 0 0 0 0 0 0 0 0 0 0 0 16
1 0 0 1 0 1 1 1 1 0 1 0 0 0 1 1 1 0 1 1 0 0 1 0 1 1 1 1 0 0 0 1 0 0 0 0 0 0 0 0 0 0 0 0 0 0 0 0 0 0 18
0 1 1 1 0 1 1 0 0 0 0 1 0 0 0 0 0 1 1 0 1 1 1 0 1 1 1 1 0 0 0 1 0 0 0 0 0 0 0 0 0 0 0 0 0 0 0 0 0 0 16
1 0 0 0 0 1 1 1 0 1 1 0 0 0 0 1 1 1 1 0 0 0 0 0 1 1 1 1 0 0 0 0 0 0 0 0 0 0 0 0 0 0 0 0 0 0 0 0 0 0 14
1 1 1 1 0 1 1 1 0 1 1 0 0 0 0 0 0 1 1 0 0 1 1 1 1 1 0 1 1 0 1 1 0 0 0 0 0 0 0 0 0 0 0 0 0 0 0 0 0 0 20
0 0 1 0 0 0 1 1 0 1 1 1 1 1 0 0 1 1 1 0 0 1 0 0 1 1 0 1 0 0 0 1 0 0 0 0 0 0 0 0 0 0 0 0 0 0 0 0 0 0 16
1 0 1 0 0 1 1 0 0 0 1 1 0 0 0 1 1 1 1 0 0 1 1 0 1 1 0 1 0 0 0 1 0 0 0 0 0 0 0 0 0 0 0 0 0 0 0 0 0 0 16
1 0 0 0 0 1 1 1 0 0 1 1 0 0 0 1 1 1 1 1 0 0 0 0 1 0 1 1 0 0 0 0 1 0 0 0 0 0 0 0 0 0 0 0 0 0 0 0 0 0 15
1 0 1 0 0 1 1 0 0 1 0 1 0 0 1 0 0 0 1 1 0 0 1 0 1 0 1 0 0 0 0 1 0 0 0 0 0 0 0 0 0 0 0 0 0 0 0 0 0 0 13
1 0 1 0 0 1 1 0 0 1 0 0 0 1 0 0 0 0 1 1 0 0 0 1 1 1 1 1 0 0 0 1 0 0 0 0 0 0 0 0 0 0 0 0 0 0 0 0 0 0 14
1 1 1 0 0 1 1 1 0 1 1 0 0 0 0 1 0 1 0 0 0 1 0 0 1 1 0 1 0 0 0 0 0 0 0 0 0 0 0 0 0 1 0 0 0 0 0 0 0 0 15
1 0 1 1 0 1 1 0 0 0 1 1 0 0 0 0 1 1 1 1 0 0 0 0 1 1 1 1 0 0 0 1 0 0 0 0 0 0 0 0 0 0 0 0 0 0 0 0 0 0 16
1 1 1 0 0 1 1 1 0 1 1 0 0 0 0 1 0 1 1 1 0 0 1 0 1 1 0 1 0 0 0 1 0 0 0 0 0 0 0 0 0 0 0 0 0 0 0 0 0 0 17
1 1 1 1 0 1 1 1 0 0 1 0 1 0 0 0 0 1 1 1 0 1 1 0 0 1 0 1 0 0 0 1 0 0 0 0 0 0 0 0 0 0 0 0 0 0 0 0 0 0 17
1 1 1 0 0 1 1 1 0 1 0 1 0 0 1 1 0 1 1 1 0 1 1 0 1 1 0 1 0 0 0 1 0 0 0 0 0 0 0 0 0 0 0 0 0 0 0 0 0 0 19
1 0 1 0 0 1 1 1 0 0 1 1 0 0 0 1 1 1 1 1 0 1 0 1 1 1 0 1 0 0 0 1 0 0 0 0 0 0 0 0 0 0 0 0 0 0 0 0 0 0 18
1 0 1 0 1 1 1 1 0 0 1 0 0 1 1 1 1 1 1 0 1 1 1 0 1 1 0 1 0 0 0 0 0 0 0 0 0 0 0 0 0 0 0 0 0 0 0 0 0 0 19
0 0 1 0 0 0 0 0 0 1 1 0 0 0 0 0 1 1 1 1 0 0 1 0 1 1 0 1 0 0 0 1 0 0 0 0 0 0 0 0 0 0 0 0 0 0 0 0 0 0 12
1 0 1 0 0 1 1 1 0 1 1 1 0 0 1 0 1 1 1 0 0 0 0 0 0 1 0 1 0 0 0 1 0 0 0 0 0 0 0 0 0 0 0 0 0 0 0 0 0 0 15
0 1 1 1 0 1 1 1 0 1 1 0 0 0 1 0 0 0 1 0 0 1 1 0 1 1 1 0 0 0 0 1 0 0 0 0 0 0 0 0 0 0 0 0 0 0 0 0 0 0 16
1 0 1 0 0 1 0 1 0 1 1 0 0 1 0 0 0 1 1 1 0 1 1 1 1 1 0 1 0 0 1 0 0 0 0 0 0 0 0 0 0 0 0 0 0 0 0 0 0 0 17
1 0 1 0 0 1 1 1 0 1 1 1 0 0 0 1 0 0 1 1 0 0 1 0 1 1 1 0 0 1 0 1 0 0 0 0 0 0 0 0 0 0 0 0 0 0 0 0 0 0 17
1 0 0 1 0 1 1 1 0 1 1 1 0 0 0 1 0 0 1 0 0 1 1 0 0 0 0 1 0 0 0 1 0 0 0 0 0 0 0 0 0 0 0 0 0 0 0 0 0 0 14
1 1 1 0 0 1 1 1 0 1 1 1 0 0 0 1 0 1 1 1 0 1 1 1 1 1 0 1 0 0 0 1 0 0 0 0 0 0 0 0 0 0 0 0 0 0 0 0 0 0 20
0 0 0 1 0 1 1 1 0 1 1 0 1 0 0 1 0 1 0 1 0 1 1 0 1 1 0 1 0 0 0 1 0 0 0 0 0 0 0 0 0 0 0 0 0 0 0 0 0 0 16
0 1 1 1 0 0 1 1 0 1 1 0 0 0 0 1 0 1 1 0 0 1 1 0 1 1 0 1 0 0 0 1 0 0 0 0 0 0 0 0 0 0 0 0 0 0 0 0 0 0 16
0 1 1 1 0 0 1 1 0 0 1 1 0 0 0 1 1 0 1 1 0 0 1 0 1 1 0 1 0 0 0 1 1 0 0 0 0 0 0 0 0 0 0 0 0 0 0 0 0 0 17
1 0 1 1 1 1 0 1 0 1 1 1 1 0 1 0 0 1 1 1 0 1 1 0 0 1 1 0 0 0 0 1 1 0 0 0 0 0 0 0 0 0 0 0 0 0 0 0 0 0 20
1 0 1 0 0 0 1 1 0 0 1 0 0 0 0 1 1 1 1 0 0 0 1 1 1 1 1 1 0 1 0 1 0 0 0 0 0 0 0 0 0 0 0 0 0 0 0 0 0 0 17
0 0 1 1 0 1 1 1 1 1 1 1 1 0 1 0 0 1 1 1 0 1 1 0 1 1 1 1 0 0 0 1 0 0 0 0 0 0 0 0 0 0 0 0 0 0 0 0 0 0 21
0 1 1 0 0 0 1 1 0 1 1 1 0 0 0 1 0 1 1 1 0 0 1 0 0 1 1 1 0 0 1 1 1 0 0 0 0 0 0 0 0 0 0 0 0 0 0 0 0 0 18
0 1 1 0 0 1 1 0 0 1 1 0 0 0 0 1 0 0 1 1 0 1 1 1 0 1 0 1 0 0 0 1 0 0 0 0 0 0 0 0 0 0 0 0 0 0 0 0 0 0 15
0 0 1 1 0 1 1 1 0 1 1 0 0 1 0 1 0 0 0 0 0 1 1 0 1 1 0 1 0 0 0 0 0 0 0 0 0 0 0 0 0 0 0 0 0 0 0 0 0 0 14
1 1 1 0 0 0 1 1 0 0 1 1 1 0 0 1 1 1 1 1 0 1 1 0 1 1 0 1 0 0 0 0 0 0 0 0 0 0 0 0 0 0 0 0 0 0 0 0 0 0 18
1 0 1 0 0 1 1 1 1 1 1 0 0 0 1 1 0 0 1 1 0 1 1 0 1 1 0 0 0 0 1 1 0 0 0 0 0 0 0 0 0 0 0 0 0 0 0 0 0 0 18
1 0 1 0 0 1 1 1 0 0 1 0 1 0 0 0 1 1 1 1 0 1 0 0 1 0 1 0 0 0 0 1 0 0 0 0 0 0 0 0 0 0 0 0 0 0 0 0 1 0 16
1 1 1 0 0 1 0 1 0 1 1 0 0 1 0 1 0 1 1 1 0 1 1 0 0 0 1 1 0 0 0 1 1 0 0 0 0 0 0 0 0 0 0 0 0 0 0 0 0 0 18
0 0 1 1 0 1 1 1 0 0 1 1 0 0 1 1 0 1 1 0 0 1 1 0 1 1 0 1 0 0 0 1 0 0 0 0 0 0 0 0 0 0 0 0 0 0 0 0 0 0 17
0 0 1 1 0 1 1 0 0 1 0 1 0 0 0 1 1 1 1 0 0 1 1 0 0 1 1 1 0 0 0 1 0 0 0 0 0 0 0 0 0 0 0 0 0 0 0 0 0 0 16
0 0 1 1 0 1 1 1 0 1 1 1 0 1 0 0 1 1 1 1 0 1 1 0 0 1 1 1 0 0 0 1 0 0 0 0 0 0 0 0 0 0 0 0 0 0 0 0 0 0 19
1 0 1 1 0 1 1 1 0 0 1 1 0 0 0 1 0 1 1 0 0 0 1 1 1 1 0 1 0 0 0 1 0 0 0 0 0 0 0 0 0 0 0 0 0 0 0 0 0 0 17
1 1 1 0 0 0 1 0 0 1 1 1 0 0 0 0 0 1 1 0 0 1 1 0 1 1 0 1 0 0 0 1 0 0 0 0 0 0 0 0 0 0 0 0 0 0 0 0 0 0 15
1 0 0 0 0 1 1 1 0 1 1 0 0 0 0 0 0 1 1 1 0 0 0 0 1 1 0 1 0 0 0 1 0 0 0 0 0 0 0 0 0 0 0 0 0 0 0 0 0 0 13
0 0 0 0 0 0 1 1 0 0 1 0 0 0 1 0 0 1 1 0 0 1 0 0 1 0 1 1 0 0 0 0 0 0 0 0 0 0 0 0 0 0 0 0 0 0 0 0 0 0 10
0 0 1 1 0 1 1 1 0 0 0 0 0 0 0 1 1 1 1 0 0 0 1 1 1 1 1 0 0 0 0 1 0 0 0 0 0 0 0 0 0 0 0 0 0 0 0 0 0 0 15
1 0 1 0 0 1 1 1 0 1 0 0 0 0 0 1 0 1 1 0 0 1 1 0 1 0 0 1 0 0 0 1 0 0 0 0 0 0 0 0 0 0 0 0 0 0 0 0 0 0 14
1 0 1 0 0 1 1 0 0 1 1 1 0 0 0 0 0 1 1 0 0 1 1 1 1 1 1 0 0 0 0 1 0 0 0 0 0 0 0 0 0 0 0 0 0 0 0 0 0 0 16
1 0 1 0 0 1 1 1 0 0 1 0 1 0 0 0 0 1 1 1 0 1 1 1 0 1 0 1 0 0 0 1 0 0 0 0 0 0 0 0 0 0 0 0 0 0 0 0 0 0 16
1 1 1 0 0 0 1 1 0 1 1 1 0 0 0 1 0 1 1 1 0 1 1 0 1 1 0 1 0 1 0 1 0 0 0 0 0 0 0 0 0 0 0 0 0 0 0 0 0 0 19
1 1 1 0 1 1 1 1 0 0 1 1 0 0 0 0 1 1 1 1 0 1 1 0 1 1 0 0 0 0 1 1 0 0 0 0 1 0 0 0 0 0 0 0 0 0 0 0 0 0 20
1 0 1 0 0 0 1 0 1 1 1 1 0 1 0 1 0 1 1 0 0 1 1 1 1 1 1 1 1 1 0 0 0 0 1 0 0 0 0 0 0 0 0 0 0 0 0 0 0 0 21
0 0 1 1 0 0 1 1 0 1 1 0 0 1 0 0 0 1 1 1 0 0 1 0 1 1 0 1 0 0 0 1 0 0 0 0 0 0 0 0 0 0 0 0 0 0 0 0 0 0 15
1 0 1 0 0 1 1 1 0 1 1 1 0 0 0 1 1 1 1 1 0 1 1 0 0 1 0 1 0 0 1 1 0 0 0 0 0 0 0 0 0 0 0 0 0 0 0 0 0 0 19
1 0 0 0 0 1 1 1 0 0 1 1 0 1 0 1 1 1 1 1 0 0 0 0 1 1 1 1 1 0 1 0 0 0 0 0 0 0 0 0 0 0 0 0 0 0 0 0 0 0 18
0 0 1 1 0 1 1 1 0 0 1 0 0 0 0 1 1 1 1 1 0 1 0 0 1 1 1 1 0 0 0 1 0 0 0 0 0 0 0 0 0 0 0 0 0 0 1 0 0 0 18
1 0 1 0 0 1 1 1 0 0 1 1 0 0 0 1 1 1 1 0 0 1 0 0 0 0 0 1 0 0 0 0 0 0 0 0 0 0 0 0 0 0 0 0 0 0 0 0 0 0 13
1 0 1 1 0 1 1 1 0 0 1 1 0 0 0 1 0 0 1 0 0 1 1 0 0 1 1 0 0 0 0 0 0 0 0 0 0 0 0 0 0 0 0 0 0 1 0 0 0 0 15
1 0 0 0 0 0 1 1 0 1 1 0 0 0 1 1 0 1 1 1 0 0 0 0 1 1 0 1 0 0 0 0 0 0 0 0 0 0 0 0 0 0 0 0 0 0 0 0 0 0 13
1 1 1 0 0 1 1 1 0 0 1 1 0 1 0 0 0 1 1 0 0 0 1 0 1 1 0 0 0 0 0 1 0 0 0 0 0 0 0 0 0 0 0 0 0 0 0 0 0 0 15
1 1 1 0 0 1 1 0 0 1 1 1 0 0 0 1 1 1 1 1 0 1 1 0 0 1 0 1 0 0 0 1 0 0 0 0 0 0 0 0 0 0 0 0 0 0 0 0 0 0 18
0 1 1 1 0 1 1 1 0 1 1 1 0 0 1 0 0 1 1 0 1 0 1 0 0 1 0 1 0 0 1 1 0 0 0 0 0 0 0 0 0 0 0 0 0 0 0 0 0 0 18
1 1 0 1 0 0 1 0 0 0 1 1 0 0 0 1 1 1 1 1 0 0 1 1 1 1 1 1 0 0 1 1 0 0 0 0 0 0 0 0 0 0 0 0 0 0 0 0 0 0 19
1 0 1 1 0 1 1 0 1 1 1 1 0 0 1 1 0 1 1 0 0 1 0 0 1 1 1 1 0 0 0 1 0 0 0 0 0 0 0 0 0 0 0 0 0 0 0 0 0 0 19
1 1 0 0 0 0 1 1 0 1 1 0 0 0 0 1 1 0 1 1 0 1 0 1 1 1 1 1 0 0 0 1 0 0 0 0 0 0 0 0 0 0 0 0 0 0 0 0 0 0 17
1 0 0 1 1 1 1 0 0 1 1 1 0 0 0 0 0 1 1 0 0 1 1 0 0 1 0 1 0 0 0 0 0 0 0 0 0 0 0 0 0 0 0 0 0 0 0 0 0 0 14
0 1 1 1 1 1 1 1 0 0 1 1 0 0 0 1 1 1 0 1 0 1 0 1 1 1 1 1 0 0 0 1 0 0 0 0 0 0 0 0 0 0 0 0 0 0 0 0 0 0 20
1 0 1 0 0 1 1 1 0 0 1 1 0 0 1 1 0 1 1 1 0 1 1 1 1 1 0 1 0 0 0 1 1 0 0 0 0 0 0 0 0 0 0 0 0 0 0 0 0 0 20
0 1 1 0 0 1 1 1 0 0 1 1 0 0 0 1 0 1 1 1 0 0 1 0 0 0 0 1 0 0 1 1 0 0 0 0 0 0 0 0 0 0 0 0 0 0 0 0 0 0 15
0 0 1 0 0 1 1 0 0 1 1 1 0 0 0 0 0 1 1 1 0 1 0 1 1 1 1 0 0 0 0 1 0 0 0 0 0 0 0 0 0 0 0 0 0 0 0 0 0 0 15
0 0 1 1 0 1 1 1 0 1 1 0 0 0 0 1 1 1 1 1 0 0 1 0 1 1 0 1 0 0 0 1 0 0 0 0 0 0 0 0 0 0 0 0 0 0 0 0 0 0 17
1 1 1 1 0 1 1 0 0 0 1 0 0 0 0 1 0 1 1 1 0 1 1 1 1 1 0 1 0 0 0 0 0 0 0 0 0 0 0 0 0 0 0 0 0 0 0 0 0 0 17
0 0 1 0 0 1 1 1 0 1 1 1 0 0 0 0 1 1 1 0 0 1 1 0 1 1 1 1 0 0 0 1 0 0 0 0 0 0 0 0 0 0 0 0 0 0 0 0 0 0 17
1 0 0 0 0 1 1 1 0 1 1 0 0 0 0 1 1 1 1 0 0 1 1 0 1 0 1 0 0 0 0 1 0 0 0 0 0 0 0 0 0 0 0 0 0 0 0 0 0 0 15
1 1 1 0 0 0 1 1 0 1 1 0 0 0 0 0 1 1 1 0 0 0 1 0 0 1 1 1 0 0 0 1 0 0 0 0 0 0 0 0 0 0 0 0 0 0 0 0 0 0 15
1 0 1 1 0 1 1 1 0 1 0 0 0 0 0 1 0 1 1 1 0 1 0 0 1 1 0 1 0 0 0 1 0 0 0 0 0 0 0 0 0 0 0 0 0 0 0 0 0 0 16
1 1 1 0 0 1 1 1 0 1 1 1 0 0 0 0 1 1 1 0 0 1 1 0 1 1 1 1 0 0 0 1 0 0 0 0 0 0 0 0 0 0 0 0 0 0 0 0 0 0 19
1 1 1 0 0 0 1 0 0 0 1 1 0 0 0 0 0 1 1 1 0 1 1 0 1 1 1 1 0 0 0 0 0 0 0 0 0 0 0 0 0 0 0 0 0 0 0 0 0 0 15
1 0 1 0 0 1 1 1 0 1 1 0 0 0 0 1 0 1 1 0 0 1 1 1 0 1 1 0 0 0 0 0 0 0 0 0 0 0 0 0 0 0 0 0 0 0 0 0 0 0 15
1 0 1 1 0 0 1 0 0 0 0 1 0 1 0 0 0 1 1 1 0 1 0 0 0 1 0 0 0 0 0 1 0 0 0 0 0 0 0 0 0 0 0 0 0 0 0 0 0 0 12
0 1 1 0 0 1 1 1 0 1 1 1 0 0 0 0 0 0 1 1 0 0 1 1 0 1 1 1 0 0 0 1 0 0 0 0 0 0 0 0 0 0 0 0 0 0 0 0 0 0 16
1 0 1 0 1 1 1 1 0 1 1 1 0 0 0 0 0 1 1 1 0 1 1 0 0 1 0 1 0 0 0 0 0 0 0 0 0 0 0 0 0 0 0 0 0 0 0 0 0 0 16
1 0 1 1 0 1 1 1 0 1 1 0 0 0 0 0 0 0 1 1 0 0 1 0 1 1 1 1 0 0 0 1 1 0 0 0 0 0 0 0 0 0 0 0 0 0 0 0 0 0 17
1 0 0 1 0 1 1 1 0 1 1 1 0 0 0 1 0 1 0 0 0 1 1 0 0 1 0 1 0 0 0 1 0 0 0 0 0 0 0 0 0 0 0 0 0 0 0 0 0 0 15
1 1 1 1 0 1 1 1 0 1 1 0 0 0 1 0 0 1 1 0 0 0 1 0 1 1 1 1 0 0 0 1 0 0 0 0 0 0 0 0 0 0 0 0 0 0 0 0 0 0 18
1 1 1 0 0 0 1 1 0 1 0 0 0 0 0 1 1 1 1 1 0 0 1 0 1 0 1 1 0 0 0 1 0 0 0 0 0 0 0 0 0 0 0 0 0 0 0 0 0 0 16
1 1 1 0 0 1 1 1 0 1 0 1 0 0 0 0 0 1 1 0 0 0 1 0 1 1 1 1 0 0 0 0 0 0 0 0 0 0 0 0 0 0 0 0 0 0 0 0 0 0 15
1 0 1 1 0 1 0 1 0 1 1 1 0 0 0 1 0 1 1 0 0 1 1 0 1 1 0 1 0 0 1 0 0 0 0 0 0 0 0 0 0 0 0 0 0 0 0 0 0 0 17
1 1 1 0 0 0 1 1 0 0 1 1 1 0 0 1 0 1 1 1 0 0 1 0 1 1 0 0 0 0 0 0 0 0 0 0 0 0 0 0 0 0 0 0 0 0 0 0 0 0 15
1 0 1 1 0 1 1 1 0 0 1 1 0 1 0 0 0 0 1 0 0 1 1 0 1 1 0 1 0 0 0 1 0 0 0 0 0 0 0 0 0 0 0 0 0 0 0 0 0 0 16
1 1 1 0 0 1 1 1 0 1 1 0 0 0 0 1 1 1 1 0 0 1 1 0 1 1 1 1 0 0 0 0 0 0 0 0 0 0 0 0 0 0 0 0 0 0 0 0 0 0 18
0 0 1 1 0 1 1 1 0 1 1 1 0 0 0 1 0 0 1 1 0 0 1 0 1 0 0 1 0 0 1 1 0 0 0 0 0 0 0 0 0 0 0 0 0 0 0 0 0 0 16
1 1 1 0 0 1 1 1 1 0 1 1 0 0 0 1 0 1 1 1 0 0 1 0 1 1 1 1 0 0 1 1 0 0 0 0 0 0 0 0 0 0 0 0 0 0 0 0 0 0 20
0 0 1 1 0 1 0 1 0 0 1 1 0 0 1 0 1 1 1 1 0 1 1 1 1 1 1 1 0 1 0 0 0 0 0 0 0 0 0 0 0 0 0 0 0 0 0 0 0 0 19
0 0 1 1 0 1 1 1 0 1 1 0 0 0 0 1 1 1 1 1 0 0 1 0 1 1 0 1 0 1 0 1 0 0 0 0 0 0 0 0 0 0 0 0 0 0 0 0 0 0 18
1 0 1 0 0 0 1 1 0 0 1 0 0 0 0 1 0 1 1 0 0 1 1 1 1 1 0 1 0 0 0 1 0 0 0 0 0 0 0 0 0 0 0 0 0 0 0 0 0 0 15
1 1 1 1 0 1 1 0 0 1 1 1 0 0 0 0 1 0 1 1 0 1 1 0 1 1 0 1 0 1 0 1 0 0 0 0 0 0 0 0 0 0 0 0 0 0 0 0 0 0 19
0 0 0 0 0 1 1 1 0 1 1 0 0 0 0 0 1 1 1 1 0 1 1 0 0 1 1 1 0 0 0 1 0 0 0 0 0 0 0 0 0 0 0 0 0 0 0 0 0 0 15
1 1 1 0 0 1 1 1 0 1 1 0 0 0 0 0 0 1 0 1 0 1 1 0 1 1 1 1 0 0 0 1 0 0 0 0 0 0 1 0 0 0 0 0 0 0 0 0 0 0 18
1 1 1 0 0 1 1 1 0 1 1 0 0 0 0 1 0 1 1 1 0 1 1 0 1 1 1 1 0 0 0 1 0 0 0 0 0 0 0 0 0 0 0 0 0 0 0 0 0 0 19
1 1 1 0 0 1 1 1 0 1 1 1 0 0 0 0 0 1 1 0 0 1 1 0 1 1 1 1 0 0 0 1 0 0 0 0 0 0 0 0 0 0 0 0 0 0 0 0 0 0 18
0 0 1 0 1 1 1 1 0 1 1 0 0 0 0 0 0 1 1 0 0 0 1 0 1 1 0 1 0 0 0 1 0 0 0 0 0 0 0 0 0 0 0 0 0 0 0 0 0 0 14
0 0 1 0 0 0 1 1 0 0 0 1 0 0 0 0 0 1 1 0 0 1 1 0 1 1 0 1 0 0 0 1 0 0 0 0 0 0 0 0 0 0 0 0 0 0 0 0 0 0 12
1 1 0 0 0 1 1 1 0 1 1 1 0 1 0 1 0 1 1 1 0 1 1 1 1 1 0 0 0 0 0 1 0 0 0 0 0 0 0 0 0 0 0 0 0 0 0 0 0 0 19
0 1 1 1 0 0 1 1 0 1 1 1 0 0 0 1 0 1 1 0 0 0 1 0 0 1 1 1 0 0 0 1 0 0 0 0 0 0 0 0 0 0 0 0 0 0 0 0 0 0 16
1 1 1 1 0 1 0 1 0 1 0 0 0 0 1 1 0 0 1 1 0 0 1 1 1 1 0 1 0 0 0 0 0 0 0 0 0 0 0 0 0 0 0 0 0 0 0 0 0 0 16
0 0 0 1 0 0 1 1 0 1 1 0 0 0 0 1 0 1 1 1 0 1 1 1 1 1 0 1 0 0 0 0 0 0 0 0 0 0 0 0 0 0 0 0 0 0 0 0 0 0 15
1 0 1 0 0 1 1 1 0 0 1 1 0 0 0 1 0 1 1 0 0 1 1 0 1 1 1 1 0 0 0 1 0 0 0 0 0 0 0 0 0 0 0 0 0 0 0 0 0 0 17
1 1 1 1 0 1 1 1 0 1 1 0 1 0 0 1 0 1 1 0 0 1 1 0 1 1 0 1 0 1 1 1 0 0 0 0 0 0 0 0 0 0 0 0 0 0 0 0 0 0 21
1 1 0 0 0 1 1 1 0 1 1 1 0 1 0 0 0 0 1 0 0 0 0 0 1 1 1 1 1 0 0 0 0 0 0 0 0 0 0 0 0 0 0 0 0 0 0 0 0 0 15
1 1 1 0 0 1 1 1 0 1 0 0 0 0 0 1 0 1 0 1 0 1 1 0 1 1 1 1 0 1 0 1 0 0 0 0 0 0 0 0 0 0 0 0 0 0 0 0 0 0 18
1 0 1 1 0 1 1 1 0 1 0 1 0 1 0 0 0 1 1 1 0 1 0 0 1 1 0 1 0 0 0 1 0 0 0 0 0 0 0 0 0 0 0 0 0 0 0 0 0 0 17
0 0 1 0 0 1 1 1 0 0 0 1 1 0 1 0 0 1 1 1 0 1 1 0 1 0 1 1 0 0 0 1 0 0 0 0 0 0 0 0 0 0 0 0 0 0 0 0 0 0 16
1 1 1 1 1 1 1 1 0 0 1 1 0 1 0 0 1 1 1 0 0 0 1 0 1 0 1 1 0 0 1 1 0 0 0 0 0 0 0 0 0 0 0 0 0 0 0 0 0 0 20
0 0 1 1 0 1 1 1 0 0 1 1 0 0 1 1 1 1 1 1 0 1 1 0 1 1 1 1 0 0 1 1 0 0 0 0 0 0 0 0 0 0 0 0 0 0 0 0 0 0 21
1 1 1 0 0 1 1 1 0 1 1 0 0 0 0 1 1 1 1 0 0 1 1 1 1 1 0 0 0 0 0 1 0 0 0 0 0 0 0 0 0 0 0 0 0 0 0 0 0 0 18
1 0 1 1 0 1 1 1 0 1 0 1 0 0 0 0 0 0 1 1 0 0 1 0 1 1 0 1 0 0 0 0 0 0 0 0 0 0 0 0 0 0 0 0 0 0 0 0 0 0 14
1 0 1 0 1 1 1 1 0 1 1 0 1 1 1 1 1 1 1 0 0 1 0 0 1 1 0 1 0 0 0 1 0 0 0 0 0 0 0 0 0 0 0 0 0 0 0 0 0 0 20
1 0 1 0 0 1 1 1 0 1 1 1 0 0 0 1 1 1 1 1 0 1 0 0 1 1 1 1 0 0 0 0 0 0 0 0 0 0 0 0 0 0 0 0 1 0 0 0 0 0 19
1 1 1 0 0 1 1 1 0 1 1 1 0 0 0 1 0 1 0 1 0 1 0 1 1 1 1 1 0 0 0 1 0 0 0 0 0 0 0 0 0 0 0 0 0 0 0 1 0 0 20
0 0 1 1 1 1 1 0 0 0 1 1 0 0 1 1 1 0 1 1 0 1 1 0 0 1 1 1 1 1 0 1 0 0 0 0 0 0 0 0 0 0 0 0 0 0 0 0 0 0 20
0 0 1 0 0 1 1 1 0 0 1 1 0 0 0 0 0 1 1 1 0 0 1 1 1 1 1 1 0 0 0 1 0 0 0 0 0 0 0 0 0 0 0 0 0 0 0 0 0 0 16
1 0 1 0 0 1 0 1 0 0 0 1 0 0 0 1 1 1 1 1 0 1 0 0 1 1 0 1 0 1 0 1 0 0 0 0 0 0 0 0 0 0 0 0 0 0 0 0 0 0 16
0 1 1 0 0 1 1 1 0 1 1 0 0 0 0 0 1 0 1 0 0 0 0 0 0 1 1 1 0 0 0 0 0 0 0 0 0 0 0 0 0 0 0 0 0 0 0 0 0 0 12
1 0 1 0 0 0 1 1 0 1 1 0 1 0 0 1 0 0 1 0 0 1 0 1 1 1 0 1 1 0 0 1 0 0 0 0 0 0 0 0 0 0 0 0 0 0 0 0 0 0 16
0 1 1 1 0 1 1 1 0 0 0 1 0 0 0 0 0 1 0 1 0 0 1 1 1 1 1 0 0 0 0 1 0 0 0 0 0 0 0 0 0 0 0 0 0 0 0 0 0 0 15
1 1 0 0 0 1 1 1 0 0 1 1 0 0 0 0 0 0 1 1 0 0 1 0 1 1 1 1 0 0 0 0 0 0 0 0 0 0 0 0 0 0 0 0 0 0 0 0 0 0 14
1 0 1 1 0 0 1 1 0 1 0 1 0 0 0 1 0 1 1 1 0 1 1 0 1 1 1 1 0 0 0 0 0 0 0 0 0 0 0 0 0 0 0 0 0 0 0 0 0 0 17
0 0 0 1 0 1 1 1 0 0 1 1 1 1 0 1 1 1 1 1 0 0 1 0 1 1 1 1 0 0 0 1 0 1 0 0 0 0 0 0 0 0 0 0 0 0 0 0 0 0 20
1 0 1 0 0 1 1 1 0 1 1 0 0 0 0 0 0 1 1 1 0 0 1 0 0 1 1 1 0 0 1 1 1 0 0 0 0 0 0 0 0 0 0 0 0 0 0 0 0 0 17
1 0 1 1 0 1 1 1 0 0 1 1 0 0 0 0 0 0 1 0 0 1 1 1 1 1 1 1 0 0 0 0 0 0 0 0 0 0 0 0 0 0 0 0 0 0 0 0 0 0 16
0 0 0 0 0 1 1 1 0 1 0 0 0 0 0 0 0 1 1 1 0 0 0 0 1 1 1 1 0 0 0 1 0 0 0 0 0 0 0 0 0 0 0 0 0 0 0 0 0 0 12
1 1 1 1 0 1 0 1 0 1 1 0 0 0 0 1 0 1 1 0 0 1 1 0 1 1 1 1 0 1 0 1 0 0 0 0 0 0 0 0 0 0 0 0 0 0 0 0 0 0 19
0 1 1 0 0 0 1 1 0 1 1 1 0 0 0 1 0 1 0 1 0 0 1 0 1 1 1 1 0 0 0 0 0 0 0 0 0 0 0 0 0 0 0 0 0 0 0 0 0 0 15
1 0 0 0 0 1 1 1 0 0 0 1 1 0 0 1 0 0 1 0 0 0 1 0 1 1 0 1 0 0 0 1 0 0 0 0 0 0 0 0 0 0 0 0 0 0 0 0 0 0 13
0 0 1 0 0 1 1 1 0 0 1 0 0 0 0 1 0 0 1 1 0 1 1 1 1 1 1 1 0 0 1 0 0 0 0 0 0 0 0 0 0 0 0 0 0 0 0 0 0 0 16
1 1 1 0 0 1 1 1 0 0 0 0 0 1 1 1 1 1 1 1 0 1 1 0 1 1 1 1 0 0 0 1 0 0 0 0 0 0 0 0 0 0 0 0 0 0 0 0 0 0 20
1 0 0 0 0 1 1 1 0 1 1 1 0 0 0 1 0 1 1 1 0 1 1 0 1 1 1 1 0 0 0 0 0 0 0 0 0 0 0 0 0 0 0 0 0 0 0 0 0 0 17
1 1 0 0 0 1 1 1 0 1 1 0 0 0 1 1 1 1 0 1 0 1 1 0 1 1 0 0 0 0 0 1 0 0 0 0 0 0 0 0 0 0 0 0 0 0 0 0 0 0 17
1 0 1 0 0 1 1 0 0 1 1 0 0 0 0 1 1 1 1 1 0 1 1 0 1 1 0 1 0 0 0 1 0 0 0 0 0 0 0 0 0 0 0 0 0 0 0 0 0 0 17
0 1 1 1 0 1 1 1 0 1 1 0 0 0 0 0 0 1 1 0 0 1 1 0 1 1 1 1 0 0 0 1 0 0 0 0 0 0 0 0 0 0 0 0 0 0 0 0 0 0 17
1 1 1 0 0 0 1 1 0 1 1 0 0 0 0 1 0 1 1 0 0 1 1 0 1 1 0 1 0 1 0 1 0 0 0 0 0 0 0 0 0 0 0 0 0 0 0 0 0 0 17
1 0 0 0 0 0 1 1 0 1 1 1 0 0 0 1 0 1 1 1 0 0 1 1 1 1 1 1 0 0 0 0 0 0 0 0 0 0 0 0 0 0 0 0 0 0 0 0 0 0 16
0 1 1 0 1 1 1 1 0 1 1 0 0 0 0 0 1 1 1 0 0 1 1 0 0 1 0 1 0 0 0 0 0 0 0 0 0 0 0 0 0 0 0 0 0 0 0 0 0 0 15
1 0 1 0 0 1 1 0 0 1 1 0 0 0 0 1 1 1 1 0 0 0 1 0 1 1 0 1 0 0 0 0 0 0 0 0 0 0 0 0 0 0 0 0 0 0 0 0 0 0 14
1 1 1 0 0 1 1 1 1 1 1 0 1 0 0 1 1 0 1 1 0 0 1 0 1 1 1 1 0 0 0 0 0 0 0 0 0 0 0 0 0 0 0 0 0 0 0 0 0 0 19
1 0 0 1 0 1 1 1 0 1 1 1 0 0 0 1 1 0 1 0 0 0 1 0 1 1 1 1 0 0 0 1 0 0 0 0 0 0 0 0 0 0 0 0 0 0 0 0 0 0 17
1 1 1 0 0 1 1 1 0 1 1 1 0 0 0 1 1 1 1 0 0 1 1 1 1 1 1 1 0 0 0 0 0 0 0 0 0 0 0 0 0 0 0 0 0 0 0 0 0 0 20
0 1 0 0 0 1 1 1 0 1 1 1 0 0 0 0 0 1 1 1 0 0 0 1 0 1 0 1 0 0 0 1 0 0 0 0 0 0 0 0 0 0 0 0 0 0 0 0 0 0 14
1 0 1 0 0 1 0 1 0 1 0 0 1 0 0 0 0 1 1 1 0 0 0 0 1 1 0 0 0 0 0 1 0 0 0 0 0 0 0 0 0 0 0 0 0 0 0 0 0 0 12
0 0 1 0 0 1 1 0 0 0 1 1 0 1 1 0 1 1 1 1 0 0 1 0 1 1 1 1 0 0 0 1 1 0 0 0 0 0 0 0 0 0 0 0 0 0 0 0 0 0 18
1 1 1 1 0 1 1 0 0 0 0 1 1 0 0 1 0 1 1 1 0 1 1 1 1 1 1 1 1 0 1 1 0 0 0 0 0 0 0 0 0 0 0 0 0 0 0 0 0 0 22
0 0 1 0 0 1 1 1 0 1 1 0 1 0 0 1 0 1 1 1 1 0 1 0 1 1 1 1 0 0 0 0 0 0 0 0 0 0 0 0 0 0 0 0 0 0 0 0 0 0 17
1 0 1 0 1 0 1 1 0 0 1 1 0 0 1 1 0 1 1 0 0 1 0 0 0 1 0 0 0 0 1 1 0 1 0 0 0 0 0 0 0 0 0 0 0 0 0 0 0 0 16
0 0 1 0 0 1 1 0 0 0 1 1 0 0 0 1 0 0 1 1 0 1 1 0 1 1 0 1 0 0 1 1 0 0 0 0 0 0 0 0 0 0 0 0 0 0 0 0 0 0 15
1 0 1 1 0 1 0 1 0 1 1 1 1 0 1 0 1 1 1 0 0 0 1 1 1 1 0 1 0 0 1 1 0 0 0 0 0 0 0 0 0 0 0 0 0 0 0 0 0 0 20
0 0 1 0 0 1 1 1 0 1 0 1 0 0 0 1 0 1 1 0 0 1 1 1 0 1 1 1 0 0 0 0 0 0 0 0 0 0 0 0 0 0 0 0 0 0 0 0 0 0 15
0 0 1 1 0 1 1 1 0 0 1 0 0 0 0 1 0 1 1 0 0 1 1 0 1 1 1 1 0 0 0 0 0 0 0 0 0 0 0 0 0 0 0 0 0 0 0 0 0 0 15
1 0 1 1 0 1 1 1 0 1 1 1 0 1 0 0 0 1 1 1 0 1 1 0 1 1 0 1 0 0 0 0 0 0 0 0 0 0 0 0 0 0 0 0 0 0 0 0 0 0 18
0 1 1 0 0 1 1 1 0 0 0 0 0 0 1 0 1 1 1 1 0 1 1 0 1 1 0 0 0 1 0 1 0 0 0 0 0 0 0 0 0 0 0 0 0 0 0 0 0 0 16
1 0 1 0 0 1 1 0 0 1 0 0 0 0 0 0 1 1 1 1 0 1 0 0 1 1 1 1 0 0 0 0 0 0 0 0 0 0 0 0 0 0 0 0 0 0 0 0 0 0 14
0 0 1 1 0 1 1 1 0 1 1 1 0 0 0 1 0 1 1 0 0 1 1 1 1 1 1 1 0 0 0 1 0 0 0 0 0 0 0 0 0 0 0 0 0 0 0 0 0 0 19
0 0 1 0 1 1 0 1 0 1 1 0 0 0 0 1 1 1 1 1 0 1 1 0 1 1 0 1 0 0 0 1 0 0 0 0 0 0 0 0 0 0 0 0 0 0 0 0 0 0 17
1 1 1 0 0 1 1 0 0 1 0 0 1 0 0 1 0 1 1 0 0 0 1 0 1 1 0 1 0 0 0 1 0 0 0 0 0 0 0 0 0 0 0 0 0 0 0 0 0 0 15
1 0 1 1 0 1 1 0 0 1 1 1 0 0 0 0 0 1 1 0 1 0 1 0 1 0 1 1 0 1 0 0 0 0 0 0 0 0 0 0 0 0 0 0 0 0 0 0 0 0 16
1 1 1 0 0 1 1 1 0 1 1 0 0 0 0 1 1 1 1 0 0 1 0 0 1 1 0 1 0 0 0 0 0 0 0 0 0 0 0 0 0 0 0 0 0 0 0 0 0 0 16
1 0 1 1 0 1 1 1 0 1 1 1 0 0 0 1 0 0 1 0 0 0 1 0 0 1 0 1 0 1 0 1 0 0 0 0 0 0 0 0 0 0 0 0 0 0 0 0 0 0 16
1 0 1 0 0 1 1 1 0 0 1 0 0 0 1 0 0 0 1 1 0 0 1 0 1 1 1 1 0 1 0 1 0 0 0 0 0 0 0 0 0 0 0 0 0 0 0 0 0 0 16
0 0 0 0 1 1 1 1 0 1 1 1 0 0 0 1 1 1 1 1 1 0 1 0 1 1 1 1 0 1 0 1 0 0 0 0 0 0 0 0 0 0 0 0 0 0 0 0 0 0 20
1 1 1 1 0 1 0 1 0 1 1 0 0 0 0 1 0 1 1 1 0 0 1 1 1 1 1 0 0 0 0 1 0 0 0 0 0 0 0 0 0 0 0 0 0 0 0 0 0 0 18
1 0 1 0 0 1 1 0 0 0 1 0 0 0 0 0 0 1 1 0 0 1 1 0 1 1 1 1 0 0 0 1 0 0 0 0 0 0 0 0 0 0 0 0 0 0 0 0 0 0 14
1 0 1 1 0 1 1 1 0 0 0 1 0 0 1 1 0 1 1 1 0 0 1 0 1 1 0 1 0 0 0 1 0 0 0 0 0 0 0 0 0 0 0 0 0 0 0 0 0 0 17
1 1 0 1 0 1 1 1 0 1 1 1 0 0 0 1 1 1 1 1 0 0 1 0 1 1 0 1 0 0 0 1 0 0 0 0 0 0 0 0 0 0 0 0 0 0 0 0 0 0 19
1 0 0 0 0 1 1 1 0 1 1 1 1 0 0 1 1 1 1 1 0 1 1 1 0 1 1 1 0 1 0 0 0 0 0 0 0 0 0 0 0 0 0 0 0 0 0 0 0 0 20
0 0 1 1 0 1 1 1 0 0 1 1 0 0 0 0 1 1 1 1 0 1 1 1 1 1 1 1 0 0 0 1 0 0 0 0 0 0 0 0 0 0 0 0 0 0 0 0 0 0 19
0 0 1 0 0 0 0 1 0 0 1 0 0 0 0 1 0 1 1 0 0 0 1 0 1 1 0 1 0 0 0 1 0 0 0 0 0 0 0 0 0 0 0 0 0 0 0 0 0 0 11
1 0 1 0 0 0 0 1 0 1 1 1 1 1 0 0 1 1 1 1 0 1 1 0 1 1 0 1 0 0 0 1 0 0 0 0 0 0 0 0 0 0 0 0 0 0 0 0 0 0 18
1 0 1 1 1 1 1 1 0 1 1 0 0 0 1 1 0 1 1 0 0 1 1 0 1 1 1 1 0 0 0 1 0 0 0 0 0 0 0 0 0 0 0 0 0 0 0 0 0 0 20
1 1 1 1 0 0 1 0 0 0 1 1 0 0 1 0 1 1 1 1 0 1 0 0 1 1 1 1 0 0 0 1 0 0 0 0 0 0 0 0 0 0 0 0 0 0 0 0 0 0 18
0 0 1 1 0 1 1 1 0 0 1 1 0 1 1 1 0 1 1 0 0 1 0 0 0 1 1 1 0 0 0 1 0 0 0 0 0 0 0 0 0 0 0 0 0 0 0 0 0 0 17
1 0 1 0 0 1 1 1 0 1 1 1 0 0 1 0 1 0 1 0 0 0 1 1 1 1 1 1 0 0 0 1 0 0 0 0 0 0 0 0 0 0 0 0 0 0 0 0 0 0 18
0 1 1 0 0 1 1 0 0 1 1 1 0 1 0 1 1 1 1 1 0 0 1 0 1 1 1 1 0 0 0 1 0 0 0 0 0 0 0 0 0 0 0 0 0 0 0 0 0 0 19
1 0 1 0 0 1 1 1 0 1 1 0 0 0 0 1 0 1 1 1 1 1 1 0 1 1 1 1 0 0 1 1 0 0 0 0 0 0 0 0 0 0 0 0 0 0 0 0 0 0 20
1 1 1 0 0 1 1 1 0 1 1 0 1 0 0 0 0 1 1 0 0 1 1 0 1 1 0 1 0 0 0 1 0 0 0 0 0 0 0 0 0 0 0 0 0 0 0 0 0 0 17
0 0 1 0 0 1 0 1 0 1 1 0 0 0 0 0 1 1 1 1 0 1 1 0 1 1 0 1 0 0 0 0 0 0 0 0 0 0 0 0 0 0 0 0 0 0 0 0 0 0 14
1 0 1 1 0 1 1 1 0 1 1 1 0 0 1 1 1 1 1 1 0 0 1 1 1 1 1 1 0 0 1 1 0 0 0 0 0 0 0 0 0 0 0 0 0 0 0 0 0 0 23
0 1 0 1 0 1 0 1 0 0 1 1 0 1 0 1 0 0 1 1 1 0 0 1 0 1 1 1 0 0 0 1 0 0 0 0 0 0 0 0 0 0 0 0 0 0 0 0 0 0 16
1 0 1 1 0 1 1 1 0 1 1 0 1 0 0 0 0 1 1 0 0 1 1 1 1 1 0 1 0 0 1 0 0 0 0 0 0 0 0 0 0 0 0 0 0 0 0 0 0 0 18
0 0 1 0 0 1 1 1 0 0 1 0 0 0 0 0 1 1 1 1 0 1 1 0 1 0 0 1 0 0 0 1 0 0 0 0 0 0 0 0 0 0 0 0 0 0 0 0 0 0 14
1 0 0 0 1 1 1 1 0 1 1 1 0 0 0 1 1 1 1 1 0 0 1 0 0 1 1 1 0 0 0 0 0 0 0 0 0 0 0 0 0 0 0 0 0 0 0 0 0 0 17
1 0 0 0 0 1 1 1 0 1 1 0 0 0 0 0 0 1 1 0 0 1 1 0 0 1 0 1 0 0 1 1 0 0 0 0 0 0 0 0 0 0 0 0 0 0 0 0 0 0 14
0 1 1 0 0 1 1 1 0 1 1 1 1 0 0 1 1 1 1 1 0 1 1 0 0 1 0 1 0 0 0 0 1 0 0 0 0 0 0 0 0 0 0 0 0 0 0 0 0 0 19
1 1 1 0 1 1 1 1 0 1 1 0 0 0 0 1 0 1 1 1 0 1 1 0 1 1 1 1 0 0 0 1 0 0 0 0 0 0 0 0 0 0 0 0 0 0 0 0 0 0 20
0 1 1 0 0 1 1 1 0 1 1 1 0 1 1 1 0 1 1 1 0 1 1 1 1 1 0 1 1 0 0 1 0 0 0 0 0 0 0 0 0 0 0 0 0 0 0 0 0 0 22
0 1 1 0 0 1 1 1 0 1 1 1 0 0 0 0 1 1 1 0 0 1 1 1 0 1 0 1 0 0 1 1 0 0 0 0 0 0 0 0 0 0 0 0 0 0 0 0 0 0 18
1 0 1 0 0 1 1 1 0 1 1 1 0 0 1 1 1 1 1 1 0 0 1 0 1 1 0 1 0 0 0 1 0 0 0 0 0 0 0 0 0 0 0 0 0 0 0 0 0 0 19
0 0 1 0 0 0 1 1 0 1 0 0 1 0 0 0 1 0 1 1 0 0 1 0 1 1 1 0 0 0 0 1 0 0 0 0 0 0 0 0 0 0 0 0 0 0 0 0 0 0 13
0 0 0 0 0 1 1 1 0 1 1 1 0 0 0 0 0 1 1 0 0 0 1 1 1 1 0 1 0 0 0 1 0 0 0 0 0 0 0 0 0 0 0 0 0 0 0 0 0 0 14
1 1 1 0 0 1 1 1 0 1 1 0 0 0 0 1 1 1 1 1 0 1 1 0 1 0 0 1 0 0 0 1 0 0 0 0 0 0 0 0 0 0 0 0 0 0 0 0 0 0 18
1 1 0 1 0 1 1 0 1 1 1 1 0 0 0 1 1 1 1 1 0 1 1 0 1 1 0 1 0 1 0 0 0 0 0 0 0 0 0 0 0 0 0 0 0 0 0 0 0 0 20
1 0 1 0 0 1 1 1 0 1 0 0 0 0 0 1 1 1 1 0 0 1 1 1 1 1 1 1 0 0 0 1 0 0 0 0 0 0 0 0 0 0 0 0 0 0 0 0 0 0 18
0 1 1 0 0 1 1 1 0 0 1 0 1 0 0 1 1 1 1 0 0 1 1 0 0 1 1 1 0 1 0 1 0 0 0 0 0 0 0 0 0 0 0 0 0 0 0 0 0 0 18
307 204 427 169 58 411 446 434 18 306 422 305 65 72 76 268 202 409 481 277 16 306 412 133 401 452 245 447 23 63 74 354 25 9 1 1 1 1 1 1 1 1 1 1 1 1 1 1 1 1 8333
