0 1 1 1 1 1 0 1 0 1 1 1 1 1 1 1 0 0 1 0 1 0 1 0 1 1 0 0 1 1 1 0 1 1 0 0 0 0 0 1 1 1 0 1 0 1 0 1 0 1 30
1 1 0 0 1 1 0 1 1 1 1 0 1 1 1 1 0 1 0 0 1 1 0 0 0 0 0 1 0 1 0 0 1 0 1 1 0 0 0 0 0 1 0 0 0 0 0 1 1 0 23
0 0 1 1 1 1 1 0 1 0 0 1 0 0 1 1 1 0 1 0 1 0 1 0 0 0 1 1 1 1 0 0 1 0 1 0 1 0 0 0 0 1 1 0 1 0 1 0 1 1 26
0 0 1 1 0 1 0 1 1 1 0 0 1 1 1 1 0 1 0 1 1 1 0 1 1 1 1 0 0 0 1 1 0 0 1 0 1 1 0 1 1 0 0 1 1 0 1 1 1 0 30
0 1 0 1 1 0 1 0 1 0 0 1 1 1 0 0 0 0 1 0 1 1 0 0 1 1 1 1 1 0 1 0 0 1 1 0 0 1 0 0 1 0 0 0 0 0 0 1 1 0 23
0 1 0 0 0 0 0 1 1 1 0 1 0 1 1 1 1 1 0 0 1 0 0 0 1 0 0 0 0 1 0 1 0 0 0 0 0 1 0 0 1 0 1 0 0 0 1 0 0 1 19
0 1 0 1 1 0 0 1 0 0 0 1 0 1 0 0 0 1 0 1 0 0 0 1 0 0 0 1 1 0 0 1 1 1 1 1 1 1 0 1 1 0 1 1 0 1 0 1 1 0 25
0 0 0 0 0 0 1 1 1 0 1 0 0 1 0 1 1 0 0 1 1 0 0 1 1 1 1 0 1 1 0 1 1 1 0 1 1 0 0 0 1 1 1 1 0 1 1 0 1 0 27
1 0 0 1 1 1 1 0 0 0 1 1 0 0 0 1 1 0 1 1 1 0 0 0 0 1 0 0 0 1 1 1 1 1 0 0 0 1 1 0 0 1 1 0 1 1 1 0 1 0 26
0 1 0 0 1 1 1 1 0 1 0 1 1 1 1 1 0 0 0 0 1 0 0 1 1 1 1 0 1 1 0 0 0 1 0 1 1 0 1 1 1 1 1 0 1 1 0 1 0 1 30
0 1 1 1 1 0 1 0 0 0 0 0 1 1 1 0 1 0 0 1 1 1 0 1 1 0 0 1 0 1 0 1 0 0 0 1 0 0 1 1 1 1 1 1 1 0 1 1 1 1 29
0 0 0 1 1 1 1 1 1 1 0 0 0 0 1 1 0 0 1 0 1 1 0 0 1 0 0 1 1 0 0 1 0 0 1 1 0 0 1 1 1 0 0 0 1 0 1 1 0 1 25
1 0 0 1 1 1 0 0 1 0 1 0 0 0 1 0 0 1 0 1 1 1 1 0 1 0 1 0 1 1 1 1 0 1 0 0 1 1 0 0 1 1 1 1 0 1 0 1 0 1 28
0 0 1 1 0 1 0 1 1 0 0 0 1 1 1 0 1 1 0 0 1 0 0 1 1 1 0 1 1 1 0 1 0 1 0 0 1 1 1 0 0 1 1 0 1 0 0 1 1 1 28
1 0 0 0 1 1 1 1 0 0 1 0 1 1 1 0 0 1 1 1 0 1 0 1 0 0 1 0 1 1 0 0 1 0 0 1 1 0 1 0 1 1 1 0 1 1 0 0 0 1 27
1 0 0 0 0 1 0 0 1 1 1 0 1 1 0 0 0 0 1 1 1 0 1 0 0 0 0 1 1 0 0 0 0 1 0 1 1 1 1 1 0 0 1 1 1 0 1 1 1 1 26
1 0 0 0 0 0 1 1 0 0 0 1 1 1 1 0 1 0 1 0 0 0 0 0 1 1 0 0 1 1 0 1 0 1 0 1 0 1 1 0 0 0 0 1 0 0 0 0 0 1 20
1 1 0 1 0 0 1 0 1 0 0 1 1 1 0 0 0 0 1 0 0 0 0 0 1 0 0 0 0 1 0 1 0 1 1 1 1 1 0 0 1 1 1 0 1 0 0 1 0 1 23
0 1 1 0 1 0 1 0 0 1 1 0 0 1 0 1 1 1 1 1 1 1 1 1 1 1 0 0 0 0 1 0 1 1 1 1 1 0 1 1 1 0 1 0 1 1 1 1 1 1 34
0 0 1 1 0 1 1 0 0 0 1 1 0 1 1 1 1 1 1 1 0 1 1 1 0 1 1 0 1 1 0 1 1 0 1 1 1 1 0 0 0 0 0 1 1 1 1 1 0 1 32
1 0 0 0 0 1 0 1 1 0 0 0 0 1 1 0 0 0 1 0 0 0 1 0 0 0 1 0 0 1 1 0 0 1 0 1 1 0 0 1 0 1 0 0 1 0 1 1 0 0 19
1 1 0 0 1 0 0 0 0 0 1 0 0 1 1 0 1 0 0 0 1 1 0 1 1 0 0 1 0 0 0 1 1 0 1 0 0 0 0 1 1 1 0 0 0 0 1 0 0 0 19
1 1 1 0 0 0 1 0 0 0 1 0 0 0 1 0 1 1 1 0 0 0 1 1 0 0 0 1 1 0 1 1 0 1 1 0 0 0 0 1 0 1 1 0 0 1 1 0 1 1 24
1 1 1 0 0 0 0 0 1 1 1 1 1 0 1 0 1 0 0 0 0 0 1 0 1 1 1 1 1 1 0 0 0 1 1 0 1 0 0 1 0 0 1 0 0 1 1 1 0 1 26
1 0 1 1 1 1 0 1 0 0 0 0 0 0 1 1 0 0 0 0 1 1 0 0 1 1 0 1 0 0 1 0 0 1 1 1 0 1 0 0 1 0 0 0 0 1 1 1 1 1 24
0 1 1 0 0 1 0 0 0 1 0 1 0 1 0 0 0 0 0 1 0 0 1 1 1 0 0 0 0 1 1 0 1 1 1 0 1 0 0 1 0 0 1 0 0 0 1 1 0 0 20
1 1 1 0 1 1 1 1 0 1 0 1 0 0 1 1 0 0 1 1 0 0 0 0 1 1 0 0 0 0 0 1 0 1 1 1 1 1 1 1 0 1 0 1 1 0 0 1 1 1 29
0 0 1 1 0 1 1 1 0 0 0 0 0 0 1 0 1 0 0 0 0 1 1 0 0 0 1 0 1 1 0 1 0 0 0 1 0 0 0 1 0 0 1 1 1 1 0 1 0 1 21
1 0 1 1 1 0 0 0 1 0 1 1 0 0 0 0 0 1 0 1 1 0 1 1 1 0 1 1 1 0 1 1 0 0 0 0 1 0 0 0 1 0 1 0 0 0 0 0 1 1 23
1 1 0 0 1 1 0 1 1 1 0 0 0 0 1 0 0 0 0 0 0 1 1 0 0 0 1 0 1 0 0 0 0 0 1 0 1 0 1 1 1 1 0 0 1 1 1 1 0 0 22
0 0 1 1 1 1 0 1 0 1 1 0 1 1 1 1 0 1 0 1 0 1 0 1 0 1 1 1 0 0 1 0 1 1 1 0 1 1 0 1 1 0 0 1 0 1 0 1 1 0 30
1 0 1 1 0 1 1 1 0 1 0 0 0 1 0 1 0 1 0 1 0 0 0 1 0 1 0 1 0 1 1 1 1 0 0 1 1 1 0 0 0 0 0 1 1 1 1 1 0 1 27
1 1 0 0 1 1 1 1 0 1 0 1 0 1 0 0 0 1 0 0 0 1 1 0 0 1 1 1 1 0 1 1 1 1 1 0 1 0 1 1 0 0 1 1 0 0 0 1 1 0 28
1 0 0 0 0 0 0 1 1 1 0 1 0 0 1 1 1 1 1 1 0 0 1 0 0 1 0 1 0 1 0 0 0 0 1 0 1 1 1 1 0 0 1 0 1 1 1 1 0 1 26
1 0 0 0 1 1 1 1 0 0 1 0 0 0 0 0 1 1 1 0 1 0 1 1 0 1 0 1 1 1 0 1 1 1 0 0 1 1 1 1 1 1 1 1 1 0 0 0 1 1 30
1 0 1 0 0 0 0 0 1 1 1 0 0 1 1 0 1 1 0 1 0 1 1 1 0 0 0 0 1 0 0 1 0 1 0 1 1 1 1 1 1 0 1 0 1 1 0 1 1 1 28
0 1 0 0 1 0 0 0 1 0 0 1 0 1 0 0 0 1 1 1 0 1 1 0 0 1 1 1 1 0 0 0 0 1 1 0 1 0 1 0 0 0 0 0 0 0 1 1 1 0 21
1 1 1 1 1 1 1 0 1 1 1 1 1 1 1 0 1 1 0 0 1 1 0 0 1 1 0 1 1 1 0 1 1 0 1 1 0 1 1 1 1 1 0 1 0 1 1 0 0 0 35
1 1 1 1 1 1 0 1 1 1 0 1 1 1 1 1 1 1 1 1 1 0 1 1 1 1 1 1 0 1 1 1 0 1 1 1 1 1 1 1 1 1 1 1 0 1 1 1 1 1 44
1 0 1 1 1 1 1 1 1 1 0 0 0 0 0 1 1 0 1 0 0 1 1 0 1 0 1 1 1 0 1 1 1 1 1 1 0 1 1 1 1 0 1 1 1 1 1 1 0 1 35
1 0 0 1 0 0 0 0 0 0 1 0 0 1 1 1 1 0 0 1 1 0 1 0 0 1 1 0 1 1 1 0 0 0 0 0 0 1 1 0 0 1 0 1 0 1 0 0 0 0 20
0 1 1 1 0 1 0 0 0 1 1 0 1 0 0 0 0 1 1 1 0 1 1 1 1 0 1 0 1 1 0 0 0 0 0 0 1 1 1 0 0 0 1 0 0 1 1 1 0 0 24
1 1 0 0 0 0 1 1 0 1 1 0 0 0 1 0 1 0 0 0 1 0 1 1 1 1 0 0 1 1 0 0 1 0 0 0 1 1 0 1 0 0 1 1 0 1 1 0 0 1 24
0 0 0 0 1 1 1 0 1 1 0 1 1 0 0 1 0 0 1 1 1 0 0 1 0 1 0 1 1 1 0 0 1 1 0 1 1 0 1 0 1 1 0 0 0 1 1 1 0 0 26
0 0 0 1 1 0 0 0 1 1 1 1 1 1 0 1 1 0 1 0 0 0 1 0 1 0 0 0 0 0 1 1 1 0 1 0 0 0 1 0 0 1 1 0 0 0 1 0 0 1 22
0 0 0 0 0 1 0 1 1 0 0 1 1 0 1 1 0 1 0 1 1 0 1 0 1 0 0 0 1 1 1 0 0 1 0 0 0 0 1 1 1 0 0 1 1 1 1 0 0 1 24
1 0 0 1 0 1 1 0 1 0 1 0 0 0 1 1 0 1 0 0 1 1 0 1 1 1 1 0 0 0 1 0 0 1 1 0 0 1 0 1 0 1 0 0 0 0 1 1 1 0 24
1 0 0 1 0 1 1 1 1 0 0 0 1 1 1 1 0 0 0 1 0 0 0 0 1 1 1 0 0 0 0 0 1 0 1 0 1 1 1 0 1 0 0 0 1 1 0 1 0 1 24
0 1 1 1 1 0 0 1 1 0 0 1 0 0 0 1 0 1 1 1 0 1 1 0 1 1 0 1 1 1 0 1 0 0 0 1 0 0 0 1 1 0 1 0 0 0 1 1 0 1 26
0 1 0 0 0 0 0 1 1 0 0 0 1 1 1 1 0 0 1 0 1 1 0 1 1 1 0 1 0 0 1 0 1 0 1 0 1 1 1 1 0 0 1 1 1 0 1 1 1 1 28
0 0 1 1 0 1 1 0 0 1 1 0 0 0 0 0 1 0 0 1 0 1 0 0 0 1 1 1 0 1 1 1 0 1 1 0 1 1 1 1 0 1 0 1 0 1 0 0 1 0 25
0 0 1 0 1 0 1 0 1 1 1 0 0 0 1 0 0 0 0 0 0 1 0 0 1 0 1 1 0 0 0 1 1 1 1 0 1 1 0 1 0 0 0 1 1 1 0 1 0 1 23
0 1 0 1 1 1 0 1 1 1 1 1 0 1 0 0 1 0 0 0 0 0 1 0 1 0 0 0 0 0 1 0 1 1 1 1 1 0 0 0 1 1 0 0 0 0 0 1 0 1 23
1 0 1 0 0 0 1 0 0 1 1 0 1 0 0 1 0 1 1 1 1 0 0 1 1 1 0 0 1 0 1 0 1 0 0 0 0 0 0 1 1 0 1 0 1 0 1 0 0 1 23
1 0 0 1 1 1 0 1 1 1 1 0 1 0 1 1 0 0 0 1 0 1 1 0 1 0 1 0 0 0 1 1 0 0 0 0 1 0 0 1 1 1 1 0 1 0 1 0 0 0 25
1 0 1 1 0 0 1 1 0 1 0 0 1 1 0 1 1 0 1 1 0 1 1 0 1 0 0 1 1 1 1 0 0 0 1 1 0 1 0 1 1 0 1 0 1 1 0 0 1 0 28
0 0 0 1 0 0 0 0 0 0 1 0 0 1 1 0 1 0 1 0 0 0 1 1 0 0 0 0 0 1 1 1 0 1 0 0 0 1 1 0 0 0 0 0 1 1 1 0 1 1 19
0 0 0 0 1 0 0 1 0 0 0 1 0 1 0 0 0 0 0 1 1 1 0 1 0 1 0 0 0 1 0 0 0 0 1 0 1 1 0 0 0 0 0 1 1 0 1 0 1 0 17
1 0 0 0 1 1 0 1 0 0 1 1 1 1 0 1 0 1 0 0 1 0 0 1 1 0 0 1 1 1 0 1 0 0 1 1 1 0 1 1 0 1 0 1 1 1 0 1 1 1 29
0 1 1 0 0 0 1 0 0 0 0 0 0 1 1 1 1 0 0 1 0 0 0 1 0 1 0 0 0 0 0 1 0 1 1 0 1 0 1 1 1 0 0 0 0 1 0 0 0 0 18
0 1 0 0 1 0 0 1 0 1 0 0 0 1 1 0 0 0 1 1 0 0 1 0 0 0 1 1 0 1 1 0 0 0 1 0 0 0 0 0 1 1 1 1 1 1 0 1 1 1 23
1 0 1 1 0 1 0 1 0 0 0 0 0 1 1 0 0 0 1 0 1 1 0 1 1 1 0 0 0 1 0 0 1 1 0 1 1 1 0 1 0 0 1 0 1 1 0 1 1 0 25
0 0 1 1 1 0 0 1 1 0 1 0 1 1 1 0 1 0 0 0 1 1 1 0 1 0 0 0 0 0 1 0 0 0 1 0 1 1 0 1 1 1 1 0 1 0 0 1 0 0 24
0 0 0 1 1 1 1 1 0 1 1 0 0 0 1 1 1 1 1 0 1 0 0 0 0 1 1 0 0 1 1 1 0 1 0 0 0 0 1 0 0 0 0 0 1 1 0 0 1 0 23
0 0 0 1 1 1 0 1 1 0 1 0 0 0 1 1 0 0 1 0 0 1 0 1 1 1 1 0 1 1 1 0 1 1 1 1 1 0 1 0 0 1 0 0 1 0 0 1 0 1 27
1 1 0 0 0 0 0 0 1 1 1 1 0 0 1 1 0 1 0 0 1 1 0 1 1 1 1 1 1 0 0 0 1 1 0 1 0 0 1 1 1 0 0 1 1 1 0 1 0 0 27
1 0 1 1 0 1 0 1 0 1 0 0 0 0 1 0 1 0 1 1 0 1 0 1 0 0 1 0 1 0 0 0 1 1 0 0 0 1 0 0 1 1 0 1 1 0 0 1 0 1 23
1 0 1 0 0 1 1 1 0 1 0 1 0 0 0 1 1 1 0 0 1 0 0 0 1 0 0 1 1 1 1 0 0 0 0 1 0 0 1 0 0 0 1 0 1 1 1 1 1 0 24
1 0 0 1 0 0 0 0 0 1 0 0 0 0 0 1 1 1 1 1 1 1 0 1 0 1 0 1 1 1 1 1 0 1 0 1 0 0 1 0 0 0 0 1 0 0 1 0 1 0 23
0 0 1 1 0 1 0 1 0 0 1 0 1 1 0 0 0 0 1 0 0 1 1 1 0 1 1 1 0 1 1 1 0 0 0 1 1 0 0 0 0 0 1 0 0 0 1 1 1 1 24
1 1 1 0 0 1 1 0 1 0 1 0 1 0 1 1 0 0 1 1 0 0 0 1 0 1 1 1 1 1 0 1 1 1 0 0 1 0 1 0 1 1 1 0 1 1 0 0 0 1 29
1 1 0 1 1 0 1 0 0 0 0 1 0 1 0 1 1 0 1 0 1 1 0 1 1 1 1 0 0 1 0 1 0 1 1 1 0 1 1 0 1 0 1 1 1 0 0 0 0 1 28
0 0 0 1 0 1 1 1 1 1 1 1 1 0 1 0 0 0 0 0 0 0 0 0 0 0 1 0 1 0 0 0 0 0 1 1 0 1 1 1 1 0 0 1 1 0 1 1 0 1 23
1 1 0 0 1 0 1 0 1 0 1 1 0 0 0 0 0 1 0 0 1 1 1 1 0 0 1 1 0 1 1 1 1 1 1 1 1 1 1 1 1 1 0 0 0 0 0 1 0 0 28
1 1 1 0 1 0 0 0 0 1 0 0 1 0 1 1 1 0 1 0 1 1 0 0 0 0 1 1 1 1 1 1 1 1 1 1 0 1 0 1 0 1 0 1 0 1 0 1 1 1 30
0 0 0 1 0 1 1 1 0 0 0 0 0 0 0 0 0 0 1 0 1 0 0 1 1 1 0 1 0 0 1 0 0 0 1 0 0 0 1 0 0 0 0 0 0 0 1 1 0 0 15
1 0 1 0 1 0 0 1 1 0 0 1 0 1 0 0 1 0 0 1 0 0 1 1 0 0 0 0 0 1 1 0 1 1 1 0 1 1 0 1 1 0 1 0 0 1 1 1 0 1 25
0 1 1 0 1 0 1 0 1 1 0 0 0 0 0 1 0 1 1 0 1 0 0 0 0 1 1 1 0 0 0 0 1 1 1 0 1 0 1 0 1 0 0 1 0 0 0 1 0 1 22
1 1 0 1 0 1 0 1 1 1 0 1 1 1 1 0 1 0 1 1 1 1 0 1 0 0 1 0 0 1 1 1 0 1 0 1 0 0 1 0 0 0 0 0 0 0 1 0 1 1 27
0 0 1 1 0 1 1 1 1 1 0 0 1 0 1 0 0 0 1 0 0 0 1 0 1 1 0 0 1 1 1 1 0 0 0 0 1 0 0 0 0 1 0 1 0 1 0 0 1 1 23
1 0 0 0 1 1 1 1 0 0 1 0 0 1 0 1 1 0 0 0 0 1 0 0 0 1 0 1 1 1 0 1 0 1 1 1 0 0 1 1 0 0 0 0 0 0 0 1 1 0 22
1 1 0 0 1 0 0 0 1 1 0 1 1 1 0 0 1 0 1 1 0 1 0 1 0 0 1 1 0 0 1 0 0 0 1 0 0 1 0 1 0 0 0 1 0 0 1 1 1 0 23
1 0 1 1 1 0 1 0 0 1 1 1 0 0 1 0 1 1 0 1 0 1 0 1 1 1 1 1 0 1 1 0 1 1 0 0 0 1 0 1 0 1 1 1 0 1 0 1 1 0 30
1 1 1 0 1 1 1 1 0 0 0 0 1 1 1 0 0 0 0 0 0 0 0 0 0 1 1 0 1 0 0 1 0 1 0 1 0 1 1 1 1 1 1 0 1 0 1 1 0 0 25
0 0 0 1 0 0 0 0 0 0 1 0 1 0 0 0 0 0 0 1 0 0 1 1 0 0 0 0 0 1 1 1 1 1 1 0 0 1 1 1 1 1 1 0 1 0 1 1 1 0 22
1 1 0 0 0 1 0 0 0 0 0 1 1 1 1 1 0 1 1 0 1 1 1 1 1 1 1 0 0 1 0 1 1 0 1 0 1 0 0 0 0 0 1 0 1 0 0 0 0 0 24
1 1 1 0 1 0 1 0 0 0 1 1 0 0 1 0 1 0 0 1 0 1 1 0 1 1 1 0 0 1 1 1 0 1 0 1 0 1 0 1 1 1 1 0 1 1 1 1 0 1 30
0 1 0 0 1 0 0 1 1 0 0 0 1 1 1 1 0 1 1 1 1 0 0 1 1 0 1 0 0 0 1 0 1 0 0 0 0 1 1 1 1 1 0 0 0 1 1 0 1 0 25
0 0 1 0 0 1 1 1 1 1 0 0 0 1 1 0 0 0 0 1 1 0 1 1 1 1 0 0 0 0 1 1 1 1 1 0 0 0 0 1 0 1 0 1 0 0 0 0 0 1 23
1 0 0 0 0 0 0 1 0 1 0 1 0 0 1 0 0 0 1 0 1 0 0 0 0 1 1 0 0 1 1 0 1 0 0 0 0 1 1 1 0 0 1 1 1 0 0 0 0 0 18
0 0 0 1 1 0 0 0 0 1 1 0 1 0 1 1 1 0 0 1 0 1 1 1 0 0 1 1 1 0 1 0 1 1 1 1 1 1 1 1 0 1 0 1 0 0 1 0 1 0 28
1 1 0 1 0 1 1 1 1 1 0 1 1 0 1 1 0 0 0 1 0 0 0 1 0 0 1 0 0 1 0 0 0 1 1 1 0 0 0 0 0 0 1 1 1 1 0 0 0 0 23
0 1 1 1 0 0 0 0 1 0 1 1 1 1 0 0 0 0 1 1 0 0 1 0 0 1 0 0 1 0 0 0 1 0 1 1 0 0 1 0 1 0 0 1 0 1 0 1 1 0 22
1 1 0 0 1 0 1 1 0 0 0 1 1 0 1 0 0 0 0 0 1 1 1 0 0 1 0 0 1 0 1 0 0 1 0 1 1 0 1 0 0 1 0 1 0 0 0 1 1 1 23
0 0 0 0 1 1 0 0 0 1 1 1 0 0 1 1 0 0 0 0 1 1 0 1 1 1 0 0 0 0 1 0 0 0 0 0 1 0 1 0 1 0 0 0 0 0 1 0 0 1 18
0 1 1 0 0 1 1 0 1 1 1 0 1 0 1 1 1 1 0 0 0 0 1 0 1 1 0 1 0 0 1 0 0 0 0 1 0 0 0 0 0 1 1 0 0 1 0 0 0 0 21
1 1 0 0 0 1 0 0 0 1 0 1 1 1 0 0 1 1 1 1 1 0 0 1 0 0 1 0 1 1 0 1 1 1 0 0 1 0 0 0 1 0 0 1 1 0 0 0 1 0 24
1 1 1 0 0 0 0 0 1 0 0 1 0 1 1 1 1 1 0 1 0 1 0 0 1 1 1 1 1 0 0 0 0 0 0 0 0 0 0 1 1 1 1 0 0 1 1 0 0 0 23
1 0 1 0 0 1 1 0 1 1 1 1 1 1 1 1 0 1 1 0 1 0 0 0 1 1 0 0 0 0 1 0 1 0 1 0 1 1 0 0 0 1 1 1 1 0 1 1 0 0 28
0 0 0 0 1 0 1 0 1 0 1 0 0 1 1 0 1 0 0 0 0 1 0 1 0 1 0 0 0 1 0 0 1 1 1 0 0 0 0 1 0 0 0 1 1 0 1 1 1 1 21
54 44 45 48 51 54 48 53 50 51 47 45 44 54 63 49 45 39 48 48 50 49 44 51 53 57 49 45 49 57 52 48 45 57 54 45 53 49 51 55 50 46 50 46 51 49 52 62 47 54 2500
