1 1 1 0 0 1 0 0 1 1 1 1 0 1 0 1 0 0 1 0 1 0 1 0 1 1 1 0 0 0 0 0 0 1 1 0 1 0 0 1 0 1 0 0 0 1 1 0 1 1 25
1 1 1 0 1 0 0 1 0 1 1 1 0 1 0 0 0 1 1 0 1 0 1 0 1 1 1 0 1 0 1 0 0 1 1 1 1 0 0 1 0 1 1 1 0 0 0 0 0 1 27
1 1 1 0 1 1 0 1 0 0 1 1 0 1 0 1 0 1 1 0 0 0 0 0 0 1 0 1 0 1 1 1 0 1 1 1 1 0 1 1 0 0 0 1 0 1 1 0 1 1 28
1 1 0 0 0 1 1 1 1 0 1 1 0 1 0 0 0 1 1 1 1 0 1 0 0 1 1 1 0 0 1 0 1 0 1 1 1 0 1 0 0 0 1 1 0 1 0 0 1 1 28
1 0 1 0 1 1 0 0 0 1 1 1 0 1 0 1 0 1 1 0 1 0 1 0 1 1 1 0 0 1 0 1 0 1 0 1 1 1 0 1 0 0 0 1 0 0 1 0 0 1 26
0 1 1 0 0 0 1 0 0 1 1 1 0 1 1 1 0 1 1 0 0 0 1 0 1 1 1 1 0 0 1 0 1 1 0 1 1 0 1 1 0 1 1 0 0 0 0 0 1 1 27
1 0 1 0 0 1 0 0 1 1 0 0 0 0 0 1 0 1 1 1 0 0 1 1 1 1 1 0 0 0 0 1 0 1 0 0 1 0 1 1 0 1 0 0 0 0 1 1 1 1 24
0 1 0 0 0 0 0 0 0 0 1 1 0 0 0 0 0 1 1 0 0 0 0 1 1 1 1 1 0 1 0 0 0 1 0 1 1 0 0 1 0 0 1 1 0 0 0 1 0 1 19
1 1 1 0 0 0 0 0 0 1 1 1 0 1 0 0 1 1 1 0 1 0 1 0 1 1 1 1 1 1 1 0 1 0 1 0 1 0 0 1 0 1 0 1 0 1 1 0 1 1 29
0 1 1 0 0 0 0 0 0 0 1 1 0 1 0 0 0 1 0 0 1 0 1 1 1 1 1 0 0 0 1 0 0 0 1 0 1 1 1 1 0 0 0 0 0 1 1 0 0 1 21
0 0 1 0 0 1 0 0 0 0 1 0 1 1 0 1 0 0 1 1 0 0 0 0 0 0 0 1 1 0 1 0 0 0 1 0 1 0 1 1 0 0 1 1 0 1 0 0 1 1 20
0 1 1 0 0 1 0 0 0 0 1 1 1 1 1 0 0 1 1 1 1 0 1 0 0 1 1 0 0 0 1 1 0 1 0 1 1 0 1 1 0 1 1 1 0 0 0 0 1 0 26
0 1 0 1 0 1 1 1 0 1 1 1 0 1 0 0 0 0 1 0 0 0 0 0 0 1 1 1 0 0 1 0 0 1 0 1 1 1 1 1 0 0 0 1 0 1 1 0 0 1 24
0 1 1 0 0 0 1 0 0 0 1 1 0 1 0 0 0 1 1 0 1 0 1 0 0 1 1 1 0 1 1 0 0 1 0 0 1 0 1 1 0 0 0 0 0 0 0 0 1 1 21
1 1 1 0 0 0 1 1 0 0 0 1 1 0 1 0 1 0 1 0 1 0 1 0 1 1 0 0 0 0 1 1 0 0 0 1 1 0 1 1 0 0 1 1 0 1 1 1 0 1 26
1 0 1 0 0 0 0 1 0 1 1 1 0 1 0 0 1 1 1 0 1 0 1 0 1 0 1 1 0 0 1 0 0 1 0 0 1 0 0 1 0 1 0 1 0 1 0 1 1 0 24
1 1 0 0 0 0 0 0 0 0 1 1 0 1 0 1 0 1 1 0 0 0 1 0 1 1 1 0 0 0 1 0 0 1 1 1 1 0 1 1 0 0 0 1 0 1 1 1 1 0 24
0 1 1 0 1 0 0 0 0 1 1 1 0 1 1 1 0 0 1 0 1 0 1 1 0 1 0 1 0 0 1 0 0 1 0 1 1 0 1 1 0 1 1 0 0 0 1 0 0 0 24
0 1 1 0 0 0 0 0 0 0 1 1 0 1 0 1 1 1 1 0 1 0 1 1 1 1 0 0 0 0 1 0 0 1 0 0 1 1 1 0 0 0 1 0 0 0 0 0 0 1 21
0 1 1 0 0 0 0 0 0 1 1 1 0 1 0 0 0 1 1 0 1 0 1 0 1 1 0 0 0 1 1 0 0 1 1 0 1 1 1 1 0 1 1 0 0 0 0 0 0 1 23
1 1 0 0 1 1 0 0 0 1 1 1 0 1 0 1 0 1 1 0 1 0 1 0 0 1 1 1 0 0 1 1 0 0 0 1 1 0 1 0 0 0 1 1 0 0 0 1 0 1 25
1 0 0 0 0 1 0 1 0 1 1 1 0 0 0 1 0 1 1 0 1 0 1 0 1 1 1 1 0 0 0 1 0 1 0 0 1 0 0 1 0 1 1 1 0 1 1 1 1 1 27
0 1 0 0 1 1 0 0 0 0 1 1 0 1 1 1 0 1 1 1 1 0 1 1 0 1 0 1 0 1 1 0 0 1 0 0 1 0 0 1 0 0 1 1 0 0 1 0 1 0 25
1 1 1 0 0 0 0 0 0 1 1 1 0 1 0 0 0 1 1 0 1 0 1 0 1 1 1 1 0 0 0 0 0 1 0 0 1 0 1 1 0 0 1 1 0 1 0 1 0 0 23
0 1 1 0 1 1 0 0 0 0 1 1 1 1 0 1 1 1 0 0 0 1 1 0 1 1 1 1 0 1 1 0 0 0 1 0 1 0 1 1 0 0 0 0 0 0 1 0 1 0 25
1 1 1 0 1 1 1 0 0 0 1 1 0 0 0 1 0 1 1 0 0 0 1 0 0 1 1 1 0 1 1 1 0 1 1 1 1 1 1 1 0 0 1 1 0 0 0 1 1 0 29
0 1 0 0 1 0 0 0 0 1 0 0 0 0 0 0 0 1 1 1 1 0 1 0 1 1 1 1 0 1 1 0 0 1 0 1 1 0 1 1 0 0 1 1 0 0 1 1 1 1 25
1 1 1 0 0 0 0 0 0 1 1 1 1 0 1 1 0 1 1 0 1 0 1 0 1 1 1 1 0 1 1 0 0 1 1 1 1 0 0 1 0 1 0 0 0 0 0 0 1 0 26
0 1 1 0 1 0 0 0 0 1 0 1 0 0 1 1 0 1 1 0 0 0 0 0 1 1 1 1 0 0 1 0 0 1 0 0 1 0 1 1 0 1 0 1 0 1 1 1 1 1 25
1 0 1 0 1 1 0 0 0 1 0 1 0 0 0 0 1 1 0 1 1 0 1 0 0 1 0 1 0 1 0 1 0 1 0 0 1 0 0 1 0 1 0 0 0 1 1 0 1 1 23
1 1 1 0 0 1 1 1 0 1 1 1 0 1 0 0 1 1 1 0 1 0 1 0 0 1 1 0 0 0 1 0 0 1 0 1 1 1 0 0 0 1 1 0 0 1 1 1 1 1 29
0 1 1 0 0 0 0 1 0 1 1 1 0 0 1 1 1 1 1 1 1 0 0 0 1 0 1 1 0 1 0 1 0 1 0 0 1 0 1 0 1 1 1 0 0 1 1 0 1 1 28
1 1 1 0 0 1 0 1 0 1 1 1 0 1 0 0 0 1 1 0 1 0 1 1 0 1 1 1 0 1 0 0 0 1 1 0 1 0 1 0 0 0 1 1 0 1 0 0 0 0 25
0 1 1 0 1 1 0 0 0 0 1 1 0 1 1 0 0 1 1 0 0 0 1 0 0 1 1 0 0 0 1 0 0 1 1 1 1 0 1 1 0 0 0 0 0 1 0 1 1 1 24
0 1 1 0 1 0 0 1 0 0 1 1 0 0 0 1 1 1 1 0 1 0 1 1 0 1 1 0 0 0 1 0 0 1 1 1 1 0 1 1 1 0 0 1 0 1 0 0 1 1 27
1 1 1 0 0 0 0 0 0 1 1 1 0 0 0 0 0 1 1 0 0 0 0 0 0 1 1 0 0 0 1 1 0 1 0 1 1 1 0 1 0 1 1 1 0 1 1 0 1 1 24
1 1 1 0 0 0 0 0 0 1 1 1 0 0 0 0 0 1 1 0 1 1 1 1 1 0 0 1 0 0 1 0 0 1 1 1 1 0 0 0 0 1 0 0 0 1 1 0 1 1 24
1 1 1 0 0 1 1 0 0 1 1 1 0 1 0 1 0 1 1 0 1 0 1 0 1 1 1 0 0 0 1 0 0 1 0 1 1 0 0 0 0 1 1 0 0 0 1 0 0 1 25
1 1 1 0 1 0 1 0 0 1 1 1 1 1 0 1 0 1 1 0 0 0 1 0 0 1 1 1 0 0 1 0 0 1 0 1 1 1 1 0 0 0 1 1 0 0 0 1 1 1 28
1 1 0 0 1 0 0 0 0 1 0 1 0 1 0 0 0 0 1 0 1 1 1 0 0 1 0 1 0 0 1 0 0 1 0 0 1 0 1 0 0 0 0 1 0 1 1 1 1 1 22
1 0 1 0 0 1 0 0 0 0 1 1 0 1 0 0 0 1 1 0 1 0 1 0 1 1 1 1 0 0 1 0 0 0 1 0 1 0 1 1 0 1 1 1 0 1 0 1 0 1 25
1 1 0 0 0 1 0 0 0 0 1 1 0 1 0 1 0 1 1 0 1 0 0 0 1 1 0 1 0 1 0 1 0 1 0 1 1 0 0 0 0 0 0 0 1 0 1 1 0 1 22
1 0 0 0 0 0 1 1 0 1 1 1 1 1 1 0 0 1 1 0 1 0 1 0 0 1 1 1 0 0 1 0 0 0 1 1 1 0 0 1 0 1 1 1 0 0 1 0 0 1 26
1 0 1 0 0 0 0 0 0 0 1 1 0 1 0 1 0 1 1 0 1 0 1 1 1 1 1 0 0 1 1 0 0 0 1 1 1 0 0 1 0 0 0 1 0 0 0 0 0 0 21
0 1 1 0 0 0 0 0 1 1 1 1 0 1 1 1 0 1 1 1 1 0 1 0 0 0 1 1 0 0 0 0 0 0 0 1 1 0 0 0 0 0 0 1 0 0 1 0 0 1 21
1 1 0 0 1 0 0 0 0 1 1 1 0 1 0 1 0 1 1 0 1 0 1 0 1 1 0 1 0 0 1 0 0 1 1 0 1 1 0 1 0 1 0 0 0 1 1 1 1 1 27
1 1 1 0 0 1 0 0 0 0 1 1 0 1 0 0 1 1 1 1 0 0 1 1 1 1 0 0 1 1 1 0 0 1 0 0 1 1 1 1 0 0 0 1 0 1 0 1 0 1 27
0 1 0 0 0 1 0 0 0 0 1 1 0 1 0 1 0 0 1 0 1 0 1 0 0 1 0 1 1 0 1 1 1 1 0 1 1 0 0 1 0 0 0 1 1 0 1 1 1 1 25
0 0 1 0 1 0 1 0 0 0 1 1 0 1 0 0 0 1 0 0 0 0 1 1 0 1 1 1 0 0 1 0 0 1 1 1 1 0 1 1 0 0 1 1 0 0 1 0 0 0 22
0 1 1 0 0 0 0 0 0 1 1 1 0 1 1 1 1 0 1 1 0 0 1 0 1 1 1 1 0 0 0 1 0 1 0 1 1 1 1 1 0 0 0 1 0 0 0 1 1 1 27
1 1 1 0 1 0 0 1 0 0 1 1 0 1 1 1 0 1 1 0 1 0 0 0 1 0 1 1 0 0 1 0 0 1 0 1 1 1 1 1 0 0 0 1 0 0 0 1 1 1 27
1 0 0 0 0 0 0 0 0 1 1 0 0 1 1 0 0 1 1 0 1 0 0 1 0 0 1 0 0 1 0 0 0 1 1 0 1 0 0 1 0 0 0 1 0 0 1 1 1 1 20
0 1 0 0 0 0 0 0 0 1 1 1 0 0 1 0 0 1 1 1 1 0 1 0 0 1 1 1 0 0 1 0 0 1 0 0 0 0 0 1 0 1 1 0 0 1 1 0 0 1 21
1 1 1 0 0 1 0 0 0 0 1 1 0 1 0 0 0 1 1 0 1 0 0 0 1 1 0 1 0 0 1 1 0 0 0 0 1 0 1 0 0 1 0 1 0 1 0 1 1 1 23
0 0 1 0 0 1 1 1 1 0 1 1 0 1 0 0 1 1 1 1 1 1 1 1 1 1 1 1 1 0 1 1 0 1 0 1 1 0 0 1 0 0 1 1 0 1 0 1 1 1 33
1 1 1 0 0 1 0 0 1 0 1 1 0 0 0 1 0 1 1 0 0 0 1 0 0 1 1 1 0 0 1 1 0 0 0 1 1 0 1 1 0 1 0 1 0 0 0 0 1 1 24
1 1 0 0 1 0 0 0 0 0 1 1 0 1 0 1 0 1 1 1 1 1 1 0 0 1 1 0 0 0 1 0 0 1 0 1 1 0 1 0 0 0 1 1 0 0 1 1 1 1 26
0 0 0 0 0 0 1 0 0 1 1 1 0 0 0 1 1 1 1 0 1 0 1 0 0 0 0 1 0 1 1 1 0 0 0 1 1 0 0 1 0 1 0 1 0 1 0 0 1 1 22
0 1 0 0 0 0 0 0 0 1 1 1 0 1 0 1 0 1 1 1 1 0 1 1 0 1 1 1 0 1 1 0 0 1 0 1 1 0 1 1 0 0 1 0 1 1 0 1 1 1 28
1 1 1 0 0 1 0 1 0 1 1 1 0 1 0 1 0 1 1 1 0 0 1 0 0 1 1 0 0 1 1 0 0 0 0 1 1 0 1 1 0 0 0 1 0 1 1 0 0 1 26
1 0 1 0 0 0 0 0 0 0 1 1 0 0 0 1 0 1 1 0 0 0 1 0 0 1 0 0 0 0 0 1 0 0 0 1 1 0 0 1 0 0 1 1 0 1 0 0 1 1 18
1 1 1 0 0 0 0 0 0 0 1 1 0 0 0 1 0 1 1 0 1 0 1 1 0 1 0 0 1 1 1 0 0 0 0 1 1 0 0 1 0 0 1 0 0 0 1 0 0 1 21
0 1 1 0 0 0 0 0 0 1 1 1 0 1 1 0 0 1 1 0 1 0 1 0 1 1 0 1 0 0 1 0 0 1 1 0 1 0 1 1 0 0 1 1 0 0 1 1 1 0 25
0 0 1 0 0 1 0 0 0 1 1 1 0 0 0 0 0 1 1 0 0 0 1 0 0 1 1 1 1 0 1 0 0 1 1 1 1 1 0 1 1 0 1 1 0 0 1 0 1 1 25
0 1 1 0 0 1 1 0 0 1 1 1 0 0 1 1 0 1 1 0 1 0 1 0 1 0 1 1 0 1 1 0 0 0 0 1 1 0 1 0 0 1 1 0 0 1 1 1 1 1 28
0 0 1 0 0 1 0 0 0 1 1 1 0 0 0 1 0 1 1 1 0 0 1 1 0 1 1 0 0 0 1 0 0 1 1 0 1 0 1 1 0 0 1 1 0 1 1 1 1 1 26
1 0 0 0 0 0 1 0 0 1 1 1 0 0 0 0 0 1 0 0 1 0 1 1 0 1 1 0 1 1 1 1 0 0 1 1 1 1 1 1 0 1 1 1 0 1 1 1 0 0 27
1 1 1 0 0 1 0 0 1 0 1 1 0 1 0 1 0 1 1 1 0 0 1 1 1 1 1 1 0 1 1 0 0 0 0 0 1 1 1 1 0 0 0 0 0 0 1 1 1 1 28
0 1 1 0 0 1 0 1 0 0 1 1 1 0 0 1 0 0 1 1 1 0 1 0 1 1 0 1 0 0 1 1 0 1 0 0 1 0 0 1 0 0 0 1 0 0 0 1 0 1 23
1 0 1 0 0 1 0 0 0 1 1 1 0 1 0 0 0 1 0 1 0 0 1 0 1 1 1 1 0 0 0 1 1 1 0 1 1 0 1 1 0 1 1 0 0 1 1 1 0 1 27
0 1 1 0 0 1 1 1 0 1 1 1 0 0 0 1 0 1 1 0 1 0 1 1 0 1 1 1 0 0 1 0 0 0 0 1 1 0 1 1 1 0 1 1 0 0 1 1 0 0 27
0 0 0 0 0 1 0 1 0 0 1 0 0 1 0 0 0 1 1 1 0 0 1 1 1 1 0 1 0 0 1 0 0 0 0 1 1 0 0 1 1 0 0 0 0 0 0 0 1 1 19
1 1 1 0 0 1 1 0 0 1 1 1 1 0 1 1 1 1 1 0 1 0 1 0 0 1 1 1 1 1 1 1 0 0 0 1 1 0 0 1 0 0 1 1 0 0 1 1 0 0 30
0 1 1 0 0 0 0 1 0 1 1 1 0 0 1 0 0 1 1 1 1 0 1 0 1 1 1 1 0 0 1 1 0 1 1 0 1 0 0 1 1 1 0 1 0 1 0 0 1 1 28
1 1 0 0 0 0 0 0 0 1 1 1 0 1 0 1 0 1 1 0 1 0 1 1 0 1 0 1 0 0 1 1 0 1 0 1 1 0 1 1 0 1 1 0 0 1 0 0 0 1 25
1 1 1 0 1 0 1 0 0 1 1 1 0 1 0 1 0 0 1 0 1 0 1 1 0 1 0 1 0 0 0 0 0 1 0 0 1 0 0 0 0 0 1 1 0 0 1 1 1 1 24
0 1 1 0 1 0 0 0 1 1 1 1 0 1 0 0 0 1 1 0 1 0 1 1 0 1 1 0 0 1 0 0 0 1 0 1 1 0 1 1 0 0 0 1 0 0 1 0 1 1 25
0 1 1 1 0 1 0 0 0 0 1 1 0 1 1 1 0 1 1 0 1 0 1 0 0 1 1 1 0 0 1 1 0 0 0 1 1 0 0 1 0 0 0 1 0 0 1 1 1 1 26
0 1 1 0 1 0 0 0 0 1 1 1 0 1 0 1 0 1 1 1 0 0 1 0 0 1 0 1 0 1 1 0 0 1 0 1 1 0 1 1 0 0 1 1 0 1 0 0 0 0 24
1 1 1 0 0 0 0 0 0 0 1 1 0 1 0 1 0 1 1 0 0 0 1 0 1 1 1 1 0 1 1 1 0 1 0 1 1 0 0 1 0 1 1 1 0 1 1 0 1 0 27
0 0 1 0 1 0 1 0 0 1 1 1 0 1 1 1 1 1 1 1 1 0 1 1 0 1 1 1 0 0 1 0 0 0 1 0 1 1 0 1 0 1 0 1 0 0 1 1 0 1 29
1 0 1 0 0 0 0 0 0 0 1 0 1 0 0 0 1 0 1 0 1 0 1 1 1 1 0 1 0 1 1 1 0 0 0 0 1 0 0 1 0 0 1 1 0 0 0 1 0 1 21
0 1 0 0 0 1 1 1 0 1 1 1 0 0 0 0 0 1 1 1 1 1 1 1 0 1 0 1 0 0 1 1 0 0 0 1 1 0 1 1 0 0 1 1 0 0 0 1 1 1 27
1 1 1 0 1 1 1 1 0 1 1 0 0 0 0 0 1 1 1 1 0 0 1 0 1 0 1 1 0 1 1 1 0 1 0 0 1 0 0 0 0 0 1 0 0 1 1 0 0 1 26
1 1 1 0 0 0 0 0 0 1 0 1 0 1 0 0 0 1 1 1 0 0 1 0 0 1 0 1 0 0 1 0 0 1 0 0 1 1 0 1 0 1 1 1 0 0 1 0 1 1 23
1 1 1 0 0 1 1 0 0 1 1 1 0 1 0 1 0 1 1 1 0 0 1 1 1 1 0 1 0 0 0 0 0 0 1 0 1 0 1 1 0 1 0 0 0 0 0 0 1 1 25
0 1 0 0 0 0 0 0 1 1 1 1 1 1 0 0 0 1 1 1 1 0 1 0 1 1 0 1 0 0 1 0 0 1 1 0 1 0 0 1 0 1 0 0 0 0 1 0 1 1 24
1 1 1 0 0 0 0 1 0 1 1 1 0 0 0 0 0 1 1 0 0 0 1 0 0 1 1 1 0 0 0 1 0 1 0 0 1 0 0 1 0 0 1 1 0 0 1 1 0 1 22
0 1 1 0 0 0 0 0 0 1 1 1 0 1 0 0 1 1 1 1 0 0 1 0 0 1 1 0 1 1 1 0 1 1 1 1 1 1 0 1 0 1 1 0 0 0 0 0 1 1 27
0 0 0 0 1 0 0 0 0 1 1 1 0 0 0 1 1 0 1 0 1 1 1 1 1 1 1 1 1 0 0 0 0 0 1 1 1 1 1 1 0 0 0 1 0 0 0 1 1 0 25
0 0 0 0 1 1 0 0 0 1 1 1 0 1 0 1 0 1 1 0 0 0 0 0 0 1 1 1 0 0 1 0 0 0 0 1 1 0 1 1 0 0 0 1 0 0 1 1 0 1 21
1 1 0 0 0 0 0 1 0 1 1 1 0 1 0 0 0 1 1 0 1 0 1 0 0 1 1 1 1 0 0 1 0 1 0 0 0 0 1 1 0 0 1 1 0 1 1 1 1 0 25
0 1 1 0 0 0 0 0 1 1 1 0 0 1 0 0 1 0 1 0 0 0 1 0 0 1 0 0 0 1 1 1 0 0 0 0 1 0 1 1 0 1 1 0 0 0 1 0 1 1 21
0 1 1 1 0 0 0 0 0 1 0 1 0 1 0 0 0 1 1 1 1 0 1 0 1 1 1 1 0 0 1 0 0 1 0 1 1 1 1 1 0 1 0 1 0 1 0 1 1 1 28
1 1 0 0 0 1 0 0 0 1 0 1 0 0 1 0 0 1 1 0 0 0 1 0 0 1 1 0 0 1 0 1 1 1 1 1 1 0 1 0 0 0 0 1 1 1 1 0 1 1 25
0 1 1 0 0 0 1 0 0 1 1 0 1 1 0 0 0 1 1 0 1 0 1 0 0 1 0 1 1 1 0 1 0 0 0 1 1 0 0 1 0 1 0 1 0 1 1 0 0 0 23
1 1 0 1 0 0 1 0 0 1 1 1 0 1 0 1 0 1 1 1 1 0 1 0 0 0 0 1 0 0 1 0 0 1 1 0 1 0 0 1 0 1 0 1 0 0 0 0 1 1 24
1 1 1 0 1 1 0 0 0 1 1 1 0 1 0 0 0 1 1 1 0 0 1 1 1 1 1 1 0 0 1 0 0 1 0 1 1 0 0 1 0 1 0 1 0 1 1 1 1 0 29
0 0 1 0 1 1 0 1 0 0 1 1 0 1 1 0 0 1 1 0 1 0 1 0 1 0 1 1 0 0 1 1 0 1 1 1 1 0 1 1 0 0 1 1 0 1 1 1 0 0 28
1 1 1 0 0 0 1 0 0 0 1 1 0 1 1 0 0 0 1 0 0 0 1 0 0 1 1 1 0 0 1 1 0 0 1 0 1 0 0 1 0 1 1 1 0 1 0 0 1 1 24
0 1 1 0 1 0 0 0 1 1 1 1 0 1 0 0 1 1 1 0 1 0 1 0 0 0 1 0 0 1 0 0 0 0 0 0 1 1 0 1 0 1 1 1 0 1 1 1 1 1 26
1 1 1 0 1 0 0 0 0 1 1 1 0 0 0 0 1 1 1 0 1 0 1 0 0 1 0 1 0 0 1 0 0 1 0 1 1 1 1 0 0 0 0 0 0 0 0 1 1 1 23
0 1 1 0 0 1 0 0 0 1 1 1 0 0 0 0 1 0 1 0 1 0 1 0 0 1 1 1 0 0 1 0 0 0 0 1 1 1 1 1 0 1 0 0 0 0 1 0 1 0 22
0 1 1 0 0 1 0 1 0 0 1 1 0 1 0 0 0 1 1 0 0 0 0 1 1 1 1 1 0 0 1 0 0 1 1 0 1 0 1 1 0 0 0 1 0 0 0 0 1 1 23
1 1 1 0 0 1 0 0 0 1 0 1 1 1 0 1 1 0 1 0 1 0 0 0 0 1 1 1 0 0 1 0 0 0 0 1 1 0 1 1 0 0 1 1 0 1 0 0 0 1 24
0 1 1 0 1 0 1 1 0 1 0 0 0 0 0 1 0 1 1 0 1 0 0 0 1 1 1 1 1 1 1 0 0 1 0 1 1 0 0 1 0 0 1 0 0 0 1 0 1 1 25
0 1 1 0 0 1 1 0 0 1 1 1 0 0 0 0 0 0 0 0 0 0 1 0 0 1 1 1 0 0 1 0 0 1 1 0 1 0 0 1 0 0 1 0 0 1 0 0 1 1 20
0 1 1 0 0 0 0 0 0 0 0 1 0 0 0 1 1 1 1 0 0 0 1 0 1 1 0 1 0 0 1 1 0 1 1 0 1 0 0 0 0 0 1 0 0 0 1 0 1 0 19
1 1 1 0 0 0 1 0 1 1 0 1 0 0 0 0 0 1 1 0 0 0 1 0 0 1 1 1 0 0 1 1 0 0 0 1 1 0 1 1 0 0 1 1 0 1 0 0 1 1 24
1 1 1 0 0 0 0 1 0 1 1 1 0 0 0 0 0 0 1 0 1 0 0 0 0 1 1 1 0 1 1 0 0 1 0 0 1 0 1 1 0 1 0 1 0 0 0 1 0 0 21
0 1 0 0 1 0 0 0 0 0 1 1 0 1 0 0 1 0 1 0 1 0 1 1 1 1 1 1 1 0 0 1 0 0 0 1 1 0 0 1 0 0 0 1 0 0 1 0 0 1 22
1 1 1 0 0 1 0 0 1 0 1 1 0 1 0 1 0 1 1 0 0 0 0 0 1 1 1 1 0 1 0 1 0 0 0 1 1 0 0 0 0 0 1 0 0 0 0 1 1 1 23
1 1 1 0 0 1 0 0 0 1 1 1 0 1 1 0 1 1 1 1 0 0 1 1 0 0 0 1 0 1 1 0 0 1 0 1 1 0 1 1 0 1 1 1 0 0 1 1 1 1 30
1 1 1 0 0 1 0 0 0 0 1 1 0 1 0 0 1 0 1 0 1 0 1 0 0 0 1 0 1 0 1 1 1 1 0 1 1 1 0 1 0 0 1 1 0 1 0 0 1 1 26
0 1 0 0 0 1 0 1 0 0 1 1 0 1 0 1 1 0 1 1 1 0 1 0 1 1 0 1 0 0 0 0 0 1 0 0 1 0 1 1 1 0 1 1 0 0 1 1 1 0 25
0 1 0 0 0 0 1 1 0 1 0 1 0 1 0 1 1 0 1 0 1 0 0 1 0 1 1 1 0 0 1 0 0 0 1 1 1 1 0 1 0 0 1 1 0 0 1 0 1 1 25
1 0 1 0 0 0 0 0 0 1 1 1 0 1 0 1 0 1 1 0 1 0 0 1 0 1 1 0 0 0 1 0 0 0 0 1 1 1 0 1 0 0 1 1 0 0 0 0 1 1 22
0 0 1 0 0 0 0 1 0 1 1 1 0 0 0 0 0 1 1 0 0 0 1 0 0 1 1 1 0 1 1 1 0 1 0 0 1 1 1 1 0 0 1 1 0 0 1 0 0 1 23
0 1 1 0 0 0 0 1 0 1 1 1 0 1 0 1 0 0 1 0 0 0 1 0 1 1 1 1 1 0 1 0 0 1 0 0 1 0 1 1 0 0 1 1 0 0 1 0 1 1 25
1 1 1 0 1 0 0 0 0 1 1 1 0 1 0 1 1 1 1 0 0 0 1 0 1 0 1 0 0 1 0 0 1 1 1 1 1 1 1 1 0 0 0 1 0 1 1 0 1 0 28
1 0 1 0 1 1 0 0 0 1 1 1 0 1 1 1 0 1 1 0 0 0 1 1 1 1 1 1 0 1 1 1 0 0 1 0 1 0 0 1 0 0 0 1 0 0 1 1 0 1 28
0 0 0 0 0 0 0 1 0 0 1 1 0 1 0 1 1 1 1 0 0 1 1 0 1 1 1 1 0 0 1 1 0 1 0 0 1 0 1 0 0 1 0 1 0 0 0 0 0 1 22
0 1 1 0 0 1 1 1 0 0 1 1 0 1 1 0 0 1 1 0 1 0 1 0 0 1 0 0 0 1 1 0 0 1 1 0 1 0 0 1 0 1 0 1 1 0 1 1 1 1 27
1 1 0 0 1 0 0 0 0 1 1 1 0 1 0 1 0 1 1 0 0 0 1 0 0 1 1 0 0 0 1 0 0 0 0 0 1 1 1 1 0 0 0 0 0 1 1 0 1 1 22
1 1 0 0 1 0 0 0 0 0 1 1 0 1 0 1 0 1 1 0 1 1 1 0 1 0 1 1 0 0 0 0 0 1 0 0 1 0 1 1 0 0 1 1 0 0 1 0 0 1 23
0 1 1 0 0 1 0 0 0 1 1 1 0 0 0 1 0 0 1 1 1 0 1 0 0 1 1 1 0 0 1 1 0 1 0 0 1 0 0 1 0 0 0 0 1 0 1 0 1 1 23
0 1 0 0 0 0 1 1 0 1 1 1 0 1 0 1 0 0 1 0 0 0 1 1 0 1 1 1 0 0 1 1 0 1 0 1 1 0 1 1 0 0 0 1 0 0 1 0 1 1 25
0 1 1 0 0 1 1 0 0 0 1 1 0 1 0 0 0 1 1 0 0 0 1 0 0 0 1 1 0 0 1 0 0 1 0 1 1 1 1 1 0 0 0 1 0 0 1 0 1 1 23
1 0 1 0 0 0 0 0 0 0 1 1 0 0 0 1 0 1 1 1 0 0 0 1 1 1 1 1 0 1 1 0 0 0 0 1 1 1 0 0 0 1 1 1 0 0 0 1 1 1 24
0 1 1 0 0 0 1 0 0 1 1 1 0 0 0 0 0 1 1 0 1 0 1 1 0 1 1 1 0 0 1 1 0 1 1 1 1 0 0 1 0 0 1 1 0 0 0 1 1 1 26
1 0 0 0 1 0 1 0 0 1 1 1 0 0 0 1 1 1 1 0 1 0 1 0 1 1 1 1 0 1 1 1 0 1 1 1 1 0 1 1 0 0 0 1 0 0 1 0 0 1 28
0 1 1 0 0 0 1 0 0 1 1 1 0 1 0 0 1 1 1 1 1 0 1 0 1 1 1 1 0 1 1 0 1 0 0 1 1 0 1 1 0 0 1 0 0 0 1 1 1 1 29
0 1 1 0 0 1 0 0 0 0 1 0 0 0 0 1 1 1 1 0 0 0 1 1 1 1 0 1 0 0 1 0 0 0 0 0 1 0 0 1 0 1 1 1 0 1 1 1 1 1 24
0 0 0 0 0 1 0 0 0 1 1 1 0 1 0 0 1 1 1 1 0 0 1 0 1 1 0 1 0 1 1 0 0 1 1 0 1 0 1 1 0 1 1 0 0 1 1 0 0 1 25
1 1 0 0 0 0 1 1 0 1 1 1 1 1 0 1 1 1 1 0 0 0 0 1 1 1 1 1 0 0 1 0 0 1 1 1 1 0 0 0 0 0 0 0 0 0 1 0 1 1 26
1 1 1 0 0 0 0 0 0 1 1 1 1 1 0 1 0 1 1 0 1 0 1 0 1 1 1 1 0 1 1 0 0 1 0 1 1 0 0 1 0 0 0 1 0 0 0 1 1 1 27
0 1 1 1 0 0 0 0 0 1 1 1 0 0 0 0 0 1 1 0 0 0 1 0 1 0 1 1 0 1 1 0 0 0 0 0 1 1 1 0 1 1 1 1 0 0 0 0 0 1 22
0 1 1 0 0 0 0 1 0 1 0 1 0 1 0 0 1 1 1 0 1 1 1 0 1 1 1 1 0 0 0 0 0 1 1 1 1 1 1 0 0 0 0 0 0 1 1 1 1 0 26
1 1 0 0 0 0 0 0 0 1 0 1 0 1 0 1 0 1 1 0 0 1 1 1 0 1 1 1 0 0 0 0 0 0 0 1 1 1 0 1 0 0 1 1 0 1 1 0 1 1 24
1 1 0 0 0 0 1 0 0 1 1 1 0 1 0 1 0 0 0 0 0 0 1 0 1 1 1 0 0 0 1 0 0 0 0 0 1 0 0 1 0 0 0 1 0 1 0 0 0 1 18
1 0 0 0 0 1 1 0 0 0 1 1 0 1 0 0 0 1 1 0 0 0 1 0 1 1 0 1 0 0 1 0 0 1 0 1 1 0 0 1 0 1 1 0 0 1 1 0 1 1 23
1 1 1 0 1 1 0 0 0 0 1 1 0 1 0 0 1 1 1 1 1 1 1 0 0 1 1 1 0 0 1 0 0 1 0 1 1 1 1 1 0 0 0 0 0 1 1 1 1 1 30
1 1 1 0 1 1 0 1 0 0 1 1 0 1 0 1 1 1 1 0 0 1 0 0 0 1 0 1 0 0 1 0 0 1 0 0 1 1 1 1 0 1 1 1 1 1 0 1 1 1 30
1 1 1 0 0 1 0 0 0 1 1 1 0 1 0 0 1 1 1 0 0 0 1 0 0 1 0 1 0 0 1 1 0 1 0 1 1 0 1 0 1 1 1 1 0 1 0 1 1 1 28
0 0 1 1 1 0 0 0 0 1 1 1 0 1 0 0 1 1 0 0 1 1 1 1 0 1 0 1 0 0 1 1 1 1 0 1 1 0 0 1 0 0 0 1 0 1 1 1 0 1 27
1 1 1 0 1 1 0 0 0 1 1 1 1 1 0 0 0 1 1 0 0 0 0 0 0 1 1 0 1 0 1 0 0 0 0 1 1 1 1 1 0 0 0 1 0 1 0 0 1 1 25
1 1 1 0 1 1 1 0 0 1 1 1 0 1 0 0 0 1 1 0 1 0 1 0 1 1 1 1 0 0 0 0 0 1 0 1 1 0 1 1 0 1 0 1 0 0 1 0 1 0 27
1 1 0 0 1 1 1 1 0 0 1 1 0 1 0 0 0 1 1 0 0 0 1 0 0 1 1 0 0 0 1 0 0 0 0 0 1 0 0 1 0 0 1 1 0 1 0 0 1 1 22
0 0 1 0 0 0 1 1 0 1 1 1 0 1 0 1 1 1 1 0 0 0 1 0 0 1 1 1 1 0 0 0 0 0 1 1 1 1 1 1 0 0 1 1 0 1 0 1 1 1 28
0 1 1 0 0 0 1 0 0 0 1 1 0 1 0 0 1 1 0 0 1 0 1 0 1 1 1 1 0 0 1 0 0 1 1 1 1 0 0 1 0 0 1 1 0 0 1 1 1 1 26
0 1 0 1 1 0 1 1 0 1 1 1 0 1 1 0 0 1 1 1 0 0 1 0 1 1 1 1 0 0 1 0 0 1 1 1 1 0 0 1 0 0 1 1 0 0 1 0 1 1 29
0 1 1 0 0 0 1 0 0 0 1 1 0 0 0 0 0 0 1 0 0 0 1 0 1 1 1 1 0 0 0 0 0 1 0 0 1 0 0 1 1 0 1 1 0 1 1 1 1 1 22
1 1 1 0 0 0 1 0 0 0 0 1 1 1 1 0 0 1 1 0 1 0 0 1 1 1 0 1 0 0 1 0 0 1 0 1 1 0 0 1 0 1 0 0 0 0 1 0 1 0 23
1 1 1 1 0 0 0 0 0 1 1 1 0 1 0 1 1 1 1 0 0 0 1 0 0 1 0 1 0 1 1 1 0 1 1 1 1 0 1 1 0 0 0 1 0 0 0 1 1 1 28
0 1 1 0 0 0 1 0 0 1 1 1 0 1 0 0 0 1 1 0 1 0 1 0 0 1 1 1 1 0 1 0 0 1 0 0 1 1 1 1 0 1 0 1 0 0 1 0 1 1 26
1 1 0 0 0 1 0 0 0 1 1 1 0 1 0 1 1 1 1 0 1 0 1 0 0 1 1 1 0 1 0 1 0 1 0 1 1 0 1 1 0 1 1 1 0 0 0 0 0 1 27
1 1 1 0 0 1 0 0 0 1 1 1 0 1 0 1 0 1 0 0 1 1 0 1 1 1 0 1 0 1 0 0 0 0 0 0 1 0 1 1 0 0 1 1 0 0 1 0 1 1 25
1 1 1 0 1 0 0 0 0 0 1 1 0 0 0 1 1 1 1 1 0 0 1 0 1 1 1 1 0 0 1 0 0 0 1 1 1 0 1 0 1 0 1 0 0 0 0 0 0 1 24
0 1 1 0 0 1 0 0 0 0 1 1 0 0 0 0 0 1 1 0 0 0 0 0 1 0 1 1 0 1 1 0 0 0 0 0 1 0 0 1 0 1 1 1 0 1 0 1 1 1 21
1 0 1 0 0 0 0 0 0 1 1 1 0 1 0 1 0 1 1 0 0 1 1 0 1 1 0 1 0 0 1 1 0 1 0 0 1 1 1 1 0 1 1 1 0 1 1 0 1 1 28
1 1 1 0 0 1 1 1 0 1 1 1 0 1 0 0 0 0 1 0 0 0 0 0 0 1 1 1 0 1 1 0 0 0 0 1 1 0 0 1 1 0 1 0 0 1 0 0 1 1 24
0 1 1 0 1 1 0 0 0 1 1 1 0 0 0 1 0 1 1 0 1 0 1 0 1 1 0 1 0 0 0 0 1 1 1 1 1 0 1 1 0 0 1 1 0 1 1 1 1 1 29
0 1 1 0 0 1 1 0 0 1 1 1 0 1 0 0 0 1 1 0 1 1 1 0 0 0 1 1 0 0 0 1 0 1 1 1 1 0 0 1 0 1 1 0 0 0 1 0 1 0 25
1 1 0 0 1 1 0 0 0 0 1 1 0 1 0 1 0 1 1 0 0 0 1 1 1 1 1 0 1 1 1 0 0 1 1 0 0 0 1 1 0 0 1 1 0 0 1 1 1 1 28
0 1 1 0 0 0 0 0 0 1 1 1 0 1 0 0 0 1 1 0 0 0 1 0 0 1 1 1 1 0 1 0 0 0 1 1 1 0 0 1 0 1 1 1 0 1 1 1 0 1 25
0 1 0 0 0 1 0 0 0 1 1 1 0 1 0 1 1 0 1 0 0 0 0 0 0 1 1 1 0 0 1 1 0 1 0 1 1 0 0 1 0 0 1 1 0 1 1 1 1 0 24
0 1 1 0 1 0 0 1 0 1 0 1 1 0 0 1 1 0 1 0 1 0 1 1 0 0 1 1 0 0 1 0 0 1 0 0 1 0 0 0 0 1 0 1 0 1 1 1 0 1 24
0 1 1 1 0 0 0 1 0 1 1 1 0 1 0 0 1 1 1 1 0 0 1 1 0 1 1 1 0 1 0 0 0 1 1 1 1 1 1 1 0 1 0 1 0 1 0 0 1 0 29
1 1 0 1 1 0 0 0 0 1 1 1 0 0 0 0 1 0 0 0 1 0 1 1 1 1 1 1 0 0 1 0 0 1 0 0 1 1 0 1 0 1 1 1 0 0 0 1 1 1 26
0 1 1 0 1 0 0 0 0 1 1 0 0 0 0 1 1 1 1 0 1 0 1 1 1 1 1 1 0 0 1 1 0 1 1 0 1 1 0 1 0 0 0 1 0 0 1 0 1 1 27
0 1 1 0 1 0 0 0 0 1 1 1 0 1 0 1 0 1 1 0 1 0 1 0 1 0 1 1 0 1 0 1 0 1 0 0 1 0 0 1 0 0 0 1 0 1 1 0 1 1 25
0 1 0 0 1 0 1 1 1 0 1 1 1 0 0 1 0 1 1 0 1 0 0 0 0 0 0 0 0 1 0 1 0 1 0 0 1 0 0 1 0 1 1 1 0 0 0 1 1 0 22
1 1 0 0 0 1 0 1 1 1 0 1 0 1 0 0 1 0 1 0 0 0 0 0 0 1 1 1 1 1 0 1 0 1 1 1 1 0 1 1 0 0 0 0 0 1 1 0 1 1 26
0 1 1 0 0 0 0 0 0 1 1 1 0 1 0 0 0 1 1 0 0 0 1 1 1 1 1 1 1 1 1 1 1 1 0 0 1 0 0 1 0 0 1 1 0 1 0 0 1 1 27
0 1 0 0 1 0 1 0 0 1 0 1 0 0 0 0 0 1 1 0 0 0 1 1 1 1 0 1 0 1 1 0 0 1 0 0 1 0 1 1 0 0 0 1 0 0 0 1 1 1 22
1 1 1 0 1 1 0 1 0 1 1 1 1 1 0 1 1 1 0 1 1 0 1 0 0 1 1 1 0 0 1 0 0 1 0 0 1 0 0 1 0 0 1 1 0 0 1 0 1 1 29
1 1 1 0 0 0 0 0 0 0 1 1 1 0 0 0 1 1 1 1 1 0 1 0 0 1 0 0 0 1 1 1 0 1 0 1 1 0 0 1 0 0 0 1 1 0 1 0 1 1 25
0 1 1 0 0 0 0 0 0 1 0 1 0 0 0 0 1 0 1 1 0 0 0 0 0 1 1 1 0 0 0 0 0 0 0 1 1 1 0 1 0 0 0 1 0 0 1 1 1 0 18
1 0 0 0 1 0 1 0 0 1 1 1 0 1 0 0 0 1 1 0 0 0 0 0 1 1 1 1 0 0 1 1 0 0 0 0 1 0 0 0 0 1 1 1 0 1 0 0 0 0 20
0 1 1 0 0 0 0 1 0 1 1 1 0 1 0 1 0 1 1 0 0 0 1 1 0 1 1 1 1 1 1 1 0 0 0 0 1 0 0 1 0 0 0 0 0 0 0 0 0 1 22
1 1 1 0 0 0 0 0 0 1 1 1 0 1 0 0 0 1 1 1 1 0 1 0 0 0 0 0 0 0 1 0 0 1 0 1 1 1 1 1 0 1 0 1 0 1 1 1 1 1 26
1 1 1 0 1 0 1 0 0 1 1 1 0 1 0 1 0 1 1 0 1 1 1 0 1 0 1 1 0 0 1 0 0 0 0 1 1 0 1 1 0 0 1 1 0 0 1 1 1 1 29
0 1 1 0 0 0 0 0 0 1 1 1 0 1 0 1 0 1 1 1 1 0 1 0 0 1 1 1 0 0 0 0 0 1 0 0 1 0 1 1 0 0 1 0 0 1 1 0 1 1 24
1 1 1 0 0 0 0 0 0 1 0 1 0 1 0 0 0 1 1 0 1 1 1 0 0 1 1 1 0 1 0 0 0 0 1 1 1 0 1 1 0 0 1 1 0 1 1 1 0 0 25
0 1 1 0 0 0 0 1 0 0 1 1 0 1 0 0 1 1 1 0 1 0 1 0 0 1 1 1 0 0 1 0 1 0 1 0 1 0 0 1 0 1 1 1 0 0 1 0 1 1 25
1 1 0 0 0 1 0 0 0 1 1 0 0 0 0 1 0 0 1 0 1 1 0 0 0 1 1 1 1 1 1 0 0 0 0 0 1 0 1 1 0 1 1 1 0 0 0 0 0 1 22
0 1 0 1 0 1 0 1 0 0 0 1 0 1 0 0 1 0 1 0 1 0 1 1 1 1 1 1 0 0 0 1 0 0 0 0 1 0 1 1 0 0 0 0 0 1 0 0 1 1 22
0 1 1 0 1 0 0 0 0 1 1 1 0 1 0 0 1 1 1 0 1 0 1 1 1 1 1 1 0 0 1 0 0 1 1 1 1 0 1 1 0 1 1 0 0 0 1 1 1 0 29
0 1 1 0 1 1 1 0 0 0 1 1 0 1 1 1 0 0 1 0 1 1 0 1 0 0 1 0 0 1 0 1 0 1 0 1 1 0 0 1 1 1 0 1 0 0 1 0 1 1 27
1 1 1 0 1 1 0 0 0 0 1 1 0 1 0 0 0 1 1 1 1 0 0 0 0 1 1 1 0 1 0 0 0 0 0 1 1 0 0 1 0 0 1 0 1 0 0 0 0 1 22
0 1 1 0 0 0 0 1 0 0 1 1 0 0 0 1 0 1 1 0 1 0 1 0 1 0 0 0 1 0 1 0 0 1 0 0 1 0 1 0 1 1 0 1 0 0 1 0 1 1 22
1 1 1 1 1 1 0 0 0 1 1 1 0 0 0 0 0 1 1 1 1 0 1 0 1 0 1 1 0 0 1 0 0 1 0 0 1 1 0 1 1 1 0 0 0 1 0 0 1 1 27
1 1 1 0 0 0 0 0 0 1 1 1 0 0 0 0 0 1 1 0 0 0 1 0 0 1 0 0 0 0 1 0 0 1 0 1 1 0 0 1 0 0 0 1 0 1 1 1 0 1 20
0 1 0 0 1 1 0 0 0 1 1 1 0 1 0 0 0 1 1 0 0 0 1 1 1 1 0 1 0 0 1 0 0 0 0 0 1 0 1 1 0 0 1 1 0 0 0 0 1 1 22
1 1 0 0 1 0 1 0 0 1 1 1 0 1 0 0 0 0 1 0 1 0 1 0 0 0 0 1 1 1 0 0 0 1 0 0 1 1 1 1 0 1 0 1 0 0 1 1 1 1 25
1 1 1 0 1 0 0 0 0 1 0 1 0 1 0 0 1 1 1 0 1 0 1 0 1 1 1 0 0 1 1 1 0 1 0 0 1 0 1 1 0 1 0 0 0 0 1 1 0 1 26
1 1 1 0 0 1 1 1 0 1 0 1 0 0 0 0 0 1 1 0 1 0 1 0 1 1 1 0 1 0 1 0 0 0 0 0 1 0 1 1 0 0 0 1 1 1 0 1 0 1 25
1 1 1 0 0 1 0 1 0 1 1 1 0 1 0 0 0 1 1 1 1 0 1 1 0 1 0 1 0 0 1 0 0 1 0 1 1 0 1 1 0 0 1 1 0 0 1 1 1 1 29
1 1 1 0 0 0 0 0 0 1 1 1 0 1 0 0 0 0 1 0 1 1 1 0 0 1 0 0 1 0 1 1 0 1 0 1 1 0 1 1 0 1 0 1 0 1 1 1 1 1 27
0 1 1 0 1 1 0 0 0 0 1 1 1 0 0 0 0 1 1 0 1 0 1 1 0 1 1 1 0 1 1 0 0 0 0 0 1 0 0 1 0 0 1 1 0 1 1 0 1 1 25
1 1 1 0 0 0 0 0 0 1 0 1 1 1 0 1 0 1 1 0 0 0 1 0 1 1 1 0 0 0 1 0 1 1 0 1 1 0 1 1 0 0 0 1 0 0 1 0 0 0 23
0 1 1 0 0 0 0 0 0 1 0 1 0 1 0 0 0 1 1 0 1 0 1 0 1 0 1 1 0 1 0 1 0 1 1 1 1 0 1 0 0 0 1 1 0 1 1 0 1 1 25
0 1 0 0 0 0 0 0 1 0 1 0 1 1 0 0 0 1 1 0 1 0 1 1 0 1 1 0 0 1 1 0 0 0 1 1 1 0 1 1 0 0 1 1 0 1 1 1 1 1 26
0 0 1 0 0 0 1 0 0 0 0 1 0 1 0 1 0 1 1 0 1 0 1 1 1 1 1 1 0 0 1 0 0 1 1 1 1 0 1 1 0 0 0 1 0 1 0 1 0 1 25
1 0 0 0 0 0 0 1 0 1 1 1 0 1 0 1 0 1 1 0 1 0 1 1 1 1 0 1 0 0 1 1 0 0 1 1 1 1 1 1 0 1 1 1 0 1 0 0 0 0 27
0 1 1 0 0 1 0 1 0 1 1 1 0 1 0 1 0 1 1 0 0 0 1 1 1 1 1 0 0 0 1 1 0 1 0 1 1 0 1 0 0 0 1 1 0 0 1 0 1 1 27
0 1 0 0 1 0 1 0 0 1 1 1 0 1 1 0 0 1 1 0 1 0 1 0 0 1 0 1 1 0 0 1 0 0 0 1 1 1 0 1 0 0 1 1 0 0 1 0 1 1 25
1 1 0 0 1 1 0 0 1 1 0 1 0 1 0 0 0 1 1 0 1 0 1 0 0 1 1 1 0 0 1 1 0 0 1 1 1 1 0 1 1 0 0 0 0 1 0 1 1 1 27
0 1 1 0 0 0 0 1 1 1 1 1 0 0 0 0 1 0 1 0 1 0 1 0 1 1 1 1 0 0 1 1 0 0 0 0 1 0 1 1 1 1 1 0 0 0 1 0 0 1 25
1 1 1 0 0 0 0 0 0 0 1 1 0 1 0 1 1 1 1 0 0 0 1 1 0 1 0 1 0 0 1 0 0 0 1 0 1 1 1 1 0 0 0 0 0 0 0 0 1 1 22
1 1 1 0 0 1 0 0 0 0 1 0 0 1 0 1 0 1 1 0 1 0 1 0 0 1 1 1 0 1 1 0 0 1 0 0 1 0 0 1 0 0 0 0 0 1 0 0 1 1 22
1 0 1 0 0 0 1 1 0 1 1 1 0 1 0 1 1 1 1 0 1 0 1 0 1 1 1 1 0 0 1 1 0 1 1 0 1 0 1 1 0 0 0 1 0 1 1 1 0 1 30
1 1 0 0 0 1 0 1 0 0 1 1 0 0 0 0 0 0 1 0 0 0 1 1 0 1 0 1 0 1 0 0 1 1 0 1 1 0 0 0 0 0 0 1 0 1 0 0 0 1 19
0 1 1 0 0 0 0 0 0 0 1 1 1 0 0 0 1 0 1 0 0 0 1 0 0 1 0 1 0 0 1 0 0 0 1 0 1 0 1 1 0 1 0 1 0 1 1 1 1 1 22
1 1 0 0 0 1 1 1 0 0 1 1 0 1 0 0 1 1 1 1 0 1 0 0 1 1 0 0 0 0 1 0 0 1 1 1 1 0 0 1 0 0 1 0 0 0 1 0 1 1 25
1 1 0 0 0 0 0 0 0 1 1 0 0 0 1 1 0 1 1 1 0 0 1 1 1 1 1 0 1 0 1 1 0 1 0 0 1 0 1 1 0 1 1 1 0 0 1 0 1 1 27
0 1 1 0 1 0 0 0 0 0 1 1 1 1 0 1 0 1 1 1 1 0 0 0 0 0 1 1 0 1 1 0 0 1 0 0 1 0 1 1 1 1 0 1 0 1 1 1 1 1 28
0 1 1 0 0 1 0 0 0 1 1 1 0 1 0 1 0 1 1 0 1 0 1 0 1 1 1 1 0 0 1 0 0 0 1 0 1 0 0 1 1 1 0 0 0 0 1 0 0 0 23
0 0 0 0 0 1 1 1 0 1 1 1 0 1 0 0 0 1 1 0 0 1 1 1 0 1 1 1 0 0 1 0 0 1 0 1 1 0 1 1 0 1 0 1 0 0 1 1 0 1 26
0 1 1 0 0 1 0 0 0 1 1 1 0 1 0 1 0 1 1 0 1 0 1 0 1 1 1 1 0 0 0 0 0 0 0 0 1 0 1 1 0 0 0 1 0 0 0 1 1 0 22
0 1 1 1 0 0 0 0 0 1 1 1 0 1 0 1 1 1 1 0 0 1 1 1 0 1 1 0 0 0 1 0 0 1 0 1 1 0 1 1 0 0 1 1 1 1 1 0 1 1 29
0 1 1 0 1 0 0 0 0 0 1 1 0 1 0 1 0 1 0 1 0 0 1 0 1 1 1 0 0 0 1 1 0 1 1 0 1 0 1 0 0 1 1 1 0 1 0 1 1 1 26
1 1 1 1 0 0 0 1 0 1 1 1 0 0 0 1 1 0 1 0 0 0 1 1 0 1 0 0 0 0 1 1 0 0 0 1 1 1 1 1 0 0 0 1 0 0 1 1 0 1 25
0 1 0 0 0 0 1 1 0 1 1 1 1 0 0 0 0 1 1 0 0 0 1 0 1 1 1 0 0 0 1 0 0 1 1 0 1 0 1 1 0 0 1 1 0 1 1 1 0 1 25
1 1 1 0 0 1 1 0 0 1 1 1 0 0 0 0 0 1 1 0 0 0 1 0 0 1 1 0 0 0 1 0 0 1 0 1 1 1 0 1 0 0 1 1 0 0 1 1 1 1 25
0 1 0 0 0 0 1 1 0 1 1 1 0 1 0 0 0 0 1 0 1 0 1 1 1 1 1 1 0 1 1 1 0 1 1 1 1 1 1 1 0 0 1 0 0 0 1 0 1 1 29
0 1 1 0 0 0 0 0 1 1 1 1 0 0 0 0 0 1 1 0 0 1 1 0 1 1 0 0 0 0 0 0 0 1 1 1 1 0 1 1 1 1 0 0 0 0 0 1 1 0 22
1 1 1 0 0 0 1 0 0 1 1 1 1 1 0 1 0 1 1 0 0 0 1 0 0 1 0 1 0 1 1 0 0 1 0 1 1 0 0 1 0 0 1 1 0 0 0 1 1 1 26
0 1 1 0 0 1 0 0 0 0 1 1 1 1 0 1 0 0 1 0 1 0 1 0 0 1 1 1 0 0 1 0 0 1 0 1 1 0 0 1 0 1 0 1 0 0 1 1 0 1 24
1 1 0 0 0 1 0 0 0 1 1 0 0 0 0 0 0 0 1 1 0 0 1 1 0 1 1 0 0 0 0 0 0 0 1 1 1 1 0 1 0 0 0 0 0 0 1 1 1 1 20
1 1 0 0 0 1 1 0 0 1 0 1 0 1 0 1 1 1 1 0 1 0 1 0 1 1 1 1 0 0 0 1 0 1 1 0 1 0 0 1 0 0 1 0 0 0 1 1 0 1 26
1 1 1 0 0 0 0 0 0 1 1 1 0 1 0 1 0 1 1 1 1 0 1 1 0 1 1 1 0 0 1 0 0 0 0 1 1 0 1 1 0 0 1 0 0 0 0 1 1 1 26
0 1 1 1 0 0 0 0 0 1 1 1 0 1 0 0 1 1 1 0 1 0 1 0 1 1 1 1 0 0 1 0 0 1 0 1 1 1 1 1 1 1 1 1 0 1 0 1 0 1 30
1 1 1 0 0 1 1 0 0 0 1 1 1 1 0 1 1 1 1 0 1 0 1 0 1 1 1 1 0 0 1 1 1 0 0 1 1 0 1 0 1 0 1 1 0 1 1 0 1 1 32
1 1 1 0 1 0 0 1 0 1 1 1 0 0 0 0 1 1 1 0 1 0 1 0 0 0 1 1 0 1 1 1 1 1 0 0 1 0 1 1 0 1 1 0 0 0 1 0 1 0 27
0 1 1 0 1 1 1 0 0 0 0 1 0 1 1 0 1 1 1 0 1 0 1 1 1 1 1 0 0 0 0 1 0 1 1 1 1 0 0 1 0 1 1 1 0 0 1 0 1 0 28
1 1 1 0 0 0 0 0 0 0 1 1 0 0 1 1 0 1 1 0 0 0 1 0 1 1 1 1 0 1 1 0 0 0 0 1 1 0 1 1 0 0 0 1 0 1 1 0 1 1 25
1 0 0 0 1 1 1 1 0 0 1 1 0 1 0 0 1 1 1 0 0 0 1 0 0 1 0 1 0 0 1 1 0 1 0 1 1 1 1 1 0 0 1 1 0 0 0 1 1 1 27
1 1 1 0 1 0 0 1 0 1 1 1 0 0 1 0 0 1 1 0 1 0 1 0 0 1 1 0 0 1 1 1 0 0 0 0 1 1 1 1 0 0 0 1 0 1 1 0 0 1 26
1 1 1 0 1 0 1 0 0 1 1 1 0 1 0 0 0 1 1 1 0 0 1 1 0 1 1 1 0 0 1 0 0 0 0 0 1 0 1 1 0 1 0 1 0 1 0 1 0 1 26
1 0 1 0 0 0 0 0 0 1 1 1 0 1 0 1 0 0 1 1 1 1 0 0 1 1 1 0 0 1 1 0 0 1 0 1 1 0 0 1 0 0 1 0 0 0 0 1 1 1 24
1 0 0 0 0 0 0 0 1 1 0 1 0 0 0 0 1 1 1 0 0 0 1 0 1 1 1 1 0 0 1 1 0 1 0 1 1 1 0 1 1 0 1 1 0 0 0 1 1 0 24
0 1 1 0 0 0 0 0 0 1 1 1 0 0 1 1 0 1 1 0 0 0 1 0 1 1 1 1 0 0 1 0 0 1 1 0 1 0 1 1 0 1 1 0 0 0 1 1 1 0 25
0 1 1 0 0 1 0 0 0 1 0 1 0 1 1 0 0 0 1 0 0 0 1 0 0 1 0 1 1 1 1 1 0 0 0 1 1 0 1 1 0 0 1 0 0 0 1 1 0 0 22
0 0 1 0 0 1 0 0 0 1 0 1 0 1 0 1 0 0 1 1 1 0 1 0 0 1 0 0 0 0 1 0 0 0 0 0 1 0 0 1 0 0 0 1 0 1 0 0 0 1 17
1 1 0 0 1 0 0 1 0 1 1 1 1 1 0 0 1 1 1 0 1 1 0 1 1 1 1 1 0 0 1 1 0 1 1 1 1 1 1 0 0 0 0 1 0 0 0 0 1 1 30
0 1 1 0 0 0 1 0 0 0 1 1 0 1 0 1 0 1 1 1 1 0 1 0 1 1 1 1 1 0 0 1 0 1 1 0 1 0 0 1 0 0 1 1 0 1 1 0 1 1 28
1 0 1 0 1 0 0 0 0 0 1 1 1 1 0 0 1 0 1 0 0 1 1 1 0 1 1 0 0 0 1 1 0 1 0 0 1 0 1 1 0 1 0 1 0 0 1 0 0 1 24
0 1 1 0 0 1 0 0 0 0 0 1 0 1 0 1 0 1 1 0 1 0 1 0 0 1 1 1 0 0 1 0 0 1 0 1 1 0 0 1 0 0 0 0 0 0 1 0 0 1 20
1 1 1 1 0 1 1 0 0 0 0 1 0 1 0 0 0 1 1 0 1 0 1 0 0 1 1 1 0 0 1 1 0 1 0 1 1 0 1 1 0 1 0 0 0 0 1 0 0 1 25
1 1 1 1 0 0 0 0 1 0 1 1 0 1 1 0 1 1 1 0 1 0 1 1 1 1 0 1 0 0 1 0 0 1 1 1 1 0 1 0 0 1 1 1 0 1 0 0 1 1 30
1 1 1 0 1 0 1 1 0 0 1 1 1 0 0 0 0 1 1 0 1 0 1 0 0 1 1 1 0 0 0 0 1 1 1 1 1 1 0 1 0 1 0 0 0 0 1 1 1 1 28
0 1 1 0 0 1 0 0 0 1 1 1 0 1 0 0 0 1 1 0 0 1 1 1 1 1 1 1 0 0 1 1 0 1 1 0 1 0 0 1 1 0 0 1 0 1 1 0 0 1 27
0 1 1 0 0 1 0 1 1 1 1 1 0 0 1 0 0 1 1 0 1 0 1 1 0 1 1 1 0 1 1 1 0 1 1 1 1 0 0 1 0 1 1 1 0 0 0 1 0 1 30
1 1 1 0 0 1 1 0 0 1 1 1 0 0 0 1 1 1 1 0 0 0 1 0 1 1 1 1 0 0 0 0 0 1 0 0 1 0 1 1 1 0 0 1 0 0 1 1 1 1 27
1 1 0 0 0 1 0 1 1 0 1 1 0 1 1 0 0 1 1 0 0 0 1 0 0 1 1 0 1 0 1 0 0 0 0 1 1 0 0 1 0 1 1 1 0 0 1 1 1 1 26
0 1 1 0 0 0 1 0 0 0 0 1 0 0 1 0 0 1 1 0 1 0 1 1 0 1 1 1 0 0 1 0 1 1 1 1 1 0 0 1 0 0 1 1 1 1 1 1 1 1 28
0 1 1 0 0 1 0 0 0 1 1 1 0 1 0 1 0 1 1 0 1 0 1 0 1 1 0 1 0 0 1 1 0 1 0 0 1 0 1 1 0 0 1 0 0 0 0 1 1 1 25
0 1 1 0 0 0 1 0 0 1 1 1 1 1 0 0 0 1 1 0 1 0 1 1 1 1 1 0 0 0 1 0 0 0 0 1 1 0 0 1 0 0 1 1 0 1 0 1 1 1 26
1 1 0 0 0 1 0 1 0 0 1 1 0 1 0 0 1 0 1 0 0 0 1 0 1 1 1 0 0 0 1 1 0 0 0 1 1 0 1 1 0 0 0 0 0 1 1 1 1 1 24
0 1 1 0 1 1 0 0 0 1 0 1 0 1 0 1 1 1 1 0 0 0 1 0 1 1 0 0 0 1 1 1 0 1 0 0 1 0 0 1 0 0 1 1 0 0 1 0 0 1 24
1 1 0 0 0 0 0 1 1 1 1 1 1 1 0 1 1 0 1 1 0 0 1 1 0 0 1 0 0 0 0 0 0 1 1 1 1 0 1 1 0 0 0 1 0 1 0 1 1 1 27
0 1 0 0 0 0 1 1 0 0 0 1 0 1 0 1 0 1 1 0 1 1 0 0 0 1 1 1 0 0 1 1 0 1 0 0 1 0 0 0 1 0 0 1 0 0 1 1 0 1 22
0 1 0 0 0 1 0 0 0 0 0 1 0 1 0 1 0 1 1 0 1 0 1 0 1 1 0 0 0 0 1 0 0 1 1 1 1 1 1 0 0 0 0 1 0 0 0 0 1 0 20
1 1 1 0 0 0 1 1 0 0 1 1 0 1 0 1 0 0 1 0 1 0 1 0 1 1 0 0 0 0 1 0 0 0 1 1 1 0 0 1 0 0 0 1 0 1 1 0 0 0 22
1 1 1 0 0 0 0 0 0 0 1 1 1 0 0 1 0 0 1 0 0 0 1 1 0 1 1 1 0 0 1 0 0 1 0 0 1 1 1 1 0 0 0 1 0 0 1 0 1 0 22
1 1 1 0 0 1 1 1 0 1 1 0 0 1 0 1 0 0 1 1 1 0 1 0 0 1 1 0 0 0 1 0 0 1 0 0 1 1 1 1 0 1 1 1 0 1 1 0 1 0 28
0 1 0 0 1 0 0 0 0 1 1 1 0 1 0 1 0 1 1 0 1 0 1 0 0 1 0 1 0 1 0 1 1 1 0 1 1 0 0 0 0 1 1 1 0 0 1 1 0 1 25
0 1 0 0 0 0 0 0 0 0 1 0 0 0 0 1 1 0 1 0 1 0 1 0 1 1 1 1 0 1 1 0 0 1 0 1 1 0 0 1 0 1 1 1 0 0 1 0 1 1 23
0 1 1 0 0 0 0 1 1 1 1 1 0 1 1 1 0 1 1 0 1 0 1 0 0 1 0 1 0 0 1 0 0 1 0 0 1 0 1 1 0 1 1 0 0 1 1 0 1 1 27
0 1 1 0 1 1 0 0 0 0 1 1 0 1 0 1 0 1 1 1 0 0 1 0 1 1 0 1 1 0 0 0 0 1 1 1 1 0 1 1 0 0 1 1 0 1 1 0 0 1 27
1 0 1 0 0 1 0 0 0 1 1 1 0 0 0 1 0 1 1 0 0 0 1 1 0 1 1 1 0 1 1 1 0 1 0 1 1 0 1 1 0 1 1 0 0 1 1 1 1 1 29
0 1 0 0 0 0 1 1 0 0 1 1 0 1 1 1 1 1 1 0 1 0 0 0 0 1 1 1 0 0 1 0 0 1 0 1 1 1 1 1 0 0 1 1 0 1 1 1 1 1 29
1 1 0 0 1 0 1 0 0 0 1 1 0 1 0 0 1 1 1 0 0 0 0 0 0 1 1 1 0 1 0 0 0 1 1 1 1 0 0 1 0 1 0 1 0 1 1 0 1 1 25
0 0 0 0 0 0 1 0 0 1 1 1 0 1 1 0 1 0 1 0 1 0 1 1 1 1 1 0 0 0 1 1 0 1 0 0 1 0 0 1 0 0 0 1 0 0 1 1 0 1 23
1 1 1 0 0 0 0 0 0 1 1 1 0 1 0 1 0 1 1 0 1 0 1 0 0 1 1 1 0 0 1 0 0 1 0 1 1 0 0 1 0 0 1 0 0 1 0 0 1 1 24
1 1 1 0 1 1 0 0 0 1 1 1 0 1 0 1 0 1 1 0 0 0 1 0 0 0 1 1 0 0 1 0 0 1 1 1 1 0 1 1 0 1 0 1 0 0 0 1 1 1 27
0 1 1 0 0 1 0 0 0 0 1 1 0 0 0 0 0 1 1 0 1 0 1 0 0 1 1 1 0 1 1 1 0 1 0 1 1 0 1 0 0 0 0 1 1 0 0 0 1 0 22
1 1 1 0 0 0 0 0 0 1 0 1 0 1 0 1 1 0 1 1 0 0 0 0 1 1 1 0 0 0 1 0 0 0 0 0 1 0 0 0 0 0 1 1 0 0 1 1 1 1 21
1 1 1 1 0 0 0 0 0 0 0 1 0 0 0 0 1 1 1 0 1 0 1 0 0 1 1 1 0 0 1 0 1 1 1 0 1 0 0 1 0 1 1 0 0 1 1 1 1 0 25
1 0 0 0 0 1 1 1 0 1 1 1 0 1 0 1 0 0 1 0 1 0 1 1 1 0 1 1 0 1 1 1 0 0 1 1 1 1 1 1 0 0 1 1 0 1 1 0 0 1 30
0 1 1 0 0 1 0 0 0 0 1 1 1 1 0 1 0 1 1 0 1 0 1 1 1 1 1 1 1 0 1 0 0 1 0 1 1 1 1 1 0 0 1 0 0 0 0 1 0 1 28
0 0 0 0 0 0 1 0 0 0 1 0 0 1 0 0 0 1 1 0 1 0 0 0 0 0 1 0 1 0 1 1 0 0 1 1 1 1 1 1 1 0 1 1 0 0 1 0 0 1 21
1 0 0 0 0 1 1 0 0 1 0 1 0 1 0 0 0 1 1 0 1 0 1 0 0 1 0 0 0 1 1 0 0 0 0 1 1 0 0 1 0 1 1 0 0 0 1 0 0 1 20
1 0 1 0 0 0 0 0 1 0 1 1 0 1 0 0 0 1 1 0 0 0 1 1 1 1 1 0 0 0 1 1 0 0 0 1 1 1 1 1 0 1 0 1 0 0 0 0 1 1 24
0 0 0 0 0 0 0 1 0 1 1 1 0 1 0 0 0 0 1 0 1 0 0 0 0 1 0 1 0 0 1 0 0 1 0 1 1 0 1 1 0 0 0 1 0 0 1 0 1 1 19
0 0 0 0 0 1 0 1 1 1 1 1 0 0 0 1 0 1 1 0 1 0 1 0 1 0 1 1 1 0 1 1 0 1 0 1 1 0 1 1 0 0 1 0 1 0 0 0 1 1 26
0 1 0 0 0 1 0 0 0 0 1 1 0 1 0 1 0 0 1 0 0 0 1 0 0 1 0 1 0 0 1 0 0 0 0 1 1 0 0 0 0 0 1 1 0 0 0 1 1 1 18
1 1 1 1 0 0 0 0 0 1 1 1 0 1 0 0 0 0 1 0 1 0 1 1 1 1 1 1 0 0 0 1 0 1 0 1 1 0 1 1 0 0 0 1 0 0 0 0 0 1 24
1 1 1 0 1 0 0 0 0 0 1 1 0 1 0 1 0 1 1 0 1 0 1 0 0 1 0 1 0 0 1 1 0 1 0 1 1 1 1 1 0 0 0 1 0 0 1 0 0 1 25
0 1 1 0 1 0 1 0 0 0 1 1 0 1 0 0 1 0 1 1 1 0 1 1 0 1 1 1 0 0 1 0 0 1 0 0 1 1 0 0 0 0 1 1 0 0 1 1 1 1 26
1 1 1 0 0 1 0 1 1 0 1 1 1 0 0 0 0 1 1 0 1 0 0 0 0 1 1 1 0 0 1 1 0 0 1 1 1 0 1 1 1 0 1 1 0 0 0 1 0 1 27
0 1 1 0 0 1 0 0 0 1 1 1 0 1 0 0 1 1 1 0 1 0 1 0 1 1 1 1 0 0 0 0 0 0 0 1 1 0 1 1 1 0 0 1 0 1 1 1 1 1 27
1 1 0 0 0 1 0 0 0 0 1 1 0 0 0 0 0 1 1 0 0 0 1 0 1 1 1 1 0 1 1 0 0 0 0 1 1 0 1 1 1 0 1 1 0 1 1 0 0 1 24
1 1 1 0 1 0 0 0 0 0 1 1 0 0 1 0 0 0 1 0 1 0 1 0 1 1 0 1 0 0 1 1 0 1 0 1 1 1 1 0 0 1 0 0 0 0 0 0 1 1 23
0 1 1 0 0 1 0 1 1 1 0 1 0 1 0 1 0 1 1 0 1 0 1 0 1 1 0 0 0 0 1 1 0 1 0 0 1 0 0 1 0 0 1 1 0 1 1 0 1 1 26
0 1 0 0 1 1 0 0 0 1 0 1 0 1 0 1 0 0 1 0 1 0 1 0 1 1 1 1 0 0 1 1 1 0 1 0 1 0 1 1 0 1 1 1 1 0 1 0 1 1 28
1 1 1 0 1 1 1 0 1 0 1 1 0 0 0 1 1 1 1 0 0 0 1 0 0 0 0 0 0 0 1 0 0 0 0 1 1 0 1 1 0 0 0 1 0 1 1 1 1 1 25
0 1 1 0 0 0 0 1 0 1 1 1 0 1 0 0 0 1 1 0 1 1 1 0 0 0 1 1 0 0 1 0 0 1 0 0 1 0 0 1 0 1 1 1 0 1 1 0 1 1 25
0 0 0 0 0 1 0 1 0 1 1 1 0 1 1 0 0 1 1 0 1 1 1 0 1 1 0 1 0 0 1 1 0 0 1 1 1 0 1 1 0 0 1 1 0 0 1 0 1 1 27
0 1 1 0 1 1 0 1 0 1 1 1 0 0 0 0 0 1 1 0 1 0 1 0 1 1 1 1 0 0 1 1 0 0 0 1 1 1 1 1 0 0 1 0 0 0 0 1 1 1 27
0 0 1 0 0 0 0 1 0 0 1 1 0 1 0 0 0 1 1 0 0 0 1 1 0 0 1 1 0 0 1 0 0 1 1 1 1 0 0 1 0 0 0 1 0 0 1 0 1 1 21
1 1 0 0 0 0 0 0 0 1 1 1 0 1 1 0 1 1 1 0 1 0 1 0 1 1 1 0 0 0 0 1 0 1 0 1 1 1 1 1 0 1 0 1 0 0 1 1 1 1 28
1 1 1 0 0 0 0 0 0 1 0 1 0 0 0 1 1 1 1 0 0 0 1 0 0 1 1 0 1 0 1 0 0 1 0 1 1 0 0 1 0 1 1 1 0 0 1 1 1 1 25
0 1 1 0 0 0 0 0 0 1 1 1 0 1 0 0 0 0 1 0 0 0 1 1 0 1 0 1 0 0 1 0 0 1 0 0 1 0 0 1 0 1 1 0 0 0 1 0 1 1 20
1 1 0 0 1 0 0 0 0 0 1 1 0 0 0 1 0 1 1 0 1 0 1 0 0 1 0 1 0 1 1 1 0 1 0 0 1 0 0 1 0 1 1 0 0 1 0 1 1 1 24
0 1 0 0 1 1 0 0 0 0 1 1 0 1 0 0 0 0 1 0 0 1 1 1 0 0 1 1 0 1 1 1 0 1 1 1 1 0 1 1 0 1 0 1 0 1 1 0 1 0 26
0 1 1 0 0 1 0 0 0 0 1 1 1 0 0 0 0 1 1 0 1 0 1 0 0 1 0 0 0 0 1 0 0 0 0 1 1 1 0 1 0 0 0 1 0 1 1 0 1 1 21
1 1 0 0 0 1 0 0 0 1 1 1 0 1 0 0 0 1 1 0 1 0 0 1 0 1 1 0 0 0 0 0 0 1 1 1 1 0 1 1 0 1 1 1 0 0 0 0 0 1 23
1 1 0 0 0 0 1 0 0 0 1 1 0 1 1 0 0 1 1 0 0 0 1 1 0 1 1 1 0 0 1 1 1 0 1 0 1 1 0 1 0 1 0 1 0 0 1 0 1 1 26
0 1 1 0 1 1 0 0 0 1 0 1 0 1 0 1 0 0 0 1 0 0 1 0 1 1 1 0 1 0 1 0 0 1 0 0 1 0 1 1 0 1 1 1 0 0 1 1 0 1 25
0 1 1 0 0 1 1 0 0 1 1 1 0 1 0 1 1 1 1 0 1 0 1 0 1 1 1 1 0 1 0 1 0 1 0 0 1 1 1 1 0 0 1 1 0 0 1 0 1 1 30
0 1 1 0 1 1 0 0 0 1 1 0 0 0 1 0 0 1 1 0 0 0 1 0 1 1 1 1 0 0 1 0 0 0 0 0 1 0 0 1 0 0 0 1 0 0 1 0 1 1 21
1 1 1 0 0 0 0 0 0 0 0 1 0 1 0 0 0 1 1 0 1 0 1 0 1 0 1 0 0 0 1 0 0 0 0 1 1 0 1 1 1 0 1 1 0 1 0 0 1 0 21
1 1 1 0 0 0 0 0 0 1 1 1 0 1 0 0 1 1 1 0 1 0 1 0 1 1 0 0 1 1 1 0 0 1 0 0 1 0 0 1 1 0 1 0 0 1 1 1 1 1 27
1 1 0 0 1 1 0 1 0 1 0 0 0 1 0 0 0 0 1 0 1 0 0 0 0 1 1 1 0 0 1 1 0 0 0 0 1 1 1 1 0 0 0 1 1 0 0 1 1 1 23
0 1 1 0 0 0 0 0 1 0 1 1 0 1 0 0 0 1 1 0 1 0 1 0 1 1 1 0 0 0 1 0 0 0 0 0 1 1 1 1 0 1 0 0 0 1 1 1 1 1 24
0 1 1 0 1 1 0 0 0 0 1 1 0 0 0 0 1 1 1 0 0 0 1 1 0 1 1 1 0 0 1 1 0 1 0 1 1 0 0 1 0 0 1 1 0 1 1 0 1 0 25
0 1 0 1 0 0 0 1 0 0 1 0 0 1 0 1 1 1 1 0 0 0 1 0 1 1 1 1 0 1 1 0 0 0 0 1 1 1 1 1 0 0 1 1 0 1 1 0 1 0 26
0 1 0 0 1 0 1 0 0 1 1 1 0 0 0 0 0 0 1 0 0 0 1 0 1 1 1 0 0 0 1 0 0 1 0 1 1 0 0 0 0 0 0 0 0 1 1 1 1 1 20
1 1 1 0 1 1 1 0 0 0 1 1 1 1 0 1 1 1 1 0 0 0 1 1 0 1 1 1 0 1 1 0 0 1 0 1 1 0 1 1 0 1 1 1 0 0 0 1 1 1 32
0 1 1 0 0 0 0 0 0 1 1 1 0 0 0 0 0 1 1 0 0 0 1 0 1 1 1 1 0 1 0 0 0 1 1 0 1 0 0 1 0 0 1 1 0 0 1 1 1 1 23
1 1 0 0 1 1 1 1 1 1 0 1 0 0 0 1 1 1 1 1 1 0 1 0 0 1 1 1 0 0 0 0 0 0 1 1 1 0 1 1 0 0 0 1 0 0 1 1 1 1 29
0 1 0 0 1 1 1 0 0 1 1 1 0 1 1 1 0 1 1 0 1 0 1 0 0 0 0 0 1 0 0 1 1 1 0 1 1 0 0 1 0 0 1 1 0 1 1 0 0 0 25
0 1 1 0 0 0 0 0 0 1 1 1 0 1 0 1 1 1 1 0 0 0 1 1 0 1 1 1 0 0 1 0 0 1 1 0 1 0 1 1 0 1 0 0 0 0 1 0 0 1 24
0 1 1 0 0 0 0 1 0 1 1 1 1 1 0 0 0 1 1 0 0 0 1 0 0 1 0 0 0 0 1 0 0 1 0 1 1 0 0 0 0 1 0 0 0 1 1 0 0 1 20
0 1 0 0 1 0 0 0 0 0 1 1 0 1 1 0 1 1 1 0 0 0 1 0 0 1 0 1 1 1 1 0 0 0 1 0 0 0 1 1 1 1 1 1 0 1 0 1 1 1 26
1 1 1 0 0 0 0 0 0 1 1 1 0 0 0 1 0 1 1 0 1 0 1 0 0 1 0 0 0 0 1 0 0 0 0 0 1 0 1 1 0 1 0 1 0 0 1 0 1 0 20
1 1 0 0 0 1 0 0 0 1 1 1 0 1 0 1 0 1 1 1 1 0 1 0 1 1 0 0 0 1 1 0 0 1 1 0 1 1 0 0 0 0 1 1 0 1 1 0 1 1 27
0 0 1 1 0 1 1 1 0 1 1 1 0 1 0 0 0 1 1 1 1 0 1 0 0 1 1 1 0 1 1 1 0 0 1 0 1 1 0 0 0 0 1 1 0 0 1 0 0 1 27
1 1 0 1 0 0 0 0 0 1 1 1 0 1 0 1 0 1 1 0 1 0 1 1 0 1 1 1 0 0 1 0 0 1 0 1 1 0 1 1 0 1 1 0 0 1 1 1 1 1 29
0 1 1 0 0 0 0 1 1 1 1 1 0 1 0 1 0 1 1 0 0 0 0 0 1 1 0 1 0 0 1 1 0 1 0 1 1 1 0 1 0 0 0 0 0 0 1 0 0 1 23
0 0 0 0 0 1 0 0 0 0 1 1 1 1 0 0 0 1 1 1 1 0 1 0 1 1 0 1 0 0 1 0 0 1 0 0 1 0 0 0 0 1 1 1 0 0 1 1 1 1 23
0 1 0 1 0 1 0 1 0 1 0 1 0 0 0 1 0 1 1 1 1 0 0 1 1 0 0 1 0 0 1 1 0 0 1 1 1 0 0 1 0 0 1 0 0 0 0 1 1 1 24
1 1 1 0 0 1 0 0 0 0 1 1 0 1 0 0 1 1 1 0 1 1 1 0 1 1 1 1 0 0 1 0 0 1 0 1 1 0 0 1 0 0 1 0 0 0 0 0 1 1 25
1 1 0 0 0 1 0 1 0 1 1 1 0 1 0 1 1 1 1 0 1 0 1 0 0 1 1 1 0 0 1 1 1 0 0 0 1 0 1 1 0 1 0 1 0 1 0 0 1 1 28
1 0 1 0 1 0 0 1 0 1 1 1 1 1 1 1 1 1 1 0 1 0 1 1 0 1 1 1 0 0 1 0 0 1 0 0 1 1 1 1 0 1 0 1 0 1 1 1 0 1 32
0 1 1 0 0 0 0 0 1 0 1 1 0 1 0 0 0 0 1 0 1 0 1 1 1 0 1 1 0 0 1 0 0 1 0 1 1 1 1 1 0 0 1 1 0 0 0 0 1 1 24
1 1 1 0 0 1 0 1 0 0 0 1 0 1 0 0 0 1 1 0 1 0 1 0 1 1 0 1 0 0 1 0 0 1 1 1 1 0 0 1 1 1 1 1 0 1 0 0 0 1 26
0 1 1 0 0 0 0 0 0 1 1 1 0 0 0 1 0 1 1 0 0 0 0 0 0 1 0 0 0 0 1 0 1 0 0 1 1 0 0 0 0 0 1 1 0 0 0 1 1 1 18
0 1 1 1 0 0 0 0 0 1 1 0 0 0 1 0 0 1 1 0 1 0 0 0 1 1 1 0 0 0 1 1 0 1 0 0 1 1 1 1 0 1 1 0 0 1 1 1 0 1 25
1 0 1 0 0 0 0 1 0 1 1 0 0 1 0 0 0 0 1 0 1 0 1 0 1 1 1 1 1 1 0 0 0 1 1 0 1 0 1 1 0 0 1 1 0 0 1 1 1 1 26
1 1 0 0 0 1 1 0 0 1 1 1 1 1 0 1 0 0 1 0 1 1 1 0 0 1 1 1 0 0 1 0 0 1 1 1 1 0 1 1 0 0 1 1 0 1 1 0 1 1 30
0 1 0 0 0 0 0 1 0 0 1 1 0 0 0 1 0 1 1 1 0 0 1 1 0 1 1 1 1 0 0 1 0 1 0 1 1 0 1 1 0 0 0 1 0 1 0 0 0 1 23
0 1 1 0 0 1 0 0 0 1 1 1 1 0 0 1 0 1 1 0 0 1 1 0 0 1 1 0 0 0 1 0 0 1 1 1 1 1 1 0 0 1 0 0 0 0 1 1 0 1 25
1 1 0 0 1 1 0 0 0 1 1 1 0 1 0 1 1 1 0 0 1 0 1 0 0 1 1 0 0 1 1 0 0 0 0 0 1 0 1 1 0 0 0 1 0 0 1 1 0 1 24
1 1 0 0 0 1 0 0 0 0 1 1 0 0 0 1 0 1 1 0 1 0 1 0 1 1 1 0 0 0 1 1 1 1 0 1 1 0 1 1 1 1 1 1 0 1 0 0 1 1 28
0 1 1 0 0 0 0 1 0 1 1 1 0 0 0 1 0 0 1 0 1 0 1 1 0 1 1 0 0 0 1 0 0 0 0 1 1 0 1 1 0 1 1 0 0 0 1 0 1 1 23
0 1 1 0 0 1 1 0 0 1 1 1 0 1 0 0 0 1 1 0 1 0 1 0 1 1 0 0 0 1 0 1 0 1 0 1 1 0 1 1 0 1 1 1 0 0 0 1 1 1 27
0 0 1 0 1 1 1 0 0 1 1 1 0 1 0 0 1 1 1 0 0 0 1 1 1 1 1 1 0 1 0 0 0 0 0 1 1 0 0 1 0 1 1 1 0 1 1 1 1 0 28
1 1 1 0 0 1 1 0 0 1 1 1 0 0 1 0 1 1 1 0 1 0 1 0 0 1 0 1 0 1 1 0 0 0 0 1 1 1 1 1 0 0 1 1 0 1 1 1 1 1 30
1 1 1 0 0 1 0 0 0 1 1 1 0 1 0 0 0 1 1 0 0 0 1 0 0 0 1 0 0 0 1 0 0 0 1 0 1 0 0 1 1 1 0 1 0 0 0 0 1 1 21
1 1 1 0 1 1 0 0 0 0 1 1 0 1 0 0 0 0 1 0 0 0 1 1 0 1 0 1 0 0 1 1 0 1 1 1 1 1 1 1 0 1 0 0 0 0 1 1 1 1 27
0 1 1 0 0 0 0 0 0 0 1 1 0 1 0 1 0 1 1 0 1 1 1 1 0 1 0 1 0 0 0 0 1 0 0 0 1 0 1 1 0 0 1 0 0 0 0 0 0 1 20
1 1 1 0 0 1 1 0 0 1 1 1 0 1 0 0 0 1 1 0 1 0 1 0 1 1 1 1 0 0 1 0 0 1 1 0 1 0 1 1 0 0 0 1 0 1 1 1 0 1 28
1 1 1 1 0 1 0 0 0 1 1 1 0 1 0 0 1 1 1 0 0 0 1 0 1 1 1 1 0 1 1 0 0 1 1 0 1 0 1 1 0 1 1 0 0 0 0 0 0 1 27
1 1 1 0 1 0 0 0 0 0 1 1 0 0 0 1 0 1 1 1 0 0 1 0 1 1 1 1 0 0 0 1 0 0 1 0 1 0 1 1 0 1 0 1 0 1 0 1 1 0 25
1 1 1 0 0 1 0 0 0 1 1 1 1 0 1 0 0 1 1 0 1 1 1 0 1 0 0 1 0 1 1 0 0 0 0 1 1 0 1 1 0 0 1 1 0 1 1 0 1 0 27
1 1 1 0 0 0 1 0 0 1 1 1 1 1 0 1 0 1 1 0 1 0 1 0 1 1 1 0 0 1 1 0 0 1 0 1 1 0 1 1 0 0 1 0 0 1 1 0 1 1 29
0 1 1 0 0 0 0 1 1 1 1 1 0 1 1 0 0 1 1 0 1 1 1 1 1 1 1 1 0 0 0 0 0 0 0 1 1 0 1 0 0 1 1 1 1 0 1 0 1 1 29
0 1 1 0 0 0 1 0 0 1 1 1 0 1 0 1 0 1 1 1 0 0 1 0 0 1 1 1 0 1 1 1 0 1 1 1 1 0 0 1 0 0 1 1 0 0 1 0 1 0 27
1 1 1 1 1 1 0 0 0 0 1 1 0 1 1 1 0 0 1 0 1 0 1 0 1 1 1 1 0 0 1 1 0 1 0 0 1 1 1 1 0 0 1 0 0 1 0 1 1 1 30
0 1 0 0 0 0 0 0 1 1 1 1 0 1 1 0 0 1 0 0 1 0 1 1 1 1 1 1 0 1 1 0 0 0 0 1 1 0 0 1 0 0 0 1 0 0 1 1 0 1 24
0 0 1 0 0 1 1 0 0 1 1 0 0 1 0 1 0 1 1 0 0 0 1 1 0 1 1 0 0 1 0 0 0 0 1 1 1 0 0 1 0 0 0 1 0 0 1 0 1 0 21
1 1 1 0 0 0 0 0 0 0 1 1 0 0 1 1 0 1 1 0 0 0 1 1 1 1 1 1 0 0 1 0 0 1 0 0 1 0 0 1 0 0 0 1 1 0 0 1 0 1 23
0 1 0 0 0 0 1 0 0 1 1 1 0 1 0 1 1 1 1 1 0 0 0 1 0 1 0 0 0 0 1 0 0 1 0 1 1 0 0 1 0 1 1 1 0 0 1 1 1 1 25
1 1 1 0 0 0 0 0 0 1 1 1 0 1 0 0 1 0 1 0 0 0 1 1 0 1 1 1 1 0 1 1 0 1 1 0 1 0 1 1 0 0 0 0 0 1 1 1 1 1 27
1 1 1 0 0 0 0 0 0 1 1 1 0 1 0 1 0 1 1 1 0 0 1 0 0 1 0 1 0 1 1 1 0 0 0 0 1 0 1 0 0 1 1 1 0 0 0 0 1 1 24
1 1 1 0 0 1 0 0 0 0 1 1 0 0 0 0 0 1 1 0 1 0 1 0 0 1 0 1 0 1 1 1 1 0 0 0 1 0 1 1 0 1 0 0 0 1 1 1 1 1 25
1 1 0 0 1 1 1 0 0 0 1 1 0 1 1 1 1 1 1 1 0 0 1 1 0 1 1 1 1 0 1 1 0 1 0 1 1 0 1 0 0 0 1 1 0 0 0 1 1 0 30
1 0 0 0 1 1 1 1 1 0 1 1 0 1 0 0 0 1 1 0 1 0 1 0 0 1 1 1 1 0 1 1 1 1 1 0 1 0 0 0 0 0 1 0 0 0 1 1 0 1 27
1 1 1 0 0 1 0 1 1 1 1 1 1 1 0 1 1 1 1 0 1 1 1 0 1 1 1 1 0 1 1 0 0 0 0 1 1 0 0 1 0 0 0 1 1 1 0 1 1 1 33
1 0 1 0 0 0 0 1 0 1 1 1 0 1 0 0 0 1 0 0 1 1 0 0 0 0 1 0 0 0 1 0 0 0 1 0 1 0 0 1 0 0 0 1 0 1 1 0 1 1 20
0 0 1 0 1 1 0 0 0 1 1 1 0 0 0 0 0 1 1 0 1 0 1 0 1 1 0 1 0 0 1 1 0 1 0 1 1 0 0 1 1 0 0 0 0 1 1 0 1 1 24
1 0 0 0 0 0 0 0 1 1 1 1 0 1 0 0 0 1 1 1 1 0 1 0 0 1 1 1 0 0 1 0 0 0 0 1 1 1 0 1 0 0 0 1 0 0 0 0 0 1 21
0 0 0 0 0 0 0 0 0 0 1 1 0 1 0 1 0 1 1 0 1 0 1 0 0 0 1 1 0 1 1 0 1 0 1 0 1 0 1 1 0 0 1 1 0 1 0 1 0 1 22
0 1 0 1 0 0 0 0 0 0 1 1 0 1 0 0 0 1 1 0 0 0 1 0 0 1 1 1 1 0 1 1 0 1 0 1 1 0 1 0 0 0 1 1 0 0 1 0 1 0 22
1 1 1 0 1 0 0 0 1 1 1 1 0 1 1 0 0 1 1 0 0 0 1 1 1 1 1 1 0 0 1 1 0 1 0 1 1 1 0 1 1 1 0 0 0 0 0 0 0 1 28
1 1 0 0 0 1 0 1 1 1 1 1 0 1 0 1 0 1 1 0 1 0 0 0 0 1 1 0 0 1 0 0 0 0 0 1 1 0 0 1 0 0 0 1 0 1 1 0 1 1 24
1 0 1 0 1 1 1 0 0 1 0 1 0 1 0 0 1 1 1 1 0 0 1 1 1 1 1 0 0 0 1 0 1 1 1 0 1 0 0 0 1 1 0 1 0 0 1 0 0 1 27
1 1 0 0 1 1 1 1 0 1 1 1 1 1 0 1 0 1 1 0 1 0 1 0 1 0 1 1 1 0 1 0 0 1 0 1 1 1 0 0 0 0 1 1 0 0 1 0 1 1 30
0 1 1 0 0 1 0 1 1 0 1 1 0 1 0 1 1 1 1 0 0 0 0 0 0 1 0 0 0 0 1 0 0 1 1 1 1 0 0 1 0 0 1 0 0 0 0 0 1 0 21
0 1 1 0 0 0 0 0 0 1 1 1 0 1 0 1 0 1 1 0 0 0 1 0 0 1 1 0 0 0 1 0 0 1 0 1 1 0 1 1 0 0 0 0 0 0 1 0 1 1 21
0 0 1 0 0 1 0 0 0 1 1 1 1 0 0 1 1 1 1 0 0 0 1 0 1 1 0 0 1 0 1 1 0 1 0 1 1 0 0 1 0 0 1 1 0 1 1 0 1 1 26
0 0 1 0 0 1 0 0 0 0 1 1 0 1 0 0 1 1 1 0 0 0 1 1 1 1 0 1 0 1 1 0 0 1 1 1 1 0 0 1 0 0 0 0 0 0 1 0 1 1 23
1 1 1 0 0 1 0 0 0 1 1 1 0 1 0 1 1 1 1 1 1 0 0 1 1 0 0 1 0 0 1 0 0 0 1 1 1 0 0 1 0 0 0 1 0 1 0 0 1 1 26
0 1 1 0 0 0 0 0 0 1 1 1 0 1 0 0 0 1 1 0 1 1 1 1 0 1 0 1 0 0 1 0 0 0 0 1 1 0 1 1 0 1 1 1 0 1 1 0 0 1 25
0 1 1 0 0 0 0 0 0 1 1 1 0 1 0 0 0 1 0 0 1 0 0 1 1 1 1 1 0 0 1 0 0 0 1 0 1 1 1 1 1 0 0 1 0 0 1 0 1 1 24
0 1 1 0 0 1 0 0 0 1 1 1 0 1 0 1 1 1 1 0 1 0 1 0 1 1 0 1 0 0 1 1 0 1 0 1 1 0 0 1 0 0 0 1 0 1 0 0 1 1 26
0 1 0 0 0 0 0 0 0 1 1 1 1 0 0 0 1 1 1 0 0 0 1 0 0 1 1 1 0 0 1 0 0 1 1 0 1 0 1 1 0 0 1 0 0 1 1 0 1 1 23
0 1 0 0 0 1 0 0 0 1 1 1 0 1 0 0 0 0 1 0 1 1 1 0 0 1 1 0 0 0 1 0 0 0 0 1 1 1 1 1 0 0 1 0 0 0 1 0 1 0 21
1 1 1 1 1 1 1 0 0 0 1 1 0 1 1 1 0 0 1 0 1 1 1 1 0 1 1 0 1 0 1 0 0 1 0 1 1 0 1 1 0 1 1 1 0 0 1 0 1 1 32
1 1 1 0 0 0 1 1 1 0 1 1 1 1 0 0 1 0 1 0 1 1 1 0 1 1 0 1 0 0 1 0 0 1 0 1 1 1 0 1 0 0 1 0 0 0 1 1 1 1 29
1 1 0 0 0 1 0 0 1 0 1 1 0 1 0 1 0 0 1 0 1 0 1 1 0 0 1 0 0 0 1 0 0 1 0 0 1 0 1 1 1 1 0 1 0 0 0 0 1 1 23
0 1 0 0 0 0 0 0 0 0 1 1 0 1 0 1 1 1 1 0 1 0 1 0 1 0 1 1 0 0 1 0 0 1 0 0 1 1 1 0 1 1 1 1 0 0 1 1 1 1 26
1 0 0 0 0 1 0 1 0 1 1 0 0 1 0 1 0 1 1 0 0 0 1 0 1 1 1 1 0 0 0 0 0 1 1 1 1 0 1 1 0 0 0 1 1 0 1 0 0 1 24
0 0 1 0 0 1 0 0 0 1 1 1 0 0 0 1 0 1 1 1 1 0 1 1 1 1 1 1 0 0 1 0 0 0 0 1 1 0 1 0 0 0 0 1 0 0 1 0 0 1 23
0 1 1 0 0 0 0 0 0 1 1 1 0 1 0 1 1 1 1 1 1 0 1 0 0 1 0 1 0 0 0 1 1 1 0 1 0 1 1 1 0 0 0 1 0 0 1 1 1 0 26
1 1 0 0 0 0 0 0 0 1 1 1 0 1 0 0 0 0 1 1 1 0 1 0 0 1 0 0 0 0 1 0 1 1 1 0 1 0 1 1 0 0 1 1 0 1 0 0 1 1 23
0 0 1 0 0 0 0 0 0 1 1 1 1 1 0 0 0 1 1 1 0 0 1 0 0 0 1 1 0 0 1 0 1 1 0 1 1 0 0 0 0 1 0 1 0 0 1 1 1 1 23
0 1 0 0 1 1 0 1 0 0 1 0 0 1 0 1 0 1 1 0 0 0 0 1 1 1 1 1 0 1 1 0 0 1 0 1 1 0 0 1 0 0 1 1 0 1 1 1 1 1 27
1 1 1 0 0 0 1 1 0 1 1 1 1 1 0 1 0 1 1 0 1 1 1 0 0 1 1 0 0 1 1 1 0 1 0 1 1 0 1 1 0 0 0 0 0 0 0 1 1 1 29
1 0 0 0 0 0 1 0 0 1 0 1 0 1 0 0 1 1 1 0 1 0 1 1 1 1 1 1 0 1 1 0 0 1 0 1 1 1 1 0 0 0 0 1 0 1 1 1 0 0 26
0 0 1 0 1 1 1 0 0 0 1 1 0 1 1 0 0 1 1 1 1 0 1 1 1 1 1 0 0 1 1 1 0 1 0 1 1 1 1 1 0 0 0 1 0 1 1 1 1 1 32
1 1 0 1 1 0 1 0 0 0 1 1 0 1 0 1 0 1 1 0 1 0 1 0 1 1 1 0 0 0 1 1 0 1 1 1 1 0 1 0 0 0 0 0 0 1 1 1 1 1 28
1 1 1 0 0 0 1 1 0 1 1 1 0 0 1 1 1 1 1 0 1 0 1 1 1 1 1 0 0 0 0 0 0 1 1 0 1 0 0 1 0 0 1 1 0 0 1 0 1 1 28
0 0 1 0 0 0 0 1 0 1 1 1 0 1 1 0 1 1 1 0 0 1 0 1 0 1 1 1 0 0 1 0 0 1 0 1 1 0 1 0 0 0 1 0 0 1 1 0 1 1 25
0 1 1 0 0 0 0 0 0 1 1 0 0 1 0 1 1 0 1 0 1 0 1 0 0 1 0 0 1 0 1 0 0 1 0 1 1 1 0 1 0 0 0 1 0 1 1 0 0 1 22
1 1 1 0 0 0 0 1 0 1 0 1 0 0 0 1 0 1 1 0 0 0 1 1 0 1 0 1 0 0 1 0 0 1 0 0 1 0 1 1 0 1 0 1 0 1 1 0 1 1 24
0 0 1 0 1 1 1 0 0 1 1 1 0 1 1 1 1 1 1 0 1 0 1 0 0 0 1 1 0 0 1 1 0 1 0 0 1 0 1 1 0 0 0 1 0 1 1 0 0 1 27
1 1 0 0 0 1 0 0 0 1 1 1 0 1 1 1 0 1 1 1 0 0 1 1 1 0 1 1 0 0 1 1 0 1 1 1 1 1 1 1 0 1 1 1 0 0 1 1 1 1 33
1 1 1 0 0 0 0 0 0 0 1 1 0 1 0 1 0 1 1 0 0 0 1 1 0 1 1 0 0 0 0 1 0 0 1 0 1 0 0 1 0 1 0 1 0 0 0 0 1 0 20
0 0 0 0 0 1 1 0 0 1 1 1 0 1 0 0 0 0 1 1 0 0 1 0 1 0 1 1 1 0 1 0 0 1 0 1 1 0 1 1 0 1 1 1 0 0 1 0 1 0 24
0 1 1 0 0 1 0 0 0 1 1 1 0 1 0 0 1 1 1 0 0 0 1 0 1 1 1 0 1 0 0 0 0 1 1 1 1 1 0 1 0 0 1 1 0 1 0 1 1 1 27
0 1 0 0 0 0 0 0 0 1 1 1 1 0 0 0 0 1 1 0 1 0 1 0 1 1 0 1 0 0 1 0 0 0 0 1 1 0 0 1 0 0 1 1 0 0 1 0 1 1 21
0 0 1 0 0 1 0 0 0 1 1 1 0 1 0 1 1 1 1 0 0 0 1 1 0 1 1 0 0 0 1 1 0 0 0 1 1 0 1 1 0 0 1 1 0 0 1 0 1 1 25
1 1 0 0 0 0 0 0 1 1 1 1 1 1 0 0 0 1 1 0 1 0 1 0 0 1 1 1 0 0 1 1 0 0 0 1 1 1 0 1 0 1 1 1 1 1 1 1 0 1 29
0 1 1 0 1 0 0 0 0 1 1 1 0 0 0 1 0 1 1 0 1 0 1 0 1 1 1 1 0 0 1 1 0 1 1 1 1 0 0 1 0 1 1 0 0 1 0 1 1 1 28
0 1 0 0 0 0 0 0 0 0 1 1 0 1 0 0 0 0 1 0 0 0 1 0 0 1 1 1 0 1 1 0 0 1 1 0 1 0 0 0 0 1 0 0 0 1 0 1 1 1 19
0 1 1 0 0 1 0 0 0 0 1 1 0 1 1 0 0 1 1 0 1 0 1 1 1 1 0 0 0 1 1 0 0 0 0 0 1 0 0 1 0 0 0 0 0 1 1 1 1 1 23
1 1 1 0 1 0 0 0 0 0 1 1 0 1 0 1 1 1 0 0 1 0 1 0 1 1 1 0 0 0 1 0 0 1 0 1 1 1 0 1 0 0 0 0 0 0 1 0 1 1 24
0 1 0 0 1 0 1 0 0 1 0 1 0 1 0 0 0 1 1 0 1 0 1 1 0 1 1 1 0 0 1 1 0 1 0 1 0 1 0 1 1 1 0 1 0 0 0 0 1 1 25
0 1 0 0 0 0 1 0 0 0 1 1 0 0 0 0 0 1 1 0 1 0 1 0 1 0 0 1 0 1 1 1 0 0 0 1 1 1 0 1 0 1 1 1 0 1 1 1 0 1 24
0 0 1 0 0 0 0 0 0 0 1 1 0 1 0 0 0 1 1 1 1 0 1 0 1 0 0 1 0 0 1 0 0 0 1 0 1 1 1 1 0 0 0 1 0 0 1 0 0 1 20
0 1 1 0 0 0 0 1 0 1 1 1 0 1 0 1 0 0 1 0 0 1 1 0 1 0 1 1 0 0 1 0 0 1 0 1 1 0 1 0 0 0 0 1 0 0 1 1 1 1 24
1 1 0 0 0 0 0 0 0 0 1 1 0 0 0 0 0 1 1 0 1 0 1 1 1 1 1 0 0 0 0 1 1 1 0 0 1 0 1 1 0 0 0 1 0 1 1 0 0 0 21
0 1 1 0 0 0 0 1 0 1 1 1 0 1 0 1 0 0 1 1 1 0 1 0 1 1 1 1 1 1 1 1 0 1 0 0 1 0 0 1 0 1 0 1 0 1 1 0 0 1 28
1 1 1 0 0 1 1 1 0 1 1 1 0 1 0 1 0 1 1 0 1 0 1 1 0 0 1 1 1 0 1 0 0 1 1 0 1 0 0 1 0 0 0 1 0 1 0 0 1 1 28
0 1 1 0 0 0 0 0 0 0 1 1 1 1 0 0 1 1 1 0 1 0 1 0 0 1 0 1 0 0 0 0 0 1 0 0 1 0 1 1 1 0 0 0 0 1 1 0 1 1 22
1 1 1 0 0 0 0 1 0 1 1 1 1 1 0 0 0 1 1 0 0 0 1 1 1 1 0 1 1 1 0 0 0 0 0 1 1 0 1 1 0 1 1 1 0 1 0 1 1 1 29
1 1 1 0 0 1 0 0 0 1 1 1 0 0 0 0 0 1 1 0 0 0 1 0 1 1 1 1 0 0 1 0 0 1 0 1 1 0 0 1 0 0 1 1 0 1 1 0 1 1 25
1 1 1 0 1 1 0 0 0 0 0 1 1 1 0 1 0 1 1 0 1 1 1 0 1 1 1 1 1 0 0 1 0 1 0 0 1 0 0 1 0 1 1 1 0 1 0 0 1 0 28
1 1 0 0 1 1 0 0 1 1 1 1 0 0 0 0 0 1 1 0 1 0 1 0 1 1 1 1 0 0 0 1 0 1 1 0 1 0 1 1 0 0 1 1 0 0 1 1 1 1 28
1 1 1 0 0 0 0 1 0 1 0 1 1 0 1 0 1 1 1 1 1 0 1 1 1 1 1 1 0 0 1 1 1 1 0 0 1 0 0 1 0 1 0 1 0 1 0 1 1 1 31
0 1 1 0 0 0 1 0 1 1 1 1 0 1 0 1 0 0 1 0 0 0 0 0 0 1 1 1 0 0 1 0 0 1 1 1 1 0 0 1 0 0 1 1 0 1 1 1 1 1 26
1 1 1 0 1 0 0 0 1 1 1 1 0 1 0 0 0 0 1 0 1 0 1 1 1 1 1 1 0 0 1 0 0 0 0 0 1 0 1 1 0 1 1 1 0 0 0 1 1 1 27
0 1 1 0 0 0 1 1 0 1 1 1 0 1 1 0 0 0 1 0 1 0 1 0 1 1 1 0 0 0 0 0 0 1 0 1 1 1 0 1 0 0 0 1 0 1 0 0 0 1 23
1 1 0 0 0 0 1 0 0 1 1 1 0 0 0 1 0 1 1 0 1 0 1 0 1 0 1 1 0 1 1 1 0 0 1 1 1 0 0 1 0 0 0 1 0 1 0 0 1 1 25
1 1 0 0 1 0 0 0 0 0 1 1 0 1 0 1 0 1 1 0 1 0 1 0 0 1 1 0 0 0 1 1 0 1 0 0 1 0 1 0 0 0 1 0 0 0 1 0 0 0 20
1 1 1 0 0 0 0 0 0 0 0 1 0 1 0 1 1 0 1 0 0 0 1 0 0 1 0 1 0 0 1 1 0 1 0 1 1 0 1 1 0 0 1 0 0 0 1 0 0 1 21
1 0 1 0 0 0 0 1 0 1 1 1 0 0 0 0 1 0 1 0 1 0 1 0 1 1 1 0 0 0 0 0 0 1 0 1 1 1 1 1 0 0 1 1 0 0 1 0 1 1 24
1 1 0 0 1 0 0 0 0 0 1 1 0 1 1 0 1 1 1 1 1 0 1 0 1 1 1 0 0 0 1 0 0 0 0 0 1 1 0 0 0 1 1 1 0 1 1 1 1 1 27
1 1 1 0 1 0 1 0 0 1 1 1 0 1 0 0 0 0 1 0 1 0 1 0 1 1 0 1 0 0 1 0 0 0 0 1 1 0 1 1 0 0 1 1 0 0 1 0 1 1 25
1 1 1 0 1 1 0 0 1 1 1 1 1 1 0 1 0 1 1 0 0 0 1 0 1 1 1 0 0 1 1 0 0 0 1 1 1 0 1 1 0 1 1 1 0 0 0 1 1 1 31
0 1 1 0 1 1 0 0 0 1 0 1 0 0 0 0 0 0 1 1 0 1 1 1 1 1 1 1 0 0 1 0 0 1 0 1 1 0 1 0 0 0 0 0 0 0 0 1 0 1 22
0 1 1 0 1 1 0 0 0 0 1 1 0 0 0 1 1 1 0 0 1 0 1 0 1 1 0 0 0 1 1 0 1 1 0 1 1 0 1 0 0 1 1 0 0 0 1 0 1 0 24
0 1 1 0 0 1 1 1 0 1 1 1 0 0 1 0 1 1 1 0 1 0 1 0 0 1 0 0 0 1 1 1 0 1 0 0 1 0 0 1 1 1 1 0 0 0 0 0 0 1 25
1 0 1 0 0 0 1 0 0 0 1 1 0 0 0 0 0 1 0 0 1 0 1 1 0 1 0 0 0 0 1 0 0 0 0 1 1 0 0 1 0 0 1 0 0 0 1 1 1 0 18
0 1 0 1 0 1 1 0 0 1 0 1 0 1 0 0 0 1 1 0 1 0 1 0 1 0 1 0 1 1 1 1 0 1 0 0 1 0 0 1 0 0 0 1 0 0 1 0 0 1 23
1 1 1 0 1 1 0 0 1 1 1 1 0 0 0 0 0 1 1 0 0 0 0 0 0 1 1 0 0 0 1 1 0 1 0 1 1 1 0 1 0 0 0 1 0 0 0 1 1 1 24
0 0 1 0 0 0 0 0 0 1 1 1 0 1 0 1 0 1 1 0 0 0 1 0 0 1 1 1 0 1 1 0 0 0 0 0 1 0 0 0 0 0 0 1 0 0 0 1 0 0 17
0 1 1 0 0 0 1 0 1 0 1 1 0 1 1 0 0 0 1 0 1 0 1 0 1 0 0 1 1 0 1 1 0 1 0 1 1 0 0 1 0 0 0 1 0 0 1 0 1 1 24
1 1 0 0 1 1 0 0 0 0 1 0 0 1 1 0 0 1 1 0 1 0 1 0 1 1 1 1 0 0 0 1 0 1 0 1 1 1 1 1 0 0 1 1 0 1 1 0 1 1 28
1 1 1 0 0 0 0 1 0 1 1 1 0 1 0 1 1 1 1 0 1 0 1 1 0 1 1 1 0 0 1 0 0 0 1 0 1 0 0 1 1 1 1 1 0 0 1 0 1 1 29
0 1 1 0 0 1 1 1 0 1 1 1 0 1 0 0 0 1 1 0 0 0 1 0 1 1 1 1 0 0 1 0 0 1 0 1 1 1 0 1 0 0 0 1 0 0 1 0 1 1 26
1 0 1 0 0 1 1 1 0 1 1 1 0 1 0 0 0 1 1 1 0 0 0 1 1 1 0 0 0 0 1 0 0 1 0 1 1 1 1 1 0 0 1 1 1 1 1 0 1 0 28
0 1 0 0 0 1 0 0 0 1 1 1 0 1 0 1 0 1 0 0 1 0 1 1 1 1 1 1 0 0 0 0 0 0 0 1 1 0 0 1 0 0 1 0 0 1 0 0 1 1 22
1 1 1 0 1 0 0 0 1 1 1 1 0 1 0 1 0 1 0 0 1 0 0 1 0 0 1 1 0 0 1 0 0 0 0 0 1 0 0 1 0 0 0 0 0 0 1 1 1 1 22
1 1 1 0 0 0 1 0 1 1 1 1 0 1 0 1 1 1 1 1 1 0 1 1 0 1 0 1 0 0 1 0 0 1 0 0 1 0 0 1 1 1 0 1 0 0 1 0 1 1 29
1 1 1 0 0 1 1 1 1 0 1 1 0 1 0 1 0 1 1 0 0 0 0 1 0 0 1 1 0 1 1 1 0 1 1 1 1 0 0 1 0 0 1 0 0 0 1 0 1 0 27
0 1 1 0 0 0 0 1 0 1 1 0 1 1 0 0 0 1 1 0 1 0 1 0 1 1 1 1 0 0 1 0 0 1 1 0 1 1 0 1 0 0 1 1 0 0 0 0 1 1 25
1 1 0 0 0 1 0 1 0 1 1 1 0 1 0 1 0 1 1 1 0 0 1 0 0 0 1 0 0 1 0 0 0 1 1 1 1 0 1 1 0 1 1 1 0 0 0 0 1 1 26
0 1 1 0 0 0 1 0 0 1 1 1 0 0 0 1 0 1 0 0 0 0 0 1 1 1 1 1 0 1 0 0 0 1 0 1 1 0 0 1 0 1 0 0 0 0 0 0 1 1 21
1 1 1 0 0 0 0 0 1 1 1 1 0 1 0 1 0 1 1 1 0 0 1 0 1 1 1 1 0 0 0 0 0 0 0 1 1 0 0 1 0 1 0 0 0 0 0 1 1 1 24
0 0 1 0 0 1 0 0 0 1 1 1 0 1 0 0 1 1 1 0 1 0 1 0 0 1 0 0 0 0 0 0 0 0 1 1 0 1 1 1 0 1 1 0 1 1 0 0 1 1 23
1 1 1 0 0 0 0 1 0 1 1 1 1 1 0 0 0 1 1 0 1 0 1 1 0 0 1 1 0 1 0 0 0 0 1 0 1 0 1 1 0 1 1 0 0 0 1 0 1 0 25
1 1 1 1 0 1 1 0 0 1 0 1 0 1 0 1 0 1 1 0 0 0 0 1 1 1 1 1 1 0 1 1 0 0 1 1 1 1 0 1 0 0 1 1 0 1 0 0 1 1 30
1 1 1 0 0 1 1 0 0 1 1 1 1 1 0 1 1 1 1 0 1 0 1 1 0 0 0 1 0 0 1 0 0 1 0 0 1 0 0 1 0 1 0 1 0 0 0 1 1 0 26
1 0 1 0 0 0 0 0 1 0 1 1 0 1 0 1 0 1 1 0 1 0 0 0 0 1 1 1 0 0 0 0 0 1 0 1 1 0 1 0 0 0 1 0 0 0 1 1 1 1 22
0 1 1 0 0 0 1 1 0 1 1 0 0 1 0 1 1 1 1 1 1 0 1 1 0 0 0 0 0 0 1 0 0 0 0 0 1 1 1 1 0 1 1 0 0 1 0 0 0 1 24
1 1 1 0 0 0 0 1 0 1 1 1 0 0 0 0 0 1 1 0 1 0 1 1 1 1 1 1 0 1 1 0 1 1 1 0 1 1 1 0 1 0 1 1 0 1 0 0 1 1 30
1 1 1 0 1 0 0 0 0 0 1 1 0 1 0 0 1 1 0 1 0 0 1 0 1 1 1 0 0 0 1 0 1 1 0 0 1 0 1 1 0 1 1 1 0 0 1 0 0 1 25
0 1 0 0 0 0 0 0 0 1 0 1 1 0 0 1 1 1 1 1 1 0 1 0 0 1 0 0 0 0 0 1 0 0 0 1 1 0 1 1 0 0 0 1 0 1 1 0 0 0 20
0 1 1 0 1 1 0 0 1 1 1 1 0 1 1 0 0 0 1 0 1 0 1 0 0 1 1 1 0 0 1 0 0 1 1 0 1 1 0 1 0 0 1 1 0 0 1 1 0 1 27
0 1 1 0 0 1 1 0 0 1 1 1 0 1 0 0 1 1 1 0 1 0 1 0 1 1 1 1 0 0 0 0 0 0 0 1 1 0 1 1 0 1 1 1 0 1 0 1 0 1 27
1 1 0 0 0 1 1 0 0 0 1 1 0 0 0 1 0 1 1 0 0 0 1 0 1 0 1 1 0 1 1 0 0 1 0 0 1 0 0 1 0 0 1 1 0 0 1 0 1 1 23
1 1 1 0 1 1 0 1 0 1 1 1 1 1 0 0 0 1 1 0 1 0 1 1 1 1 1 0 0 0 1 0 0 1 0 0 1 0 0 1 0 0 1 1 0 1 1 0 0 1 28
1 1 1 0 1 1 0 0 0 0 1 1 1 0 0 1 0 1 1 0 0 0 1 1 1 1 1 1 0 0 0 0 0 1 0 1 1 0 1 1 0 0 0 0 0 1 0 0 1 1 25
1 1 1 0 0 1 1 0 0 1 1 1 0 1 0 1 0 1 1 0 0 0 1 0 0 1 1 1 1 0 1 0 0 0 1 0 1 0 0 0 1 1 0 1 0 0 0 0 1 0 24
0 1 0 0 0 1 0 0 0 1 1 1 0 1 0 1 1 1 1 0 0 0 0 0 0 1 0 0 0 0 1 1 0 1 0 1 1 0 0 1 0 1 0 1 0 0 1 1 0 1 22
0 1 1 0 0 0 0 1 1 0 0 1 0 1 1 1 0 1 1 0 1 0 1 0 0 1 0 1 0 0 0 0 1 1 0 1 1 0 1 1 0 1 1 1 0 0 0 0 0 1 24
1 1 1 0 0 0 1 0 0 1 1 1 0 1 0 1 0 1 1 0 1 1 1 1 1 1 1 1 0 0 1 1 0 1 0 0 1 1 0 1 1 0 0 0 0 0 0 1 1 1 29
0 1 0 0 1 0 1 0 0 1 1 1 0 0 0 0 0 1 1 1 0 0 1 1 0 1 1 1 1 0 1 0 0 0 1 0 1 0 0 1 0 0 0 1 0 1 1 1 0 1 24
0 0 1 0 0 0 0 0 0 1 1 1 1 1 0 0 1 1 1 0 1 0 1 0 0 1 1 0 0 0 1 0 0 0 1 0 1 1 1 1 0 0 1 1 0 0 0 1 1 1 24
0 1 1 0 0 1 0 1 0 1 0 1 0 0 0 1 0 1 1 0 1 0 1 1 1 1 1 1 0 0 1 0 0 1 0 0 1 1 0 1 0 0 1 1 0 0 1 1 1 1 27
1 1 1 0 0 0 0 0 0 1 1 0 1 1 0 1 0 1 1 0 1 0 1 0 1 1 1 1 0 0 1 1 0 1 0 0 1 0 1 1 0 1 0 0 0 0 1 0 1 1 26
0 1 1 1 1 0 0 1 0 0 0 0 0 1 0 1 0 1 0 0 1 0 1 1 0 1 1 0 0 0 0 1 0 1 1 0 1 0 0 0 0 0 1 1 0 0 0 1 0 1 21
0 1 1 0 1 0 0 1 0 0 0 1 0 1 0 0 0 1 1 0 0 1 1 1 1 1 1 0 0 1 1 1 0 1 0 0 1 1 0 1 0 0 1 1 0 0 1 1 1 1 27
0 1 1 0 0 0 0 0 0 0 1 1 0 1 0 1 0 0 1 0 1 0 1 1 0 1 1 1 0 0 1 1 0 1 0 0 1 0 0 1 0 1 1 1 0 0 1 1 1 1 25
1 1 1 0 0 0 0 0 0 1 1 1 0 1 0 1 0 1 1 0 1 0 1 1 0 0 1 1 0 0 1 1 0 0 0 1 1 0 0 1 0 1 0 1 0 0 1 0 1 1 25
1 1 1 0 0 0 1 0 0 0 1 1 0 1 0 0 1 1 1 1 1 0 1 0 1 1 1 1 0 0 0 0 0 0 1 1 1 1 1 1 0 0 0 1 0 0 1 0 1 1 27
0 0 1 0 1 0 0 1 0 1 0 1 0 1 1 1 1 1 1 0 0 0 1 0 1 1 0 1 1 0 1 0 0 1 1 1 1 1 1 1 0 1 1 1 0 0 0 0 0 1 28
1 1 0 0 0 1 0 1 0 1 1 1 0 0 0 0 0 1 0 0 0 0 0 0 1 1 0 1 0 1 0 1 0 1 1 1 1 0 1 1 0 0 1 1 0 0 0 0 1 1 23
1 1 1 0 0 1 0 1 0 1 1 1 1 1 0 0 0 1 1 0 0 0 1 0 1 1 1 0 0 1 0 0 0 0 0 0 1 0 0 1 1 1 1 1 0 1 1 0 0 1 26
0 1 1 0 0 1 0 0 0 0 1 0 0 1 0 1 0 1 0 1 0 0 1 0 0 1 1 1 1 0 0 0 0 1 1 0 1 0 1 1 0 1 0 1 0 0 1 0 0 1 22
1 1 1 0 0 0 0 0 0 1 1 1 0 1 0 0 0 1 1 0 1 0 1 0 0 0 1 1 0 0 1 1 0 0 0 1 1 0 0 1 0 0 1 1 0 1 1 0 0 0 22
1 0 1 0 0 0 1 1 0 1 1 1 0 1 0 1 1 1 1 0 1 0 1 1 0 1 1 1 0 0 1 0 1 1 1 0 1 0 1 1 0 0 1 1 0 0 1 0 1 1 30
1 1 1 1 0 0 0 1 0 0 1 1 0 0 0 0 0 0 1 0 1 0 1 0 0 0 1 1 0 1 0 1 0 0 1 1 1 0 1 1 0 0 0 0 0 0 1 0 0 0 20
1 1 1 0 0 0 0 1 0 1 1 0 1 1 0 0 0 0 1 0 0 0 1 0 0 1 0 1 0 1 1 0 0 1 0 0 1 1 1 1 0 0 1 0 0 0 1 1 0 0 22
0 1 1 0 0 0 0 0 1 0 0 1 0 1 0 1 0 1 1 0 1 1 0 0 0 1 1 1 0 1 1 0 0 1 1 0 1 0 0 1 0 0 1 1 0 0 1 1 0 1 24
257 412 352 33 138 216 141 140 59 326 431 464 71 358 77 243 149 402 471 103 301 54 429 163 244 425 357 354 68 147 389 181 43 326 167 292 493 129 271 423 51 190 277 356 23 212 316 220 345 411 12500
