0 0 0 0 1 0 0 0 0 0 0 1 0 0 0 0 0 0 0 0 0 0 0 0 0 0 0 0 0 0 0 0 0 0 0 0 0 0 0 0 0 0 0 0 0 0 0 0 0 0 2
0 0 0 0 0 0 0 0 0 0 0 0 0 0 0 0 0 0 0 0 0 0 0 0 0 0 0 0 0 0 0 0 0 0 0 0 1 0 0 0 0 0 0 0 0 0 0 0 0 0 1
0 0 0 0 1 0 0 0 0 0 0 0 0 0 0 0 0 0 0 0 0 0 0 0 0 0 0 0 0 0 0 0 0 0 0 0 0 0 0 0 0 0 0 0 0 0 0 0 0 0 1
1 1 0 1 0 0 1 0 1 1 0 1 1 1 1 0 1 0 1 1 0 1 1 0 1 1 1 1 0 1 0 1 0 0 0 1 0 1 0 1 1 1 1 0 1 1 1 0 0 0 30
0 1 0 0 1 0 1 0 0 1 0 0 0 1 0 1 1 0 1 1 0 0 0 1 0 1 1 0 1 0 1 0 1 0 1 0 0 0 0 1 1 0 1 0 0 1 0 0 1 1 22
0 0 0 0 0 1 0 0 1 0 0 1 1 0 1 0 1 1 1 0 0 1 1 0 1 1 0 1 0 1 0 0 1 1 1 0 1 1 1 0 1 0 0 0 1 0 1 0 0 0 23
1 1 1 0 0 1 0 0 0 0 0 1 0 1 0 1 1 1 1 0 1 1 0 0 1 1 0 0 1 0 0 1 0 0 1 0 1 1 1 0 0 0 1 1 1 0 1 0 1 1 26
1 0 0 1 0 1 1 1 1 1 1 1 0 0 1 0 1 1 1 1 1 0 1 0 0 0 1 1 1 1 0 0 0 1 0 0 1 0 1 1 0 0 0 1 0 1 0 1 0 1 28
0 0 0 0 0 0 0 1 0 1 1 0 1 0 0 1 1 1 1 1 1 1 1 1 0 0 1 1 0 0 1 1 0 0 1 1 1 1 0 1 0 0 0 0 1 1 0 1 0 1 26
1 1 0 1 1 0 1 0 0 1 1 1 0 1 0 1 1 0 0 1 1 1 0 1 1 1 0 0 1 1 1 0 1 0 0 1 1 0 0 1 1 1 0 0 0 1 1 1 0 0 29
1 1 1 0 0 1 1 0 0 0 1 1 0 0 1 0 0 1 1 0 0 1 1 0 0 1 1 1 0 0 1 0 0 1 1 0 1 0 1 1 0 1 1 1 0 1 1 1 0 1 28
0 0 1 0 0 0 1 0 1 1 1 0 1 1 1 0 0 1 0 0 1 1 0 0 0 1 0 0 1 1 0 1 1 1 1 0 1 1 0 1 1 1 0 0 1 0 1 0 1 0 26
1 1 0 1 0 0 0 1 0 1 0 1 1 0 1 1 0 0 1 1 0 0 1 1 1 1 1 0 0 1 1 1 1 1 1 0 0 0 1 1 0 1 1 1 1 1 0 0 1 0 30
0 0 1 0 0 0 0 0 0 0 0 0 0 1 1 0 1 0 0 0 1 1 1 0 0 1 1 0 0 1 0 1 1 0 0 0 0 0 0 1 0 1 0 1 0 0 1 1 0 0 17
0 0 0 1 1 0 0 1 1 1 0 0 1 1 0 1 0 0 1 1 1 0 0 0 1 0 0 1 1 1 0 1 0 0 1 0 1 1 0 1 1 1 1 1 0 0 0 0 0 0 24
0 0 0 0 0 1 0 1 1 0 1 1 1 0 1 0 0 0 1 0 1 1 0 1 0 1 1 0 1 0 1 0 0 0 1 0 0 0 0 0 0 1 0 1 1 0 1 1 1 1 23
1 0 1 0 0 0 1 0 1 0 1 1 0 1 1 0 1 1 0 0 1 0 1 1 1 1 0 1 0 0 0 1 0 1 1 1 0 0 1 1 0 1 0 1 1 1 1 1 1 0 29
1 0 0 1 0 1 1 1 0 0 0 1 0 0 1 0 0 1 1 1 0 1 0 1 1 1 1 1 0 1 1 1 1 1 1 1 0 1 1 1 1 1 0 0 0 0 1 0 0 1 30
1 1 1 1 1 0 1 1 1 1 1 0 0 1 1 0 0 0 1 0 1 0 0 1 0 0 0 1 1 1 0 0 0 0 1 0 1 0 1 0 1 0 1 0 0 1 0 1 1 1 27
1 0 0 0 0 0 1 0 0 0 1 1 1 1 1 1 1 0 0 0 1 0 0 1 1 0 1 0 1 1 0 0 0 1 0 0 1 1 1 1 1 1 0 0 0 0 1 0 1 0 24
1 0 0 0 1 0 1 1 0 1 0 0 1 1 1 1 1 0 0 0 0 0 1 0 0 1 0 0 1 1 1 1 1 0 1 1 0 1 1 1 1 1 1 1 0 0 0 1 0 0 27
0 1 0 1 1 0 1 1 1 1 1 0 0 1 1 1 0 0 0 1 0 0 1 0 0 1 0 1 0 0 0 1 0 0 1 1 0 0 0 0 1 1 1 0 0 1 0 0 1 1 24
1 1 0 0 0 1 1 1 1 0 1 1 0 1 0 0 0 1 1 0 0 0 1 0 0 1 0 0 1 1 0 1 1 0 0 1 0 1 1 0 0 1 0 1 0 0 0 0 1 1 24
1 1 1 0 0 0 1 1 1 1 0 0 0 1 1 0 0 1 0 0 1 1 1 0 0 1 0 1 1 1 1 0 1 1 0 0 1 0 0 1 0 0 1 1 0 1 1 0 1 0 27
0 1 1 1 1 0 0 0 0 1 1 0 0 0 0 1 0 0 1 0 1 0 1 1 0 1 0 1 0 1 0 1 0 1 0 0 1 1 1 0 1 1 1 0 0 1 1 1 1 1 27
0 1 0 0 1 0 0 0 0 0 0 1 1 0 0 1 1 0 0 1 0 1 1 0 0 1 0 1 1 0 1 0 0 1 1 0 1 1 1 0 0 1 1 0 1 1 1 0 1 0 24
0 1 1 0 1 1 0 1 0 1 1 0 0 1 1 1 0 0 1 0 0 1 1 1 0 1 1 0 1 1 0 0 1 0 0 1 1 0 0 0 1 0 1 0 1 1 1 0 1 1 28
0 0 1 0 0 1 0 1 1 1 0 1 1 1 1 1 0 0 0 1 0 1 0 1 1 1 1 1 1 0 0 0 1 1 0 0 0 1 1 0 1 1 1 0 0 0 1 0 1 0 27
0 1 0 0 1 0 0 1 1 0 1 1 1 1 0 1 0 0 1 0 1 0 1 0 1 0 1 0 0 1 0 1 0 1 0 0 0 1 1 1 1 1 0 1 0 0 0 0 0 0 23
1 0 0 0 1 0 1 1 0 1 0 1 0 1 1 1 1 0 0 1 0 1 1 0 1 1 0 1 0 1 0 1 1 1 0 0 0 0 0 0 0 0 1 1 1 1 0 1 0 1 26
1 1 1 0 1 1 1 0 0 0 0 1 0 1 1 1 1 1 1 0 0 1 0 0 1 0 1 1 1 1 1 0 0 1 0 0 0 1 1 1 0 1 1 1 0 0 0 1 1 1 30
1 0 0 1 1 0 1 0 1 0 0 1 0 1 0 0 0 0 0 0 0 0 0 0 1 1 0 0 0 1 1 0 1 0 0 0 1 0 0 1 0 0 1 1 1 0 0 0 1 1 19
0 0 1 1 0 1 0 1 1 0 1 1 1 0 1 1 1 1 0 1 0 1 1 0 1 0 1 0 0 0 1 1 0 0 0 0 1 1 0 1 0 1 0 0 0 1 1 0 0 0 25
0 0 1 1 0 0 0 1 1 1 0 0 1 0 0 0 0 1 0 1 0 0 1 0 0 1 1 1 0 0 1 0 1 1 1 1 1 0 0 1 1 1 1 1 1 0 0 0 1 0 25
1 0 1 1 0 1 1 1 0 1 1 0 0 1 0 0 0 1 1 1 1 1 1 0 0 1 1 1 0 0 0 1 1 0 0 0 0 1 1 1 1 0 0 0 1 0 0 1 0 0 26
0 0 1 1 1 0 0 0 1 1 0 0 0 0 1 1 1 0 1 0 0 0 0 1 1 1 0 1 0 0 0 0 0 1 0 1 0 1 0 0 1 0 0 1 0 1 1 0 0 1 21
0 1 1 0 0 1 1 0 0 1 1 0 1 0 1 0 0 1 1 1 0 1 0 0 1 1 1 1 0 1 1 1 0 0 1 0 1 1 0 1 1 1 1 1 0 1 0 0 0 0 28
0 0 0 0 0 0 0 1 1 0 0 1 1 1 0 0 0 1 0 1 1 1 1 0 0 0 1 0 0 1 0 1 0 0 0 1 1 1 0 1 1 0 0 0 1 0 1 1 1 1 23
1 1 1 1 0 0 1 1 0 0 1 1 0 0 1 1 1 0 0 1 0 1 0 0 1 1 1 0 1 1 0 0 0 0 0 0 0 1 1 1 0 1 1 0 1 1 1 1 0 1 28
1 1 1 1 0 0 0 0 1 0 1 1 1 1 1 1 0 1 1 0 1 0 1 1 1 0 1 1 1 0 0 0 0 0 1 0 0 0 1 0 0 0 1 0 0 1 0 1 1 1 27
1 1 0 0 1 0 1 1 1 0 1 0 0 0 0 0 1 1 0 0 1 0 1 1 0 1 1 1 1 0 1 1 1 1 0 1 0 0 1 1 1 1 1 0 1 0 1 0 0 0 28
1 0 0 0 1 1 1 0 0 0 1 1 0 1 1 1 1 1 0 0 0 1 0 1 0 1 1 0 1 1 1 1 0 0 1 1 0 1 0 1 0 0 0 1 1 0 1 0 1 1 28
0 0 1 0 0 0 0 0 1 0 1 0 1 1 0 0 1 0 1 1 0 1 0 0 0 1 0 0 0 0 1 1 1 1 0 1 1 1 1 0 0 0 1 1 1 1 1 1 1 1 26
0 1 1 0 0 0 0 0 0 0 1 1 1 1 0 0 1 1 0 0 1 0 1 1 1 0 1 1 0 1 1 1 0 1 0 1 0 1 1 1 1 1 1 1 1 1 1 0 0 0 29
0 1 0 0 1 0 0 0 0 0 0 1 1 1 1 0 1 1 1 0 1 1 0 0 0 0 1 1 1 0 1 1 1 1 1 0 0 1 0 0 0 0 0 1 1 1 1 1 0 1 26
1 0 1 1 0 0 1 1 0 0 0 0 0 0 0 0 0 0 1 1 1 1 1 1 1 0 1 1 1 1 1 1 1 1 1 1 0 0 1 1 0 1 1 1 0 0 0 1 1 1 30
1 1 0 0 1 1 1 0 0 0 1 0 1 0 0 1 1 1 0 0 0 1 1 0 1 0 1 1 0 1 1 0 1 0 1 0 0 1 0 0 1 0 0 0 0 1 0 1 1 1 25
1 1 0 0 1 1 1 1 1 0 1 1 0 1 1 1 0 0 1 1 0 1 1 0 1 0 1 0 1 1 1 0 0 1 0 0 0 0 0 0 0 1 0 1 1 1 1 0 1 0 28
0 1 1 0 1 1 1 0 1 1 1 0 1 1 1 1 0 0 1 1 1 1 1 0 0 1 0 0 1 0 0 0 0 0 1 1 1 0 0 0 1 1 1 1 1 0 1 1 0 0 29
1 1 0 0 0 1 1 0 0 1 1 0 0 1 0 1 1 0 1 1 0 0 0 0 0 0 0 1 0 0 1 0 0 0 1 0 0 0 0 0 0 1 0 0 0 0 0 0 0 1 16
0 1 1 1 0 1 0 0 0 0 1 0 1 1 0 0 0 0 0 0 0 1 1 1 1 0 0 0 0 1 1 0 0 0 1 0 1 1 0 1 1 1 0 0 0 0 1 1 1 0 22
1 0 0 1 1 0 1 1 0 1 1 1 0 0 0 0 0 0 1 0 1 1 0 1 1 0 1 1 1 0 1 1 0 1 1 1 1 1 1 1 1 1 0 0 1 0 1 1 1 1 32
1 1 1 1 0 1 0 1 0 0 0 0 0 0 0 1 1 0 0 1 1 0 0 0 1 0 1 0 0 0 1 1 1 0 0 0 0 1 1 1 1 1 0 0 1 0 0 0 1 1 23
1 0 1 0 1 1 0 1 1 0 1 0 0 1 1 1 1 1 0 0 0 0 0 1 0 1 1 1 0 1 1 1 0 0 1 1 0 1 1 0 1 0 1 0 1 0 1 1 0 0 28
0 1 1 1 0 1 0 1 1 0 1 0 0 0 1 0 1 1 1 0 1 0 0 1 1 1 0 1 1 0 0 1 1 1 1 0 0 0 1 0 0 1 1 1 1 0 0 0 1 0 27
0 1 0 1 1 0 0 1 0 0 1 0 1 0 0 0 0 1 1 1 1 0 0 0 0 0 1 1 0 1 0 1 1 1 1 0 0 1 0 1 0 1 1 1 1 1 1 0 0 1 26
0 1 1 0 0 0 1 0 0 1 0 0 1 0 1 1 1 0 0 0 0 0 0 1 0 0 0 0 0 1 1 1 0 1 1 1 1 0 1 1 1 1 0 0 1 0 0 1 1 1 24
1 1 0 0 1 0 0 1 1 1 1 0 1 1 1 0 0 1 1 0 1 1 1 0 1 1 1 0 0 1 0 0 1 0 1 0 0 0 0 0 1 1 1 1 0 0 1 1 1 0 28
0 1 1 1 1 0 1 0 0 0 1 1 0 1 0 0 1 0 0 1 0 1 0 0 0 1 1 1 1 0 0 0 1 0 0 1 1 0 0 1 0 1 0 0 1 0 1 0 1 0 23
1 0 1 0 1 0 1 1 1 1 1 1 0 1 1 1 1 1 1 1 0 1 0 0 1 1 1 1 0 0 1 0 1 0 0 1 0 0 0 0 0 0 1 0 0 0 0 0 0 1 26
0 1 1 0 0 0 1 1 1 0 0 0 0 0 1 0 0 1 1 1 1 1 1 1 1 1 0 0 0 1 0 1 1 0 0 0 0 0 1 1 0 0 1 0 1 1 1 1 1 0 26
1 1 1 0 1 0 0 0 0 0 0 0 1 1 1 1 0 1 0 0 1 0 0 1 1 1 0 0 0 0 1 0 0 0 0 0 0 0 0 1 0 0 1 0 0 0 1 1 0 1 19
1 0 0 0 0 1 1 1 0 1 0 0 0 1 0 0 0 0 0 1 1 1 1 1 1 1 1 1 0 0 0 0 1 1 0 1 0 1 0 0 0 0 1 0 1 1 0 1 1 0 24
1 1 0 0 1 0 1 0 1 0 0 0 1 0 0 0 1 1 1 1 1 0 1 0 1 0 1 1 1 0 1 0 0 1 0 1 1 0 0 0 0 0 1 1 1 1 0 0 1 1 26
0 1 1 1 0 0 1 1 1 1 1 0 1 0 0 0 0 0 1 1 1 0 1 0 0 1 1 0 0 0 0 0 1 1 0 0 1 0 0 0 1 1 1 1 0 1 1 1 0 1 26
1 1 1 1 0 0 1 0 0 1 1 0 0 0 1 1 1 1 0 1 1 1 1 0 1 0 1 1 1 0 0 1 1 0 1 0 1 1 0 0 1 0 0 0 0 0 1 1 1 0 28
0 0 1 1 0 0 0 1 0 0 0 0 1 1 1 0 0 0 0 1 0 1 0 0 0 1 0 1 0 1 1 0 1 0 1 0 0 0 1 0 0 0 0 0 1 1 0 1 0 1 19
1 1 1 0 0 1 1 1 0 0 1 1 0 1 1 1 0 1 0 0 0 1 0 1 1 0 1 1 0 0 1 1 1 0 1 0 0 1 0 1 0 0 1 0 0 1 1 0 0 1 27
1 1 1 1 0 0 0 0 0 0 1 1 0 1 0 1 1 1 1 1 0 0 1 0 1 1 1 0 0 0 1 1 1 1 1 0 0 1 1 1 1 0 1 1 0 0 1 0 1 1 30
0 0 1 1 0 1 0 1 1 0 1 1 0 0 1 0 0 1 1 1 1 0 1 0 1 1 0 1 0 0 1 0 1 1 1 1 1 0 1 1 0 0 1 0 1 1 1 1 0 0 29
0 0 1 0 1 1 0 1 1 1 1 1 0 1 0 1 0 0 1 1 0 1 0 0 1 0 1 0 1 1 0 1 1 1 0 1 0 0 1 1 0 1 0 0 1 1 1 1 0 1 29
1 1 1 1 1 1 0 1 0 1 1 0 1 0 1 0 1 0 0 0 0 1 1 0 1 0 0 0 0 0 0 1 0 1 1 0 0 0 1 1 1 0 0 0 1 0 1 1 1 1 26
1 1 1 0 0 1 0 0 1 1 0 0 0 0 0 1 0 1 1 1 0 0 1 1 1 0 0 0 1 0 0 1 1 1 1 1 0 0 0 1 0 1 0 1 0 1 0 1 1 1 26
0 0 1 0 0 0 1 0 1 0 0 1 0 1 0 1 1 0 1 0 0 0 0 1 1 0 0 1 0 1 1 1 0 1 0 0 0 1 1 1 1 0 1 0 0 1 1 1 0 1 24
0 1 1 1 0 0 0 0 0 1 0 0 0 1 0 1 1 0 1 0 0 0 1 0 0 0 0 1 1 0 0 1 1 0 1 0 1 0 1 0 1 1 1 0 0 1 1 1 1 1 24
0 0 0 1 1 1 0 0 1 0 1 0 1 1 1 1 1 1 0 0 0 0 0 1 1 1 1 0 1 1 0 1 0 1 1 1 0 1 0 1 1 1 0 0 1 0 1 1 0 0 28
0 1 0 1 0 0 0 0 1 1 1 0 1 0 0 1 0 1 1 0 0 1 0 1 0 0 1 0 0 0 0 0 0 1 0 1 1 0 0 1 1 0 1 1 1 0 0 0 0 0 20
0 0 1 0 1 1 0 0 1 1 1 1 1 0 1 0 1 1 0 1 1 1 1 1 1 1 1 0 0 1 1 0 0 0 0 1 1 1 1 0 0 0 0 0 1 0 1 1 0 0 28
0 0 0 1 1 0 1 1 1 1 1 0 1 1 0 0 1 0 1 1 1 1 0 1 0 0 1 0 1 1 0 0 0 0 1 1 0 0 0 1 1 0 1 1 1 1 1 0 1 0 28
1 1 0 0 0 1 1 1 0 1 1 0 0 1 1 0 1 0 1 1 0 0 0 1 1 1 0 1 0 1 1 1 1 1 1 1 0 0 1 1 1 0 0 1 0 1 1 1 1 1 32
1 1 0 0 0 0 1 0 0 0 1 1 0 1 1 1 1 0 1 1 0 1 1 0 0 0 0 1 1 0 0 0 1 0 1 1 1 0 0 0 0 0 1 0 0 1 0 1 0 0 22
0 0 1 0 1 0 1 1 1 1 0 1 1 1 0 0 1 1 0 0 0 0 0 1 1 1 0 1 0 1 0 0 1 1 0 0 0 0 0 1 1 0 0 1 1 0 1 1 1 0 25
1 0 1 0 0 1 1 0 0 1 0 1 1 0 0 1 0 0 1 0 1 1 1 1 0 1 0 0 0 0 0 0 1 1 1 0 0 0 0 1 0 1 0 1 0 1 1 1 0 1 24
1 0 1 1 0 0 0 1 1 1 0 0 1 1 0 1 1 1 0 1 0 0 1 1 0 1 1 0 0 1 0 1 0 0 0 1 1 1 1 1 1 0 1 1 0 1 1 0 1 1 30
0 1 0 0 0 0 0 0 0 1 1 0 0 1 1 0 1 1 1 1 0 1 0 1 0 0 0 1 1 1 1 0 1 0 0 0 0 1 0 1 0 1 0 0 1 0 0 0 1 0 21
0 0 1 0 0 1 0 1 0 1 1 0 0 0 0 0 1 1 1 1 0 1 0 1 1 0 0 0 1 0 1 0 0 0 0 1 1 0 0 1 1 1 1 0 1 0 1 0 1 0 23
0 1 1 1 0 0 1 0 0 1 1 1 1 1 0 0 1 0 1 1 1 1 0 1 0 0 1 0 1 0 0 1 1 1 1 0 0 1 1 0 1 0 0 0 0 1 1 0 1 1 28
0 1 1 1 0 0 0 0 0 1 1 0 0 1 1 0 0 0 1 0 0 1 1 1 1 0 1 1 1 0 1 0 0 0 1 0 0 0 1 1 1 0 1 0 1 0 1 0 0 1 24
1 0 1 0 0 1 0 1 1 0 0 0 1 1 0 0 1 0 0 1 0 1 1 1 1 1 1 1 1 0 0 0 0 1 0 0 0 0 1 0 0 0 0 1 1 0 1 1 1 1 25
0 1 1 1 0 1 1 1 0 0 0 1 0 0 1 0 0 0 1 1 0 0 1 0 1 1 1 1 0 1 0 0 1 0 1 1 1 0 1 1 0 0 0 0 1 1 1 1 0 1 27
0 0 0 0 1 1 1 1 1 0 0 0 0 0 1 1 0 0 1 0 1 1 1 1 1 0 1 0 0 1 0 1 1 0 0 0 1 0 0 0 1 1 0 1 1 0 1 0 0 0 23
1 1 1 1 1 0 0 1 0 0 0 0 1 0 0 0 1 0 1 1 1 1 0 0 1 1 0 0 1 0 0 0 0 0 1 1 0 0 0 1 1 1 0 1 0 1 0 1 0 1 24
0 1 1 0 1 1 1 0 1 0 0 0 0 0 1 0 1 1 1 1 0 0 1 0 1 0 0 0 1 1 0 1 0 0 0 1 0 1 1 1 0 1 1 1 0 1 1 1 1 1 28
0 0 0 1 0 1 1 1 1 1 1 1 0 0 1 0 1 0 0 1 0 1 0 1 0 0 0 1 0 0 1 0 0 1 0 0 1 1 0 1 1 1 1 0 0 1 1 0 1 0 25
0 0 0 0 0 0 0 0 1 0 1 0 0 1 0 0 1 1 0 0 0 1 0 1 0 0 1 0 1 1 0 1 1 0 1 0 1 1 0 0 1 0 0 1 1 0 1 0 0 1 20
0 0 1 0 1 1 1 0 1 0 0 1 1 0 1 0 0 0 1 0 0 1 1 1 0 1 1 0 1 1 1 0 1 1 0 0 1 1 0 1 1 0 1 0 1 0 1 0 0 0 26
1 1 0 1 0 1 1 0 0 0 0 0 0 0 1 0 1 0 1 1 1 1 1 0 1 0 0 1 0 1 0 0 0 1 0 1 0 0 1 0 1 0 1 1 0 1 1 0 0 1 24
0 0 0 1 0 1 0 1 1 1 1 1 1 1 1 0 0 0 1 0 1 1 0 1 0 1 1 0 0 0 1 0 1 0 0 0 1 0 1 0 0 0 0 1 1 0 1 1 1 1 26
1 1 1 1 1 1 0 1 0 0 0 1 0 1 1 0 1 0 1 1 1 0 1 1 0 1 1 0 0 1 0 1 0 0 1 1 1 1 1 1 0 0 0 0 0 0 1 1 1 0 29
1 1 0 1 0 1 1 1 0 0 1 0 1 0 1 0 1 1 0 1 0 1 0 1 1 0 1 0 0 1 0 1 0 1 0 0 1 1 1 1 1 0 0 1 1 0 1 0 1 0 28
47 54 55 43 41 43 51 51 47 46 56 45 44 56 55 43 54 45 58 53 43 58 52 49 54 55 57 50 44 52 45 49 49 47 50 41 44 47 48 60 52 49 51 46 52 48 65 50 53 53 2500
