0 0 0 0 0 0 0 0 0 0 0 0 0 0 0 0 0 0 0 1 0 0 0 0 0 0 0 0 0 0 0 0 0 0 0 0 0 0 0 0 0 0 0 0 0 0 0 0 0 0 0 0 0 0 0 0 0 0 0 0 0 0 0 0 0 0 0 0 0 0 0 0 0 0 0 0 0 0 0 0 0 0 0 0 0 0 0 0 0 0 0 0 0 0 0 0 0 0 0 0 1
0 0 0 0 0 0 0 0 0 0 0 0 0 1 0 0 0 0 0 0 0 0 0 0 0 0 0 0 0 0 0 0 0 0 0 0 0 0 0 0 0 0 0 0 0 0 0 0 0 1 0 0 0 0 0 0 0 0 0 0 0 0 0 0 0 0 0 0 0 0 0 0 0 0 0 0 0 0 0 0 0 0 0 0 0 0 0 0 0 0 0 0 0 0 0 0 0 0 0 0 2
0 0 0 0 0 0 0 0 0 0 0 0 0 0 0 0 0 0 0 0 0 0 0 0 0 0 0 0 0 0 0 0 0 0 0 0 0 0 0 0 0 0 0 0 0 0 0 0 0 0 0 0 0 0 0 0 0 0 0 0 0 0 0 0 0 0 0 0 0 0 0 0 0 0 0 0 1 0 0 0 0 0 0 0 0 0 0 0 0 0 0 0 0 0 0 0 0 0 0 0 1
0 0 0 0 0 0 0 0 0 0 0 0 0 0 0 0 0 0 0 0 0 0 0 0 0 0 0 0 0 0 0 0 0 0 0 0 0 0 0 0 0 0 0 0 0 0 0 0 0 0 0 0 0 0 0 0 0 0 0 0 0 0 0 0 0 0 0 0 0 0 0 0 0 0 0 1 0 0 0 0 0 0 0 0 0 0 0 0 0 0 0 0 0 0 0 0 0 0 0 0 1
0 0 0 0 0 0 0 0 0 0 0 0 0 0 0 0 0 0 0 0 0 0 0 0 0 0 0 0 0 0 0 0 0 0 0 0 0 0 0 0 0 0 0 0 0 0 0 0 0 0 0 0 0 0 0 1 0 0 0 0 0 0 0 0 0 0 0 0 0 0 0 0 0 0 0 0 0 0 0 0 0 0 0 0 0 0 0 0 0 0 0 0 0 0 0 0 0 0 0 0 1
0 0 0 0 0 0 0 0 0 0 0 0 0 0 0 0 0 0 0 0 0 0 0 0 0 0 0 0 0 0 0 0 0 0 0 0 0 0 0 0 0 0 0 0 0 0 0 0 0 0 0 0 0 0 0 0 0 0 0 0 0 0 0 0 0 0 0 0 0 0 0 0 0 0 0 0 0 1 0 0 0 0 0 0 0 0 0 0 0 0 0 0 0 0 0 0 0 0 0 0 1
0 0 0 0 0 0 0 0 0 0 0 0 0 0 0 0 0 1 0 0 0 0 0 0 0 0 0 0 0 0 0 0 0 0 0 0 0 0 0 0 0 0 0 0 0 0 0 0 0 0 0 0 0 0 0 0 0 0 0 0 0 0 0 0 0 0 0 0 0 0 0 0 0 0 0 0 0 0 0 0 0 0 0 0 0 0 0 0 0 0 0 0 0 0 0 0 0 0 0 0 1
0 0 0 0 0 0 0 0 0 0 0 0 0 0 0 0 0 1 0 0 0 0 0 0 0 0 0 0 0 0 0 0 0 0 0 0 0 0 0 0 0 0 0 0 0 0 0 0 0 0 0 0 0 0 0 0 0 0 0 0 0 0 0 0 0 0 0 0 0 0 0 0 0 0 0 0 0 0 0 0 0 0 0 0 0 0 0 0 0 0 0 0 0 0 0 0 0 0 0 0 1
0 0 0 0 0 0 0 0 0 0 0 0 0 0 0 0 0 0 0 0 0 0 0 0 0 0 1 0 0 0 0 0 0 0 0 0 0 0 0 0 0 0 0 0 0 0 0 0 0 0 0 0 0 0 0 0 0 0 0 0 0 0 0 0 0 0 0 0 0 0 0 0 0 0 0 0 0 0 0 0 0 0 0 0 0 0 0 0 0 0 0 0 0 0 0 0 0 0 0 0 1
0 0 0 0 0 0 0 0 0 0 0 0 0 0 0 0 0 0 0 0 0 0 0 0 0 0 0 0 0 0 0 0 0 0 0 0 0 0 0 0 0 0 0 0 0 0 0 0 0 0 0 0 0 0 0 0 0 0 0 0 0 0 0 0 0 0 0 0 0 1 0 0 0 0 0 0 0 0 0 0 0 0 0 0 0 0 0 0 0 0 0 0 0 0 0 0 0 0 0 0 1
0 1 0 0 0 0 0 0 0 0 0 0 0 0 0 0 0 0 0 0 0 0 0 0 0 0 0 0 0 0 0 0 0 0 0 0 0 0 0 0 0 0 0 0 0 0 0 0 0 0 0 0 0 0 0 0 0 0 0 0 0 0 0 0 0 0 0 0 0 0 0 0 0 0 0 0 0 0 0 0 0 0 0 0 0 0 0 0 0 0 0 0 0 0 0 0 0 0 0 0 1
0 0 0 0 0 0 0 0 0 0 0 0 0 0 0 0 0 0 0 0 0 0 0 0 0 0 0 0 0 0 0 0 0 0 0 0 0 0 0 0 0 0 0 0 0 0 0 0 0 0 0 0 0 1 0 0 0 0 0 0 0 0 0 0 0 0 0 0 0 0 0 0 0 0 0 0 0 0 0 0 0 0 0 0 0 0 0 0 0 0 0 0 0 0 0 0 0 0 0 0 1
0 0 0 0 0 0 0 0 0 0 0 0 0 0 0 0 0 0 1 0 0 0 0 0 0 0 0 0 0 0 0 0 0 0 0 0 0 0 0 0 0 0 0 0 0 0 0 0 0 0 0 0 0 0 0 0 0 0 0 0 0 0 0 0 0 0 0 0 0 0 0 0 0 0 0 0 0 0 0 0 0 0 0 0 0 0 0 0 0 0 0 0 0 0 0 0 0 0 0 0 1
0 0 0 0 0 0 0 0 0 0 0 0 0 0 0 0 0 0 0 0 0 0 0 0 0 0 0 0 0 0 0 0 0 0 0 0 0 0 0 0 0 0 0 0 0 1 0 0 0 0 0 0 0 0 0 0 0 0 0 0 0 0 0 0 0 0 0 0 0 0 0 0 0 0 0 0 0 0 0 0 0 0 0 0 0 0 0 0 0 0 0 0 0 0 0 0 0 0 0 0 1
0 0 0 0 0 0 0 1 0 0 0 0 0 0 0 0 0 0 0 0 0 0 0 0 0 0 0 0 0 0 0 0 0 0 0 0 0 0 0 0 0 0 0 0 0 0 0 0 0 0 0 0 0 0 0 0 0 0 0 0 0 0 0 0 0 0 0 0 0 0 0 0 0 0 0 0 0 0 0 0 0 0 0 0 0 0 0 0 0 0 0 0 0 0 0 0 0 0 0 0 1
0 1 0 0 0 1 0 0 0 1 0 1 1 0 1 1 0 0 1 0 0 0 1 0 1 1 0 0 0 0 1 1 0 0 1 0 0 0 0 0 0 1 1 0 0 0 1 1 1 0 0 0 0 0 0 1 1 0 1 1 1 0 0 1 1 0 0 0 1 0 0 0 1 1 0 0 0 0 0 0 0 1 0 0 0 0 1 1 0 1 0 0 0 0 0 0 1 1 0 0 35
0 0 0 1 0 0 1 1 0 1 0 1 1 0 1 0 1 0 0 1 0 0 1 0 1 1 0 1 0 0 1 0 0 0 0 1 0 1 0 0 0 1 1 0 0 0 0 0 0 0 0 1 0 1 1 0 0 1 0 0 0 1 1 1 1 0 0 1 0 1 0 1 1 1 0 1 1 0 0 0 0 0 0 0 0 0 1 1 0 1 0 1 0 1 1 0 1 1 1 0 42
0 0 0 1 0 1 1 0 0 1 0 1 1 1 0 1 0 0 0 1 0 0 0 0 1 1 0 1 0 0 1 0 0 0 0 1 0 1 1 0 1 0 1 1 0 1 0 1 1 0 1 1 0 0 0 0 0 1 1 0 0 0 1 0 0 1 0 1 1 0 0 1 0 1 0 0 0 0 0 1 0 0 1 0 0 0 0 0 0 1 0 0 0 0 1 0 1 0 1 0 38
1 0 0 0 0 1 0 1 1 1 0 1 0 0 0 1 1 0 1 0 0 0 1 0 1 0 0 1 0 1 0 1 1 1 1 0 0 0 1 0 0 0 0 1 0 0 0 1 0 0 1 1 1 1 1 0 0 1 0 1 1 0 0 0 0 0 1 0 1 1 0 1 0 0 0 1 1 0 0 1 0 0 1 0 0 0 0 0 0 1 0 0 1 0 1 0 0 0 0 0 39
1 1 0 1 1 1 1 1 1 0 1 1 0 1 1 1 1 1 1 0 0 1 0 0 1 1 1 0 0 1 0 1 0 1 0 1 1 0 0 0 1 0 1 1 1 1 1 1 1 1 1 1 0 0 0 1 0 0 1 0 1 0 0 0 1 0 1 0 0 1 0 1 1 0 0 0 0 0 1 1 1 0 0 0 0 0 1 1 0 0 0 0 1 1 1 1 0 1 0 0 54
0 0 0 0 1 1 1 1 0 0 1 1 0 0 1 1 1 1 1 0 0 0 0 0 0 1 0 0 0 0 0 0 0 0 0 1 0 0 1 1 1 0 0 1 0 1 0 0 0 1 1 1 1 1 1 0 0 1 0 1 1 1 0 0 0 0 0 1 0 0 0 0 0 1 1 0 1 0 1 0 0 0 0 0 1 1 1 1 0 0 1 0 1 1 1 0 1 0 0 0 42
1 1 1 1 0 1 1 1 1 0 0 0 0 0 0 0 1 0 0 0 0 1 0 1 0 0 1 1 0 1 1 1 0 0 1 0 1 0 1 1 0 1 1 0 0 1 1 1 1 1 0 0 0 0 1 1 1 1 0 0 0 1 1 0 0 0 0 1 0 0 1 0 0 1 1 1 1 0 1 1 0 1 1 1 0 1 0 1 0 0 0 0 1 1 1 1 1 0 0 0 51
1 1 1 0 0 0 1 1 1 0 1 0 1 1 1 0 0 0 0 1 1 1 1 1 0 1 1 0 1 0 0 0 0 0 0 1 0 0 1 1 0 1 0 1 1 1 0 0 1 0 0 1 1 1 1 1 1 0 0 0 1 0 1 1 0 0 1 0 1 1 1 1 0 1 0 1 1 0 0 1 0 0 0 0 0 1 0 0 0 1 1 1 0 0 0 0 1 0 1 1 51
0 1 1 0 0 0 0 0 1 1 0 1 0 0 0 0 1 1 0 0 0 0 1 1 1 1 1 0 1 0 1 0 1 1 0 1 1 0 0 0 0 0 1 0 0 1 0 1 1 1 0 0 1 1 0 0 1 0 0 1 1 1 0 0 1 0 1 0 0 1 1 1 0 1 1 1 0 0 1 1 0 0 1 1 1 0 1 1 0 1 0 1 0 0 1 0 1 0 1 1 50
1 0 0 0 1 1 1 1 0 0 0 0 1 1 0 0 1 1 1 1 0 0 1 0 1 0 0 1 1 1 0 0 0 1 0 0 0 1 0 0 0 0 1 1 1 0 1 0 0 0 1 0 1 0 1 1 0 0 0 1 1 1 1 0 1 0 0 0 1 0 0 0 0 1 0 1 1 0 1 1 1 1 1 0 1 0 1 0 1 0 1 0 1 0 0 1 0 0 1 1 48
1 0 0 1 1 0 1 0 1 0 0 0 0 1 0 0 0 1 0 1 1 1 0 1 0 0 0 0 1 0 1 1 0 0 1 1 0 1 0 1 1 1 0 1 0 0 1 1 1 1 0 0 1 0 1 0 0 1 0 0 1 0 1 1 1 1 0 1 1 1 1 0 0 0 0 1 1 0 1 0 1 1 1 0 1 0 1 1 0 1 0 1 1 1 0 0 1 0 1 1 53
0 0 1 0 0 1 1 0 1 1 0 0 0 0 1 0 0 1 0 0 0 1 0 0 0 1 0 1 1 1 0 0 1 0 0 0 0 1 0 0 1 1 0 1 1 0 0 1 1 1 1 0 0 1 1 1 1 0 1 1 1 1 0 1 1 0 1 0 0 1 1 0 0 1 1 0 0 1 0 0 1 1 0 1 0 0 0 1 1 1 1 0 1 1 1 0 1 1 1 1 52
1 0 1 1 1 0 1 0 1 0 1 0 0 0 0 1 0 1 1 0 0 1 0 0 0 1 0 1 0 1 1 0 0 1 1 1 0 1 1 0 1 0 0 1 0 1 0 0 0 0 0 1 0 1 0 0 0 1 0 0 1 0 0 1 1 0 1 1 1 1 0 1 1 1 1 0 0 0 1 1 0 1 0 0 1 1 1 1 0 1 0 1 1 0 0 1 1 0 0 1 50
1 0 1 1 1 0 1 0 1 1 0 0 0 0 0 1 0 0 1 1 0 1 0 0 1 0 1 1 1 1 1 1 0 1 0 0 0 0 1 0 1 1 1 0 1 0 1 0 1 0 1 0 0 1 1 1 0 1 1 0 1 0 1 1 0 0 0 0 0 0 0 0 1 0 1 0 0 1 0 1 1 1 0 0 0 1 0 1 0 1 1 0 1 0 0 1 1 0 1 1 50
1 0 1 1 0 0 0 1 0 1 0 0 0 1 1 0 1 0 0 1 1 0 1 1 0 1 0 1 1 1 0 0 1 0 1 0 0 1 1 1 0 1 0 1 0 0 1 0 0 1 0 0 0 0 0 1 1 0 1 1 0 1 1 0 0 1 0 1 0 0 1 0 0 0 0 1 1 0 1 0 1 1 0 1 1 0 1 0 1 1 1 0 0 1 0 0 0 1 1 1 49
1 0 0 1 0 1 0 1 0 0 1 1 0 0 1 0 0 1 1 0 1 1 1 1 0 1 1 1 0 1 1 0 0 1 0 1 0 0 1 1 0 1 1 0 1 0 1 0 1 0 1 1 0 0 1 0 1 1 0 1 0 0 1 1 1 0 1 1 1 1 0 1 0 1 1 1 1 0 1 1 1 0 1 1 0 1 0 1 0 0 0 0 0 1 1 0 0 0 1 0 55
0 1 0 0 1 1 0 0 0 0 1 1 1 1 1 1 0 0 0 0 1 1 0 1 0 0 0 1 0 0 0 0 0 1 1 1 0 1 0 1 0 0 0 1 0 1 1 0 0 1 0 1 0 1 0 1 1 1 0 0 0 0 0 1 0 0 1 0 0 0 1 0 0 0 1 1 1 1 0 0 1 1 1 0 1 0 0 1 1 0 1 0 0 1 0 1 0 1 0 0 44
1 1 1 1 0 0 1 1 1 0 0 1 0 0 0 0 1 1 0 0 1 1 0 1 1 1 1 0 0 0 1 0 1 1 1 0 1 1 1 0 0 1 0 1 0 0 1 1 0 0 1 0 1 0 0 0 1 0 0 0 1 1 0 0 1 1 1 0 0 0 1 0 1 1 0 0 1 1 0 0 1 1 0 1 0 1 1 0 0 1 0 1 0 1 1 0 0 1 0 0 50
0 0 1 0 0 1 1 0 1 0 0 0 1 1 1 1 0 0 0 1 1 1 0 1 1 0 1 0 1 1 1 1 0 1 1 1 1 0 0 1 0 0 1 0 0 0 1 0 0 1 1 0 0 1 1 0 0 1 0 1 1 0 0 0 0 1 1 1 1 1 1 1 1 1 1 1 0 1 0 1 1 1 1 1 1 0 1 0 0 0 1 0 1 1 0 0 1 1 1 0 57
0 1 0 0 1 1 0 0 0 0 0 0 0 0 0 0 1 1 0 0 0 1 0 0 0 1 1 0 0 1 1 1 0 0 0 1 0 1 1 1 1 1 1 1 1 0 0 1 1 0 0 1 1 0 0 1 1 0 1 1 0 1 1 1 1 0 0 0 1 1 1 0 0 0 1 0 1 1 0 0 1 1 0 0 0 1 0 0 0 0 1 1 0 0 1 0 0 0 0 1 45
0 1 0 0 0 1 0 1 1 1 0 1 0 1 0 1 1 1 1 0 1 0 1 1 1 1 1 0 0 0 0 1 1 1 1 1 0 1 0 1 0 0 1 1 1 1 1 1 1 1 1 1 1 1 0 1 0 1 0 0 0 1 0 1 1 1 0 0 0 0 1 1 1 1 0 1 0 0 1 1 0 0 1 0 0 1 1 0 1 1 1 1 1 1 1 1 1 1 1 0 63
1 0 0 1 0 0 1 0 1 0 1 1 0 1 0 0 0 0 0 1 1 0 1 0 1 0 1 0 0 0 1 1 0 1 1 1 1 0 0 1 0 1 0 1 0 0 0 1 1 0 1 1 0 1 1 1 1 1 0 0 0 0 0 1 0 1 0 0 0 0 0 1 0 1 1 1 0 1 0 1 0 0 0 0 0 1 1 0 1 1 1 1 0 0 1 0 1 0 1 0 47
1 0 1 0 1 0 1 0 0 0 0 1 0 1 1 1 0 1 1 1 0 1 0 1 0 0 1 0 0 1 1 1 1 1 1 0 1 0 1 1 1 1 0 0 1 0 0 0 1 0 1 0 0 1 1 0 0 1 1 0 1 1 1 0 0 0 0 0 1 0 0 0 0 1 1 0 0 0 0 1 0 1 0 0 0 1 1 0 0 1 1 1 0 0 1 0 0 0 1 0 47
0 0 1 1 0 0 1 1 0 1 1 0 1 1 1 1 0 1 1 0 0 0 0 0 1 1 1 0 1 0 0 0 1 0 1 1 0 1 1 0 0 1 0 1 0 0 1 1 1 0 1 1 1 1 1 1 1 0 1 0 0 0 1 0 1 0 1 0 1 0 0 0 0 1 0 1 1 1 1 0 1 0 1 1 1 1 1 0 1 1 0 0 0 0 0 0 0 0 0 0 51
1 1 0 1 0 1 1 0 0 1 0 1 1 1 1 1 1 0 1 0 0 0 0 0 0 1 1 1 1 0 1 1 0 0 1 1 1 1 1 0 0 0 1 0 0 0 1 0 1 0 0 1 1 1 0 0 0 1 1 0 0 1 1 1 1 0 0 0 1 1 1 1 1 1 0 0 0 1 1 1 1 1 1 0 0 0 0 0 0 1 1 1 0 1 1 0 0 0 0 1 54
1 0 1 1 0 0 1 0 1 0 1 0 0 1 1 0 1 1 1 1 1 0 1 1 0 1 1 0 0 1 1 0 0 0 1 0 1 1 1 0 0 0 1 1 1 1 0 0 0 1 1 0 0 0 1 0 0 1 1 1 1 0 0 0 1 0 1 1 0 0 1 0 1 0 1 1 1 1 0 0 1 0 1 0 1 1 0 1 0 0 1 0 1 0 1 0 0 1 0 0 52
0 1 1 1 0 0 1 0 0 1 0 0 1 1 1 0 0 1 0 1 1 0 0 0 1 1 0 1 0 1 0 1 0 1 0 1 0 1 1 0 0 1 0 1 0 0 0 0 0 1 0 0 0 1 1 0 0 1 0 0 1 1 1 1 1 1 1 0 1 1 0 0 0 0 0 1 1 0 0 0 0 1 0 1 0 1 1 0 0 1 1 1 1 0 1 1 1 0 0 1 49
0 1 1 0 0 0 0 0 1 0 1 0 0 0 0 0 1 1 0 0 0 1 0 0 1 0 0 0 1 0 1 0 1 1 0 0 1 1 0 0 0 0 1 1 1 1 0 0 0 0 1 0 1 0 1 0 0 0 1 0 1 0 1 0 0 1 0 0 0 1 1 0 0 0 0 0 0 1 0 0 0 0 1 0 1 0 0 1 0 1 1 0 1 1 0 1 0 1 1 0 38
0 1 1 1 1 0 0 1 1 1 0 0 1 1 0 1 0 1 0 0 1 1 1 1 1 0 0 1 0 0 1 1 1 1 0 1 1 1 0 1 1 0 1 0 0 0 1 0 0 1 1 1 0 1 0 0 0 0 0 1 1 0 0 0 0 0 1 0 1 1 0 0 0 1 0 0 1 1 0 1 0 0 1 0 0 1 0 1 0 1 0 0 0 0 0 1 1 1 1 1 50
1 1 0 0 0 1 1 1 1 1 1 1 0 1 1 1 0 1 0 1 1 1 1 0 0 1 1 0 1 0 0 1 1 0 0 0 1 1 1 1 0 1 1 1 1 0 0 0 0 0 0 1 1 1 0 1 1 0 1 1 0 1 1 1 0 1 1 1 1 0 0 0 0 1 1 0 1 1 0 0 0 0 0 1 1 1 1 1 0 1 0 1 1 1 0 0 0 1 1 1 60
0 0 0 1 0 1 0 1 1 0 1 1 0 0 1 0 0 1 1 0 0 0 1 1 0 1 0 1 1 1 0 0 0 0 0 1 0 0 0 0 0 1 0 1 1 1 1 0 0 0 1 1 0 0 1 1 0 0 0 0 0 1 1 1 1 0 0 0 1 0 0 1 0 0 0 0 1 1 1 1 1 1 0 1 0 1 1 0 0 0 0 1 0 0 1 0 0 1 1 0 44
1 1 0 0 1 0 0 0 0 1 0 0 0 1 0 1 0 1 1 1 0 0 0 0 1 1 1 1 1 0 0 1 1 0 0 0 1 1 0 1 1 0 1 1 0 0 0 1 0 0 0 0 1 1 1 0 0 1 1 1 1 0 0 0 1 1 1 0 1 1 0 0 0 0 0 1 1 0 1 1 0 0 1 1 1 0 0 0 0 0 1 0 0 1 1 1 0 1 0 1 48
1 0 1 0 0 1 0 0 0 1 1 0 1 1 1 0 0 0 0 0 0 0 0 1 1 0 1 0 1 1 1 1 0 0 1 0 0 1 1 0 0 1 0 0 0 0 0 1 0 1 1 0 1 0 0 0 1 1 0 0 0 1 0 0 0 0 0 0 0 1 1 0 0 0 1 1 1 1 0 1 1 1 1 1 0 0 1 0 1 0 1 1 1 0 0 1 1 0 1 1 46
1 0 1 1 0 0 1 0 1 1 1 1 1 1 1 1 1 0 0 0 0 1 0 1 1 0 1 0 0 0 0 0 0 0 1 0 0 0 0 1 1 1 1 0 0 1 0 1 1 0 0 1 1 1 1 0 1 1 1 1 0 1 1 1 0 1 0 0 1 0 1 0 1 0 1 0 1 0 0 0 0 1 0 1 0 0 1 0 0 1 0 1 0 0 0 0 0 1 0 0 48
0 0 1 1 1 0 0 1 1 1 0 1 0 1 0 1 1 1 0 0 1 1 1 1 0 0 1 1 1 1 1 1 1 0 1 0 0 0 1 1 0 1 0 0 0 0 1 1 1 0 0 0 0 0 1 1 1 1 0 1 0 0 1 1 0 0 1 1 0 1 1 1 0 0 1 1 1 1 0 0 1 1 0 0 0 1 0 0 1 0 1 0 1 0 1 1 0 0 0 0 53
0 0 0 0 0 1 1 1 0 1 0 0 0 0 0 1 0 1 0 0 1 1 1 1 0 0 0 1 1 1 1 0 1 0 1 0 1 1 1 1 1 1 1 0 1 0 1 0 0 0 0 0 0 1 1 0 0 0 0 0 0 0 1 0 1 1 0 0 0 0 1 1 1 0 1 1 0 0 0 0 1 1 0 0 0 1 1 1 1 1 0 1 0 1 0 0 1 0 0 1 46
1 1 0 0 0 1 0 0 1 1 1 0 0 1 1 0 0 1 1 1 0 1 1 1 1 1 1 0 1 1 1 1 0 1 0 1 0 0 1 1 1 0 1 1 1 0 1 0 1 1 0 0 0 0 0 1 1 1 1 0 0 1 0 1 0 1 1 1 0 0 1 1 1 1 0 1 0 1 0 0 1 0 1 0 0 1 1 0 0 1 1 1 1 0 0 0 0 1 1 1 58
1 0 0 0 0 1 0 1 0 1 0 0 1 0 1 1 0 1 1 1 0 0 1 1 0 1 0 0 1 1 1 0 1 1 0 1 1 1 0 1 0 1 1 1 0 1 1 0 0 0 1 1 0 1 0 1 0 1 1 1 0 1 0 0 1 0 0 0 0 0 0 0 1 1 1 0 0 1 1 1 1 0 0 0 0 1 1 0 1 0 0 1 1 0 1 0 0 1 0 0 50
0 1 1 1 0 1 0 1 0 1 0 1 1 0 1 0 1 1 0 0 0 0 1 0 1 1 1 1 1 1 1 0 1 0 1 1 0 1 0 0 0 0 0 1 0 0 1 0 1 0 1 0 1 1 1 0 1 0 0 0 0 1 0 1 1 1 1 0 1 0 1 1 1 0 1 0 1 1 0 1 1 0 1 1 1 1 0 1 1 0 1 0 1 0 1 1 0 0 1 0 56
0 1 1 0 1 0 0 0 1 0 0 1 0 1 0 1 1 0 1 1 0 1 1 0 0 1 1 0 0 1 0 0 0 0 1 0 0 0 1 1 1 1 1 0 0 1 0 1 1 1 0 1 1 1 1 1 1 0 1 1 1 1 1 0 1 0 0 1 1 1 1 1 1 0 1 1 0 1 1 0 1 0 1 1 1 0 0 0 0 0 0 0 0 0 1 1 0 1 1 1 56
1 1 0 1 1 1 0 1 0 1 1 0 0 1 1 1 0 0 0 0 0 0 1 1 1 1 1 1 0 1 0 0 1 1 0 1 1 0 1 0 1 0 0 1 1 0 1 1 1 1 1 0 0 0 0 1 0 1 1 1 1 0 0 0 1 0 1 1 1 0 1 1 1 1 0 0 1 1 1 1 0 0 1 1 1 1 0 1 0 1 1 1 0 0 1 0 1 1 1 1 61
1 1 0 1 0 0 0 0 0 0 1 1 1 0 1 1 0 0 0 1 0 1 1 0 1 1 1 1 0 1 0 1 1 0 1 1 1 0 0 1 0 1 1 0 0 1 1 1 0 0 1 1 0 0 1 1 0 1 0 0 1 0 0 0 0 1 1 0 0 0 0 0 0 1 0 1 1 1 1 0 0 0 0 0 1 1 1 1 0 1 1 0 0 1 0 0 1 1 0 1 50
0 0 1 0 1 0 0 1 0 1 1 0 1 0 0 0 0 0 1 1 0 1 0 1 0 1 0 0 0 0 0 0 1 1 1 0 0 1 0 0 1 0 1 0 0 0 0 0 1 1 0 0 1 0 0 1 0 1 1 0 0 0 0 1 0 1 0 0 1 0 0 0 0 0 1 0 0 1 0 0 0 0 0 1 1 0 0 0 1 0 0 0 1 0 1 1 0 1 1 1 37
0 1 1 1 0 1 0 1 1 1 0 1 0 1 1 1 0 0 1 1 1 1 0 1 0 0 1 0 0 0 0 1 0 1 1 1 1 0 1 0 0 0 1 0 0 1 1 0 0 0 0 1 0 0 0 0 0 0 0 0 0 1 1 0 0 0 1 0 0 1 0 0 1 0 1 0 1 1 1 1 0 1 1 0 1 1 1 0 0 1 1 0 1 0 1 0 1 0 0 0 47
0 1 1 1 1 1 1 1 0 0 0 1 0 1 1 0 1 0 1 0 0 1 1 0 1 1 0 0 1 1 0 0 1 0 0 0 0 0 0 1 0 0 1 1 1 0 0 1 1 1 1 0 1 0 1 0 1 1 1 1 0 1 1 1 1 0 1 0 0 0 0 0 0 0 0 1 1 0 1 1 0 0 0 0 0 0 1 1 1 1 1 0 0 0 0 1 1 1 0 1 51
1 1 1 0 1 0 0 0 0 0 0 0 0 1 0 1 0 1 1 1 1 1 1 0 0 1 1 1 1 0 0 1 1 0 0 0 1 1 1 1 0 0 0 0 1 1 0 1 1 1 1 1 0 0 0 1 0 0 1 1 1 1 0 1 1 1 0 1 1 1 0 0 1 0 0 1 0 0 0 1 1 1 1 0 1 1 0 1 0 0 0 1 0 1 0 0 1 1 1 1 55
1 0 0 0 0 1 1 0 0 0 0 0 0 0 0 1 1 0 1 0 0 0 1 0 0 0 1 0 1 1 1 0 1 1 1 1 1 1 1 1 0 1 1 0 0 1 0 0 1 0 1 1 1 0 1 0 0 1 1 0 1 1 0 0 0 1 0 0 0 1 0 1 1 0 1 0 1 0 0 0 0 0 1 0 0 1 0 1 0 1 1 1 1 1 0 0 1 0 1 1 48
1 1 1 0 1 1 1 0 0 1 1 1 0 0 1 0 0 0 1 0 1 0 0 0 0 1 0 1 1 0 0 0 0 1 1 0 1 0 0 1 0 1 1 0 0 1 1 0 0 1 0 0 1 1 0 0 0 1 1 0 1 1 0 0 0 0 1 0 0 1 0 0 0 1 1 0 1 1 1 0 0 0 1 0 0 1 1 0 1 1 0 1 1 1 0 0 1 1 0 1 48
0 1 0 1 1 0 0 1 0 0 1 0 0 0 0 1 0 0 1 1 1 1 1 0 1 0 0 0 0 0 1 1 1 1 1 0 0 0 1 0 0 1 1 0 1 0 0 1 1 1 0 1 1 1 1 0 0 1 0 1 1 0 0 1 0 1 0 1 0 0 1 1 0 0 1 1 1 1 0 0 1 1 0 1 0 1 0 1 0 1 0 1 1 1 0 1 0 0 0 1 51
1 1 0 0 0 1 0 1 1 0 0 0 0 1 0 1 0 1 1 1 0 1 1 1 1 1 1 0 1 0 1 1 1 1 0 1 1 0 0 1 0 0 1 1 1 0 0 0 0 1 1 0 1 0 0 1 0 1 0 0 1 0 1 1 1 1 0 0 1 0 0 1 1 1 1 0 1 1 1 1 1 1 1 1 0 1 1 0 0 0 0 1 0 0 1 1 1 0 1 0 57
1 0 0 1 1 0 0 1 0 1 0 0 1 0 1 0 1 0 0 0 1 0 0 0 1 1 1 1 0 0 0 0 0 1 0 1 1 0 0 0 0 0 1 1 0 1 1 1 0 1 1 1 0 0 1 0 1 0 0 1 1 1 0 1 1 1 1 1 1 1 0 1 0 0 1 1 0 1 0 1 0 0 1 0 0 0 1 0 0 1 1 1 1 0 1 0 1 0 1 0 50
1 1 0 0 1 1 1 1 1 0 0 1 0 1 1 0 0 0 1 1 1 0 1 1 1 0 0 1 0 1 1 1 1 0 0 0 0 1 0 0 0 1 1 1 0 0 0 1 0 0 0 1 1 1 0 0 1 0 0 1 1 1 0 1 0 1 0 1 1 0 0 1 1 0 0 0 0 1 0 1 1 1 0 0 1 0 1 1 0 1 0 1 1 0 1 0 0 1 0 1 52
0 1 1 0 1 1 0 1 0 0 1 0 1 0 0 1 0 0 1 1 1 0 0 0 1 0 0 1 0 0 0 0 0 1 0 1 0 0 0 1 0 1 0 0 1 0 1 0 1 0 1 1 1 1 1 1 0 0 0 1 0 1 0 0 1 0 1 0 0 1 1 0 0 1 0 0 0 1 1 1 1 1 0 1 0 1 1 0 1 1 1 1 1 1 1 0 0 0 0 1 49
0 0 1 1 1 1 0 0 1 1 0 0 1 0 0 1 1 0 0 0 0 0 0 0 0 0 1 1 1 1 1 0 1 1 1 0 0 0 0 1 1 1 0 0 1 0 1 1 0 0 1 1 0 0 1 0 1 1 1 1 0 0 1 1 1 0 1 1 1 1 1 0 1 0 1 1 0 0 1 0 0 0 1 1 1 1 1 1 1 0 1 0 0 1 1 0 1 0 1 1 55
0 1 0 0 0 1 0 1 1 1 0 0 0 1 0 0 1 1 0 0 0 0 0 0 0 1 0 0 1 1 0 0 1 0 1 1 1 0 1 1 1 1 1 1 0 1 1 0 1 1 1 0 0 0 1 0 0 1 1 0 1 0 0 0 0 1 0 1 0 1 0 0 1 0 1 1 0 0 1 0 0 1 1 0 1 0 0 1 1 0 1 0 0 0 0 1 1 0 1 0 46
0 1 1 1 1 1 1 1 1 1 0 1 0 1 1 1 1 1 0 1 0 0 0 1 0 1 0 0 1 0 0 1 1 1 1 1 0 0 1 0 1 0 1 1 1 0 1 1 1 1 1 0 0 1 1 1 0 0 0 0 0 0 1 1 1 0 1 1 1 0 0 0 1 0 1 1 1 1 0 0 1 1 1 0 0 1 0 0 0 0 0 1 0 1 0 0 0 0 1 0 55
1 0 1 1 1 0 1 1 0 1 1 0 0 1 0 0 0 0 1 1 0 0 0 1 1 0 1 0 1 0 0 1 0 1 0 1 0 1 1 1 0 1 0 0 1 1 0 1 0 1 1 0 1 0 1 1 1 1 1 0 1 0 0 1 0 0 0 0 1 1 0 0 0 0 1 0 1 1 1 0 1 0 1 1 1 0 1 0 0 0 1 0 0 0 0 0 0 0 1 1 49
0 0 1 1 1 0 0 1 0 1 1 0 0 0 1 1 0 0 0 0 0 1 1 0 1 1 0 0 0 0 0 0 1 1 0 1 0 0 0 1 1 1 1 1 1 0 0 1 0 0 1 0 0 0 0 0 1 0 0 0 1 1 0 1 1 1 1 1 1 1 1 0 0 0 1 1 0 1 1 1 1 0 1 0 0 1 1 0 1 1 0 0 0 0 1 1 1 0 1 1 50
0 0 1 1 0 0 0 0 0 0 0 1 0 0 1 1 1 1 1 0 0 1 1 0 0 1 0 0 1 1 1 0 0 0 0 0 0 0 0 1 0 1 1 0 1 1 1 1 0 1 0 0 1 0 1 0 1 1 1 0 1 0 0 0 0 1 0 0 0 1 1 0 1 1 1 0 1 0 0 1 1 0 1 0 1 1 0 1 0 1 1 0 0 0 0 1 1 1 1 0 47
1 1 1 0 0 0 1 0 0 1 1 1 1 0 0 1 1 1 0 1 1 0 1 1 0 1 1 0 0 1 0 1 0 0 0 0 1 0 0 1 0 0 0 0 0 0 0 0 1 1 0 1 0 0 1 1 1 1 0 0 0 0 1 0 1 0 1 1 0 1 1 0 0 1 1 1 0 0 1 1 1 1 0 1 0 1 0 0 0 1 0 1 0 1 1 1 1 0 1 1 51
0 0 0 1 0 1 0 1 1 1 0 0 0 1 0 0 0 1 0 0 1 0 0 1 0 0 1 1 1 0 0 1 0 1 1 1 1 1 1 1 0 1 0 1 1 1 0 1 1 0 1 1 1 1 1 0 0 1 0 1 1 1 0 0 1 0 1 1 0 1 0 0 0 1 1 0 1 0 0 1 1 0 1 1 0 0 0 0 1 0 1 1 0 1 1 0 1 0 1 0 53
0 1 1 0 1 0 0 1 0 1 0 0 1 1 1 0 0 1 1 1 0 1 1 1 1 0 0 0 1 1 0 1 1 0 1 1 0 1 0 1 1 1 1 1 0 0 0 0 0 0 1 0 0 0 1 0 0 0 0 1 0 1 1 0 1 0 1 0 1 1 0 0 0 0 0 1 1 1 0 0 1 1 1 0 0 1 0 0 1 0 0 0 1 1 1 1 1 1 1 0 51
0 1 0 0 0 0 0 1 1 1 0 1 1 0 1 1 0 1 1 0 0 0 1 0 1 1 0 0 0 0 1 1 1 0 1 0 0 0 1 1 1 0 0 0 1 0 0 0 1 0 0 1 0 1 0 0 1 1 1 1 0 0 0 1 1 1 1 0 1 0 0 0 1 0 1 1 1 1 0 0 1 0 1 1 0 0 0 1 1 0 1 1 1 1 1 0 1 0 1 1 51
0 0 1 0 1 1 1 0 0 1 0 1 1 0 0 1 0 0 0 0 0 1 0 0 1 1 0 1 0 0 1 1 1 1 0 1 0 1 0 0 0 0 0 0 0 0 1 0 0 0 0 1 1 0 1 1 1 0 1 1 1 0 0 1 0 1 1 1 1 0 1 1 0 1 0 0 1 0 1 1 0 1 1 0 0 1 1 1 0 0 1 1 0 1 1 0 0 1 0 0 48
0 1 0 0 1 1 1 0 0 0 1 0 0 1 0 1 1 0 0 1 1 0 0 0 1 0 0 0 1 1 0 1 0 1 1 0 1 0 1 1 0 1 1 0 1 1 1 1 1 1 0 0 0 0 1 1 1 0 1 1 0 0 1 0 0 1 0 1 1 1 1 1 0 0 1 0 0 0 0 0 0 1 0 0 1 1 1 1 1 0 1 1 1 1 0 1 1 1 0 0 53
1 0 1 0 1 0 1 0 1 1 1 0 0 0 0 0 1 1 1 1 0 0 1 1 0 0 0 1 0 1 1 0 1 1 1 0 1 0 0 0 1 0 0 1 0 0 0 0 1 1 0 1 0 0 0 0 0 1 1 0 0 1 0 1 0 1 0 1 1 0 1 0 0 1 1 0 1 1 1 1 0 1 0 0 1 1 1 1 1 0 1 1 1 1 0 0 1 0 1 1 52
0 1 1 0 0 0 1 0 0 1 0 1 0 0 1 1 1 1 1 0 1 0 1 0 0 1 1 1 1 0 0 1 1 0 0 0 0 0 0 0 0 0 1 0 1 1 1 1 0 0 0 1 0 0 0 0 1 1 0 1 1 1 0 0 0 1 0 0 1 0 0 1 0 0 1 1 0 0 1 1 1 1 1 1 0 0 0 0 0 0 1 0 0 0 0 0 0 1 0 1 43
0 0 1 1 0 1 1 0 0 1 0 0 1 1 0 0 0 1 0 0 0 1 1 1 1 0 0 0 1 1 1 0 1 1 0 0 0 1 1 0 1 1 1 1 0 0 0 0 0 1 0 1 1 1 0 1 0 1 0 0 1 1 0 1 1 0 0 1 0 0 0 0 0 0 0 1 0 0 0 0 0 1 1 1 1 1 0 1 0 0 1 0 1 0 1 1 0 0 0 1 46
0 0 1 1 1 0 1 0 1 0 0 1 0 1 0 1 1 0 0 0 1 1 0 0 0 0 1 0 0 0 1 0 0 0 0 0 1 0 1 0 1 0 0 0 0 0 1 1 1 1 1 1 0 0 0 1 0 0 1 1 0 0 0 1 0 0 1 0 0 1 0 1 1 1 1 0 1 0 0 1 1 1 1 1 1 1 1 1 1 1 0 0 0 0 1 0 1 0 0 1 47
0 1 0 1 1 1 0 0 1 1 1 0 1 1 1 1 1 1 0 0 1 1 1 0 0 0 0 1 1 0 1 0 1 0 1 1 1 1 1 1 0 1 1 1 0 1 1 1 0 0 0 0 1 0 0 0 0 0 1 1 0 0 0 1 1 1 1 1 1 1 1 0 0 1 0 0 0 1 0 1 1 0 0 1 1 0 1 0 1 0 1 0 1 0 0 0 0 0 0 0 53
0 1 0 1 1 0 1 1 1 1 1 0 0 0 0 1 1 1 0 1 0 0 1 0 1 0 0 1 0 0 1 1 0 1 0 0 0 0 0 0 1 0 0 1 1 0 1 1 0 1 0 0 1 0 0 0 1 1 1 1 0 1 1 0 1 0 0 0 0 0 0 1 1 1 1 0 1 0 1 1 0 1 1 1 0 1 1 1 0 1 1 1 1 1 0 1 0 0 1 0 52
0 1 0 0 0 0 0 1 0 1 0 0 1 1 1 0 1 0 1 1 1 0 1 0 1 1 0 0 1 0 1 0 0 1 1 1 1 0 0 0 1 1 1 1 1 1 0 1 1 1 0 0 0 0 1 0 1 1 0 0 1 0 0 0 1 1 0 1 1 1 0 0 1 1 0 0 0 0 0 1 0 0 0 1 0 1 1 1 1 1 0 1 1 1 1 1 0 0 1 0 52
0 0 1 0 0 1 0 1 0 1 0 0 0 1 0 1 1 0 0 1 1 1 1 1 1 1 1 0 0 1 1 0 0 1 1 0 0 0 0 0 1 1 1 0 0 0 0 0 1 1 0 1 1 0 0 1 0 0 1 1 0 1 1 0 0 0 0 0 0 1 1 0 1 0 1 1 1 0 0 1 1 1 0 1 0 1 0 1 1 0 0 0 1 1 1 1 0 1 1 1 51
1 1 1 1 0 1 1 0 0 1 1 1 1 1 1 1 0 0 1 0 1 1 1 0 1 1 0 0 0 0 1 1 0 1 0 0 0 0 1 1 1 1 0 1 1 1 0 1 0 0 0 0 1 0 1 0 0 0 1 0 0 1 1 1 0 0 0 0 1 0 0 1 0 1 0 1 0 0 0 1 0 1 0 1 1 1 0 1 0 1 0 0 1 1 0 0 1 0 0 0 50
0 1 1 1 1 1 1 1 0 0 1 1 1 1 1 0 0 1 1 0 0 0 1 0 0 1 1 0 1 0 1 1 0 1 0 0 0 0 1 0 0 0 0 1 0 0 1 1 1 1 1 1 0 1 1 1 1 1 0 1 0 1 0 0 1 1 1 0 1 0 0 0 0 0 0 1 0 0 1 0 1 0 1 0 1 1 0 1 1 0 1 1 1 0 1 0 1 0 1 0 54
1 0 1 1 1 1 0 1 1 1 1 0 1 0 1 1 0 0 0 0 0 0 0 0 0 1 1 1 1 0 1 0 0 1 1 0 0 0 0 0 1 1 0 0 1 0 0 1 1 0 0 1 1 1 0 0 0 0 0 1 0 0 1 0 0 0 0 0 0 0 1 0 0 0 0 1 1 0 1 0 1 0 0 0 0 0 1 0 1 1 1 1 0 0 0 1 0 0 1 1 42
1 1 1 1 1 0 0 1 0 0 0 1 0 1 1 1 1 1 0 1 1 0 1 0 1 0 1 1 0 0 1 0 0 0 0 1 0 0 1 1 0 0 1 1 0 1 0 1 1 1 0 0 1 1 0 0 1 1 1 1 1 0 0 0 1 1 0 1 1 0 1 0 1 1 0 0 0 0 1 1 0 0 1 1 0 1 1 0 1 0 1 1 1 1 0 0 1 1 0 1 56
0 0 0 1 0 0 0 0 1 1 0 0 0 1 0 1 1 1 1 0 1 0 0 0 0 1 0 1 0 0 1 1 1 1 0 1 1 0 1 1 0 1 0 1 0 1 1 1 0 1 1 0 1 0 0 0 0 0 0 0 0 0 0 0 0 0 0 0 0 0 0 0 0 0 0 0 0 1 0 0 0 1 1 1 1 1 1 1 0 0 0 1 0 0 1 1 0 1 0 1 40
0 0 0 0 0 0 0 0 0 0 0 0 0 0 0 0 0 0 0 0 0 0 0 0 0 0 0 0 0 0 0 0 0 0 0 0 0 0 0 0 0 0 0 0 0 0 0 0 0 1 0 0 0 0 0 0 0 0 0 0 0 0 0 0 0 0 0 0 0 0 0 0 0 0 0 0 0 0 0 0 0 0 0 0 0 0 0 0 0 0 0 0 0 0 0 0 0 0 0 0 1
0 0 1 0 0 0 0 0 0 0 0 0 0 0 0 0 0 0 0 0 0 0 0 0 0 0 0 0 0 0 0 0 0 0 0 0 0 0 0 0 0 0 0 0 0 0 0 0 0 0 0 0 0 0 0 0 0 0 0 0 0 0 0 0 0 0 0 0 0 0 0 0 0 0 0 0 0 0 0 0 0 0 0 0 0 0 0 0 0 0 0 0 0 0 0 0 0 0 0 0 1
0 0 0 0 0 0 0 0 0 0 0 0 0 0 0 0 0 0 0 0 0 0 0 0 0 0 0 0 0 0 0 0 0 0 0 0 0 0 0 0 0 0 0 0 0 0 0 0 0 0 0 0 0 0 0 0 0 0 0 0 0 0 0 0 0 0 0 0 0 0 0 0 0 0 0 0 0 0 0 0 0 0 1 0 0 0 0 0 0 0 0 0 0 0 0 0 0 0 0 0 1
0 0 0 0 0 0 0 0 0 0 0 0 0 0 0 0 0 0 0 0 0 0 0 0 0 0 0 0 0 0 0 0 0 0 0 0 0 0 0 0 0 0 0 0 0 0 0 0 0 0 0 0 0 0 0 0 0 0 0 0 0 0 0 0 0 0 0 0 0 0 0 0 0 0 0 0 0 0 0 0 0 0 0 0 0 0 0 0 0 0 0 0 0 0 0 0 1 0 0 0 1
0 0 0 0 1 0 0 0 0 0 0 0 0 0 0 0 0 0 0 0 0 0 0 0 0 0 0 0 0 0 0 0 0 0 0 0 0 0 0 0 0 0 0 0 0 0 0 0 0 0 0 0 0 0 0 0 0 0 0 0 0 0 0 0 0 0 0 0 0 0 0 0 0 0 0 0 0 0 0 0 0 0 0 0 0 0 0 0 0 0 0 0 0 0 0 0 0 0 0 0 1
0 0 0 0 0 0 0 0 0 0 0 0 0 0 0 0 0 0 0 0 0 0 0 0 0 0 0 0 0 0 0 0 0 0 0 0 0 0 0 0 0 0 0 0 0 0 0 0 0 0 0 0 0 0 0 0 0 0 0 0 0 0 0 0 0 0 0 0 0 0 0 0 0 0 0 0 0 0 0 0 0 0 0 0 0 0 0 0 0 0 0 0 0 0 0 1 0 0 0 0 1
0 0 0 0 0 0 0 0 0 0 0 0 0 0 0 0 0 0 0 0 0 0 0 0 0 0 0 0 0 0 0 0 0 0 0 0 0 0 0 0 0 0 0 0 0 0 0 0 0 0 0 0 1 0 0 0 0 0 0 0 0 0 0 0 0 0 0 0 0 0 0 0 0 0 0 0 0 0 0 0 0 0 0 0 0 0 0 0 0 0 0 0 0 0 0 0 0 0 0 0 1
0 0 0 0 0 0 0 0 0 0 0 0 0 0 1 0 0 0 0 0 0 0 0 0 0 0 0 0 0 0 0 0 0 0 0 0 0 0 0 0 0 0 0 0 0 0 0 0 0 0 0 0 0 0 0 0 0 0 0 0 0 0 0 0 0 0 0 0 0 0 0 0 0 0 0 0 0 0 0 0 0 0 0 0 0 0 0 0 0 0 0 0 0 0 0 0 0 0 0 0 1
0 0 0 0 0 0 0 0 0 0 0 0 0 0 0 0 0 0 0 0 0 0 0 0 0 0 0 0 0 0 0 0 0 0 0 0 0 0 1 0 0 0 0 0 0 0 0 0 0 0 0 0 0 0 0 0 0 0 0 0 0 0 0 0 0 0 0 0 0 0 0 0 0 0 0 0 0 0 0 0 0 0 0 0 0 0 0 0 0 0 0 0 0 0 0 0 0 0 0 0 1
0 0 0 0 0 1 0 0 0 0 0 0 0 0 0 0 0 0 0 0 0 0 0 0 0 0 0 0 0 0 0 0 0 0 0 0 0 0 0 0 0 0 0 0 0 0 0 0 0 0 0 0 0 0 0 0 0 0 0 0 0 0 0 0 0 0 0 0 0 0 0 0 0 0 0 0 0 0 0 0 0 0 0 0 0 0 0 0 0 0 0 0 0 0 0 0 0 0 0 0 1
0 0 0 0 0 0 0 0 0 0 0 0 0 0 0 0 0 0 0 0 0 0 0 1 0 0 0 0 0 0 0 0 0 0 0 0 0 0 0 0 0 0 0 0 0 0 0 0 0 0 0 0 0 0 0 0 0 0 0 0 0 0 0 0 0 0 0 0 0 0 0 0 0 0 0 0 0 0 0 0 0 0 0 0 0 0 0 0 0 0 0 0 0 0 0 0 0 0 0 0 1
0 0 0 0 0 0 0 0 0 0 0 0 0 0 0 0 0 0 0 0 0 0 0 0 0 0 0 0 0 0 0 0 0 0 0 0 0 0 0 0 0 0 0 0 0 0 0 0 0 0 0 0 0 0 0 0 0 0 0 0 0 0 0 0 0 0 0 0 0 1 0 0 0 0 0 0 0 0 0 0 0 0 0 0 0 0 0 0 0 0 0 0 0 0 0 0 0 0 0 0 1
0 0 0 0 0 0 0 0 0 0 0 0 0 0 0 0 0 0 0 0 0 0 0 0 0 0 0 1 0 0 0 0 0 0 0 0 0 0 0 0 0 0 0 0 0 0 0 0 0 0 0 0 0 0 0 0 0 0 0 0 0 0 0 0 0 0 0 0 0 0 0 0 0 0 0 0 0 0 0 0 0 0 0 0 0 0 0 0 0 0 0 0 0 0 0 0 0 0 0 0 1
0 0 0 0 0 0 0 0 0 0 0 0 0 0 0 0 0 0 0 0 0 0 0 0 0 0 0 0 0 0 0 0 0 0 0 0 0 0 0 0 0 0 0 0 0 0 0 0 0 0 0 0 0 0 0 0 0 1 0 0 0 0 0 0 0 0 0 0 0 0 0 0 0 0 0 0 0 0 0 0 0 0 0 0 0 0 0 0 0 0 0 0 0 0 0 0 0 0 0 0 1
0 0 0 0 0 0 0 0 0 0 0 0 0 0 0 0 0 0 0 0 0 0 0 0 0 0 0 0 0 0 0 0 0 0 0 0 0 0 0 0 0 0 0 0 0 0 0 0 0 0 0 0 0 0 0 0 0 0 0 0 0 0 0 0 0 0 0 0 0 0 0 0 0 0 0 0 0 0 0 0 0 1 0 0 0 0 0 0 0 0 0 0 0 0 0 0 0 0 0 0 1
0 0 0 0 0 0 0 0 0 0 0 0 0 0 0 0 0 0 0 0 0 0 0 0 0 0 0 0 0 0 0 0 0 0 0 0 0 0 0 0 0 0 0 0 0 0 0 0 0 0 0 0 0 0 0 1 0 0 0 0 0 0 0 0 0 0 0 0 0 0 0 0 0 0 0 0 0 0 0 0 0 0 0 0 0 0 0 0 0 0 0 0 0 0 0 0 0 0 0 0 1
0 0 0 0 0 0 0 0 0 0 0 0 0 0 0 0 0 0 0 0 0 0 0 0 0 0 0 0 0 0 0 0 0 0 0 0 0 0 0 0 0 0 0 0 0 0 0 0 0 0 0 0 0 0 0 0 0 0 0 0 0 0 0 0 0 0 0 0 0 0 0 0 0 0 0 0 0 0 0 0 0 0 0 0 0 0 0 0 0 0 0 0 0 0 0 1 0 0 0 0 1
0 0 0 0 0 0 0 0 0 0 1 0 0 0 0 0 0 0 0 0 0 0 0 0 0 0 0 0 0 0 0 0 0 0 0 0 0 0 0 0 0 0 0 0 0 0 0 0 0 0 0 0 0 0 0 0 0 0 0 0 0 0 0 0 0 0 0 0 0 0 0 0 0 0 0 0 0 0 0 0 0 0 0 0 0 0 0 0 0 0 0 0 0 0 0 0 0 0 0 0 1
0 0 0 0 0 0 0 0 0 0 0 0 0 0 0 0 0 0 0 1 0 0 0 0 0 0 0 0 0 0 0 0 0 0 0 0 0 0 0 0 0 0 0 0 0 0 0 0 0 0 0 0 0 0 0 0 0 0 0 0 0 0 0 0 0 0 0 0 0 0 0 0 0 0 0 0 0 0 0 0 0 0 0 0 0 0 0 0 0 0 0 0 0 0 0 0 0 0 0 0 1
0 0 0 0 0 0 0 0 0 0 0 0 0 0 0 0 0 0 0 0 0 0 0 0 0 0 0 0 0 0 0 0 0 0 0 0 0 0 0 0 0 0 0 0 0 0 0 0 0 0 0 0 0 0 0 0 0 0 0 0 0 0 0 0 0 0 0 0 0 0 0 0 1 0 0 0 0 0 0 0 0 0 0 0 0 0 0 0 0 0 0 0 0 0 0 0 0 0 0 0 1
0 0 0 0 0 0 0 0 0 0 0 0 0 0 0 0 0 0 0 0 0 0 0 0 0 0 0 0 0 0 0 0 0 0 0 0 0 0 0 0 0 0 0 0 0 0 0 0 0 0 0 0 0 0 0 0 0 0 0 0 0 0 0 0 0 0 0 0 0 0 0 0 0 0 0 0 0 0 0 0 0 0 0 0 0 1 0 0 0 0 0 0 0 0 0 0 0 0 0 0 1
0 0 0 0 0 0 0 0 0 0 0 0 0 0 0 0 0 0 0 0 0 0 0 0 0 0 0 0 0 0 0 1 0 0 0 0 0 0 0 0 0 0 0 0 0 0 0 0 0 0 0 0 0 0 0 0 0 0 0 0 0 0 0 0 0 0 0 0 0 0 0 0 0 0 0 0 0 0 0 0 0 0 0 0 0 0 0 0 0 0 0 0 0 0 0 0 0 0 0 0 1
0 0 0 0 0 0 0 0 0 0 0 0 0 0 0 0 0 0 0 0 0 1 0 0 0 0 0 0 0 0 0 0 0 0 0 0 0 0 0 0 0 0 0 0 0 0 0 0 0 0 0 0 0 0 0 0 0 0 0 0 0 0 0 0 0 0 0 0 0 0 0 0 0 0 0 0 0 0 0 0 0 0 0 0 0 0 0 0 0 0 0 0 0 0 0 0 0 0 0 0 1
0 0 0 0 0 0 0 0 0 0 0 0 0 0 0 0 0 0 0 0 0 0 0 0 0 0 0 0 0 0 0 0 1 0 0 0 0 0 0 0 0 0 0 0 0 0 0 0 0 0 0 0 0 0 0 0 0 0 0 0 0 0 0 0 0 0 0 0 0 0 0 0 0 0 0 0 0 0 0 0 0 0 0 0 0 0 0 0 0 0 0 0 0 0 0 0 0 0 0 0 1
0 0 0 0 0 0 0 0 0 0 0 0 0 0 0 0 0 0 0 0 0 0 0 0 0 0 0 0 0 0 0 0 0 0 0 0 0 0 0 0 0 0 0 0 0 0 0 0 0 0 0 0 0 0 0 0 0 0 0 0 0 0 0 0 0 0 0 0 0 0 0 0 0 0 0 0 0 0 0 0 0 0 0 0 0 1 0 0 0 0 0 0 0 0 0 0 0 0 0 0 1
0 0 0 0 0 0 0 0 0 0 0 0 0 0 0 0 0 0 0 0 0 0 0 0 0 0 0 0 0 0 0 0 0 0 0 0 0 0 0 0 0 0 0 0 0 0 0 0 0 0 0 0 0 0 0 0 0 0 0 0 0 0 0 0 0 0 0 0 0 0 0 0 0 0 0 0 0 0 1 0 0 0 0 0 0 0 0 0 0 0 0 0 0 0 0 0 0 0 0 0 1
0 0 0 0 0 0 0 0 0 0 0 0 0 0 0 0 0 0 1 0 0 0 0 0 0 0 0 0 0 0 0 0 0 0 0 0 0 0 0 0 0 0 0 0 0 0 0 0 0 0 0 0 0 0 0 0 0 0 0 0 0 0 0 0 0 0 0 0 0 0 0 0 0 0 0 0 0 0 0 0 0 0 0 0 0 0 0 0 0 0 0 0 0 0 0 0 0 0 0 0 1
0 0 0 0 0 0 0 0 0 0 0 0 0 0 0 0 0 0 0 0 0 0 0 0 0 0 0 0 0 0 0 0 0 0 0 0 0 0 0 0 0 0 0 0 0 0 0 0 0 0 0 0 0 0 0 0 0 0 0 0 0 0 0 0 0 0 0 0 0 0 0 0 0 0 0 0 0 0 0 0 0 0 0 0 0 0 0 0 1 0 0 0 0 0 0 0 0 0 0 0 1
0 0 0 0 0 0 0 0 0 0 0 0 0 0 0 0 0 0 0 0 0 0 0 0 0 0 0 0 0 0 0 0 0 0 0 0 0 0 0 0 0 0 0 0 0 0 0 0 0 0 0 0 0 0 0 0 0 0 0 0 0 0 1 0 0 0 0 0 0 0 0 0 0 0 0 0 0 0 0 0 0 0 0 0 0 0 0 0 0 0 0 0 0 0 0 0 0 0 0 0 1
0 0 0 0 0 0 0 0 0 0 0 0 0 0 0 0 0 0 0 0 0 0 0 0 0 0 0 0 0 0 0 0 0 0 0 0 0 0 0 0 0 0 0 0 0 0 0 0 0 0 0 0 0 0 0 0 0 0 0 0 0 0 0 1 0 0 0 0 0 0 0 0 0 0 0 0 0 0 0 0 0 0 0 0 0 0 0 0 0 0 0 0 0 0 0 0 0 0 0 0 1
1 0 0 0 0 0 0 0 0 0 0 0 0 0 0 0 0 0 0 0 0 0 0 0 0 0 0 0 0 0 0 0 0 0 0 0 0 0 0 0 0 0 0 0 0 0 0 0 0 0 0 0 0 0 0 0 0 0 0 0 0 0 0 0 0 0 0 0 0 0 0 0 0 0 0 0 0 0 0 0 0 0 0 0 0 0 0 0 0 0 0 0 0 0 0 0 0 0 0 0 1
0 0 0 0 0 0 0 0 0 0 0 0 0 0 0 0 0 0 0 0 0 0 0 0 0 0 0 0 0 0 0 0 0 0 0 0 0 0 0 0 0 0 0 0 0 0 0 0 0 0 0 0 0 0 0 0 0 0 0 0 0 0 0 0 0 0 0 0 0 0 1 0 0 0 0 0 0 0 0 0 0 0 0 0 0 0 0 0 0 0 0 0 0 0 0 0 0 0 0 0 1
0 0 0 0 0 0 0 0 0 0 0 0 0 0 0 0 0 0 0 0 0 0 0 0 0 0 0 0 0 0 0 0 0 0 0 0 0 0 0 0 0 0 0 0 0 0 0 0 0 0 0 0 0 0 0 0 0 0 0 0 0 0 0 0 0 0 0 0 0 0 0 0 0 0 0 0 0 0 0 0 0 0 0 0 0 0 0 0 0 0 0 0 0 0 0 0 0 0 0 1 1
0 0 0 0 0 0 0 0 0 0 0 0 0 0 0 0 0 0 0 0 0 0 0 0 0 0 0 0 0 0 0 0 0 0 0 0 0 0 0 0 0 0 0 0 0 0 0 0 0 0 0 0 0 0 0 0 0 0 0 0 0 0 0 0 0 0 0 0 0 1 0 0 0 0 0 0 0 0 0 0 0 0 0 0 0 0 0 0 0 0 0 0 0 0 0 0 0 0 0 0 1
0 0 0 0 0 0 0 0 0 0 0 0 0 0 0 0 0 0 0 0 0 0 0 0 0 0 0 0 0 0 0 0 1 0 0 0 0 0 0 0 0 0 0 0 0 0 0 0 0 0 0 0 0 0 0 0 0 0 0 0 0 0 0 0 0 0 0 0 0 0 0 0 0 0 0 0 0 0 0 0 0 0 0 0 0 0 0 0 0 0 0 0 0 0 0 0 0 0 0 0 1
0 0 0 0 0 0 0 0 0 0 0 0 0 0 0 0 0 0 0 0 0 0 0 0 0 0 0 0 0 0 0 0 0 0 0 0 0 0 0 0 0 0 0 0 0 0 0 0 0 0 0 0 0 0 0 0 0 0 0 0 0 1 0 0 0 0 0 0 0 0 0 0 0 0 0 0 0 0 0 0 0 0 0 0 0 0 0 0 0 0 0 0 0 0 0 0 0 0 0 0 1
0 0 0 0 0 0 0 0 0 0 0 0 0 0 0 0 0 0 0 0 1 0 0 0 0 0 0 0 0 0 0 0 0 0 0 0 0 0 0 0 0 0 0 0 0 0 0 0 0 0 0 0 0 0 0 0 0 0 0 0 0 0 0 0 0 0 0 0 0 0 0 0 0 0 0 0 0 0 0 0 0 0 0 0 0 0 0 0 0 0 0 0 0 0 0 0 0 0 0 0 1
0 0 0 0 0 0 0 0 0 0 0 0 0 0 0 0 0 0 0 0 0 0 0 0 0 0 0 0 1 0 0 0 0 0 0 0 0 0 0 0 0 0 0 0 0 0 0 0 0 0 0 0 0 0 0 0 0 0 0 0 0 0 0 0 0 0 0 0 0 0 0 0 0 0 0 0 0 0 0 0 0 0 0 0 0 0 0 0 0 0 0 0 0 0 0 0 0 0 0 0 1
0 0 0 0 0 0 0 0 0 0 0 0 1 0 0 0 0 0 0 0 0 0 0 0 0 0 0 0 0 0 0 0 0 0 0 0 0 0 0 0 0 0 0 0 0 0 0 0 0 0 0 0 0 0 0 0 0 0 0 0 0 0 0 0 0 0 0 0 0 0 0 0 0 0 0 0 0 0 0 0 0 0 0 0 0 0 0 0 0 0 0 0 0 0 0 0 0 0 0 0 1
0 0 0 0 0 0 0 0 0 0 0 0 0 0 0 0 0 0 0 0 0 0 0 0 0 0 0 0 0 0 0 0 0 0 0 0 0 0 0 0 0 0 0 0 0 0 0 0 0 0 0 0 0 0 0 0 0 0 0 0 0 0 0 0 0 0 0 0 0 0 0 0 0 0 0 0 0 0 0 0 0 0 0 0 0 0 0 0 0 0 0 0 0 0 0 0 0 0 0 1 1
0 0 0 0 0 0 0 0 0 0 0 0 0 0 0 0 0 0 0 0 0 0 0 0 0 0 0 0 0 0 0 0 0 0 0 0 0 0 0 0 0 0 0 0 0 0 0 0 0 0 0 0 0 0 0 0 0 0 0 0 0 0 0 0 0 0 0 0 0 0 0 0 0 0 0 0 0 0 0 0 0 0 0 0 0 0 0 0 0 0 0 0 0 0 0 0 0 1 0 0 1
0 0 0 0 0 0 0 0 0 0 0 0 0 0 0 0 0 0 0 0 0 0 0 0 0 0 0 0 0 0 0 0 0 0 0 0 0 0 0 0 0 0 0 0 0 0 0 0 0 0 0 0 0 0 1 0 0 0 0 0 0 0 0 0 0 0 0 0 0 0 0 0 0 0 0 0 0 0 0 0 0 0 0 0 0 0 0 0 0 0 0 0 0 0 0 0 0 0 0 0 1
0 0 0 0 0 0 0 0 0 0 0 0 0 0 0 0 0 0 0 0 1 0 0 0 0 0 0 0 0 0 0 0 0 0 0 0 0 0 0 0 0 0 0 0 0 0 0 0 0 0 0 0 0 0 0 0 0 0 0 0 0 0 0 0 0 0 0 0 0 0 0 0 0 0 0 0 0 0 0 0 0 0 0 0 0 0 0 0 0 0 0 0 0 0 0 0 0 0 0 0 1
0 0 0 0 0 0 0 0 0 0 0 0 0 0 0 0 0 0 0 0 0 0 0 0 0 0 0 1 0 0 0 0 0 0 0 0 0 0 0 0 0 0 0 0 0 0 0 0 0 0 0 0 0 0 0 0 0 0 0 0 0 0 0 0 0 0 0 0 0 0 0 0 0 0 0 0 0 0 0 0 0 0 0 0 0 0 0 0 0 0 0 0 0 0 0 0 0 0 0 0 1
0 0 0 0 0 0 0 0 0 0 0 0 0 0 0 0 0 0 0 0 0 0 0 1 0 0 0 0 0 0 0 0 0 0 0 0 0 0 0 0 0 0 0 0 0 0 0 0 0 0 0 0 0 0 0 0 0 0 0 0 0 0 0 0 0 0 0 0 0 0 0 0 0 0 0 0 0 0 0 0 0 0 0 0 0 0 0 0 0 0 0 0 0 0 0 0 0 0 0 0 1
0 0 0 0 0 0 0 0 0 0 0 0 0 0 0 0 0 0 0 0 0 0 0 0 0 0 0 0 0 0 0 0 0 0 0 1 0 0 0 0 0 0 0 0 0 0 0 0 0 0 0 0 0 0 0 0 0 0 0 0 0 0 0 0 0 0 0 0 0 0 0 0 0 0 0 0 0 0 0 0 0 0 0 0 0 0 0 0 0 0 0 0 0 0 0 0 0 0 0 0 1
0 0 0 0 0 0 0 0 0 0 0 0 0 0 0 0 0 0 0 0 0 0 0 0 0 0 0 0 0 0 0 0 0 0 0 0 0 0 0 0 0 0 0 0 0 0 0 0 0 0 0 0 0 0 0 0 0 0 0 0 0 0 0 0 0 0 0 0 0 0 0 0 0 0 0 0 0 0 0 0 1 0 0 0 0 0 0 0 0 0 0 0 0 0 0 0 0 0 0 0 1
0 0 0 0 0 0 0 0 0 0 0 0 0 0 0 0 0 0 0 0 0 0 0 0 0 0 0 0 0 0 0 0 0 0 0 0 0 0 0 1 0 0 0 0 0 0 0 0 0 0 0 0 0 0 0 0 0 0 0 0 0 0 0 0 0 0 0 0 0 0 0 0 0 0 0 0 0 0 0 0 0 0 0 0 0 0 0 0 0 0 0 0 0 0 0 0 0 0 0 0 1
0 0 0 0 0 0 0 0 0 0 0 0 0 0 0 0 0 0 0 0 0 0 0 0 0 0 0 0 0 0 0 0 0 0 0 0 0 0 0 0 0 0 0 0 0 0 0 0 0 0 0 0 0 0 0 0 0 0 0 0 0 0 0 0 0 0 0 0 0 0 0 0 0 0 1 0 0 0 0 0 0 0 0 0 0 0 0 0 0 0 0 0 0 0 0 0 0 0 0 0 1
0 0 0 0 0 0 0 0 0 0 0 0 0 0 0 0 0 1 0 0 0 0 0 0 0 0 0 0 0 0 0 0 0 0 0 0 0 0 0 0 0 0 0 0 0 0 0 0 0 0 0 0 0 0 0 0 0 0 0 0 0 0 0 0 0 0 0 0 0 0 0 0 0 0 0 0 0 0 0 0 0 0 0 0 0 0 0 0 0 0 0 0 0 0 0 0 0 0 0 0 1
0 0 0 0 0 0 0 0 0 0 0 0 0 0 0 0 0 0 0 0 0 0 0 0 0 0 0 0 0 0 0 0 0 0 0 0 0 0 0 0 0 0 0 0 0 0 0 0 0 0 0 0 0 0 0 0 0 0 0 0 0 0 0 0 0 0 0 0 0 0 0 0 0 0 0 0 0 0 0 0 0 0 0 0 0 0 0 0 0 0 0 0 1 0 0 0 0 0 0 0 1
0 0 0 0 0 0 0 0 0 0 0 0 0 0 0 0 0 0 0 0 0 0 0 0 0 0 0 0 0 0 0 0 0 0 0 0 1 0 0 0 0 0 0 0 0 0 0 0 0 0 0 0 0 0 0 0 0 0 0 0 0 0 0 0 0 0 0 0 0 0 0 0 0 0 0 0 0 0 0 0 0 0 0 0 0 0 0 0 0 0 0 0 0 0 0 0 0 0 0 0 1
0 0 0 0 0 0 0 0 0 0 0 0 0 0 0 0 0 0 0 0 0 0 0 0 0 0 0 0 0 0 0 0 0 0 0 0 0 0 0 0 1 0 0 0 0 0 0 0 0 0 0 0 0 0 0 0 0 0 0 0 0 0 0 0 0 0 0 0 0 0 0 0 0 0 0 0 0 0 0 0 0 0 0 0 0 0 0 0 0 0 0 0 0 0 0 0 0 0 0 0 1
0 0 0 0 0 0 0 0 0 0 0 0 0 0 0 0 0 0 0 0 0 0 0 0 0 0 0 0 0 0 0 0 0 0 0 0 0 0 0 0 0 0 0 0 0 0 0 0 0 0 0 0 0 0 0 0 0 0 0 0 0 0 0 0 0 0 0 0 0 0 0 0 0 0 0 0 0 0 0 0 0 0 0 1 0 0 0 0 0 0 0 0 0 0 0 0 0 0 0 0 1
0 0 0 0 0 0 0 0 0 0 0 0 0 0 0 0 0 0 0 0 0 0 0 0 0 0 0 0 0 0 0 0 0 0 0 0 0 0 0 0 0 0 0 0 0 0 0 0 0 0 0 0 0 0 0 0 0 0 0 0 0 0 0 0 0 0 0 0 0 0 1 0 0 0 0 0 0 0 0 0 0 0 0 0 0 0 0 0 0 0 0 0 0 0 0 0 0 0 0 0 1
0 0 0 0 0 0 0 0 0 0 0 0 0 0 0 0 0 0 0 0 0 0 0 0 0 0 0 0 0 0 0 0 0 0 0 0 0 1 0 0 0 0 0 0 0 0 0 0 0 0 0 0 0 0 0 0 0 0 0 0 0 0 0 0 0 0 0 0 0 0 0 0 0 0 0 0 0 0 0 0 0 0 0 0 0 0 0 0 0 0 0 0 0 0 0 0 0 0 0 0 1
0 0 0 0 0 0 0 0 0 0 0 0 0 0 0 0 0 0 0 0 0 0 0 0 0 0 0 0 0 0 0 0 0 0 0 0 0 0 0 0 1 0 0 0 0 0 0 0 0 0 0 0 0 0 0 0 0 0 0 0 0 0 0 0 0 0 0 0 0 0 0 0 0 0 0 0 0 0 0 0 0 0 0 0 0 0 0 0 0 0 0 0 0 0 0 0 0 0 0 0 1
0 0 0 0 0 0 0 0 0 0 0 0 1 0 0 0 0 0 0 0 0 0 0 0 0 0 0 0 0 0 0 0 0 0 0 0 0 0 0 0 0 0 0 0 0 0 0 0 0 0 0 0 0 0 0 0 0 0 0 0 0 0 0 0 0 0 0 0 0 0 0 0 0 0 0 0 0 0 0 0 0 0 0 0 0 0 0 0 0 0 0 0 0 0 0 0 0 0 0 0 1
0 0 0 0 0 0 0 0 0 0 0 0 0 0 0 0 0 0 0 0 0 0 0 0 0 0 0 0 0 0 0 0 0 0 0 0 0 0 0 0 0 0 0 0 0 0 0 0 0 0 0 0 0 0 0 0 0 0 0 0 0 0 0 0 0 0 0 0 1 0 0 0 0 0 0 0 0 0 0 0 0 0 0 0 0 0 0 0 0 0 0 0 0 0 0 0 0 0 0 0 1
0 0 0 0 0 0 0 0 0 0 0 0 0 0 0 0 0 0 0 0 0 0 0 0 0 0 0 0 0 0 0 0 0 0 0 0 0 0 0 0 0 0 0 0 0 0 0 0 0 0 0 0 0 0 0 0 0 0 0 0 0 0 0 0 0 0 0 0 0 0 0 0 0 0 0 0 0 0 0 0 0 0 1 0 0 0 0 0 0 0 0 0 0 0 0 0 0 0 0 0 1
0 0 0 0 0 0 0 0 0 0 0 0 0 0 0 0 0 0 0 0 0 0 0 0 0 0 0 0 0 0 0 0 0 0 0 0 0 0 0 1 0 0 0 0 0 0 0 0 0 0 0 0 0 0 0 0 0 0 0 0 0 0 0 0 0 0 0 0 0 0 0 0 0 0 0 0 0 0 1 0 0 0 0 0 0 0 0 0 0 0 0 0 0 0 0 0 0 0 0 0 2
0 0 0 0 0 0 0 0 0 0 0 0 0 0 0 0 0 0 0 0 0 0 0 0 0 0 0 0 0 0 0 0 0 0 0 0 0 0 0 0 0 0 0 0 0 0 0 0 0 0 0 0 0 0 0 0 1 0 0 0 0 0 0 0 0 0 0 0 0 0 0 0 0 0 0 0 0 0 0 1 0 0 0 0 0 0 0 0 0 0 0 0 0 0 0 0 0 0 0 0 2
0 0 0 0 0 0 0 0 0 0 0 0 0 0 0 0 0 0 0 0 0 0 0 0 0 0 0 0 0 0 0 0 0 0 0 0 0 0 0 0 0 0 0 0 0 0 0 0 0 0 0 0 0 0 0 0 0 0 0 0 0 0 0 0 0 0 0 1 0 0 0 0 0 0 0 0 0 0 0 0 0 0 0 0 0 0 0 0 0 0 0 0 0 0 0 0 0 0 0 0 1
0 0 0 0 0 0 0 0 0 0 0 0 0 0 0 0 0 0 0 0 1 0 0 0 0 0 0 0 0 0 0 0 0 0 0 0 0 0 0 0 0 0 0 0 0 0 0 0 0 0 0 0 0 0 0 0 0 0 0 0 0 0 0 0 0 0 0 0 0 0 0 0 0 0 0 0 0 0 0 0 0 0 0 0 0 0 0 0 0 0 0 0 0 0 0 0 0 0 0 0 1
0 0 0 0 0 0 0 0 0 0 0 0 0 0 0 0 0 0 0 0 0 0 0 0 0 0 0 0 0 0 0 0 0 0 0 0 0 0 0 0 0 0 0 0 0 0 0 0 0 0 0 0 0 0 0 0 0 0 0 0 0 0 0 0 0 0 0 0 0 0 0 0 0 0 0 0 0 0 0 1 0 0 0 0 0 0 0 0 0 0 0 0 0 0 0 0 0 0 0 0 1
0 0 0 0 0 0 0 0 0 0 0 0 0 0 0 0 0 0 0 0 0 0 0 0 0 0 0 0 0 0 0 0 0 0 0 0 0 0 0 0 0 0 0 0 0 0 0 0 0 0 0 0 0 0 1 0 0 0 0 0 0 0 0 0 0 0 0 0 0 0 0 0 0 0 0 0 0 0 0 0 0 0 0 0 0 0 0 0 0 0 0 0 0 0 0 0 0 0 0 0 1
0 0 0 0 0 0 0 0 0 0 0 0 0 0 0 0 0 0 0 0 0 0 0 0 0 0 0 0 0 0 0 0 0 0 0 0 0 0 0 0 0 0 0 0 0 0 0 0 0 0 0 0 0 0 0 0 0 0 0 0 0 0 0 0 0 0 0 0 0 0 0 0 0 0 1 0 0 0 0 0 0 0 0 0 0 0 0 0 0 0 0 0 0 0 0 0 0 0 0 0 1
0 0 0 0 0 0 0 0 0 0 0 0 0 0 0 0 0 0 0 0 0 0 0 0 0 0 1 0 0 0 0 0 0 0 0 0 0 0 0 0 0 0 0 0 0 0 0 0 0 0 0 0 0 0 0 0 0 0 0 0 0 0 0 0 0 0 0 0 0 0 0 0 0 0 0 0 0 0 0 0 0 0 0 0 0 0 0 0 0 0 0 0 0 0 0 0 0 0 0 0 1
0 0 0 0 0 0 0 0 0 0 0 0 0 0 0 0 0 0 0 0 0 0 0 0 0 0 0 0 0 0 0 0 0 0 0 0 0 0 0 1 0 0 0 0 0 0 0 0 0 0 0 0 0 0 0 0 0 0 0 0 0 0 0 0 0 0 0 0 0 0 0 0 0 0 0 0 0 0 0 0 0 0 0 0 0 0 0 0 0 0 0 0 0 0 0 0 0 0 0 0 1
0 0 0 0 0 0 0 0 0 0 0 0 0 0 0 0 0 0 0 0 0 0 0 0 1 0 0 0 0 0 0 0 0 0 0 0 0 0 0 0 0 0 0 0 0 0 0 0 0 0 0 0 0 0 0 0 0 0 0 0 0 0 0 0 0 0 0 0 0 0 0 0 0 0 0 0 0 0 0 0 0 0 0 0 0 0 0 0 0 0 0 0 0 0 0 0 0 0 0 0 1
0 0 0 0 0 0 0 0 0 0 0 0 0 0 0 0 0 0 0 0 0 0 0 0 0 0 0 0 0 0 0 0 0 0 0 0 0 0 0 0 0 0 0 0 0 0 0 0 0 0 0 0 0 0 0 0 0 0 0 0 0 0 0 0 0 0 0 0 0 0 0 0 0 0 0 0 0 0 0 0 0 0 0 1 0 0 0 0 0 0 0 0 0 0 0 0 0 0 0 0 1
0 0 0 0 0 0 0 0 0 0 0 0 0 0 0 0 0 0 0 0 0 0 0 0 0 0 0 0 0 0 0 0 0 0 0 0 0 0 0 0 0 0 0 0 0 0 0 0 0 0 1 0 0 0 0 0 0 0 0 0 0 0 0 0 0 0 0 0 0 0 0 0 0 0 0 0 0 0 0 0 0 0 0 0 0 0 0 0 0 0 0 0 0 0 0 0 0 0 0 0 1
0 0 0 0 0 0 0 0 0 0 0 0 0 0 0 0 0 0 0 0 0 0 0 0 0 0 0 1 0 0 0 0 0 0 0 0 0 0 0 0 0 0 0 0 0 0 0 0 0 0 0 0 0 0 0 0 0 0 0 0 0 0 0 0 0 0 0 0 0 0 0 0 0 0 0 0 0 0 0 0 0 0 0 0 0 0 0 0 0 0 0 0 0 0 0 0 0 0 0 0 1
0 0 0 0 0 0 0 0 0 0 0 0 0 0 0 0 0 0 0 0 0 0 0 0 0 0 0 0 0 0 0 0 0 0 0 0 0 0 0 0 0 0 0 0 0 0 0 0 0 0 0 0 0 0 0 0 0 0 0 0 0 0 0 0 0 0 0 0 0 0 0 0 0 0 0 0 0 0 0 0 0 0 0 0 0 0 1 0 0 0 0 0 0 0 0 0 0 0 0 0 1
0 0 0 0 0 0 0 0 0 0 0 0 0 0 0 0 0 0 0 0 0 0 0 0 0 0 0 0 0 0 0 0 0 0 0 0 0 0 0 0 0 0 0 0 0 0 1 0 0 0 0 0 0 0 0 0 0 0 0 0 0 0 0 0 0 0 0 0 0 0 0 0 0 0 0 0 0 0 0 0 0 0 0 0 0 0 0 0 0 0 0 0 0 0 0 0 0 0 0 0 1
0 0 0 0 0 0 0 0 0 0 0 0 0 0 0 0 0 0 0 0 0 0 0 0 0 0 0 0 0 0 0 0 0 0 0 0 0 1 0 0 0 0 0 0 0 0 0 0 0 0 0 0 0 0 0 0 0 0 0 0 0 0 0 0 0 0 0 0 0 0 0 0 0 0 0 0 0 0 0 0 0 0 0 0 0 0 0 0 0 0 0 0 0 0 0 0 0 0 0 0 1
0 0 0 0 0 0 0 0 0 0 0 0 0 0 0 0 0 0 0 0 0 0 0 0 0 0 0 0 0 0 0 0 0 0 0 0 0 0 0 0 0 0 0 0 0 0 0 0 0 0 0 0 0 0 0 0 0 0 0 0 0 0 0 0 0 0 0 0 0 0 0 0 0 0 0 0 0 0 0 0 0 0 0 0 0 0 0 0 0 0 1 0 0 0 0 0 0 0 0 0 1
0 0 0 0 0 0 0 0 0 0 0 0 0 0 0 0 0 0 0 0 0 0 0 0 0 0 0 0 0 0 1 0 0 0 0 0 0 0 0 0 0 0 0 0 0 0 0 0 0 0 0 0 0 0 0 0 0 0 0 0 0 0 0 0 0 0 0 0 0 0 0 0 0 0 0 0 0 0 0 0 0 0 0 0 0 0 0 0 0 0 0 0 0 0 0 0 0 0 0 0 1
0 0 0 0 0 0 0 0 0 0 0 0 0 0 0 0 0 0 0 0 0 0 0 0 0 0 0 0 0 0 0 0 0 0 0 0 0 0 0 0 0 0 0 0 0 0 0 0 0 0 0 0 0 0 0 0 0 0 0 0 0 0 0 0 0 0 0 0 0 0 0 0 0 0 0 0 1 0 0 0 0 0 0 0 0 0 0 0 0 0 0 0 0 0 0 0 0 0 0 0 1
0 0 0 0 0 0 0 0 0 0 0 0 0 0 0 0 0 0 0 0 1 0 0 0 0 0 0 0 0 0 0 0 0 0 0 0 0 0 0 0 0 0 0 0 0 0 0 0 0 0 0 0 0 0 0 0 0 0 0 0 0 0 0 0 0 0 0 0 0 0 0 0 0 0 0 0 0 0 0 0 0 0 0 0 0 0 0 0 0 0 0 0 0 0 0 0 0 0 0 0 1
0 0 0 0 0 0 0 0 0 0 0 0 0 0 0 1 0 0 0 0 0 0 0 0 0 0 0 0 0 0 0 0 0 0 0 0 0 0 0 0 0 0 0 0 0 0 0 0 0 0 0 0 0 0 0 0 0 0 0 0 0 0 0 0 0 0 0 0 0 0 0 0 0 0 0 0 0 0 0 0 0 0 0 0 0 0 0 0 0 0 0 0 0 0 0 0 0 0 0 0 1
0 0 0 0 0 0 0 0 0 0 0 0 0 0 0 0 0 0 0 0 0 0 0 0 0 0 0 0 0 0 0 0 0 0 0 0 0 0 0 0 0 0 0 0 0 0 0 0 0 0 0 0 0 0 0 0 0 0 0 0 0 0 0 0 0 0 0 0 0 0 0 0 0 0 0 0 0 0 0 0 0 0 0 1 0 0 0 0 0 0 0 0 0 0 0 0 0 0 0 0 1
0 0 0 0 0 0 0 0 0 0 0 0 0 0 0 0 0 0 0 0 0 0 0 0 0 0 0 0 0 0 0 0 0 0 1 0 0 0 0 0 0 0 0 0 0 0 0 0 0 0 0 0 0 0 0 0 0 0 0 0 0 0 0 0 0 0 0 0 0 0 0 0 0 0 0 0 0 0 0 0 0 0 0 0 0 0 0 0 0 0 0 0 0 0 0 0 0 0 0 0 1
0 0 0 0 0 0 0 0 0 0 0 0 0 0 0 0 0 0 0 0 0 0 0 0 0 0 0 0 0 0 0 0 0 0 0 0 0 0 0 0 0 0 0 0 0 0 0 0 0 0 0 0 0 0 0 0 0 0 0 0 0 0 0 0 1 0 0 0 0 0 0 0 0 0 0 0 0 0 0 0 0 0 0 0 0 0 0 0 0 0 0 0 0 0 0 0 0 0 0 0 1
0 0 0 0 0 0 0 0 0 0 0 0 0 0 0 0 0 0 0 0 0 0 0 0 0 0 0 0 0 0 0 0 0 0 0 0 0 0 0 0 0 0 0 0 0 0 0 0 0 0 0 0 0 0 0 0 0 0 0 0 0 0 0 0 0 0 0 0 0 0 0 0 0 0 0 0 0 0 0 0 1 0 0 0 0 0 0 0 0 0 0 0 0 0 0 0 0 0 0 0 1
0 0 0 0 0 0 0 0 0 0 0 0 0 0 0 0 0 0 0 0 0 0 0 0 0 0 0 0 0 0 0 0 0 1 0 0 0 0 0 0 0 0 0 0 0 0 0 0 0 0 0 0 0 0 0 0 0 0 0 0 0 0 0 0 0 0 0 0 0 0 0 0 0 0 0 0 0 0 0 0 0 0 0 0 0 0 0 0 0 0 0 0 0 0 0 0 0 0 0 0 1
0 0 0 0 0 0 0 0 0 0 0 0 0 0 0 0 0 0 0 0 0 0 0 0 0 0 0 0 0 0 0 0 0 0 0 1 0 0 0 0 0 0 0 0 0 0 0 0 0 0 0 0 0 0 0 0 0 0 0 0 0 0 0 0 0 0 0 0 0 0 0 0 0 0 0 0 0 0 0 0 0 0 0 0 0 0 0 0 0 0 0 0 0 0 0 0 0 0 0 0 1
0 0 0 0 0 0 0 0 0 0 0 0 0 0 0 0 0 0 0 0 0 0 0 0 0 0 0 0 0 0 0 0 0 0 0 0 0 0 0 0 0 0 0 0 0 0 0 0 0 0 0 0 0 0 0 0 0 0 0 1 0 0 0 0 0 0 0 0 0 0 0 0 0 0 0 0 0 0 0 0 0 0 0 0 0 0 0 0 0 0 0 0 0 0 0 0 0 0 0 0 1
0 0 0 0 0 0 0 0 0 0 0 0 0 0 0 0 0 0 0 0 0 0 0 0 1 0 0 0 0 0 0 0 0 0 0 0 0 0 0 0 0 0 0 0 0 0 0 0 0 0 0 0 0 0 0 0 0 0 0 0 0 0 0 0 0 0 0 0 0 0 0 0 0 0 0 0 0 0 0 0 0 0 0 0 0 0 0 0 0 0 0 0 0 0 0 0 0 0 0 0 1
0 0 0 0 0 0 0 0 0 0 0 0 0 0 0 0 0 0 0 0 0 0 0 0 0 0 0 0 0 0 0 0 0 0 0 0 0 0 0 0 0 0 0 0 0 0 0 0 0 0 0 0 0 0 0 0 0 0 0 0 0 0 0 0 0 0 0 0 0 0 0 1 0 0 0 0 0 0 0 0 0 0 0 0 0 0 0 0 0 0 0 0 0 0 0 0 0 0 0 0 1
0 0 0 0 0 0 0 0 0 0 0 0 0 0 0 0 0 0 0 0 0 0 0 0 0 0 1 0 0 0 0 0 0 0 0 0 0 0 0 0 0 0 0 0 0 0 0 0 0 0 0 0 0 0 0 0 0 0 0 0 0 0 0 0 0 0 0 0 0 0 0 0 0 0 0 0 0 0 0 0 0 0 0 0 0 0 0 0 0 0 0 0 0 0 0 0 0 0 0 0 1
0 0 0 0 0 0 0 0 0 0 0 0 0 0 0 0 0 0 0 0 0 0 0 0 0 0 0 0 0 0 0 0 0 0 0 0 0 0 0 0 0 0 0 0 0 0 0 0 0 0 0 0 0 0 0 0 0 0 0 0 0 0 1 0 0 0 0 0 0 0 0 0 0 0 0 0 0 0 0 0 0 0 0 0 0 0 0 0 0 0 0 0 0 0 0 0 0 0 0 0 1
0 0 0 0 0 0 0 0 1 0 0 0 0 0 0 0 0 0 0 0 0 0 0 0 0 0 0 0 0 0 0 0 0 0 0 0 0 0 0 0 0 0 0 0 0 0 0 0 0 0 0 0 0 0 0 0 0 0 0 0 0 0 0 0 0 0 0 0 0 0 0 0 0 0 0 0 0 0 0 0 0 0 0 0 0 0 0 0 0 0 0 0 0 0 0 0 0 0 0 0 1
0 0 0 0 0 0 0 0 0 0 0 0 0 0 0 0 0 0 0 0 0 0 0 0 0 0 0 0 0 0 0 0 0 0 0 0 0 0 0 0 0 0 0 0 0 0 0 0 0 0 0 0 0 0 1 0 0 0 0 0 0 0 0 0 0 0 0 0 0 0 0 0 0 0 0 0 0 0 0 0 0 0 0 0 0 0 0 0 0 0 0 0 0 0 0 0 0 0 0 0 1
0 0 0 0 0 0 0 0 0 0 0 0 0 0 0 0 0 0 0 0 0 0 0 0 0 0 0 0 0 0 0 0 0 0 0 0 0 0 0 0 0 0 0 0 0 0 0 0 0 0 0 0 0 0 0 0 0 0 0 0 0 0 0 0 0 0 0 0 0 0 0 0 0 0 0 0 0 0 0 0 0 0 0 0 1 0 0 0 0 0 0 0 0 0 0 0 0 0 0 0 1
0 0 0 0 0 0 0 0 0 0 0 0 0 0 0 0 0 0 0 0 0 0 0 0 0 0 0 0 0 0 0 0 0 0 0 0 0 0 1 0 0 0 0 0 0 0 0 0 0 0 0 0 0 0 0 0 0 0 0 0 0 0 0 0 0 0 0 0 0 0 0 0 0 0 0 0 0 0 0 0 0 0 0 0 0 0 0 0 0 0 0 0 0 0 0 0 0 0 0 0 1
0 0 0 0 0 0 0 0 0 0 0 0 0 0 0 0 0 0 0 0 0 0 0 0 0 0 0 0 0 0 0 0 0 0 0 0 0 0 0 0 0 0 0 0 0 0 0 0 0 0 0 0 0 0 0 0 0 0 0 0 0 0 0 0 0 0 0 0 0 0 1 0 0 0 0 0 0 0 0 0 0 0 0 0 0 0 0 0 0 0 0 0 0 0 0 0 0 0 0 0 1
0 0 0 0 0 0 0 0 0 0 0 0 0 0 0 0 0 0 0 0 0 0 0 0 0 0 0 0 0 0 0 0 0 0 0 0 0 0 0 0 1 0 0 0 0 0 0 0 0 0 0 0 0 0 0 0 0 0 0 0 0 0 0 0 0 0 0 0 0 0 0 0 0 0 0 0 0 0 0 0 0 0 0 0 0 0 0 0 0 0 0 0 0 0 0 0 0 0 0 0 1
0 0 0 0 0 0 0 0 0 0 0 0 0 0 0 0 0 0 0 0 0 0 0 0 0 0 0 0 0 1 0 0 0 0 0 0 0 0 0 0 0 0 0 0 0 0 0 0 0 0 0 0 0 0 0 0 0 0 0 0 0 0 0 0 0 0 0 0 0 0 0 0 0 0 0 0 0 0 0 0 0 0 0 0 0 0 0 0 0 0 0 0 0 0 0 0 0 0 0 0 1
0 0 0 0 0 0 0 0 0 0 0 0 0 0 0 0 0 0 0 0 0 0 0 0 0 0 0 0 0 0 0 0 0 0 0 0 0 0 0 0 0 0 0 0 0 0 0 0 0 0 0 0 0 0 0 0 0 0 0 0 0 0 0 0 0 0 0 0 0 0 0 0 0 0 0 0 0 0 0 0 0 0 0 0 0 1 0 0 0 0 0 0 0 0 0 0 0 0 0 0 1
0 0 0 0 0 0 0 0 0 0 0 0 0 0 0 0 0 0 0 0 0 0 0 0 0 0 0 0 0 0 0 0 0 0 0 0 0 0 0 0 0 0 0 0 0 0 0 0 0 0 0 0 0 0 0 0 0 0 0 0 0 0 0 0 0 0 0 0 0 0 0 0 0 1 0 0 0 0 0 0 0 0 0 0 0 0 0 0 0 0 0 0 0 0 0 0 0 0 0 0 1
0 0 1 0 0 0 0 0 0 0 0 0 0 0 0 0 0 0 0 0 0 0 0 0 0 0 0 0 0 0 0 0 0 0 0 0 0 0 0 0 0 0 0 0 0 0 0 0 0 0 0 0 0 0 0 0 0 0 0 0 0 0 0 0 0 0 0 0 0 0 0 0 0 0 0 0 0 0 0 0 0 0 0 0 0 0 0 0 0 0 0 0 0 0 0 0 0 0 0 0 1
0 0 0 0 0 0 0 0 0 0 0 0 0 0 0 0 0 0 0 0 0 0 0 0 0 0 0 0 0 0 0 0 0 0 0 0 0 0 0 0 0 0 0 0 0 0 0 0 0 0 0 0 0 0 0 0 0 0 0 0 0 0 0 0 0 0 0 0 0 0 0 0 0 0 0 0 0 0 0 0 0 0 0 0 1 0 0 0 0 0 0 0 0 0 0 0 0 0 0 0 1
0 0 0 0 0 0 0 0 0 0 0 0 0 0 0 0 0 0 0 0 0 0 0 0 0 0 0 0 0 0 0 1 0 0 0 0 0 0 0 0 0 0 0 0 0 0 0 0 0 0 0 0 0 0 0 0 0 0 0 0 0 0 0 0 0 0 0 0 0 0 0 0 0 0 0 0 0 0 0 0 0 0 0 0 0 0 0 0 0 0 0 0 0 0 0 0 0 0 0 0 1
0 0 0 0 0 0 0 0 0 0 0 0 0 0 0 0 0 0 0 0 0 0 0 0 0 0 0 0 0 0 0 0 0 0 0 0 0 0 0 0 0 0 0 0 0 0 0 0 0 0 0 0 0 0 0 0 0 0 0 0 0 0 0 0 0 0 0 0 0 0 0 0 0 0 0 0 0 1 0 0 0 0 0 0 0 0 0 0 0 0 0 0 0 0 0 0 0 0 0 0 1
0 0 0 0 0 0 0 0 0 0 0 0 0 0 0 0 0 0 0 0 0 0 0 0 0 0 0 0 0 0 0 0 0 0 0 0 0 0 0 0 0 0 0 0 0 0 0 0 0 0 0 0 0 0 0 0 0 0 0 0 0 0 0 0 0 0 0 0 0 0 0 0 1 0 0 0 0 0 0 0 0 0 0 0 0 0 0 0 0 0 0 0 0 0 0 0 0 0 0 0 1
0 0 0 0 0 0 1 0 0 0 0 0 0 0 0 0 0 0 0 0 0 0 0 0 0 0 0 0 0 0 0 0 0 0 0 0 0 0 0 0 0 0 0 0 0 0 0 0 0 0 0 0 0 0 0 0 0 0 0 0 0 0 0 0 0 0 0 0 0 0 0 0 0 0 0 0 0 0 0 0 0 0 0 0 0 0 0 1 0 0 0 0 0 0 0 0 0 0 0 0 2
36 42 45 41 37 42 39 42 37 47 32 35 32 45 42 47 36 45 40 37 37 38 43 35 43 47 43 39 40 37 45 40 39 44 40 42 33 35 42 45 34 44 45 44 34 33 40 42 41 41 40 40 39 36 46 36 36 46 38 40 39 40 35 39 42 35 37 33 43 41 38 31 34 39 45 41 45 40 37 45 43 41 46 39 35 52 45 41 32 42 45 41 41 37 43 33 42 35 44 43 4000
