0 1 0 0 1 1 0 0 0 0 0 0 1 0 1 1 0 1 1 0 1 1 1 1 1 1 0 1 0 1 0 0 0 1 1 1 1 1 0 0 1 0 0 0 1 1 1 0 1 0 26
0 0 0 0 1 1 0 0 1 0 0 0 1 0 1 1 0 0 0 0 0 0 1 0 1 1 1 1 0 1 1 0 0 1 1 1 1 1 0 0 1 0 0 1 1 0 1 0 1 0 23
0 1 0 1 0 1 0 0 1 0 0 0 1 0 1 0 1 1 1 0 1 1 1 0 0 1 0 1 0 1 0 0 0 0 1 0 1 1 0 0 1 0 0 1 0 0 1 0 0 0 21
0 0 0 0 1 1 0 0 0 1 1 0 1 0 1 1 0 0 1 0 1 0 1 0 0 1 1 1 0 1 1 0 0 0 1 0 0 1 1 0 1 1 0 1 1 1 1 0 0 0 24
1 1 1 0 0 1 0 1 0 0 0 0 1 0 0 0 0 1 0 0 1 0 1 0 0 1 0 1 0 1 1 0 0 1 1 0 1 1 0 0 1 1 0 1 1 1 1 1 1 0 25
1 0 0 0 1 1 0 0 0 0 0 1 1 1 1 1 0 0 1 0 1 0 1 0 1 0 1 1 1 1 0 0 0 1 1 1 0 1 0 0 1 0 0 1 0 0 0 0 1 0 23
0 1 1 1 0 0 0 0 1 0 1 1 1 0 1 1 1 0 1 0 0 1 1 0 1 1 0 1 1 1 1 0 0 0 1 0 0 1 0 0 0 1 0 0 1 1 0 0 1 0 25
0 0 1 0 0 1 0 0 1 0 0 1 1 1 0 0 1 1 1 0 1 1 1 0 0 1 1 1 0 1 1 0 0 0 1 0 0 1 0 1 1 1 0 1 1 1 1 0 1 0 27
0 1 0 1 1 1 0 0 1 0 0 0 0 0 1 1 1 0 1 0 1 0 1 1 0 1 0 1 1 1 1 0 0 1 1 1 1 1 0 0 1 0 0 1 0 0 1 0 1 0 26
0 1 0 0 1 1 0 0 1 0 0 1 1 0 1 1 0 1 1 0 1 1 0 0 0 0 0 1 0 1 1 0 0 0 1 1 0 1 0 0 1 0 0 1 0 0 1 0 0 0 21
1 1 0 0 1 1 0 0 1 0 0 0 1 0 1 0 0 1 1 0 1 0 1 0 0 1 1 1 0 1 1 0 0 0 1 1 0 1 0 0 1 0 1 0 0 0 1 0 0 0 22
0 0 0 0 1 1 0 1 0 0 0 0 1 1 1 0 0 1 1 0 1 0 1 0 0 0 1 1 0 1 0 0 0 0 1 1 1 1 0 0 1 0 0 1 0 1 0 0 1 0 21
0 1 0 0 1 1 0 1 1 1 0 0 0 0 1 1 1 0 1 0 1 1 1 1 0 0 0 1 0 1 1 0 0 0 1 1 0 1 0 0 1 0 0 1 1 0 1 0 0 0 24
0 1 0 0 0 0 0 0 1 0 0 1 1 0 0 1 1 0 1 1 0 1 1 0 0 1 1 1 0 1 1 0 0 1 1 0 0 1 0 1 1 0 0 1 1 0 1 1 1 0 25
0 0 0 0 1 1 0 0 1 0 0 1 1 0 1 0 0 1 1 0 1 1 1 0 0 1 0 1 0 1 1 0 0 0 1 1 1 1 0 1 0 0 0 0 0 1 1 1 0 0 23
0 1 0 0 1 0 0 0 0 1 0 1 1 0 1 1 1 0 1 0 1 0 1 1 0 1 1 1 1 1 0 0 0 1 1 1 0 1 0 0 1 1 0 0 0 1 1 0 1 0 26
1 1 0 0 1 1 0 0 0 0 0 1 1 0 1 1 1 0 0 1 1 1 1 0 0 1 1 1 0 1 1 0 0 0 1 1 1 1 0 0 0 0 0 0 0 0 0 0 1 0 23
1 0 0 0 0 1 0 0 0 0 0 0 1 1 1 0 1 0 1 1 1 0 1 0 1 1 1 1 0 1 1 0 0 1 1 1 1 1 0 1 1 0 0 1 1 0 0 0 0 0 25
0 1 0 0 1 0 0 0 1 0 0 1 1 0 1 0 0 0 1 0 1 1 1 1 0 1 1 1 0 1 1 1 0 0 1 1 1 1 0 0 1 1 0 0 0 1 1 0 1 0 26
1 0 0 0 0 0 0 1 0 0 0 0 1 0 0 0 1 0 1 1 0 1 1 0 0 1 1 1 0 1 0 0 1 1 1 0 0 1 0 0 1 1 1 1 0 1 0 1 0 0 22
0 0 1 0 1 0 0 0 1 0 0 1 1 0 1 1 0 0 1 0 1 1 1 0 0 0 1 1 0 1 0 0 0 1 1 0 1 1 0 0 1 0 0 1 0 1 1 0 0 0 22
0 0 1 1 1 0 0 0 1 0 0 1 1 0 1 1 1 0 1 0 1 0 1 0 0 1 1 1 0 1 0 0 0 1 1 0 0 1 0 0 1 0 0 1 1 1 0 0 0 0 23
1 1 0 0 1 1 0 0 1 0 0 0 1 0 1 1 0 0 1 0 0 1 1 0 0 1 0 1 0 1 0 0 0 0 1 0 1 1 0 1 1 0 0 1 0 0 1 1 1 0 23
0 0 0 0 0 1 0 0 0 0 0 1 1 0 0 0 1 0 1 1 0 0 1 0 0 1 1 0 0 1 0 0 0 1 1 0 1 1 0 1 1 0 0 1 1 1 1 1 1 0 22
1 0 0 1 1 1 0 0 1 0 1 1 1 0 1 1 1 0 1 0 1 1 1 0 0 1 0 1 0 1 1 0 0 1 1 1 1 1 0 1 0 1 1 1 1 1 1 0 1 0 32
1 0 0 0 0 0 0 0 1 0 0 1 1 0 1 0 1 0 1 0 1 1 1 0 0 1 0 1 0 1 0 0 0 1 1 0 1 1 0 0 1 0 0 1 0 1 1 1 1 0 23
1 0 0 0 0 1 0 0 1 0 0 1 1 0 1 1 1 1 1 0 1 0 1 0 0 1 0 1 1 1 1 0 0 0 1 1 0 1 0 1 1 0 0 1 1 1 0 0 1 0 26
1 1 0 1 1 0 0 1 1 0 0 0 1 0 1 0 1 0 1 0 1 0 1 1 0 1 1 1 0 1 1 0 0 1 1 1 1 1 0 0 1 0 0 0 0 1 0 0 1 0 26
0 1 0 0 1 0 0 0 1 0 0 1 1 0 1 1 0 1 1 0 1 0 0 0 0 1 1 1 0 0 0 0 0 1 1 0 0 1 0 1 0 0 0 1 1 1 1 0 0 0 21
0 1 0 1 1 0 0 0 1 0 0 0 1 1 1 0 0 0 1 0 1 1 1 0 0 1 1 0 0 1 0 0 0 1 1 1 1 1 0 0 1 0 0 0 1 1 0 0 1 0 23
1 1 0 0 0 1 0 0 1 0 0 1 1 0 1 0 1 1 1 0 1 1 1 1 0 0 1 1 0 1 1 0 0 0 1 0 1 1 0 1 0 0 1 0 0 1 1 0 0 0 25
0 1 1 0 0 1 0 1 0 0 0 1 1 0 1 0 0 0 0 0 0 0 1 1 1 1 0 1 0 1 1 0 0 0 1 0 1 1 0 1 1 1 0 1 1 0 0 0 1 0 23
1 0 1 0 1 0 0 1 1 0 0 0 1 0 1 0 1 0 0 0 1 1 1 1 0 1 1 1 0 1 0 0 0 1 1 1 0 1 0 0 1 0 0 0 1 1 1 0 1 0 25
0 0 0 0 1 0 0 1 1 0 0 1 1 0 1 0 0 1 1 0 1 1 1 0 1 1 1 1 0 1 0 0 0 1 1 1 0 1 0 0 1 0 0 1 0 1 1 0 1 0 25
0 1 1 0 1 1 0 0 1 0 0 0 1 0 1 0 0 0 1 0 1 0 1 0 1 0 1 0 0 1 1 1 0 0 1 0 0 1 0 1 1 0 0 1 1 0 1 0 1 0 23
1 1 1 0 0 1 0 0 1 0 1 0 1 0 1 0 0 1 1 0 1 1 1 1 1 0 0 1 0 1 0 0 0 1 1 1 0 1 0 0 1 1 0 0 1 1 0 0 1 0 26
0 0 1 0 0 1 0 0 1 0 1 0 1 0 0 1 1 1 1 0 1 1 1 1 0 1 1 0 0 1 0 0 0 1 1 0 1 1 0 0 1 0 0 0 1 1 0 1 0 0 24
0 1 1 0 0 0 0 0 1 0 0 1 1 0 1 0 0 1 1 0 1 1 1 0 1 1 0 0 0 1 1 0 0 1 0 0 0 1 0 0 1 0 0 0 0 1 0 0 0 0 19
1 1 0 0 1 1 0 0 1 0 0 1 1 0 0 1 0 1 1 1 1 1 1 0 0 1 1 1 0 1 1 0 0 1 1 0 0 1 0 0 1 0 0 0 0 1 1 0 1 0 26
1 0 0 0 1 1 0 0 1 0 0 0 1 0 0 1 1 0 1 1 0 1 1 0 0 1 1 1 0 1 0 1 0 0 1 0 1 1 0 1 1 0 0 1 0 1 1 0 1 0 25
0 1 0 0 0 1 0 0 1 0 0 1 1 0 0 1 0 1 1 1 1 0 1 1 0 1 0 1 0 1 1 0 0 0 1 0 0 1 0 1 1 1 0 0 1 0 0 1 0 1 24
0 0 0 0 1 1 0 1 0 0 0 1 1 0 1 0 0 0 1 0 0 1 1 0 0 1 1 1 0 1 0 0 0 0 1 1 1 1 0 1 1 1 1 1 1 1 1 1 0 0 26
0 1 0 0 1 1 0 0 0 0 0 0 1 0 1 1 1 1 1 0 1 1 1 0 1 1 1 1 0 1 0 0 0 1 1 1 1 1 0 0 0 1 1 0 1 1 1 0 1 0 28
1 1 1 0 1 1 0 0 0 0 1 1 1 1 1 1 0 0 1 1 1 0 1 1 0 1 1 0 0 1 1 0 0 1 1 1 0 1 0 0 1 0 0 1 1 1 1 1 0 0 30
0 1 0 0 0 1 0 1 1 0 1 0 1 0 1 0 0 1 1 0 0 0 1 0 1 1 0 1 0 1 1 0 0 1 1 1 1 1 0 0 1 1 0 1 0 1 1 1 0 0 26
1 1 0 1 0 1 0 0 1 0 1 1 1 0 1 0 0 1 0 0 0 0 1 0 1 1 0 0 0 1 1 0 0 1 1 0 0 1 0 1 1 1 0 1 1 1 1 0 1 0 26
0 0 0 0 0 1 0 0 1 0 0 1 1 0 1 1 0 0 1 0 0 0 1 0 0 1 0 1 0 1 0 1 0 1 1 1 0 1 0 1 1 0 0 1 1 1 1 0 1 0 23
1 1 0 0 0 1 0 0 1 0 0 0 1 0 1 1 1 1 0 1 0 0 0 1 1 1 1 0 0 1 1 0 0 0 1 0 1 1 0 1 1 0 0 1 1 1 0 0 1 0 25
1 1 0 0 1 1 0 0 1 0 1 1 1 0 0 0 0 1 1 0 0 1 1 1 0 0 0 1 1 1 1 0 0 0 1 1 0 1 0 0 1 0 0 1 1 1 1 0 1 0 26
1 0 0 0 1 0 0 1 0 0 0 1 1 0 1 0 0 0 1 0 1 1 0 0 0 1 1 0 0 1 1 0 0 1 1 1 0 1 0 0 0 1 0 0 1 1 0 0 1 0 21
0 1 0 0 0 0 0 0 1 0 0 0 1 0 1 1 0 0 1 0 1 1 1 0 0 1 1 1 0 1 1 0 0 0 1 1 1 1 0 1 1 0 0 1 1 1 1 1 1 0 26
1 1 0 0 1 1 0 1 1 0 0 1 1 0 1 1 1 1 1 0 0 0 1 0 0 1 1 1 0 1 1 0 0 0 1 0 0 1 0 0 1 0 0 0 1 0 1 1 1 0 26
0 1 1 0 1 0 1 0 0 0 0 0 1 0 1 1 1 0 1 0 1 1 1 0 0 1 1 1 0 1 1 0 0 1 1 1 0 1 0 1 1 0 1 1 1 1 1 0 1 0 29
0 1 1 0 1 1 0 0 1 0 0 1 1 0 0 0 1 0 1 0 1 1 1 0 1 1 0 1 0 1 1 0 0 0 1 0 1 1 0 0 1 0 0 1 0 1 1 0 0 0 24
0 1 1 0 1 1 0 1 1 0 1 1 1 0 1 1 0 1 1 1 1 1 1 1 1 1 1 1 0 1 0 0 0 1 1 0 1 1 0 0 1 0 0 1 1 1 1 1 0 0 33
1 1 0 0 0 1 0 0 1 0 1 1 1 0 0 0 0 1 1 0 0 1 1 0 1 1 0 1 0 1 0 0 0 0 1 1 1 1 0 1 1 1 0 1 1 0 1 0 0 0 25
0 0 0 0 1 0 0 1 0 0 0 1 1 0 0 1 1 1 1 0 1 0 1 0 1 1 1 1 0 1 1 0 0 1 1 0 1 1 0 0 1 0 0 1 1 0 0 0 1 0 24
0 0 0 0 1 1 0 0 1 0 0 1 1 0 1 1 1 1 0 1 1 1 1 0 0 1 1 1 0 1 0 0 0 0 1 0 0 1 0 0 1 0 0 1 0 1 1 1 0 0 24
0 0 1 0 1 1 0 0 1 0 0 1 1 0 1 1 1 1 1 0 0 0 1 0 1 1 1 1 1 1 1 0 0 1 1 0 0 1 0 0 0 0 0 1 1 0 1 0 1 0 26
1 1 0 1 1 1 0 1 0 0 1 0 1 0 1 1 0 0 1 0 0 0 1 0 1 1 1 1 1 1 1 0 0 0 1 0 1 1 0 0 1 1 0 0 0 1 1 1 1 0 28
0 1 1 0 1 1 0 0 1 0 1 1 1 0 1 1 0 1 1 0 0 0 1 0 1 1 0 1 0 1 1 0 0 1 1 1 1 1 0 0 1 1 0 1 0 0 1 0 1 0 28
1 1 1 0 1 1 0 0 1 0 0 1 1 0 1 0 1 1 1 0 1 1 1 1 0 1 1 0 1 1 1 0 0 1 1 0 0 1 0 0 1 0 0 1 0 1 1 1 0 0 29
0 0 0 0 1 0 0 0 0 0 0 0 1 0 1 1 1 1 1 0 1 0 1 0 0 1 1 0 0 1 1 0 0 1 1 0 1 1 0 0 0 1 0 0 1 0 1 0 1 0 21
0 1 0 0 0 1 0 1 1 0 0 1 1 0 1 0 0 0 1 0 1 1 1 0 0 1 1 1 1 0 1 0 0 0 1 0 1 1 0 1 1 1 0 1 0 1 1 1 0 0 26
0 0 0 0 1 1 0 1 1 0 0 1 1 0 0 1 1 0 1 0 1 1 1 0 1 1 1 1 0 1 1 0 0 1 1 0 0 1 0 1 1 0 0 1 0 1 1 0 1 0 27
0 1 1 0 1 1 0 0 1 0 1 0 1 0 1 1 0 1 1 1 0 1 1 0 0 1 0 1 0 1 0 1 0 0 1 0 1 1 0 0 0 1 0 0 0 1 1 1 1 1 27
0 0 0 0 1 1 1 0 0 0 1 1 1 0 1 0 1 1 1 0 1 1 1 0 1 0 1 1 0 1 1 0 0 0 1 1 0 1 0 0 1 1 0 1 1 1 1 0 1 0 28
1 0 1 0 1 1 0 0 1 0 1 1 1 0 0 0 0 0 1 0 1 1 1 1 0 1 1 1 0 1 1 0 0 1 1 1 1 1 0 0 1 0 0 1 0 1 1 0 0 0 27
1 1 1 1 0 0 0 0 0 0 0 1 1 0 0 0 0 1 1 1 1 1 1 0 0 1 1 1 0 1 0 0 0 1 1 0 1 1 0 0 1 0 0 1 1 1 1 0 1 0 26
0 0 1 0 1 0 0 0 0 1 0 1 1 0 1 1 1 1 1 0 1 1 1 0 0 0 1 1 0 1 1 0 0 1 1 0 1 1 0 0 1 1 0 0 0 1 0 0 0 0 24
1 1 1 1 1 1 0 0 1 1 1 1 1 0 1 1 0 0 1 0 1 1 1 1 1 0 0 1 0 1 0 0 0 0 1 1 1 1 0 1 1 1 0 1 0 0 1 0 0 0 30
0 1 0 1 1 0 0 1 0 0 1 0 1 0 1 1 0 0 1 0 1 1 1 0 1 0 0 0 0 1 1 0 0 1 1 1 1 1 0 1 1 0 0 1 1 1 0 0 0 0 25
1 1 0 0 1 1 0 0 1 0 0 1 1 0 1 1 1 0 1 0 1 0 1 0 1 1 1 1 0 1 1 0 0 0 1 0 1 1 0 0 1 0 0 0 0 1 1 1 0 0 26
1 0 0 0 1 0 0 0 1 0 0 1 1 0 0 0 0 0 1 1 0 1 1 0 1 1 1 1 0 1 1 0 0 1 1 1 0 1 0 0 1 0 0 1 1 1 1 0 1 0 25
0 1 0 0 1 0 0 0 1 0 0 0 1 0 1 0 0 0 1 0 1 0 1 0 1 0 0 1 0 1 0 0 1 0 1 0 1 1 0 0 1 0 0 1 1 1 1 0 1 0 21
1 0 1 0 1 0 0 0 0 0 1 1 1 1 1 0 0 1 1 1 1 0 1 1 0 1 0 1 0 1 0 0 0 0 1 1 1 1 0 1 1 0 1 1 0 0 1 0 0 0 26
0 1 1 0 0 1 0 0 0 0 1 0 1 0 1 1 1 0 0 0 1 1 1 1 1 1 0 1 0 1 0 0 0 1 1 1 0 1 0 1 1 0 0 0 1 1 1 0 1 0 26
0 0 1 0 1 1 0 0 1 1 0 1 1 0 0 1 0 0 0 0 0 0 1 0 0 1 1 0 0 1 1 1 0 0 1 1 1 1 0 0 1 0 1 1 0 1 1 0 1 0 24
0 1 0 0 1 1 0 0 0 0 0 1 1 0 1 0 0 1 1 0 0 1 1 1 0 1 1 0 0 1 1 0 0 1 1 0 1 1 0 1 1 0 0 1 1 0 1 1 1 0 26
1 0 1 0 1 0 0 1 1 0 0 1 1 0 1 1 0 1 1 1 0 1 1 0 1 1 1 1 0 1 1 0 0 1 1 1 1 1 0 0 1 1 0 1 1 0 0 0 0 0 29
1 0 1 0 1 1 0 0 1 0 0 0 1 0 1 1 1 1 1 0 1 1 1 0 1 1 1 1 0 1 1 0 0 1 1 0 0 1 0 0 1 1 0 1 1 0 1 0 1 0 29
1 0 0 1 1 1 0 0 0 0 0 1 1 0 0 0 1 1 1 0 1 1 1 0 1 1 1 1 0 1 1 0 0 1 1 0 1 1 0 0 1 1 0 1 1 1 1 1 0 0 29
0 1 0 0 1 0 0 1 1 0 0 0 1 0 1 1 0 0 1 0 1 1 1 0 0 1 1 1 0 1 0 0 0 1 1 1 0 0 0 1 1 0 0 1 1 1 1 0 1 0 25
0 0 0 1 1 0 0 0 1 0 0 0 1 0 1 1 0 0 1 0 1 1 1 0 0 0 1 1 0 1 1 0 0 1 1 1 0 1 0 0 1 0 0 1 0 1 1 0 1 1 24
1 1 0 0 0 0 0 1 1 0 0 0 1 0 1 0 1 0 1 0 1 0 1 0 0 1 1 1 0 1 1 1 0 1 1 1 0 1 0 0 0 0 1 0 0 0 0 0 0 0 21
1 1 0 0 1 1 0 0 1 0 0 0 1 0 1 0 0 1 1 0 0 1 1 0 1 1 1 1 0 1 1 1 0 1 1 1 0 1 0 0 1 0 0 1 0 0 1 0 1 0 26
0 1 0 0 1 0 0 1 1 0 0 0 1 0 1 0 0 1 0 0 0 0 1 1 0 1 1 1 0 1 0 0 0 0 1 1 1 1 0 1 1 1 0 0 1 1 1 1 1 0 25
0 0 0 0 1 1 0 0 1 0 0 0 1 0 0 0 1 0 1 0 0 0 1 0 1 1 1 1 0 1 1 0 0 1 1 1 0 1 0 1 1 0 0 1 1 1 0 0 0 0 22
1 1 0 0 1 1 0 0 1 0 0 1 1 1 1 0 0 1 1 1 1 0 1 0 0 1 1 1 1 1 0 0 0 1 1 1 0 1 0 1 1 0 0 0 0 1 0 0 0 0 26
1 1 0 0 1 1 0 0 1 0 0 1 1 1 1 0 1 0 1 0 0 0 1 1 0 1 0 1 0 1 1 1 0 1 1 0 1 1 0 1 1 0 0 1 1 1 1 0 1 0 29
1 1 0 0 1 1 0 0 1 0 0 0 1 0 1 0 1 1 0 0 1 1 1 0 0 1 1 0 0 1 1 0 0 0 1 0 1 1 0 0 1 0 0 0 0 1 1 0 1 0 23
0 0 1 0 1 0 0 1 1 0 0 1 1 0 1 0 1 0 1 0 1 1 1 0 1 0 0 1 0 1 1 0 0 0 1 0 1 1 0 1 1 0 0 1 0 1 0 1 1 0 25
0 1 0 0 1 1 0 0 1 0 1 0 1 0 0 0 0 0 1 0 1 1 0 0 1 1 0 1 0 1 1 0 0 1 1 0 1 1 0 1 1 0 0 1 0 1 0 1 1 0 24
0 1 1 0 1 1 0 0 1 0 1 0 1 0 1 0 0 0 1 0 1 1 1 0 0 0 0 1 0 1 1 1 0 0 1 0 0 1 0 1 0 0 0 1 0 1 1 0 1 0 23
0 0 1 0 0 0 0 1 1 0 0 0 1 0 0 1 0 0 1 0 1 0 1 1 0 1 1 1 1 1 1 0 0 1 1 1 0 1 0 0 0 0 0 0 1 1 1 0 1 0 23
1 1 0 0 0 1 0 1 1 0 1 1 1 1 1 1 0 1 1 0 0 0 1 0 1 1 0 0 0 1 1 0 0 0 1 0 0 1 0 1 1 0 1 1 1 0 1 1 1 0 28
0 0 0 0 0 0 0 0 0 0 0 1 1 0 1 0 0 0 0 0 1 0 1 0 1 1 0 1 0 1 1 0 0 0 1 0 1 1 0 0 1 0 0 0 0 1 0 1 0 0 16
0 1 0 0 1 1 0 0 1 0 0 1 1 0 1 0 1 1 1 0 1 0 1 0 0 1 0 1 1 1 1 0 0 0 1 1 1 1 0 0 1 0 0 0 0 1 1 1 1 0 26
0 0 0 0 1 0 0 0 1 1 1 1 1 0 1 0 0 0 1 0 1 0 1 1 0 1 1 1 1 1 1 0 0 0 1 0 0 1 0 0 1 0 0 1 1 0 0 1 1 0 24
0 1 0 0 1 1 0 0 0 0 0 0 1 0 1 0 1 0 1 0 0 1 1 0 0 1 1 1 0 1 0 0 0 0 1 0 1 1 0 0 1 0 0 1 1 1 1 0 0 0 21
1 1 1 0 1 1 0 0 0 0 0 1 1 1 1 1 0 1 1 0 0 0 1 0 0 1 1 1 1 0 0 1 0 0 1 0 1 1 0 0 1 1 0 0 1 1 1 0 1 0 27
1 1 1 0 1 0 0 0 1 0 0 0 1 0 1 1 0 0 1 0 1 1 1 0 1 1 0 1 0 1 1 0 0 0 1 1 0 1 0 1 1 0 0 1 1 1 1 0 1 0 27
1 1 0 0 1 1 0 0 0 0 1 1 1 0 1 1 0 0 1 0 0 1 1 0 0 0 1 1 0 1 1 0 0 1 1 1 0 1 0 1 1 1 0 1 0 1 1 1 0 0 27
0 0 0 0 1 1 0 0 1 0 0 1 1 0 1 1 0 0 1 0 1 0 1 1 1 1 1 0 0 1 1 0 0 1 1 0 1 1 0 1 1 0 0 0 1 0 0 0 0 0 23
0 1 0 0 1 1 0 1 1 0 0 0 1 0 1 0 1 1 0 0 1 1 1 0 0 1 1 1 1 1 1 0 0 1 1 0 1 1 0 0 1 0 0 1 1 1 1 0 1 0 28
1 0 0 0 1 0 0 0 1 0 1 1 1 0 1 1 1 0 0 0 1 0 1 1 1 1 1 1 1 1 0 0 0 0 1 0 1 1 0 0 1 0 0 1 1 1 0 0 1 0 26
1 1 0 0 1 1 0 0 1 0 1 1 1 0 1 0 1 0 1 0 1 1 1 0 0 1 1 1 0 1 1 0 0 0 1 0 0 1 0 1 1 0 1 1 0 0 1 1 1 0 28
0 0 0 0 0 0 0 0 1 0 0 1 1 0 1 1 1 0 1 1 1 1 1 0 0 1 1 0 0 1 0 0 0 0 1 1 1 1 0 0 1 1 0 1 0 0 0 0 1 0 22
0 0 0 0 1 0 0 0 0 0 0 1 1 1 1 0 0 0 0 0 0 0 1 0 0 1 1 1 1 1 1 0 0 1 1 0 1 1 0 0 0 0 1 0 1 1 0 0 0 0 19
1 1 1 0 1 1 0 0 0 0 0 0 1 0 1 0 0 0 1 0 1 0 1 1 1 1 0 1 0 1 1 0 0 1 1 0 1 1 0 0 1 0 0 1 1 1 1 0 1 0 26
0 1 0 0 0 1 0 0 1 0 0 0 1 1 1 1 0 0 1 0 1 1 1 1 0 1 0 0 0 1 1 0 0 0 1 0 0 1 0 0 1 0 0 1 1 1 1 1 1 0 24
0 0 1 0 1 1 0 0 1 0 0 0 1 0 1 1 0 0 1 0 0 1 1 1 1 1 0 1 0 1 1 0 0 0 1 1 1 1 0 0 1 1 1 1 0 1 1 1 1 0 28
0 1 0 0 1 1 0 0 1 0 0 1 1 0 1 1 0 0 1 1 1 0 1 0 1 0 1 1 0 1 0 0 0 0 1 1 0 1 0 0 1 0 0 0 0 1 1 1 1 0 24
0 0 1 0 0 1 0 1 1 0 0 1 1 0 1 1 0 0 1 0 0 0 1 0 1 1 1 1 0 1 1 0 0 0 1 1 0 1 0 0 1 0 0 0 1 1 1 1 0 0 24
0 0 0 1 0 0 0 0 1 0 0 0 1 0 1 1 1 1 1 0 1 0 1 0 0 1 0 0 1 1 1 0 0 1 1 1 1 1 0 1 1 0 0 1 1 1 1 1 0 0 26
1 0 0 0 1 0 0 0 0 0 0 0 1 0 1 0 0 0 1 0 1 1 1 1 0 0 1 1 1 1 1 0 0 1 1 1 0 1 0 0 1 0 0 0 1 1 1 0 1 0 23
0 1 1 0 1 0 0 0 0 0 0 1 1 0 1 0 1 0 1 1 0 1 1 1 0 1 1 1 1 1 1 1 0 1 1 1 0 1 0 0 1 0 0 1 1 1 1 0 1 0 29
0 0 1 0 1 0 0 0 1 1 0 1 1 1 1 0 1 1 1 0 1 1 1 1 0 1 0 1 0 1 1 0 0 1 1 0 1 1 1 0 1 0 0 0 1 0 1 0 1 0 28
1 0 1 0 1 1 0 0 0 1 0 1 1 0 0 1 0 1 0 0 1 1 1 1 0 1 0 1 0 1 1 0 0 0 1 1 1 1 0 0 1 0 0 1 1 0 0 0 1 0 25
0 1 0 0 1 0 0 0 0 0 1 0 1 0 1 1 0 0 0 0 0 0 1 0 0 1 1 1 0 1 1 0 0 0 1 1 0 1 0 0 1 1 0 1 0 1 1 0 1 0 21
1 0 0 0 0 1 0 1 1 0 1 1 1 0 1 0 0 0 1 0 0 1 1 0 0 1 1 1 0 1 1 0 0 1 1 1 1 1 0 1 1 0 0 1 1 1 1 0 1 0 28
0 1 0 0 1 0 0 0 1 0 0 1 1 0 1 0 0 1 1 1 1 0 1 0 0 1 1 1 1 1 1 0 0 0 1 1 1 1 0 0 1 0 0 1 0 1 1 1 1 0 27
1 0 0 0 1 1 0 0 1 0 1 1 1 0 0 0 1 1 1 0 1 0 1 0 0 1 1 0 0 0 1 0 0 1 1 0 0 1 0 0 1 0 1 1 0 0 1 0 0 0 22
0 1 1 1 1 0 0 0 0 0 0 1 1 0 0 1 0 0 1 0 1 0 1 1 0 1 0 1 0 1 1 0 0 0 1 1 1 1 0 0 1 0 0 0 1 1 0 1 1 0 24
1 1 0 1 1 0 0 1 0 0 1 1 1 0 1 0 1 0 1 1 1 0 1 0 0 1 0 1 1 1 1 0 0 1 1 1 0 1 0 0 1 0 0 0 0 1 1 1 0 0 27
0 0 0 1 1 1 0 0 1 0 0 1 1 0 1 1 1 0 1 0 1 1 1 1 1 1 0 1 0 1 1 0 0 0 0 1 1 1 0 0 1 0 0 1 1 1 1 1 1 0 29
1 0 1 0 0 1 0 0 1 0 0 1 1 0 1 1 0 0 1 0 1 1 1 0 0 1 1 1 1 1 0 0 0 0 1 0 1 1 1 0 1 1 0 0 1 0 1 1 0 0 26
1 0 0 0 1 1 0 0 1 0 0 1 1 0 1 1 1 1 1 0 1 1 1 0 0 1 1 1 0 1 1 0 0 1 1 1 1 1 0 0 1 1 0 1 0 1 1 0 1 0 30
1 1 0 0 0 1 0 1 1 0 0 0 1 0 1 0 0 0 1 0 1 0 1 0 1 1 1 1 0 1 1 0 0 1 1 1 1 1 0 0 1 0 0 1 0 0 1 0 0 0 24
0 1 1 0 1 1 0 0 1 0 0 1 1 0 1 0 1 1 1 0 1 1 1 0 1 1 1 0 0 1 1 0 0 1 1 1 0 1 0 0 0 0 0 1 0 1 0 0 1 0 26
0 1 0 0 1 1 0 1 1 0 0 0 1 0 1 0 0 1 1 0 1 0 1 0 1 1 1 0 1 1 1 0 0 1 1 0 0 1 0 1 1 0 0 1 1 1 0 0 1 0 26
1 0 1 0 1 1 0 1 0 0 1 1 1 0 1 0 1 0 1 0 1 1 1 0 0 1 1 0 0 1 1 0 1 1 1 1 0 1 0 1 1 0 0 0 1 1 1 1 1 0 30
1 1 0 0 0 1 0 1 1 0 1 1 1 0 1 0 0 0 0 0 0 0 1 1 0 1 1 0 0 1 1 0 1 1 1 0 0 1 0 0 1 0 0 1 0 1 0 1 0 0 23
0 1 1 1 0 1 0 1 1 0 1 1 1 0 1 1 1 0 1 0 1 1 1 0 0 1 1 1 0 1 1 0 0 1 1 1 0 1 0 1 1 0 0 1 0 1 1 0 1 0 31
0 1 1 0 1 0 0 0 0 0 0 1 1 0 1 0 1 0 1 0 0 1 1 0 0 0 1 1 0 1 0 0 0 0 1 1 1 1 0 0 1 0 0 0 1 1 1 0 1 0 22
1 1 0 0 1 0 0 0 0 0 0 1 1 0 1 1 0 1 1 0 0 0 1 0 0 1 0 0 0 1 0 0 0 0 1 0 1 1 0 0 1 0 0 1 0 0 1 0 0 0 18
0 1 0 0 1 1 0 1 1 0 1 1 1 1 1 1 1 0 1 0 1 0 1 1 0 1 1 0 0 1 0 1 0 0 1 0 1 1 1 0 1 0 0 0 1 0 1 1 1 0 29
1 0 1 0 1 1 0 0 1 0 0 1 1 0 1 1 1 1 1 0 1 1 1 0 0 1 1 1 0 1 0 0 0 1 1 0 0 1 0 1 1 0 0 1 1 1 0 0 1 0 28
0 0 0 0 1 1 0 0 1 0 0 1 1 0 1 1 1 0 1 0 1 0 1 0 0 0 1 1 0 1 0 0 0 1 1 0 1 1 0 0 1 0 0 1 0 0 0 0 1 0 21
0 1 0 0 1 0 0 0 1 0 0 0 1 0 1 0 0 0 1 1 0 0 1 0 0 1 1 1 0 1 0 0 0 1 1 0 1 1 0 0 1 1 0 0 1 0 1 0 1 0 21
0 1 0 0 1 0 0 0 1 0 0 0 1 0 1 0 1 0 1 0 0 0 1 1 0 1 0 0 0 0 1 0 0 1 1 1 1 1 0 0 1 0 0 0 1 1 1 1 1 0 22
0 0 0 0 1 1 0 1 0 1 0 0 1 0 1 0 1 0 1 0 1 0 1 1 0 1 1 1 0 1 0 0 0 0 1 0 0 1 0 0 0 0 0 1 0 1 1 0 1 0 21
0 0 0 1 1 1 0 0 1 0 1 1 1 0 1 1 1 1 0 0 1 1 1 1 0 1 1 1 0 1 0 1 0 0 1 1 1 1 0 0 1 1 0 1 1 1 0 0 1 0 30
0 0 0 0 1 1 0 0 0 0 0 0 1 0 1 1 1 0 0 0 1 1 1 1 1 1 0 1 0 1 1 0 0 0 1 0 0 1 0 0 1 0 0 0 0 1 1 0 1 0 21
0 1 0 0 1 1 1 0 0 0 0 0 1 1 1 0 1 0 1 0 1 1 1 1 0 1 1 1 0 1 0 0 0 0 0 1 1 1 0 0 1 0 1 1 1 0 0 0 1 0 25
1 0 0 0 1 1 0 0 0 0 0 0 1 0 1 1 1 0 1 1 1 0 1 0 0 1 1 1 0 1 1 0 0 1 1 0 1 1 0 0 1 1 0 0 0 0 1 0 1 0 24
0 1 1 0 1 0 0 0 1 0 1 0 1 0 1 1 1 0 1 0 0 0 1 0 0 1 1 1 0 1 1 0 0 0 1 0 1 1 0 1 1 0 0 1 0 1 0 0 1 0 24
0 1 1 0 1 1 0 0 1 0 1 1 1 0 1 0 1 0 0 0 1 0 0 1 0 0 1 0 0 1 1 0 0 0 1 0 1 1 0 0 1 1 0 1 1 0 0 0 1 0 23
0 0 0 0 1 1 0 0 1 0 0 1 1 0 0 0 0 0 0 0 1 1 1 1 1 1 1 1 0 1 1 1 0 1 1 0 0 1 0 0 1 0 0 1 0 1 0 0 1 1 24
0 0 0 0 1 1 0 1 1 0 1 1 1 0 1 1 1 1 1 0 1 1 0 0 0 1 1 1 0 1 1 1 0 0 1 1 0 1 0 0 1 0 0 1 1 0 1 0 0 0 27
0 1 0 0 1 1 0 0 1 0 0 1 1 0 1 0 1 0 1 0 1 1 1 0 1 1 1 1 0 1 1 0 0 1 1 0 0 1 0 0 1 1 0 1 1 0 0 1 1 0 27
1 0 0 0 1 0 0 0 1 1 0 1 1 0 0 0 0 1 0 0 0 1 1 0 0 1 1 1 1 1 0 0 0 1 1 0 0 1 0 1 1 0 0 1 0 1 1 0 1 1 24
1 0 0 0 1 1 0 0 1 0 0 1 1 0 1 0 0 0 1 0 1 0 1 0 0 1 1 1 0 1 0 0 0 0 1 0 1 1 0 0 1 0 0 0 1 0 1 1 0 1 22
0 1 1 0 1 1 0 1 1 1 0 0 1 0 1 1 1 0 1 0 1 1 1 0 0 1 1 1 0 1 1 0 1 1 1 1 0 1 0 0 1 0 0 1 1 1 0 0 1 1 31
0 0 0 0 1 1 0 0 0 0 0 1 1 0 1 0 1 0 1 0 1 1 1 1 1 1 1 1 0 1 0 0 0 0 1 1 1 1 0 0 1 0 0 1 0 1 0 0 0 0 23
1 1 1 0 0 1 0 0 0 1 0 1 1 0 1 0 0 0 1 0 0 0 1 0 1 0 1 0 1 1 1 0 0 1 1 0 1 1 0 1 1 0 0 1 1 1 1 0 0 0 25
1 1 0 0 0 1 0 0 0 0 1 0 1 0 1 1 0 1 1 1 1 0 1 1 1 1 0 0 0 1 1 0 0 1 1 1 0 1 0 0 1 0 0 0 1 0 1 0 1 0 25
0 1 0 0 1 0 0 1 1 0 0 0 1 1 1 1 1 1 0 0 0 1 1 0 0 1 0 1 1 1 1 0 0 0 1 1 1 1 0 1 1 0 0 1 1 0 0 1 1 0 27
1 1 0 1 1 1 0 0 1 0 0 1 1 0 1 0 1 1 1 0 1 0 1 0 0 1 0 1 0 1 0 1 0 0 1 0 0 1 0 0 1 1 1 1 1 1 1 0 1 0 28
1 1 1 0 0 0 0 0 0 0 0 1 1 1 1 0 1 1 1 0 1 0 1 1 1 1 1 0 0 1 1 0 0 1 1 0 1 1 0 0 1 0 0 0 0 1 1 0 1 0 26
1 1 0 1 1 0 0 0 1 0 1 1 1 0 1 1 0 0 0 0 1 0 1 1 0 1 1 0 0 1 1 0 0 0 1 0 0 1 0 0 1 0 0 0 1 1 0 0 0 0 22
1 0 0 1 1 0 0 0 1 0 0 0 1 1 1 0 0 1 1 0 1 1 1 0 0 1 1 0 0 1 1 1 0 1 1 0 1 1 0 1 1 0 0 1 1 0 0 0 1 0 26
0 1 1 0 1 1 0 1 1 0 0 0 1 1 1 0 1 1 0 1 1 1 1 0 0 1 0 0 0 1 1 0 0 0 1 1 0 1 0 0 1 0 0 1 0 1 1 0 1 0 26
0 1 0 0 1 0 0 0 0 0 0 1 1 1 1 1 1 1 1 0 0 0 1 0 0 1 0 1 0 1 1 0 0 0 1 1 0 1 0 0 1 1 0 1 0 1 1 0 0 0 23
1 0 1 1 0 0 0 0 1 0 1 1 1 0 0 1 1 1 1 0 1 1 1 0 0 1 0 1 0 1 1 0 0 1 1 0 0 1 0 0 1 1 1 1 0 1 0 0 1 0 27
1 0 0 0 0 0 0 0 1 0 0 0 1 0 0 1 0 0 0 0 1 0 1 1 0 1 0 1 0 1 1 0 0 1 1 1 1 1 0 0 1 1 0 1 1 1 1 1 1 0 24
1 0 1 0 1 1 0 0 1 0 0 1 1 0 0 1 0 0 1 1 1 0 0 0 0 1 1 0 1 1 1 0 1 1 1 1 1 1 0 1 1 0 1 1 0 1 1 0 0 0 28
0 0 0 1 0 1 0 0 1 1 1 0 1 0 1 1 0 1 1 1 1 1 1 1 0 0 1 1 0 1 0 0 0 0 1 1 0 1 0 0 1 0 0 1 1 1 1 1 1 0 28
0 0 0 0 0 0 0 0 1 0 0 0 1 0 1 0 1 1 0 0 1 1 1 0 0 1 1 1 0 1 1 0 0 0 1 1 0 1 0 0 1 0 0 1 1 0 0 0 1 0 20
0 0 1 0 0 0 0 0 1 0 0 0 1 0 1 0 1 0 1 1 1 0 0 0 0 1 0 1 0 1 1 0 0 1 1 0 0 1 0 0 0 0 0 1 1 0 1 0 1 0 19
0 1 0 0 1 1 0 1 1 1 0 0 1 0 1 0 0 0 1 0 1 1 1 1 1 1 0 0 0 1 0 0 0 0 1 1 0 1 0 0 1 0 1 1 0 1 0 0 0 0 23
0 1 1 0 1 1 0 1 1 0 1 1 1 0 1 1 0 1 1 0 1 0 1 1 1 1 1 1 0 1 1 0 0 0 1 1 1 1 0 1 1 0 1 1 0 1 1 0 1 0 33
0 1 1 1 1 1 0 1 1 0 0 1 1 0 1 0 0 0 1 0 1 1 1 0 1 0 0 1 0 1 1 0 0 1 1 1 0 1 0 1 1 0 0 1 1 0 1 1 1 0 29
0 1 1 0 1 1 0 0 0 0 0 1 1 0 0 0 1 0 1 0 1 0 1 1 1 1 1 1 1 1 1 0 0 0 1 1 1 1 0 0 1 0 0 1 0 1 0 1 1 0 27
1 0 1 1 1 0 0 0 0 0 0 0 1 0 1 0 0 1 1 0 1 1 1 0 1 1 1 1 0 1 1 0 0 1 1 0 0 1 1 1 1 0 0 1 0 1 0 0 1 0 26
1 0 0 0 1 0 0 0 0 0 0 0 1 0 1 0 1 1 1 0 1 0 1 0 0 1 1 1 0 1 1 0 0 1 1 0 0 1 0 1 1 1 0 1 1 1 1 0 1 0 25
0 1 0 0 1 1 0 0 0 0 0 1 1 0 1 0 0 0 1 0 1 1 0 0 1 1 0 1 0 1 1 0 0 1 1 1 0 1 0 0 1 0 0 0 1 1 1 1 0 0 23
0 0 0 0 1 0 0 1 1 0 0 1 1 0 1 1 1 1 1 0 1 1 1 0 1 1 1 1 1 1 1 0 0 1 1 1 1 1 0 0 1 0 0 1 0 0 1 0 1 0 29
1 0 0 0 0 1 0 0 0 0 0 1 1 0 1 0 0 0 1 0 0 0 1 0 1 0 1 0 0 1 0 1 0 1 1 1 0 1 0 0 1 0 0 1 1 0 1 0 1 0 20
0 1 0 0 1 0 0 0 1 0 0 0 1 0 1 1 0 0 1 0 1 1 1 1 0 1 1 0 0 1 0 1 0 1 1 1 1 1 0 0 1 0 0 1 0 1 0 0 1 0 24
0 1 1 0 0 0 0 0 1 0 0 1 1 0 1 0 0 0 1 1 1 1 1 0 0 1 1 1 0 1 1 0 0 1 1 0 0 1 0 0 0 0 1 1 1 1 1 0 0 0 24
0 1 0 0 1 0 0 1 1 0 1 0 1 0 1 0 1 1 1 1 1 1 1 0 0 1 1 0 0 1 0 0 0 0 1 0 1 1 0 1 1 1 0 0 1 1 1 0 0 0 26
0 1 0 0 0 1 0 1 0 0 0 0 1 0 0 0 0 0 0 0 1 0 1 1 0 1 0 1 0 1 1 0 0 0 1 0 1 1 0 0 0 0 1 1 1 1 1 0 0 0 19
1 1 1 0 1 1 0 0 1 0 1 0 1 0 0 0 1 0 1 0 0 1 1 0 1 1 0 1 0 1 1 0 0 1 1 0 1 1 0 0 1 0 0 1 1 1 1 0 1 0 27
0 0 0 0 1 1 0 0 1 0 0 1 1 0 1 1 1 0 1 0 1 0 1 1 1 1 1 1 1 1 0 0 0 0 1 1 0 1 0 0 1 0 0 0 0 0 1 0 1 0 24
1 0 1 0 1 0 0 1 1 0 0 0 1 0 1 1 0 0 1 0 1 1 1 1 1 0 1 1 0 0 1 0 0 1 1 0 1 1 0 0 1 0 0 0 1 1 1 0 1 0 26
1 1 0 1 1 0 0 0 0 0 0 0 1 0 1 0 1 1 1 0 1 0 1 0 1 0 0 1 1 1 1 0 0 1 1 1 1 1 0 1 1 0 0 1 1 0 1 0 1 0 27
1 0 0 0 1 1 0 1 1 0 0 0 1 0 1 1 1 0 1 0 1 1 1 0 1 1 0 1 0 1 1 0 0 0 1 1 1 1 0 0 1 0 0 1 1 0 1 1 1 0 28
1 0 1 0 1 1 0 0 0 0 0 0 1 0 0 1 1 0 1 0 0 0 1 0 0 1 1 1 0 1 1 0 0 1 1 1 1 1 0 0 1 0 0 1 1 0 0 0 1 0 23
0 0 1 0 1 1 0 0 1 0 0 0 1 0 1 1 1 1 1 1 0 0 1 0 0 0 0 1 0 1 1 0 0 1 1 0 0 1 0 0 1 0 0 1 1 0 0 0 0 0 21
1 1 0 0 1 1 0 1 1 0 0 1 1 0 1 0 1 1 1 0 1 0 1 0 0 1 1 1 0 1 1 0 0 1 1 0 1 1 0 0 1 0 0 1 1 1 1 0 0 0 28
1 1 1 0 1 0 0 0 1 0 0 1 1 0 1 1 1 0 1 0 0 1 1 0 0 1 0 1 0 1 0 0 0 0 1 0 0 1 0 0 1 0 1 1 0 1 1 1 1 0 25
1 0 0 0 0 0 0 0 0 0 0 0 1 0 1 0 1 1 1 0 0 0 1 1 1 1 1 1 0 1 1 0 0 1 1 1 0 1 0 0 1 0 1 1 0 1 1 1 1 0 25
1 1 1 1 1 1 0 0 1 0 0 1 1 0 1 0 0 0 1 0 0 0 1 0 0 1 0 1 0 1 1 0 0 1 1 1 1 1 0 1 1 0 0 1 1 1 1 0 1 0 28
1 1 1 0 0 1 0 1 1 0 0 0 1 0 1 1 0 1 1 0 0 1 1 0 1 0 0 1 0 1 0 0 0 0 1 1 0 1 0 0 1 0 0 0 1 1 1 1 1 0 25
1 1 0 1 1 1 0 1 1 0 0 0 1 0 1 0 1 0 1 0 0 1 1 0 0 1 0 1 0 1 1 0 0 0 1 0 0 1 0 0 1 0 0 1 0 0 1 0 1 0 23
0 1 0 0 1 1 0 0 1 0 0 0 1 1 1 1 0 1 1 0 0 1 1 1 0 1 1 1 0 1 0 0 0 1 1 1 1 1 0 0 1 0 0 0 0 1 0 0 1 0 25
0 1 1 0 1 1 0 0 1 0 0 0 1 0 1 0 0 0 1 0 1 1 0 0 1 1 1 1 1 1 1 0 0 0 1 0 0 1 0 0 1 0 0 1 0 0 0 0 1 0 22
0 0 1 0 1 1 0 0 1 0 0 1 1 1 1 1 1 0 1 0 1 0 1 1 1 1 0 1 0 1 0 0 0 0 1 1 1 1 0 0 1 0 0 1 1 1 1 0 1 0 28
1 0 1 1 1 0 0 1 1 0 0 0 1 0 1 0 0 1 1 1 0 0 1 0 0 1 1 1 0 1 0 0 0 0 1 0 1 1 0 0 1 1 0 1 1 1 1 1 1 0 27
0 1 0 0 1 1 0 1 1 0 0 0 1 1 1 0 1 1 0 0 1 1 1 0 0 1 0 1 1 1 0 0 0 1 1 0 1 1 0 0 0 0 0 1 0 0 1 1 1 1 26
0 1 0 0 1 0 0 0 1 1 0 0 1 0 1 0 0 0 1 0 1 0 1 1 0 1 1 0 0 1 1 0 0 0 1 0 1 1 0 0 1 1 0 1 1 0 0 0 1 0 22
1 1 1 1 1 1 0 0 1 0 0 0 1 0 0 0 0 0 1 0 0 0 1 0 0 1 1 1 0 1 1 0 0 1 1 1 1 1 0 0 1 1 0 1 1 0 1 1 0 0 26
0 1 0 0 1 1 0 0 1 0 0 1 1 1 1 0 0 1 1 0 1 1 1 0 0 1 1 1 0 1 1 1 0 0 1 0 0 1 0 0 1 0 0 1 1 1 1 1 1 0 28
0 1 0 0 1 0 0 0 1 0 0 0 1 0 0 0 0 0 1 1 1 1 0 0 0 0 0 0 1 1 0 0 0 0 1 1 0 1 0 0 1 1 0 0 0 1 0 0 0 0 16
0 1 1 0 1 0 0 0 0 0 0 0 1 0 1 0 0 0 1 0 0 0 1 0 1 1 0 1 0 1 1 0 0 1 1 0 1 1 0 1 1 0 0 0 0 0 1 0 0 0 19
0 1 1 1 1 1 0 0 0 0 0 1 1 0 1 1 1 0 1 0 1 0 1 1 1 1 0 1 0 1 1 0 0 1 1 0 0 1 0 0 1 0 0 0 0 1 1 1 0 0 26
0 0 0 0 0 1 0 0 0 0 1 1 1 0 1 1 0 0 1 0 1 1 1 0 0 1 1 1 1 0 1 0 0 0 1 0 1 1 0 0 1 0 0 1 0 1 1 1 1 0 24
0 1 0 0 1 0 0 0 1 0 1 1 0 0 1 1 0 0 0 0 1 1 1 1 0 1 1 1 0 1 0 0 0 1 1 0 0 1 0 1 1 0 0 1 0 1 1 1 1 1 26
0 0 1 0 1 1 0 0 1 0 0 0 1 0 1 0 1 1 1 0 1 1 1 0 1 1 1 0 1 1 1 1 0 1 1 0 1 1 0 1 0 0 0 0 1 1 1 1 0 0 28
0 1 0 0 0 1 0 0 1 0 1 0 1 0 1 0 0 0 1 0 0 1 1 0 0 1 1 1 1 1 1 0 0 1 1 0 0 1 0 1 1 0 0 1 1 1 1 1 1 0 26
1 0 1 1 1 0 0 0 0 0 0 0 1 0 1 1 1 1 1 1 0 1 1 0 0 1 0 1 1 1 1 0 0 1 1 1 1 1 0 0 1 0 1 1 1 0 1 0 1 0 29
0 0 0 0 1 0 0 0 0 0 0 0 1 0 1 1 0 1 1 1 1 1 1 0 0 0 0 1 0 1 1 1 0 0 1 1 0 1 0 0 1 0 0 0 1 1 0 0 0 1 21
0 1 0 0 1 0 0 0 1 0 0 0 1 0 1 0 1 0 1 1 1 1 1 0 0 1 1 1 0 1 0 0 0 1 1 0 1 1 0 1 1 1 0 1 1 0 0 1 0 0 25
0 1 0 0 0 1 0 1 0 0 0 1 1 0 0 1 0 0 1 0 1 1 1 1 1 1 0 1 0 1 0 0 0 0 1 0 1 1 0 0 1 1 0 1 1 1 0 0 0 0 23
1 1 1 0 1 0 0 0 0 0 0 0 1 0 1 0 1 1 1 0 1 1 1 0 0 1 1 1 1 1 0 0 0 1 1 1 1 1 0 0 1 0 0 0 0 1 0 1 0 0 25
1 0 0 0 1 1 1 0 0 0 1 0 1 0 1 1 0 1 1 0 1 1 1 0 0 1 1 1 0 1 1 1 0 1 1 1 0 1 0 1 1 0 0 0 1 1 1 0 1 0 29
0 0 0 0 1 1 0 1 1 0 1 0 1 1 0 0 1 0 1 1 1 0 1 1 0 1 1 1 1 1 1 0 0 1 1 1 1 1 0 0 1 0 0 1 1 1 1 1 1 0 31
0 0 1 1 0 1 0 1 1 0 0 0 1 0 1 0 1 0 1 0 0 0 1 1 1 1 1 1 0 1 1 0 0 0 1 0 1 1 0 0 1 1 0 0 0 1 1 1 1 0 26
0 0 1 0 1 1 0 1 0 0 0 0 1 0 1 1 0 1 1 0 0 1 1 0 0 1 1 1 0 1 1 0 0 1 1 0 1 1 0 0 1 1 0 1 1 1 1 1 1 0 28
0 1 0 0 0 0 0 0 0 0 0 0 1 0 1 1 0 0 1 0 1 0 1 0 0 0 0 1 0 1 0 0 0 1 1 0 0 1 1 0 1 0 0 1 0 1 0 1 1 0 18
0 1 0 0 1 0 1 0 1 0 0 1 1 0 1 0 0 1 1 0 0 1 1 0 0 1 1 0 0 1 1 0 0 1 1 1 0 1 0 0 1 0 1 1 0 1 1 0 1 0 25
1 1 1 0 1 1 1 1 1 0 1 0 1 1 1 1 1 0 1 0 1 0 1 1 0 1 1 1 0 1 1 0 0 0 1 0 0 1 0 0 1 0 0 0 0 1 1 0 1 0 29
0 1 1 0 0 0 0 1 0 0 0 1 1 0 0 0 0 0 1 1 1 1 1 1 0 1 1 1 0 1 0 0 0 1 1 0 0 1 0 0 1 0 0 1 1 1 1 0 0 0 23
1 1 0 0 1 1 0 0 1 0 0 0 1 0 1 0 0 1 1 1 1 1 0 0 0 1 0 1 0 1 1 0 0 0 1 0 0 1 0 0 1 0 0 0 1 1 1 0 1 0 23
0 0 1 0 1 1 0 0 1 0 0 1 1 0 1 0 0 0 1 0 1 1 1 0 1 1 1 1 0 1 1 0 0 1 1 1 0 1 0 0 1 1 1 1 0 1 1 0 0 0 27
0 0 1 0 1 1 0 0 0 0 0 0 1 1 1 0 1 1 1 1 1 1 1 0 1 1 0 1 0 1 0 0 1 1 1 0 0 1 0 0 0 0 0 1 1 0 1 1 0 0 25
1 1 0 0 1 0 0 1 1 0 0 0 1 0 0 1 1 0 1 0 1 0 1 1 1 1 1 1 1 1 0 0 0 1 1 1 0 1 0 1 1 1 1 0 1 1 1 0 0 0 29
1 1 1 0 1 0 0 0 1 0 0 1 1 0 1 0 0 0 1 0 1 1 1 0 1 1 0 1 1 1 0 0 0 1 1 0 1 1 0 0 1 0 0 1 1 1 1 1 1 0 28
0 0 1 0 1 1 0 0 1 1 1 0 1 0 0 0 1 1 1 0 0 1 1 0 0 1 1 1 0 1 1 0 0 1 1 0 0 1 0 0 0 0 1 1 1 0 1 0 1 0 25
1 1 1 0 1 1 0 0 1 1 0 1 1 0 1 1 1 0 1 0 1 1 1 0 0 1 0 1 1 1 1 0 0 1 1 0 0 1 1 0 1 1 0 1 0 1 1 0 1 0 31
0 1 1 0 1 0 0 0 1 0 0 1 1 0 0 0 0 1 1 0 0 0 1 0 0 1 0 1 0 1 0 0 0 1 1 1 1 1 0 0 1 1 0 1 1 1 1 0 1 0 24
0 0 1 0 1 0 0 0 1 0 0 0 1 1 0 0 1 0 0 0 1 0 1 0 0 1 0 1 0 1 1 0 0 1 1 1 1 1 0 1 1 0 0 1 1 0 0 0 0 0 21
1 1 0 0 1 0 0 1 1 0 0 1 0 0 0 0 0 0 1 0 1 0 1 0 0 1 0 1 0 1 1 0 0 1 1 0 1 1 0 0 1 0 0 1 1 1 1 1 0 0 23
0 1 0 0 0 0 0 0 1 0 1 0 0 0 1 0 0 0 1 0 0 1 1 0 1 1 1 1 0 1 1 1 0 0 1 1 1 1 0 1 1 0 1 1 0 0 1 1 1 0 25
0 0 0 0 0 1 0 0 1 0 0 1 1 0 1 0 1 1 1 0 0 1 1 1 0 1 1 1 0 1 0 0 0 0 1 1 1 1 0 0 1 0 0 1 1 1 1 0 1 0 25
0 0 0 0 1 1 0 0 0 0 0 0 1 0 1 1 1 0 1 0 1 0 1 0 0 1 1 1 1 1 1 0 0 0 1 1 0 1 0 0 1 0 0 1 0 0 1 1 1 1 24
0 0 0 0 1 0 0 1 0 0 0 0 1 0 0 0 1 0 1 1 1 1 1 1 0 1 1 1 0 1 1 0 0 1 1 0 0 1 0 1 0 0 0 1 1 1 1 1 1 0 25
1 1 0 0 1 1 0 1 1 0 1 1 1 0 1 1 1 1 1 1 1 0 1 0 1 1 1 0 0 1 1 0 0 0 1 1 1 1 0 0 1 0 0 1 0 1 1 1 0 0 31
0 0 1 0 1 0 0 0 1 0 0 0 1 0 1 1 1 0 0 1 1 0 1 0 1 1 0 1 1 1 0 0 0 0 1 1 0 1 0 0 1 1 0 0 0 1 0 1 1 0 23
0 0 0 0 1 0 0 0 0 1 0 1 1 0 1 1 0 1 1 0 0 1 1 0 0 1 0 1 0 1 0 0 0 0 1 1 1 1 0 1 1 1 0 1 0 0 1 0 0 0 22
1 0 0 0 1 0 0 1 1 0 1 0 1 0 1 0 0 0 1 0 1 0 1 0 1 0 1 1 1 1 0 0 0 0 1 1 1 1 0 1 1 0 0 0 0 1 0 0 1 0 23
1 0 1 0 1 1 0 1 0 0 0 0 1 0 0 0 0 0 0 1 1 1 1 1 0 1 1 0 0 0 0 0 0 0 1 0 0 1 0 1 1 0 0 1 1 0 1 1 0 0 21
0 0 0 0 1 1 0 0 1 0 0 1 1 0 1 0 1 1 1 0 1 0 1 0 1 1 1 0 0 1 0 0 0 1 1 0 1 1 0 0 1 0 0 1 0 0 1 1 0 0 23
1 0 1 1 1 1 0 0 1 0 1 0 1 0 1 0 0 0 1 0 0 0 1 0 0 1 0 1 0 1 1 0 0 0 1 1 1 1 0 1 1 0 1 1 0 1 0 0 1 0 25
0 1 0 0 1 1 0 0 0 0 1 0 1 1 1 1 0 1 1 0 1 1 1 0 0 1 1 1 0 1 1 0 0 1 1 0 1 1 1 0 1 1 0 0 0 1 0 1 1 0 28
0 0 0 0 1 1 0 0 1 0 0 0 1 0 0 1 0 0 1 0 1 0 1 0 0 1 1 1 0 1 1 0 0 1 1 0 0 1 0 1 1 0 1 1 1 0 1 0 1 0 23
0 0 0 0 1 1 0 0 0 0 0 1 1 0 1 0 0 1 1 0 1 0 1 1 0 1 1 0 0 0 1 0 0 0 0 0 0 1 0 0 1 1 0 1 0 0 1 0 0 0 18
1 1 0 0 0 1 0 0 0 0 1 0 1 0 1 1 0 1 1 0 1 0 1 1 0 1 1 1 0 1 1 1 0 1 1 0 0 1 0 1 1 0 1 1 0 1 1 0 1 0 28
0 1 0 0 1 0 0 0 1 0 0 0 1 0 1 0 1 0 1 0 1 1 1 0 0 1 1 1 0 1 1 0 0 0 1 0 0 1 0 0 1 0 0 0 1 1 1 0 1 0 22
100 140 90 36 190 156 6 65 171 19 59 131 245 30 203 116 118 103 215 46 178 138 237 76 87 215 162 202 48 241 169 26 7 139 246 122 133 249 8 76 225 63 34 176 141 172 178 84 168 11 6250
