0 1 0 0 1 0 0 0 0 1 0 0 1 0 1 1 1 1 1 0 1 0 0 1 0 1 1 1 0 0 0 1 1 1 1 1 0 1 1 1 1 0 0 0 0 0 1 1 0 0 25
1 0 1 0 0 0 1 1 1 1 1 1 1 1 0 0 0 0 0 0 1 0 1 1 1 0 1 0 1 1 1 1 1 0 1 0 0 0 1 1 1 1 1 1 1 1 0 1 1 1 32
1 1 0 0 1 0 0 1 0 0 1 1 1 1 0 0 1 0 0 1 0 0 0 0 0 0 1 0 0 0 0 1 0 1 0 0 1 1 1 0 1 1 1 1 0 0 0 0 1 1 22
1 0 0 1 0 1 0 1 0 0 0 0 0 0 1 1 0 1 0 0 0 0 0 1 1 1 0 0 0 0 0 0 1 0 1 1 0 0 1 1 0 0 1 0 1 0 0 1 0 0 18
1 0 0 0 0 0 0 0 0 1 1 0 0 0 0 0 1 0 0 0 0 0 0 1 1 0 0 1 0 1 1 1 1 1 0 0 0 1 1 1 0 1 0 0 0 1 1 1 0 1 20
1 1 1 0 0 1 0 1 0 1 1 1 0 0 1 1 0 0 0 0 0 0 0 0 0 1 0 1 0 1 1 0 0 1 1 0 0 0 1 0 1 0 0 0 0 0 1 0 0 0 19
1 0 1 1 1 0 0 1 0 0 1 0 1 1 0 1 0 0 0 1 0 1 0 1 1 0 1 0 1 0 1 0 1 0 1 0 0 1 1 0 0 1 1 1 0 0 1 0 1 0 25
1 1 1 0 1 1 0 1 0 0 0 1 0 1 0 0 1 1 0 0 1 0 1 1 0 0 1 0 1 0 0 1 0 0 1 1 1 1 1 1 1 0 0 1 1 1 0 0 1 1 28
1 0 1 1 1 0 1 0 1 0 1 0 1 0 0 0 0 1 0 0 1 1 1 1 1 0 0 0 0 1 1 0 1 1 1 0 0 1 0 0 1 0 1 0 1 0 0 1 1 1 26
0 1 1 1 0 0 0 1 0 0 0 0 1 1 0 1 1 1 1 1 1 0 0 1 0 1 1 1 0 0 0 0 0 1 0 0 1 1 0 0 1 1 1 0 0 1 1 0 0 1 25
0 1 1 0 0 0 1 1 1 0 0 1 0 1 1 1 0 0 1 0 0 1 0 1 1 0 0 0 0 1 1 1 1 1 1 0 1 1 1 0 0 0 0 1 1 0 1 0 1 0 26
1 1 0 0 1 1 0 1 0 0 0 0 1 1 0 1 1 1 1 1 1 0 1 1 1 1 0 1 1 0 1 0 1 1 1 0 0 0 0 0 0 0 0 0 1 0 1 1 1 1 28
0 0 1 0 0 0 0 1 0 0 1 0 1 1 0 0 1 1 1 0 1 0 0 0 1 1 0 0 0 1 1 1 0 1 1 1 0 1 0 1 0 0 0 0 0 0 1 1 0 1 22
1 1 1 1 0 0 1 1 1 1 1 1 1 1 1 1 0 0 0 1 0 0 0 0 0 0 0 1 0 1 1 1 0 1 1 0 0 0 1 1 0 0 1 1 1 1 0 0 1 0 28
0 0 0 0 0 1 0 0 0 1 0 0 1 0 0 0 1 1 1 0 0 1 1 1 0 0 1 0 1 0 1 0 1 1 1 1 0 0 1 0 0 0 1 0 0 0 1 0 0 1 20
0 0 0 1 0 0 0 0 0 0 1 1 1 0 0 1 1 1 1 0 0 0 1 1 0 0 0 1 0 1 0 1 0 0 0 0 1 0 0 1 0 1 1 0 1 0 1 0 1 0 20
1 1 1 0 1 1 1 0 0 1 0 0 1 0 1 0 0 0 1 1 0 0 0 1 1 1 1 1 1 1 0 0 0 1 0 0 0 0 0 0 1 1 1 1 1 1 0 0 1 1 27
1 0 1 0 1 0 0 0 0 0 0 0 1 1 0 0 1 0 1 1 0 1 1 0 0 0 1 1 1 0 1 0 0 0 0 0 0 0 0 0 0 0 0 0 0 0 1 0 0 0 15
0 0 0 0 0 0 0 0 0 0 0 0 0 0 0 0 0 0 0 0 0 0 0 0 0 0 0 0 0 0 0 0 0 0 0 0 0 0 0 0 0 0 0 0 0 0 0 1 0 0 1
1 0 1 0 0 1 0 1 1 0 1 0 1 0 1 1 0 0 1 0 1 0 0 0 0 0 0 1 1 0 0 1 1 1 1 0 0 0 1 0 1 1 0 1 1 1 1 0 1 0 25
1 1 1 0 0 0 0 0 1 1 0 1 1 1 1 0 0 1 0 1 1 0 0 0 0 0 0 0 0 0 0 0 0 1 1 1 1 0 0 1 0 1 0 1 0 1 0 0 1 0 21
1 1 0 0 1 0 1 0 0 1 1 1 1 0 1 0 0 0 1 0 0 0 1 1 1 0 0 1 0 0 0 0 0 0 1 1 1 0 0 0 1 0 0 1 1 0 1 0 1 0 22
0 0 1 0 1 1 0 1 0 0 1 1 0 0 1 0 0 1 0 1 0 1 0 1 1 0 1 0 0 1 0 1 1 0 1 0 1 1 1 1 0 1 0 0 1 1 0 1 1 0 26
1 1 1 1 0 0 1 0 0 0 1 1 0 0 0 1 1 1 0 0 1 0 1 1 0 1 0 0 0 0 0 1 0 0 1 0 0 0 1 1 1 1 1 1 0 0 1 0 1 0 24
1 0 0 1 1 1 0 1 1 1 0 1 1 1 1 1 0 0 1 0 0 1 1 1 1 0 1 0 0 0 1 0 1 1 1 1 0 1 0 0 1 1 1 1 1 0 1 1 1 0 32
1 1 1 1 0 0 1 0 0 0 0 0 1 1 0 0 1 0 0 0 1 1 0 1 1 0 0 1 0 0 0 1 1 0 1 1 0 1 0 1 0 0 0 1 1 1 0 1 0 0 23
0 1 0 1 1 1 1 1 0 0 0 1 0 1 0 0 1 0 0 0 0 0 1 0 1 1 1 0 1 0 1 1 0 1 1 0 0 1 1 0 0 1 0 0 0 0 0 1 0 0 22
1 0 1 1 0 0 0 1 1 0 1 0 1 0 1 0 0 0 1 1 1 1 0 1 1 1 0 0 0 1 0 0 0 0 0 0 1 0 1 0 0 0 0 0 1 1 0 0 1 0 21
1 1 1 1 1 1 1 1 1 0 0 1 0 0 0 0 0 0 0 0 0 0 0 0 0 1 0 0 0 1 1 1 0 0 0 1 0 1 1 0 1 0 0 1 1 1 0 1 1 0 23
1 1 0 0 1 0 1 0 1 1 1 0 0 1 1 1 1 0 0 1 1 0 0 1 1 0 0 1 1 1 0 1 1 1 1 1 0 0 0 0 0 1 0 0 1 1 1 1 1 0 29
0 0 0 1 1 0 1 1 1 1 0 0 0 1 1 1 1 0 0 1 1 1 1 1 0 1 1 1 0 1 1 0 1 0 0 1 0 0 0 0 1 0 1 1 1 0 0 1 0 1 28
0 1 1 1 0 0 0 1 1 1 0 0 1 0 1 1 1 1 1 0 1 0 0 0 0 0 1 0 0 0 1 1 1 1 1 1 1 1 1 0 1 0 1 0 0 0 0 1 0 0 26
1 1 1 0 0 1 1 1 0 1 1 1 1 1 1 0 0 0 1 1 1 0 0 1 0 1 1 0 1 0 1 0 0 1 1 0 0 1 1 0 0 0 1 0 0 1 0 0 1 0 27
0 1 0 1 1 0 0 0 1 1 0 1 1 0 0 1 1 0 0 0 0 1 1 1 0 0 1 0 0 0 1 0 1 0 1 1 0 0 0 1 0 1 1 0 1 1 0 0 0 1 23
1 0 1 1 0 1 0 0 0 1 1 0 1 1 0 1 0 1 1 1 0 0 1 1 1 1 0 0 0 0 0 0 0 0 1 0 1 1 1 1 0 0 1 0 0 1 1 0 0 1 25
0 1 0 1 0 1 0 0 1 1 0 1 1 1 0 0 0 1 0 0 0 1 0 0 0 0 0 0 0 0 1 1 0 0 0 1 0 1 0 1 1 1 1 1 0 0 0 1 0 1 21
1 0 0 0 1 0 0 0 1 1 1 1 1 0 0 1 1 0 0 0 1 0 0 1 0 0 0 1 1 0 1 0 0 0 1 1 0 1 1 0 1 0 0 0 1 0 0 0 0 0 20
0 1 0 0 1 1 1 1 0 0 0 1 0 1 1 0 0 1 0 1 1 1 0 1 1 1 0 0 0 0 1 0 1 1 1 1 1 0 1 1 1 0 0 0 0 1 0 1 1 1 28
1 1 1 0 0 0 1 0 1 1 0 0 0 1 1 1 1 1 1 0 1 1 0 0 0 0 1 0 0 0 0 0 1 0 1 1 1 0 0 1 0 1 0 0 1 1 1 0 1 0 25
1 1 1 0 0 0 0 1 0 0 1 0 0 0 1 0 1 1 1 0 0 1 0 0 0 0 0 1 0 1 0 1 0 1 0 1 0 1 0 0 0 1 1 0 1 1 1 0 0 0 21
0 1 0 0 1 0 0 1 1 1 0 0 0 0 0 0 1 1 1 0 1 1 1 1 1 1 1 1 0 0 0 0 1 1 1 0 0 0 0 0 1 0 1 1 0 0 1 0 1 1 25
0 0 0 1 0 0 0 0 0 0 1 0 1 1 0 0 0 0 0 1 1 1 0 0 0 0 0 1 1 0 0 0 1 0 0 1 0 0 0 0 0 0 0 0 1 1 0 0 1 0 14
1 0 0 0 0 0 0 0 0 0 0 1 0 1 1 1 0 0 0 1 1 1 1 0 1 1 1 1 1 0 1 0 1 1 1 1 0 0 1 1 0 1 0 1 1 0 0 1 0 0 25
1 0 0 1 0 0 1 1 1 0 0 0 1 0 1 1 1 1 1 1 0 0 0 0 0 0 1 0 0 1 1 1 1 1 1 1 1 1 0 1 1 0 0 1 1 0 1 1 1 0 29
0 0 1 1 0 0 0 1 1 1 0 0 0 0 0 1 0 1 0 0 1 0 1 0 1 0 0 1 0 0 1 1 0 0 0 0 1 0 1 1 1 1 0 0 0 0 1 1 0 0 20
1 1 1 1 0 0 1 0 1 1 0 1 0 0 1 0 0 0 0 1 0 0 1 0 1 1 1 1 1 1 1 1 1 0 0 0 0 1 1 0 0 1 1 1 0 0 0 1 0 0 26
0 1 1 0 0 1 0 0 0 1 1 0 1 1 1 1 0 0 0 1 1 1 1 1 0 1 1 0 1 1 0 1 1 1 1 0 0 1 1 0 0 1 1 1 1 0 0 1 0 0 29
1 0 1 0 0 1 1 0 0 1 1 0 0 0 1 0 0 0 1 0 0 1 1 0 1 1 0 1 0 1 0 0 0 0 1 0 0 0 0 1 0 1 1 0 0 0 0 1 1 0 20
1 1 0 1 1 0 1 1 1 1 0 1 0 1 1 0 1 0 1 0 1 0 0 1 1 0 0 0 1 0 1 0 0 1 0 1 0 1 0 1 1 1 0 0 0 1 0 0 0 1 26
1 0 0 0 1 1 0 1 1 0 1 0 0 1 1 0 0 1 1 0 1 0 0 0 1 1 1 0 0 0 1 0 1 0 1 1 0 1 1 1 0 0 1 0 0 0 1 1 0 0 24
1 1 1 1 0 1 0 0 1 0 0 0 0 0 1 0 1 1 0 1 1 0 1 0 0 1 0 0 0 0 0 1 1 0 1 1 0 0 0 1 0 1 0 1 0 1 0 0 1 1 23
1 0 0 1 1 1 1 1 1 0 0 1 1 1 1 1 1 1 0 0 1 1 1 1 0 1 1 0 1 1 0 0 1 1 0 0 0 0 0 0 0 0 1 0 0 0 0 0 0 1 26
0 1 0 0 1 1 1 0 1 1 1 1 0 1 1 1 0 1 0 0 1 1 1 0 1 1 1 0 1 1 0 1 0 1 1 0 0 0 1 0 1 0 0 1 0 0 1 1 0 0 28
0 0 1 1 0 0 0 0 0 1 0 1 1 1 0 0 0 1 1 0 1 0 0 1 1 1 1 1 0 1 1 0 1 1 1 0 0 1 0 1 1 0 0 0 0 1 1 1 1 0 26
0 1 0 0 1 1 1 0 1 0 0 0 1 0 0 1 0 0 0 1 0 1 0 0 1 1 1 1 1 1 0 1 1 0 1 0 0 0 1 1 0 1 1 0 0 0 1 0 1 0 24
1 0 1 0 1 0 1 1 0 0 0 1 1 0 1 1 0 1 1 1 0 1 0 0 1 0 1 1 0 0 1 1 0 0 1 0 0 1 0 0 1 1 1 0 1 0 1 1 0 0 26
0 1 0 1 0 1 0 1 1 1 0 0 1 0 0 0 1 0 0 0 1 1 1 0 1 1 0 0 1 1 0 1 1 0 1 0 1 1 1 1 0 0 0 0 1 0 1 0 0 1 25
0 0 1 1 0 1 1 0 0 1 0 0 1 0 1 0 1 1 0 0 1 1 1 1 0 0 0 1 0 0 1 1 1 0 1 1 0 1 0 1 1 0 1 1 1 0 0 1 0 1 27
0 0 0 0 0 1 1 1 1 1 1 0 1 1 1 0 0 0 0 0 1 1 0 1 0 1 0 0 1 0 1 1 0 1 0 1 1 1 1 0 1 0 1 1 1 0 0 0 0 0 25
1 1 0 0 0 0 0 1 0 0 1 0 1 0 1 0 1 1 0 1 0 0 1 1 0 0 1 1 0 1 0 0 0 0 0 1 0 1 0 1 0 1 1 1 1 1 1 0 0 0 23
0 1 0 0 1 1 1 0 1 0 1 0 0 1 0 0 1 1 1 0 1 1 1 0 0 1 0 1 1 0 0 1 0 1 0 0 1 0 1 1 1 1 1 0 1 0 1 1 1 1 29
0 0 1 1 0 1 1 1 1 1 0 1 1 0 0 0 0 1 0 0 0 0 1 1 0 1 0 0 0 1 0 0 1 0 1 1 0 0 0 0 0 0 0 1 1 0 0 1 0 0 20
1 1 1 1 1 0 1 0 1 0 1 0 0 0 1 1 0 1 1 1 1 0 0 0 0 0 0 0 1 1 1 1 0 0 0 0 1 0 1 1 0 0 0 1 0 1 1 1 1 1 27
0 1 1 1 1 0 1 1 0 0 1 0 1 1 1 0 1 0 0 0 0 0 0 1 1 0 1 1 1 1 0 0 0 1 1 0 1 1 1 1 1 0 1 0 0 1 1 0 0 1 28
0 0 1 1 0 1 1 0 1 1 1 1 1 0 0 0 0 1 1 0 1 0 0 1 0 0 0 0 1 0 1 1 1 0 1 1 0 0 1 1 1 1 0 1 1 1 0 0 1 1 28
1 0 1 1 1 0 1 1 1 0 1 1 1 0 0 0 1 1 0 0 1 1 1 1 0 1 0 0 0 0 0 0 1 0 0 0 0 1 0 1 0 1 1 0 1 1 1 0 0 1 26
1 0 0 0 0 0 0 0 0 0 0 1 1 0 0 1 1 1 0 0 1 0 0 1 1 1 1 1 1 1 0 0 1 1 1 0 1 1 0 1 1 0 1 1 0 1 1 1 0 0 26
0 1 1 0 1 0 0 1 1 1 1 0 0 1 1 0 1 0 0 1 0 1 0 1 0 0 0 0 0 0 0 0 0 0 0 0 0 1 1 0 0 1 0 0 0 1 1 0 1 1 20
0 0 0 0 0 0 0 1 0 1 1 0 0 0 0 0 1 1 0 1 1 0 1 0 1 1 0 1 1 0 1 0 0 1 1 0 1 1 0 0 0 1 0 1 1 1 0 1 1 1 24
1 1 1 0 1 1 1 0 0 1 1 1 0 0 1 1 1 0 1 1 0 0 0 0 1 1 1 1 0 1 1 1 1 0 1 1 1 0 1 1 1 0 1 0 1 1 0 1 1 0 33
1 1 0 1 1 1 1 0 0 0 0 1 0 1 1 1 1 1 1 1 0 0 0 0 0 1 0 1 1 0 1 0 0 0 1 1 1 1 1 1 0 0 1 0 1 1 1 0 0 0 28
1 0 1 0 0 1 1 0 1 1 1 0 0 0 0 1 0 1 1 0 0 1 0 0 1 1 1 0 0 0 1 0 1 1 0 1 1 0 0 0 1 0 0 0 1 0 1 0 0 1 23
0 0 0 0 0 0 1 0 1 0 1 1 0 1 0 0 1 0 1 1 0 0 1 0 0 0 0 1 0 1 0 1 1 0 0 1 0 0 1 1 1 1 0 0 1 0 1 1 0 1 22
1 1 1 0 0 1 1 1 0 0 1 0 1 0 1 1 0 1 1 0 1 0 0 1 0 1 1 1 0 1 0 0 0 1 1 0 0 1 1 0 0 0 0 0 1 1 0 0 1 1 26
0 0 1 0 1 1 1 0 1 0 0 1 0 0 0 1 0 0 1 1 1 0 1 0 1 0 0 1 1 0 0 0 1 0 1 1 1 0 1 0 0 0 1 1 0 0 0 0 1 1 23
1 0 1 0 1 1 0 0 0 0 1 0 0 1 1 0 1 1 1 0 1 1 1 0 0 0 0 0 0 1 0 1 1 0 1 1 0 0 0 0 1 0 0 1 0 0 0 0 1 0 21
0 1 0 1 1 0 1 1 1 0 0 0 0 0 1 0 0 1 1 0 1 1 0 0 0 1 0 0 1 0 0 0 1 1 0 0 0 0 1 1 0 1 0 1 0 0 0 1 1 1 22
0 1 0 0 1 1 0 1 0 0 1 0 0 1 0 1 1 1 1 0 1 0 1 0 1 0 0 1 0 0 1 0 1 0 0 1 0 1 0 0 1 1 0 1 0 1 0 1 1 0 24
1 1 1 1 0 1 1 0 1 1 1 0 1 0 0 0 1 0 1 0 1 1 1 1 1 1 0 0 0 1 1 0 1 1 0 1 1 1 1 1 0 1 1 1 1 1 1 0 1 0 34
1 1 1 1 1 1 0 0 1 0 1 0 0 0 0 1 0 1 1 1 1 0 1 1 0 1 1 0 0 0 1 1 0 1 1 1 0 0 1 1 0 1 1 1 1 1 1 0 1 0 31
0 0 0 0 1 0 1 1 0 1 0 0 0 1 0 0 1 1 0 1 0 0 0 0 1 1 1 0 1 1 1 0 1 0 0 0 1 0 0 0 1 0 0 0 1 1 0 1 1 1 22
1 0 1 0 1 1 1 1 0 0 0 0 0 1 0 1 0 1 0 1 1 1 1 1 1 1 1 1 1 1 1 1 0 1 1 0 0 0 1 0 0 0 0 0 0 0 1 0 1 0 27
0 0 1 0 0 1 1 0 0 0 1 1 1 1 0 0 1 1 0 0 1 0 1 0 1 1 1 1 1 1 0 1 1 0 0 1 0 1 0 0 0 1 0 0 0 1 1 0 1 0 25
1 0 1 0 1 1 0 1 1 1 0 0 1 1 0 0 0 0 1 1 0 0 0 1 0 0 0 1 0 1 0 1 1 1 0 1 1 1 1 1 1 0 0 1 0 1 1 1 0 1 28
0 1 1 1 0 1 0 0 0 0 0 1 1 0 0 1 0 0 0 0 0 1 1 1 1 0 0 0 1 0 0 1 0 1 0 1 1 0 1 0 1 1 1 0 1 1 1 1 1 1 26
0 0 0 0 0 0 1 0 1 1 0 0 1 0 0 0 1 1 0 0 1 1 0 0 1 1 0 0 1 1 0 1 1 1 0 0 0 0 1 1 0 1 0 0 1 0 0 1 1 0 21
1 0 1 1 0 0 0 1 1 0 0 0 1 1 0 1 0 1 0 0 1 1 0 0 1 1 1 0 0 1 1 0 1 0 0 1 0 0 1 1 1 0 0 1 1 0 1 1 0 0 25
0 1 1 0 0 0 0 0 0 0 1 1 1 0 0 0 0 1 0 1 1 0 0 1 0 1 1 1 0 0 1 0 1 1 1 0 1 1 1 1 1 1 1 1 0 0 0 0 0 0 24
1 0 1 1 1 0 0 0 0 0 0 1 1 0 0 1 0 1 1 0 1 0 1 1 1 0 0 1 1 1 1 0 1 1 1 1 1 1 0 0 1 0 0 1 1 1 1 1 0 0 29
0 1 1 0 1 0 0 1 0 0 1 0 0 1 1 1 0 1 0 0 1 0 0 0 0 0 0 0 1 1 1 1 0 1 1 0 0 1 0 1 0 1 0 0 0 1 1 1 0 0 22
1 1 1 0 1 1 0 0 1 0 1 0 0 0 0 1 0 1 1 1 0 1 0 0 1 1 1 1 1 0 0 0 0 1 0 0 1 0 1 1 0 1 0 0 1 1 0 0 1 1 26
1 0 1 0 0 0 1 1 1 1 0 1 1 0 0 0 0 1 1 1 0 1 0 1 1 0 0 0 0 1 0 1 1 1 0 0 0 0 0 1 1 1 0 1 1 1 1 0 0 1 26
1 1 0 1 1 1 0 0 0 1 1 1 0 0 1 0 1 1 0 1 0 0 1 0 1 1 0 0 1 1 0 0 1 1 1 0 1 1 0 1 1 0 1 0 0 1 0 0 0 1 27
0 0 0 0 0 1 1 1 1 1 1 0 0 1 0 0 0 0 0 0 1 0 0 1 1 1 1 0 0 1 0 1 1 1 0 1 1 1 1 0 1 0 0 0 1 1 1 1 0 1 26
0 1 0 0 1 1 0 1 1 1 0 1 1 0 1 1 0 0 0 1 1 1 0 1 0 1 1 1 1 0 0 0 0 1 0 1 1 0 1 0 0 1 0 1 0 0 0 0 1 0 25
0 0 1 0 1 0 0 1 1 1 0 1 1 1 0 0 1 0 0 1 0 0 0 0 1 0 1 0 0 1 1 1 0 1 0 0 1 1 0 0 0 1 1 1 0 1 1 0 1 1 25
0 0 1 1 0 1 0 1 1 1 0 0 1 0 1 0 0 0 1 1 1 0 0 0 1 1 0 0 0 1 0 1 1 0 1 0 0 1 1 1 1 1 1 1 0 1 0 1 0 1 27
1 1 0 0 0 1 0 1 0 1 1 1 0 0 1 0 1 0 0 1 1 1 0 0 0 1 0 1 1 0 0 1 1 1 0 0 1 1 1 1 0 0 0 1 1 0 0 0 0 0 24
1 1 1 1 0 0 0 1 0 1 1 1 0 0 1 1 0 1 1 0 1 1 1 0 0 1 1 0 0 0 1 1 0 0 0 1 0 1 0 1 0 0 0 1 0 1 0 0 0 1 25
0 1 1 1 1 0 0 0 1 1 1 1 1 0 1 0 1 0 0 1 1 1 0 0 0 0 1 1 1 1 0 0 1 0 0 1 0 1 0 0 1 0 0 0 1 1 1 0 0 1 26
0 1 0 1 1 1 0 0 1 1 0 0 1 1 0 0 0 1 1 0 0 1 0 1 0 1 0 1 1 0 0 0 0 1 0 1 0 0 1 1 1 1 1 0 0 1 0 0 0 0 23
1 1 0 1 1 1 1 0 0 0 1 1 1 1 1 1 1 0 1 1 0 1 1 1 1 1 1 0 1 0 1 1 1 0 1 0 0 0 0 1 1 0 0 1 1 1 1 1 1 0 34
1 1 1 1 0 0 1 0 1 1 0 0 0 0 0 0 0 1 1 1 0 1 0 1 1 0 0 0 0 1 1 1 1 1 0 0 0 0 0 0 0 0 0 1 1 0 0 0 1 1 22
1 1 0 1 1 1 1 1 1 0 0 1 1 0 1 0 1 1 0 1 1 1 1 0 0 0 1 1 1 1 1 1 0 1 0 1 0 0 0 1 0 0 1 1 1 0 0 0 0 1 30
1 1 1 0 1 0 1 0 1 0 0 0 1 0 0 0 1 0 0 1 0 0 1 0 0 0 1 0 1 0 1 1 1 0 1 0 0 0 0 0 1 0 1 1 1 0 0 1 1 1 23
1 1 0 1 0 0 1 0 0 1 0 0 1 0 1 1 1 0 1 0 1 1 0 0 1 1 0 1 0 0 0 1 0 0 1 1 0 0 0 0 1 0 0 1 0 1 1 0 1 0 23
1 0 0 0 0 1 0 1 1 1 0 0 0 0 1 1 0 1 1 1 1 1 1 1 0 1 0 1 1 1 1 0 1 1 1 0 0 0 0 1 1 0 0 0 0 1 0 0 1 1 27
0 1 0 0 0 1 0 1 0 1 1 1 0 1 1 0 1 0 1 1 1 1 1 0 1 0 1 0 1 0 0 0 0 1 1 0 0 1 0 1 0 1 0 0 1 0 1 1 1 0 26
0 0 1 0 0 1 1 1 1 1 1 0 0 0 0 1 0 0 1 1 0 0 0 0 1 1 0 0 1 0 1 1 1 0 1 1 0 0 1 0 0 0 0 0 0 1 0 0 1 0 21
1 0 0 1 1 1 0 0 0 1 1 1 0 1 0 0 1 0 0 1 0 1 1 0 0 0 1 0 0 1 0 0 0 0 0 1 0 1 0 0 0 1 1 0 0 0 1 0 0 0 19
1 1 1 0 0 0 0 1 0 0 1 1 0 1 1 1 1 0 1 1 1 1 1 1 1 1 1 0 0 1 1 1 1 1 1 1 0 0 0 1 1 1 1 0 1 1 0 1 1 0 34
1 1 1 0 0 1 1 0 0 1 1 1 1 0 1 1 0 0 0 1 0 0 1 1 0 1 1 1 0 1 0 0 0 1 0 1 0 0 1 1 0 0 1 0 0 1 0 0 0 0 24
1 0 1 1 0 1 0 1 1 1 1 1 0 0 0 0 1 0 1 1 1 1 1 1 1 0 0 1 0 0 1 1 1 1 0 0 0 0 1 0 1 0 0 0 0 1 0 1 0 1 27
1 0 1 1 1 0 0 0 0 0 0 0 1 0 0 1 0 0 0 0 0 1 0 1 0 0 0 1 1 1 1 1 0 0 0 0 0 1 1 1 0 0 1 0 0 0 1 1 0 1 20
0 0 1 1 1 1 0 0 0 1 1 1 0 0 0 1 0 1 1 1 0 1 1 0 1 1 1 1 1 0 0 1 1 0 1 1 1 1 0 0 1 0 0 1 0 0 0 1 0 0 27
1 0 1 0 0 1 0 0 1 0 0 0 1 0 0 0 1 1 1 0 0 1 0 1 0 1 0 0 1 0 0 0 1 0 1 0 0 1 0 1 0 1 0 1 0 0 1 1 0 1 21
0 1 1 1 0 0 0 0 1 1 1 0 1 1 1 1 1 1 1 0 1 0 1 1 0 1 1 0 0 0 1 0 0 1 0 0 0 1 0 1 1 1 0 0 0 1 0 0 1 0 26
1 1 0 0 1 0 0 1 1 1 0 1 1 1 0 1 0 0 0 1 1 0 1 0 1 1 0 0 1 1 1 1 1 0 1 0 0 0 0 1 1 1 1 1 1 1 0 0 0 0 28
0 0 1 1 1 0 0 0 1 0 1 1 0 0 1 0 0 1 0 0 0 1 1 0 0 1 0 0 0 1 0 1 0 0 0 1 0 1 0 0 0 0 1 1 1 0 1 0 1 1 21
0 1 0 1 0 1 0 0 1 1 0 1 0 1 0 1 1 0 1 0 1 1 1 0 1 1 1 0 1 1 1 0 1 1 1 1 1 0 0 1 1 1 1 0 0 0 0 1 1 1 31
0 0 1 0 0 1 0 0 1 1 1 0 0 0 1 1 0 0 0 0 1 0 1 1 0 0 0 1 0 1 1 0 0 0 0 1 1 1 1 1 0 0 1 0 1 0 1 0 1 0 22
0 1 1 0 0 1 0 0 0 0 1 0 0 0 1 1 0 1 0 1 0 0 1 1 1 1 1 1 1 0 0 0 0 1 0 1 0 0 0 0 0 1 1 0 1 0 0 1 0 1 22
1 0 0 1 0 0 1 1 0 0 1 1 0 1 1 0 1 1 1 0 1 1 1 0 1 0 0 0 1 0 0 1 1 1 1 0 1 0 1 0 1 1 1 1 0 0 0 0 0 0 26
1 0 1 0 0 1 1 0 1 1 1 0 1 0 0 1 0 0 1 0 0 1 0 1 0 1 1 0 0 1 1 0 1 0 1 1 0 1 1 0 1 0 1 0 1 0 0 1 0 1 26
0 1 1 1 0 1 0 0 1 0 1 1 0 0 0 0 0 1 1 0 0 0 1 0 0 1 0 1 1 1 1 1 1 1 0 0 1 0 0 0 1 0 1 0 0 1 1 0 1 1 25
0 1 1 1 0 0 0 1 1 1 1 0 0 0 1 1 1 0 0 0 0 1 1 0 0 1 1 0 1 0 1 0 1 1 1 0 0 0 1 1 1 1 1 0 1 0 0 0 0 1 26
1 1 0 0 0 0 1 1 1 0 1 0 0 1 1 1 1 0 0 0 1 1 0 1 0 0 1 1 0 1 1 1 0 0 1 0 1 1 1 0 0 1 1 1 0 1 0 1 1 1 29
0 0 1 0 1 1 1 0 0 0 1 1 0 1 1 1 0 0 0 0 1 1 0 1 0 0 1 0 1 1 0 1 1 0 1 1 0 0 1 0 1 1 0 1 1 1 0 1 1 0 27
0 0 1 1 1 0 1 0 0 1 1 0 0 0 1 1 0 1 1 1 1 1 1 0 0 1 1 0 0 0 1 0 1 1 1 0 0 1 1 1 1 1 0 0 0 0 1 0 1 0 27
1 1 0 0 1 1 0 0 1 0 1 1 1 0 0 0 0 0 0 1 1 0 0 1 1 0 0 1 0 1 0 0 0 1 1 0 1 1 0 1 1 1 1 0 0 0 0 1 0 0 23
0 0 0 0 1 0 0 0 1 0 0 1 1 0 1 1 1 1 1 0 0 0 1 1 1 1 0 0 1 0 1 1 0 1 0 0 0 0 1 0 0 0 0 1 0 1 0 1 1 1 23
0 1 1 0 0 1 0 0 1 0 1 0 1 1 0 1 1 0 0 1 0 1 0 1 1 1 0 0 1 0 0 0 1 0 0 1 0 1 1 1 0 1 1 1 0 0 0 1 0 0 24
1 1 0 0 0 0 0 1 0 1 1 0 1 0 1 1 1 0 1 1 0 0 1 1 1 1 0 1 0 0 1 0 1 1 0 1 1 1 1 1 0 0 1 1 0 1 1 0 0 0 28
1 0 1 0 1 0 0 1 1 0 1 1 0 1 0 1 1 1 0 1 1 0 1 1 0 0 1 0 1 1 0 0 1 1 0 0 0 1 1 0 1 1 0 1 0 1 1 0 1 0 28
1 0 0 1 0 1 1 1 0 1 1 0 0 1 1 0 1 1 1 0 1 1 0 1 0 1 0 1 1 1 0 0 1 1 0 1 0 0 0 0 1 0 0 0 1 0 1 1 1 1 28
0 0 0 1 0 1 1 0 1 0 1 1 1 0 1 1 0 0 1 0 0 1 0 1 0 1 1 1 1 1 0 1 1 1 1 0 0 1 1 1 1 0 1 1 0 1 0 1 1 0 30
1 1 1 1 1 1 1 1 1 1 0 0 1 0 0 0 1 1 0 0 1 1 0 0 1 0 0 0 0 1 1 0 0 0 0 0 1 1 1 1 1 1 1 1 1 1 0 1 1 0 30
1 0 0 1 0 0 1 0 1 1 0 1 0 0 0 1 0 0 0 1 0 1 1 1 1 1 1 0 1 1 0 0 0 0 0 0 0 0 0 1 0 1 1 0 0 0 0 0 1 1 21
0 0 0 1 0 0 1 1 0 1 0 1 1 0 0 0 0 1 1 1 0 0 0 0 1 0 1 1 1 1 1 0 1 1 1 0 0 1 0 0 1 1 0 0 1 1 1 0 1 0 25
1 0 0 0 0 1 1 0 0 0 1 1 1 1 0 0 1 0 1 1 1 1 1 0 0 0 0 1 0 1 0 0 0 0 0 1 1 0 0 0 1 0 1 1 0 0 0 1 0 0 21
0 0 1 0 1 0 0 1 1 0 0 1 1 1 0 0 0 1 1 0 0 1 1 1 1 0 0 0 1 1 1 1 1 1 0 1 0 1 0 0 0 0 1 1 1 0 1 0 0 0 25
0 1 1 1 1 1 0 0 0 0 0 0 1 0 1 1 1 1 1 1 0 0 1 1 0 0 1 0 0 0 1 0 1 1 0 1 0 0 0 0 0 0 0 1 1 0 1 0 1 1 24
0 0 1 0 1 0 0 1 0 0 1 1 0 1 0 1 0 0 0 0 0 0 0 0 0 0 1 1 1 1 0 1 1 1 0 0 0 0 1 1 1 1 1 1 1 1 1 0 0 0 23
1 1 1 0 1 1 0 0 0 0 1 1 0 1 1 1 1 1 0 1 0 1 0 0 1 1 1 0 0 0 1 1 1 1 0 1 0 1 1 0 0 1 0 1 1 1 1 0 1 1 31
0 1 0 0 0 0 1 1 1 0 0 0 1 0 0 0 1 1 1 0 0 0 0 1 0 0 1 1 0 0 0 1 1 0 0 1 0 1 0 1 1 0 1 0 0 0 1 0 1 1 21
0 0 1 0 1 1 0 1 1 0 1 1 1 0 0 1 0 1 0 1 1 0 0 1 1 1 1 1 0 1 1 0 0 1 0 0 0 0 0 1 0 1 1 1 0 0 0 1 0 1 26
1 1 1 0 0 0 1 1 0 0 1 0 0 1 0 1 0 0 1 1 0 0 1 0 0 1 0 0 0 1 0 0 1 0 1 0 1 1 0 0 0 0 0 1 1 1 1 1 1 0 23
0 0 0 1 0 0 0 0 0 1 1 1 0 0 1 1 1 1 1 1 1 0 1 0 0 1 0 0 1 0 0 1 1 1 1 0 0 0 0 0 1 0 1 0 1 0 1 0 0 1 23
1 0 0 1 1 1 0 1 1 0 1 0 0 1 1 1 1 1 1 0 0 1 0 0 0 1 1 0 0 1 0 1 0 0 1 0 1 1 1 1 0 1 1 0 0 1 1 1 1 1 30
0 1 0 1 0 0 0 0 1 1 1 1 0 1 1 0 0 0 1 0 1 0 0 1 1 1 0 1 0 1 0 1 1 0 0 1 0 1 0 1 1 1 1 1 0 0 1 0 0 1 26
1 1 1 1 0 0 0 1 0 1 1 1 1 1 1 1 1 0 1 0 1 1 0 0 0 1 1 1 0 1 0 1 1 1 0 1 1 1 1 1 1 1 1 1 1 0 1 0 0 0 34
0 0 1 0 1 1 1 0 1 0 0 0 0 1 0 1 0 1 1 1 1 0 1 0 1 0 1 1 1 0 1 0 1 1 1 1 1 0 0 0 0 1 1 1 0 0 0 0 1 1 27
1 0 1 0 1 0 1 0 1 1 0 1 1 0 0 0 0 1 1 0 0 0 0 0 1 1 1 0 1 0 1 1 0 0 1 0 1 0 1 1 0 1 1 0 1 0 1 0 1 1 26
0 0 0 1 1 1 1 0 1 1 0 0 0 1 0 0 0 1 0 0 0 0 0 1 0 1 0 1 1 1 0 0 1 0 0 0 1 0 0 1 1 0 1 0 0 0 1 1 1 1 22
1 0 1 1 1 1 1 1 1 1 1 1 0 1 1 1 0 0 0 1 1 0 1 1 0 1 1 0 1 0 1 0 1 1 1 0 0 1 1 1 0 0 1 1 1 0 0 0 0 1 32
1 1 1 0 1 0 1 0 1 1 1 0 1 1 1 0 0 1 1 1 0 1 0 1 0 1 0 1 0 1 1 1 0 0 0 0 1 1 1 1 0 1 0 1 1 0 1 1 1 1 32
1 1 0 1 0 0 1 0 1 0 0 1 1 1 1 0 1 0 1 1 1 0 0 1 0 0 0 0 1 1 0 0 0 0 1 1 1 0 1 1 1 0 1 0 0 1 1 0 0 1 26
1 0 1 0 0 1 0 1 1 1 1 1 1 1 0 0 1 0 1 0 1 0 1 1 0 1 0 0 1 1 0 0 0 0 1 1 1 0 0 1 1 0 1 0 1 1 1 0 1 0 28
1 0 1 1 0 0 1 1 0 0 1 1 1 0 1 0 1 1 1 1 1 1 1 1 0 1 0 0 0 0 1 0 0 1 0 1 1 0 1 1 1 1 0 1 1 0 1 1 1 0 31
1 1 1 1 1 1 1 1 0 0 0 1 0 1 1 0 1 1 1 1 1 1 0 1 1 1 0 0 0 0 1 0 0 0 1 0 1 0 0 0 0 1 0 1 0 0 1 1 1 1 29
1 1 1 0 0 1 1 0 0 0 0 1 0 1 0 0 1 0 1 0 1 0 0 1 0 0 0 1 0 0 1 0 0 0 0 0 1 1 1 0 0 1 1 0 0 0 0 0 1 1 20
1 0 0 0 1 0 0 1 0 1 0 1 1 0 0 0 1 0 0 1 1 0 0 0 0 0 1 1 0 1 1 0 0 0 1 1 0 1 0 1 1 0 0 0 1 1 0 1 1 1 23
0 0 0 1 0 0 1 0 0 1 1 1 1 1 1 0 1 0 0 1 1 0 1 1 0 1 1 0 0 1 1 1 0 1 1 0 0 0 1 1 1 1 1 1 0 1 0 0 1 0 28
0 1 0 0 1 1 1 0 0 0 0 1 0 0 0 1 0 0 0 0 1 0 0 1 1 1 0 0 1 1 0 1 1 1 0 1 1 1 1 1 0 0 1 0 1 1 1 0 0 0 24
0 1 1 0 0 1 0 1 1 1 0 1 0 1 1 0 0 0 0 0 1 1 0 1 0 1 1 1 1 1 1 0 0 0 1 0 1 0 0 0 0 1 1 0 1 0 1 0 1 1 26
0 1 0 1 0 0 1 0 1 1 0 0 0 1 1 0 0 0 1 0 1 0 1 1 0 1 0 1 0 0 0 1 0 0 1 1 1 0 1 0 0 1 1 1 1 0 1 1 1 0 25
1 1 0 1 0 1 0 1 0 1 1 1 1 0 1 1 1 1 1 0 0 0 0 0 0 1 0 1 1 1 1 1 0 0 0 1 1 0 1 1 0 0 0 1 0 1 0 0 1 1 28
1 1 0 0 1 1 0 1 0 0 0 1 0 1 1 0 1 1 1 0 0 1 1 0 1 0 1 1 0 1 1 0 0 0 0 1 0 0 1 0 0 1 0 1 0 1 1 0 1 1 26
1 0 0 0 1 1 1 1 1 1 0 1 0 1 1 1 0 0 1 1 0 1 1 1 1 1 0 0 1 0 1 0 0 1 1 1 0 0 0 0 0 0 1 1 0 0 1 0 0 1 27
1 0 1 1 1 1 0 0 1 1 0 0 1 1 1 1 1 0 1 0 1 0 0 0 1 0 1 0 0 1 0 0 0 0 1 0 1 1 0 1 0 1 1 1 0 0 1 0 1 0 26
1 1 0 0 0 0 0 0 0 0 0 0 0 1 1 0 1 0 0 1 0 1 1 1 0 1 1 0 0 0 1 1 1 0 1 0 1 1 1 0 0 0 0 1 0 1 1 1 0 0 22
0 1 0 0 0 1 0 1 1 1 1 1 0 0 0 1 1 1 0 0 0 1 1 1 0 0 1 1 1 0 1 1 1 1 0 0 0 0 1 0 1 1 1 1 0 0 0 0 0 1 26
1 1 0 0 0 1 1 1 1 0 1 0 1 0 0 1 0 0 1 1 0 1 0 1 0 0 1 0 0 0 0 0 0 1 0 1 1 0 0 0 1 0 1 1 0 1 1 1 1 0 24
0 1 0 1 1 1 1 1 0 0 0 1 1 1 0 0 1 0 0 0 1 1 1 1 0 0 1 1 0 0 0 0 1 0 0 0 1 1 1 0 0 1 1 0 1 0 1 1 1 1 27
0 0 0 0 0 0 0 1 0 1 0 1 1 1 0 0 1 0 0 1 0 1 1 1 1 1 1 1 1 0 1 0 1 1 0 0 0 1 1 1 0 0 1 1 0 1 1 0 1 1 27
1 1 0 1 1 0 1 0 1 1 1 1 1 1 0 0 0 1 1 0 0 0 0 0 1 0 0 1 1 0 1 1 1 0 0 0 0 0 1 0 0 1 0 0 0 0 0 0 0 0 21
1 0 0 0 1 1 1 1 1 1 0 1 0 1 0 1 0 0 1 1 1 1 1 1 0 0 0 1 1 0 1 0 0 0 0 0 0 1 0 0 1 0 1 1 0 1 0 1 1 1 27
0 1 1 1 1 0 1 1 1 1 1 0 1 0 0 0 1 0 0 1 0 1 0 1 0 1 0 0 1 1 1 1 1 1 1 0 0 1 0 0 0 0 0 0 1 1 0 1 1 1 28
0 0 1 1 1 0 1 0 1 1 1 0 0 0 1 1 0 1 1 0 0 0 1 1 0 0 1 1 0 0 0 1 0 0 1 0 1 0 1 1 1 1 0 0 0 0 1 0 0 0 23
0 1 1 1 0 1 0 1 1 1 0 0 1 1 1 1 1 0 0 0 0 0 0 0 0 0 0 1 1 0 1 1 1 0 0 1 1 1 0 0 0 0 0 1 1 1 1 1 0 1 26
1 1 0 1 0 0 0 1 1 1 1 1 1 1 1 0 0 0 1 0 1 0 1 0 0 0 0 1 1 1 0 0 0 1 1 1 1 1 1 0 0 1 1 0 1 0 1 0 0 0 27
0 0 1 0 0 0 0 0 0 0 1 0 0 0 0 1 0 1 1 1 1 0 0 1 1 1 1 1 1 0 1 1 1 0 1 0 0 0 0 0 0 1 1 0 0 0 1 1 1 0 22
0 0 0 1 0 1 1 1 1 0 1 1 0 1 0 0 1 0 0 1 0 0 1 0 1 0 0 0 1 0 1 1 1 0 0 0 1 0 1 1 1 0 1 1 0 0 1 1 0 1 25
0 0 0 0 1 0 1 0 0 0 0 0 0 0 0 0 0 1 1 1 0 1 0 1 0 1 1 0 1 1 0 0 1 1 1 0 1 1 1 1 1 0 1 1 0 0 0 1 1 1 24
1 0 1 0 1 0 1 1 1 0 1 1 0 1 1 0 0 0 0 1 0 1 1 1 1 1 0 1 0 0 1 1 1 1 0 1 0 1 1 0 0 1 1 0 1 0 0 0 1 1 29
1 0 0 0 0 1 1 1 0 0 0 1 0 0 1 0 1 1 1 1 0 0 0 0 1 0 1 1 0 0 0 0 1 1 0 1 0 1 1 1 1 0 0 1 0 0 1 1 1 0 24
0 1 0 1 0 0 0 0 0 1 1 0 1 0 1 1 0 1 1 0 0 1 0 0 0 1 1 0 0 1 1 1 1 0 1 1 1 0 0 0 1 1 0 1 0 0 1 0 1 1 25
1 0 1 0 0 0 1 1 1 1 1 1 0 1 1 0 1 0 0 1 1 1 0 0 0 1 0 1 1 1 1 1 1 0 1 0 0 0 0 0 1 1 0 0 1 1 0 1 1 0 28
1 1 0 0 1 0 0 0 0 0 1 1 1 1 1 1 1 1 1 0 1 0 1 0 0 1 1 0 0 1 1 0 1 0 0 0 0 1 1 0 1 0 1 1 0 0 0 1 0 0 25
0 0 0 0 1 0 0 0 1 1 0 0 1 1 1 0 0 1 1 0 0 0 1 0 1 1 0 1 0 1 1 1 0 0 1 0 1 0 0 1 0 0 1 1 0 1 0 0 1 1 23
0 1 0 0 0 1 0 1 0 1 0 1 0 1 0 1 1 0 1 0 1 0 1 1 1 0 1 0 1 0 1 1 1 0 1 0 1 1 1 1 0 0 1 1 1 0 0 1 1 1 29
0 1 1 1 1 0 0 0 0 0 1 1 0 1 0 1 0 0 0 0 1 0 1 0 0 0 1 1 1 0 0 1 0 0 1 1 0 1 1 0 1 0 1 1 0 0 1 1 0 0 23
1 1 1 1 1 0 0 0 1 0 0 1 1 0 1 1 1 0 0 0 1 1 0 1 1 0 1 1 1 1 0 1 1 0 0 0 0 0 1 0 0 1 1 1 1 1 1 1 0 0 29
0 0 1 0 0 0 1 1 0 0 0 1 0 1 1 1 1 0 1 0 1 0 0 0 0 0 1 0 0 1 0 0 1 1 1 1 0 0 0 1 1 1 1 1 0 1 1 0 1 0 24
0 1 0 0 1 1 0 1 1 0 1 0 1 0 0 0 0 0 1 1 0 1 1 0 1 0 1 1 0 1 1 0 1 1 0 1 1 0 1 1 0 0 1 1 1 1 0 0 1 1 28
0 1 1 1 0 1 0 1 1 0 0 0 0 1 1 1 1 0 1 1 0 0 1 0 0 0 0 1 1 1 0 1 1 1 0 0 1 1 0 0 0 1 1 1 0 0 0 1 0 0 25
1 0 0 0 1 1 1 0 0 1 0 1 1 0 1 0 1 0 1 0 1 0 1 1 1 1 1 1 0 0 1 1 1 0 0 0 0 0 0 1 1 1 0 1 1 0 1 1 1 0 28
1 1 0 1 1 1 0 1 1 1 1 0 0 1 1 0 1 0 1 1 1 1 1 1 0 1 0 0 0 0 1 0 0 0 0 0 0 0 1 1 0 1 0 0 0 1 0 1 1 0 26
0 1 0 0 0 1 0 1 0 1 0 0 1 1 0 0 0 0 0 0 1 1 1 1 0 0 1 0 1 1 1 1 0 1 1 1 1 1 0 0 0 0 1 1 0 0 0 0 1 0 23
0 1 1 0 1 0 0 1 0 1 1 0 0 0 0 0 0 0 1 0 1 1 1 1 0 1 1 1 0 0 0 1 0 1 1 0 0 0 0 0 1 0 0 1 0 1 1 0 0 1 22
1 1 0 0 0 1 0 1 1 0 1 1 1 0 1 0 1 1 1 1 0 1 0 1 0 1 0 1 1 1 0 1 0 1 1 0 0 1 1 1 0 0 0 0 0 0 0 1 0 0 26
0 1 0 0 1 0 1 1 0 1 0 1 1 1 1 0 0 1 1 1 1 0 1 1 0 1 0 0 1 0 0 1 0 1 0 1 1 1 1 0 0 1 1 0 0 1 1 1 1 0 29
0 0 0 0 0 0 0 1 1 0 0 1 0 1 1 1 0 1 0 1 0 0 1 0 1 1 0 0 0 0 1 0 1 0 1 0 0 0 0 1 1 0 1 0 1 1 1 1 0 0 21
0 0 0 0 0 0 0 1 1 1 1 1 0 1 0 0 0 0 0 0 1 0 1 0 0 1 0 0 1 0 0 0 0 0 0 0 0 1 0 0 0 1 0 0 0 1 0 0 1 0 14
0 1 0 1 1 1 0 1 0 0 1 1 0 1 1 1 0 1 1 0 0 0 0 1 1 1 0 0 1 0 0 0 1 0 1 1 1 1 1 1 1 1 1 0 1 0 0 0 0 0 27
1 0 0 1 0 0 0 1 1 0 1 0 1 1 0 0 1 0 1 1 1 1 1 0 0 1 1 1 1 1 0 1 1 0 1 1 1 1 0 0 0 0 0 1 1 1 1 0 0 1 29
0 0 1 1 0 0 0 1 1 1 1 1 1 0 1 0 1 1 0 0 1 1 1 0 0 1 0 1 0 0 0 0 1 1 1 1 1 1 1 1 1 1 0 0 0 1 0 1 0 1 29
0 0 0 0 1 0 1 1 0 0 1 0 0 0 0 1 0 0 0 0 1 1 1 0 1 1 0 0 0 0 1 1 1 0 1 1 1 0 0 0 1 0 1 0 1 0 0 0 0 0 19
0 1 0 0 1 0 1 1 0 1 1 0 0 0 1 0 0 0 0 1 1 0 1 0 1 1 1 0 1 0 1 0 1 0 1 1 0 1 1 0 1 1 0 0 1 0 0 0 0 1 24
1 0 1 1 1 0 1 1 0 0 1 0 0 0 1 1 0 0 1 1 0 0 0 1 1 0 1 1 0 1 0 0 1 1 0 0 1 1 0 0 1 0 1 1 0 1 1 1 1 1 28
1 0 0 0 1 0 0 1 0 0 1 1 1 1 0 0 0 0 0 1 0 1 1 0 0 1 1 0 0 0 1 1 1 0 0 0 1 0 0 0 0 1 1 1 0 0 1 1 1 1 23
1 0 1 1 0 0 0 0 1 1 1 0 0 0 1 1 1 0 0 0 1 1 0 0 1 0 1 1 0 0 1 1 1 1 0 1 1 0 1 0 0 0 0 1 1 0 1 1 1 1 27
1 1 1 1 0 1 0 0 0 1 1 1 0 1 0 0 0 1 0 1 0 1 1 0 0 0 0 0 1 0 0 0 1 0 0 1 1 0 0 0 0 0 1 0 0 1 1 0 0 0 20
1 0 0 0 1 0 1 1 0 0 1 1 0 1 1 1 0 0 1 0 0 1 1 0 0 0 1 1 0 0 1 1 0 0 0 0 1 0 0 1 1 1 0 0 1 1 1 1 0 1 25
0 0 1 1 0 1 0 0 0 1 1 1 0 1 0 1 1 0 0 1 1 0 0 1 1 0 1 1 0 0 1 1 0 1 0 1 1 0 1 1 0 1 0 0 0 0 0 1 0 0 24
0 0 1 1 0 0 1 0 1 0 1 1 0 0 1 1 1 0 1 1 0 1 1 1 1 1 0 1 0 1 1 1 0 1 1 1 0 0 1 1 0 0 0 1 1 0 1 0 1 0 29
1 1 1 0 0 0 0 0 1 0 1 0 0 0 0 1 0 0 0 0 1 0 1 1 1 0 0 1 0 1 1 0 0 1 0 0 1 1 1 0 1 0 1 0 0 1 0 1 1 1 23
0 1 1 1 0 1 1 1 1 0 1 1 1 1 0 1 1 1 0 0 1 1 0 0 0 0 1 1 0 1 1 0 0 0 0 1 1 1 0 1 0 1 0 1 0 0 0 0 1 0 27
0 0 0 0 1 1 0 0 0 1 0 0 0 0 1 0 0 0 1 1 1 0 1 1 0 1 1 1 1 1 0 0 0 0 0 1 0 0 0 0 1 0 1 1 0 0 0 0 1 1 20
0 1 1 0 0 0 1 1 1 0 1 1 0 0 1 1 0 1 1 0 0 1 0 0 1 0 0 1 1 1 1 0 0 0 0 1 1 1 0 1 1 0 1 0 1 1 1 1 1 1 29
0 1 0 1 0 0 1 0 0 0 1 1 0 0 0 0 0 1 1 0 0 0 0 0 0 1 0 0 1 1 1 0 0 0 1 1 1 1 0 1 1 0 0 1 1 1 1 0 0 1 22
1 0 1 1 1 0 1 1 0 0 0 1 1 0 1 0 1 0 0 1 1 1 1 0 1 0 1 0 1 1 1 1 0 0 0 0 0 1 1 1 0 1 1 0 1 1 0 0 1 0 28
0 0 0 1 1 0 0 1 1 0 0 1 1 0 0 1 0 1 1 0 0 1 0 0 1 0 0 1 0 0 0 1 1 0 1 1 1 0 0 0 0 0 1 1 0 0 1 0 0 1 21
1 0 0 0 0 0 1 1 0 1 1 1 1 1 0 0 1 1 1 0 0 1 0 0 1 0 0 0 0 0 0 1 0 0 0 0 1 1 1 1 1 1 0 0 1 0 1 0 0 0 22
1 0 1 1 0 0 1 0 1 1 0 0 1 0 1 0 1 0 0 0 1 1 0 0 0 0 1 1 0 0 0 0 1 1 1 1 1 1 1 0 0 1 1 0 0 1 1 0 0 1 25
0 0 1 1 0 0 0 0 0 1 1 1 1 0 1 1 1 0 0 0 1 0 0 1 0 0 1 1 1 1 1 1 1 1 0 0 0 1 0 0 1 1 0 1 1 0 0 0 0 1 25
0 0 0 1 0 0 1 1 0 1 0 0 0 1 0 0 0 1 0 1 0 1 1 1 0 0 1 1 0 1 1 1 1 0 0 1 0 0 0 0 0 0 0 1 0 0 1 0 0 0 19
0 1 1 1 1 1 0 0 1 1 0 0 1 0 1 1 0 1 1 0 1 0 1 1 1 0 0 0 1 1 1 1 0 1 0 1 1 0 1 0 0 0 0 0 0 1 1 0 1 1 28
0 0 0 0 0 1 0 0 0 1 0 1 1 0 1 1 1 0 1 0 1 0 0 1 1 1 1 0 1 0 1 1 0 1 0 1 0 0 0 0 1 1 0 0 0 0 1 1 1 1 24
1 1 1 0 1 1 0 1 0 0 1 1 1 0 1 0 0 1 0 1 0 0 0 0 1 1 0 0 0 0 1 1 0 0 0 1 1 0 0 1 1 1 1 0 1 1 1 0 1 0 26
0 1 0 1 0 0 1 1 1 0 0 1 0 1 1 1 0 0 0 0 0 0 0 1 1 1 0 1 0 0 1 1 0 0 1 0 1 1 0 1 0 0 1 0 0 1 1 0 0 0 22
1 0 0 0 1 1 1 1 1 1 1 0 0 0 0 1 0 0 0 1 1 1 1 1 0 1 1 0 1 1 1 1 0 1 1 0 0 1 0 0 1 1 1 1 1 0 0 0 1 0 29
0 0 1 1 0 1 1 0 1 0 0 0 1 1 1 0 0 1 1 0 0 1 1 1 0 1 1 0 0 1 1 1 1 0 0 1 0 1 1 0 0 1 0 0 1 1 1 0 1 1 28
0 1 1 1 1 1 1 1 1 1 1 1 0 0 0 0 0 1 0 0 0 1 1 1 1 1 0 1 0 0 1 0 1 1 0 1 0 0 1 0 0 0 1 0 1 1 0 1 1 0 28
1 0 1 1 1 1 0 1 0 0 0 0 0 0 0 0 1 0 1 1 1 1 1 1 0 1 0 1 0 1 1 0 0 1 0 1 0 0 0 0 0 0 0 0 1 1 0 1 0 1 23
0 1 0 0 1 0 1 0 1 0 1 1 1 1 1 0 0 1 0 0 0 1 1 1 1 1 0 0 0 0 0 0 0 1 0 1 0 1 0 1 0 0 0 0 0 1 0 1 0 0 21
0 0 1 0 0 1 0 0 1 1 0 0 1 1 0 1 0 0 1 0 0 0 1 0 1 0 0 1 0 1 0 1 0 1 0 1 1 1 1 1 1 0 0 1 1 0 1 1 0 0 24
0 1 1 0 1 1 0 0 0 1 1 1 0 0 0 0 0 1 0 0 0 1 1 0 1 0 0 0 1 0 1 1 1 1 1 1 0 0 1 0 0 1 1 1 0 1 1 1 0 0 25
0 1 1 1 0 0 0 0 1 1 0 0 0 1 1 1 1 1 0 0 0 1 0 0 1 0 1 0 1 0 0 0 1 0 0 0 0 1 0 1 0 1 1 0 0 0 1 0 0 0 20
1 1 0 0 1 1 1 1 1 0 0 1 0 0 1 0 0 0 1 1 0 0 1 0 1 1 0 0 0 0 0 0 1 1 0 1 1 0 1 1 0 1 1 1 1 1 1 1 1 0 28
0 1 1 0 1 1 0 0 1 0 0 0 0 0 0 1 1 0 0 0 1 0 0 0 1 1 1 1 1 0 0 0 0 0 0 0 0 1 1 0 0 1 1 1 0 1 0 1 1 0 21
0 1 1 1 0 1 0 1 0 1 0 1 0 1 1 1 0 1 1 0 1 1 1 1 0 0 0 0 1 1 0 1 0 1 0 1 1 1 1 1 0 0 1 1 0 1 1 1 0 1 31
1 0 0 0 0 1 0 1 0 0 1 1 1 1 1 0 0 1 0 0 0 1 1 0 0 1 0 1 0 1 0 1 0 1 1 1 1 0 0 1 0 1 1 1 0 0 1 1 1 0 26
0 0 1 0 0 1 0 0 1 1 1 1 0 0 1 1 1 0 0 0 0 0 0 1 1 0 1 1 1 0 1 1 0 1 0 0 0 1 1 0 1 0 1 0 0 1 1 1 1 1 26
1 1 0 0 0 0 0 1 1 1 1 1 0 0 0 1 1 1 0 1 0 0 0 1 1 1 0 1 1 0 0 1 0 0 0 1 1 1 1 0 0 1 1 0 0 1 0 0 0 1 25
1 1 0 1 0 1 1 1 0 0 0 0 0 1 0 0 1 0 1 1 1 0 0 0 0 1 1 1 0 1 0 0 1 1 1 1 1 0 0 0 0 1 0 1 0 1 1 0 1 1 26
1 0 1 0 0 0 0 0 1 1 0 1 1 1 1 0 0 0 0 1 1 0 0 1 0 0 1 0 1 1 1 0 0 1 0 0 0 0 1 0 0 0 0 0 1 0 0 1 0 1 20
1 0 1 0 1 1 0 0 1 1 0 1 1 1 1 0 1 1 0 1 1 0 0 1 1 0 0 1 0 0 1 1 0 0 0 1 0 1 0 1 0 1 0 1 0 0 1 1 0 0 26
0 1 0 1 1 0 0 0 1 1 0 0 1 0 0 0 0 0 0 0 0 1 0 1 0 0 0 1 1 1 1 0 0 0 0 1 0 1 0 1 0 1 0 1 1 1 0 1 1 1 22
0 0 1 0 1 1 0 1 0 1 0 1 0 0 0 1 1 0 0 1 0 0 0 1 1 1 0 0 1 1 1 1 1 1 1 1 0 1 1 1 1 0 1 1 0 0 0 1 0 0 27
0 0 1 1 1 1 0 0 1 1 1 1 1 1 1 0 0 1 1 0 0 1 1 1 0 0 0 1 0 0 1 0 1 0 0 0 0 1 1 0 1 0 1 0 0 0 0 0 1 0 24
1 0 1 1 0 0 1 1 0 1 1 0 1 1 0 0 1 1 1 1 0 1 0 1 1 1 0 1 1 1 0 1 1 0 1 1 0 0 0 0 1 1 1 0 1 1 0 1 1 1 32
1 0 1 1 1 0 1 1 1 1 0 0 0 0 1 1 0 0 1 0 1 1 1 1 1 1 1 0 1 0 1 1 1 0 0 0 1 1 0 1 0 1 0 1 0 1 1 0 0 1 30
0 1 1 0 1 0 1 0 0 0 0 1 0 0 1 0 0 0 0 0 0 0 0 0 0 0 1 1 1 1 0 1 0 1 0 1 0 0 0 1 0 0 0 0 1 0 1 0 0 0 16
1 0 0 1 1 1 0 0 1 1 1 1 1 1 0 0 0 1 1 0 1 1 1 1 1 0 1 0 0 0 0 1 1 1 0 0 0 1 1 0 0 0 0 1 1 0 1 1 1 0 28
0 1 0 0 0 1 0 0 0 1 1 0 1 1 1 0 0 1 1 1 0 0 1 1 0 1 1 0 1 1 0 0 1 1 1 1 0 1 1 0 1 0 0 0 0 0 0 1 0 0 24
0 1 1 0 1 0 0 0 0 0 1 0 0 0 1 0 1 1 0 1 0 1 1 0 1 0 0 0 1 1 1 0 0 0 1 0 1 1 0 0 1 0 0 0 1 1 0 1 0 1 22
0 0 0 1 1 0 1 0 1 1 0 1 0 1 0 1 1 0 1 1 1 1 0 1 1 0 0 1 0 0 0 0 0 1 0 1 0 1 1 1 1 1 0 0 1 0 1 1 0 0 26
1 1 0 0 1 1 0 1 1 0 0 0 0 0 0 0 0 0 0 1 0 0 0 1 1 0 1 1 1 0 1 1 1 1 0 0 0 1 1 0 1 1 0 0 0 0 0 1 1 0 22
0 1 0 0 0 0 0 1 0 1 1 0 0 1 0 1 0 1 1 0 1 0 1 1 0 1 1 0 0 0 1 0 1 1 1 1 0 1 1 1 0 1 0 0 1 1 1 1 1 1 28
1 0 0 1 0 1 1 0 0 1 1 1 1 1 1 1 1 1 0 1 0 0 0 0 1 1 1 1 0 0 0 0 0 0 0 1 0 0 0 0 0 1 1 0 1 1 0 1 1 0 25
0 0 0 1 0 1 1 0 1 1 0 1 0 0 1 1 0 0 0 0 0 1 1 0 1 0 1 1 1 0 0 0 0 1 1 1 0 1 0 0 1 1 0 1 0 1 0 0 1 0 23
0 1 0 1 1 0 1 0 1 1 1 0 0 1 1 0 0 1 0 0 0 1 1 1 0 0 0 0 1 0 1 1 0 0 0 0 1 1 1 0 1 0 1 0 1 1 0 1 0 1 25
1 1 0 1 1 1 1 1 1 0 1 0 0 0 0 0 0 0 0 1 0 1 1 1 0 0 0 0 0 1 1 1 0 0 0 1 0 0 1 0 1 0 1 1 0 1 0 1 1 1 25
1 1 1 0 0 0 1 0 0 0 0 1 1 1 1 1 0 0 1 1 0 1 0 0 1 0 0 1 1 1 0 0 1 1 0 0 1 1 0 0 1 1 1 1 0 1 0 0 1 1 27
1 0 1 1 0 1 0 0 0 1 1 1 1 1 0 0 1 1 1 1 0 0 1 1 0 1 0 0 0 1 1 0 0 1 0 0 0 1 1 0 1 0 0 0 1 1 1 0 1 0 26
1 0 1 0 1 0 0 1 1 0 1 0 1 1 0 1 1 1 1 1 0 1 0 1 0 0 0 1 1 1 0 0 0 1 1 0 1 1 1 0 0 1 1 1 1 0 1 0 0 1 29
1 1 0 0 0 1 1 1 1 1 1 0 1 0 1 0 0 0 1 0 1 0 0 1 1 1 0 1 1 0 0 0 0 1 1 1 0 0 0 1 1 1 1 0 1 0 0 0 0 0 25
1 1 0 1 1 0 1 0 0 0 0 0 1 0 0 1 1 1 1 1 1 0 0 1 0 0 0 1 0 0 0 0 0 0 1 0 0 0 1 1 1 0 0 0 1 0 0 1 1 0 21
0 0 0 1 1 1 1 1 1 1 0 0 1 1 1 1 1 0 0 1 1 1 1 0 0 1 1 0 1 1 1 1 1 0 1 1 0 1 1 1 1 0 0 0 1 1 1 0 1 0 33
1 0 0 1 0 1 0 0 0 1 1 0 1 0 0 0 1 1 0 1 0 0 0 0 1 0 1 1 0 0 1 1 1 1 1 0 0 0 1 1 1 0 0 1 1 1 0 1 1 0 25
1 0 0 1 0 0 0 1 1 1 1 1 0 0 0 1 0 1 0 1 1 0 0 1 1 1 0 1 1 0 0 1 1 0 1 0 1 1 0 0 1 0 0 1 1 1 0 1 1 0 27
1 0 0 1 0 1 1 0 1 1 0 0 1 1 0 0 0 1 0 0 1 1 0 1 0 0 1 0 1 1 0 1 0 0 0 1 0 1 1 0 0 1 1 1 0 0 1 1 1 0 25
1 0 0 1 0 0 0 0 1 1 0 1 0 0 0 0 1 1 0 0 1 0 1 1 0 1 0 1 1 1 1 0 0 0 0 0 0 1 1 1 1 0 1 0 0 0 0 0 1 1 22
1 0 0 0 0 0 0 1 0 0 1 0 1 0 1 0 0 0 0 1 1 1 0 0 0 1 1 0 1 1 0 0 0 0 0 0 1 1 0 0 1 1 1 0 0 1 1 1 0 0 20
1 0 0 1 1 1 1 1 0 1 0 0 1 0 0 1 0 1 1 1 1 0 1 0 0 0 0 0 1 1 1 0 1 1 0 1 0 1 0 0 1 1 0 1 1 0 0 0 1 0 26
0 0 1 1 1 0 0 1 0 0 0 1 0 0 0 1 0 0 0 1 1 0 1 0 0 0 0 1 1 0 0 0 0 0 1 0 1 1 0 0 0 1 0 0 1 1 1 0 0 0 18
1 1 0 1 1 1 1 1 1 0 0 1 0 1 0 1 1 1 1 1 1 0 0 0 1 0 1 1 1 0 0 0 0 0 0 0 1 1 0 1 1 1 0 0 0 0 0 1 1 0 27
0 1 1 0 1 1 0 0 0 0 1 0 0 1 0 0 0 1 0 1 1 1 1 0 1 1 1 0 0 0 1 1 0 1 0 1 1 1 1 0 0 1 1 1 1 1 1 0 1 0 28
1 0 1 0 0 0 0 0 1 0 0 1 0 1 0 1 0 1 1 1 0 0 1 1 0 1 1 1 1 0 0 0 1 1 1 0 1 0 0 0 0 0 0 1 1 0 0 1 0 1 23
0 0 1 1 1 0 0 1 1 1 1 1 1 0 1 0 1 0 1 0 1 1 0 0 0 0 0 0 0 1 1 0 1 0 1 1 1 0 1 0 0 1 1 1 0 1 1 0 0 1 27
1 0 0 1 1 1 1 0 0 1 1 0 1 1 0 1 0 1 0 1 0 1 1 0 1 0 0 0 1 1 1 1 1 1 0 1 1 1 1 1 0 0 0 1 1 0 1 1 1 0 31
0 1 0 1 1 0 1 0 1 1 0 0 0 0 1 1 0 0 1 0 0 1 1 1 0 0 0 0 1 0 1 1 1 0 0 0 0 0 0 1 0 0 0 1 0 1 0 1 1 0 21
0 0 0 1 0 1 0 1 0 1 0 0 1 1 0 0 1 0 1 0 1 0 0 1 0 1 1 0 1 0 0 1 1 0 0 1 1 1 0 0 0 0 1 1 0 1 1 0 0 1 23
1 0 1 1 1 1 0 0 1 1 0 0 0 1 0 1 0 0 1 0 1 1 0 0 0 0 1 0 1 0 0 1 1 0 0 1 0 1 1 0 0 1 0 1 0 1 1 1 0 0 24
1 0 0 0 0 0 0 1 0 1 0 1 1 1 0 0 0 0 0 0 1 1 1 0 0 1 0 1 1 1 1 0 0 1 1 0 1 0 0 1 1 1 1 1 1 1 1 1 0 0 26
0 1 0 0 0 0 1 0 1 1 1 1 1 1 1 0 1 1 0 1 0 0 0 1 0 0 1 0 1 0 1 1 0 0 0 0 1 1 0 0 0 0 1 1 1 0 1 1 1 1 26
1 0 0 0 0 0 0 0 1 1 0 0 1 0 0 1 0 1 1 1 0 1 1 1 0 1 0 0 1 0 1 1 1 0 0 1 0 1 0 0 0 0 1 1 1 0 1 1 0 1 24
1 0 0 0 1 1 1 1 0 1 0 1 1 1 1 0 0 0 0 1 0 0 1 0 0 0 1 0 1 1 0 1 1 0 0 0 0 1 0 1 1 0 1 0 0 1 1 0 1 1 25
0 0 0 1 1 0 1 0 0 1 1 1 0 1 1 0 1 0 0 1 1 0 0 1 1 1 1 1 0 0 1 1 1 1 0 1 0 1 0 1 0 1 1 1 0 1 0 0 0 1 28
1 1 0 0 0 0 0 0 0 0 1 0 0 1 0 0 1 0 1 0 0 1 1 1 0 0 1 0 0 1 0 1 0 0 0 0 1 0 1 1 0 0 1 0 0 0 1 0 1 1 19
0 1 0 0 1 0 0 0 1 0 0 0 1 0 0 0 1 1 1 1 0 0 0 1 0 0 1 1 0 1 0 0 0 1 0 0 1 0 0 0 1 0 1 1 0 1 1 1 1 1 22
0 1 0 0 1 1 0 1 1 0 1 1 1 0 1 1 0 0 1 1 1 0 1 0 1 0 0 0 1 1 1 1 0 0 0 0 1 1 1 0 1 1 1 1 1 1 0 0 1 0 29
0 1 1 1 0 1 1 1 1 0 1 0 1 0 1 1 1 0 1 1 1 0 0 0 0 1 0 1 1 1 1 0 0 1 1 1 0 1 0 1 0 0 1 1 0 1 0 1 0 0 29
0 0 1 1 1 1 1 1 0 1 1 0 0 0 1 0 0 1 1 0 1 0 1 0 0 1 0 0 0 0 1 0 0 0 0 0 1 1 0 0 0 1 1 0 1 1 0 0 0 1 22
0 0 1 0 1 0 1 1 0 1 1 1 0 0 0 0 1 0 1 0 0 1 1 0 1 0 1 1 0 1 1 0 1 1 1 1 0 1 0 1 0 0 1 0 0 1 1 1 0 0 26
0 1 1 0 1 1 0 0 1 0 1 0 0 0 0 0 0 1 0 1 0 0 1 1 0 1 1 1 1 1 0 0 0 0 1 0 0 1 0 1 1 1 0 0 1 0 0 0 1 0 22
0 0 0 0 0 1 0 1 0 0 1 1 1 1 0 0 0 0 0 1 1 1 1 1 1 0 0 1 0 0 0 0 1 0 0 0 1 0 1 0 0 1 1 1 0 1 0 1 1 0 22
1 1 0 1 1 0 0 1 1 1 1 1 0 0 1 0 0 0 1 0 0 0 0 0 0 1 1 1 0 0 0 0 0 0 0 1 0 0 1 1 0 0 0 1 1 1 0 1 1 1 23
1 0 0 1 1 1 0 0 1 1 1 1 1 1 0 0 1 0 1 1 0 1 1 1 0 0 0 1 1 0 0 1 1 0 1 1 1 0 1 0 1 0 0 0 0 0 1 0 1 1 28
1 1 1 0 0 1 1 1 0 0 1 0 1 1 1 0 0 1 0 0 0 1 0 1 1 1 1 0 1 1 1 0 0 0 0 0 1 0 0 0 0 0 0 1 1 1 0 1 1 0 25
1 0 1 0 0 0 0 1 1 1 1 1 0 0 0 0 1 1 0 1 1 0 1 0 1 0 1 0 1 0 0 1 0 0 0 0 0 1 1 0 1 0 0 1 0 0 0 0 1 0 21
0 1 0 1 1 1 1 1 1 0 1 0 0 0 1 0 0 0 1 1 0 0 0 1 1 1 1 0 0 0 0 1 0 0 0 1 1 0 0 1 0 0 1 0 1 0 0 0 1 0 22
1 0 0 0 1 1 1 1 1 0 1 0 0 1 1 0 1 1 0 1 0 0 1 1 1 1 0 0 0 0 0 0 1 1 0 0 1 0 0 1 1 1 1 0 0 0 0 0 1 1 25
1 0 0 1 0 1 0 1 0 0 0 1 1 0 1 0 1 0 0 0 1 0 0 0 0 1 0 0 1 1 0 0 0 0 1 1 1 0 1 0 1 0 1 0 0 0 0 1 1 1 21
0 0 1 0 1 0 1 1 0 0 1 0 0 0 1 1 1 1 1 1 0 0 1 0 1 0 1 0 0 0 0 0 0 1 0 1 1 0 1 0 0 0 1 1 1 1 1 1 0 0 24
0 0 1 1 1 1 0 0 1 1 1 1 1 1 1 0 0 0 0 1 0 1 0 0 1 1 0 0 1 0 0 0 1 1 0 0 1 1 0 1 0 1 0 0 1 0 1 1 1 0 26
1 1 1 0 0 0 0 0 1 0 1 1 1 1 0 1 1 1 0 0 1 0 1 0 1 0 1 0 0 0 1 0 1 1 1 1 1 0 1 1 0 1 1 1 1 1 0 0 1 0 29
1 1 1 1 0 1 1 1 0 0 0 0 0 0 1 0 0 0 1 0 1 0 0 0 1 0 1 1 0 0 1 1 1 1 1 0 1 0 1 0 0 1 0 1 1 0 0 0 1 0 24
0 0 0 0 0 0 1 1 0 0 0 0 1 1 1 0 0 1 1 0 1 1 1 0 1 1 0 0 1 0 1 1 1 0 0 0 1 1 0 1 0 1 1 0 0 1 1 0 0 0 23
0 0 0 0 1 0 1 1 1 0 1 0 0 0 1 0 0 1 0 0 0 0 1 1 1 1 0 1 0 0 0 0 0 0 1 1 0 1 0 1 0 1 0 0 1 1 0 1 0 0 20
1 1 1 0 0 1 0 1 0 0 0 0 1 1 1 0 0 0 0 1 1 0 1 0 0 0 1 0 1 1 1 1 0 0 1 0 0 0 0 0 0 0 1 1 1 1 0 1 1 0 23
1 0 1 1 1 1 1 1 1 1 1 0 1 1 0 1 1 0 1 1 1 1 1 0 0 1 1 0 0 1 0 0 1 1 1 1 1 0 0 1 1 0 0 0 0 1 0 0 1 1 32
1 0 1 1 0 1 1 1 0 0 1 1 0 0 0 1 1 1 1 0 0 1 0 0 0 1 0 0 0 1 0 1 0 1 1 0 1 1 1 0 1 1 1 1 0 0 0 0 0 0 25
0 1 1 1 1 1 1 0 0 0 0 0 1 0 1 1 1 0 1 0 1 1 1 1 1 1 0 1 1 0 1 0 0 0 1 0 1 1 0 0 0 0 1 0 0 0 0 1 1 0 26
0 1 0 0 0 1 0 0 0 1 1 1 1 1 1 0 0 0 0 0 1 0 0 1 1 0 0 0 1 0 0 0 0 1 1 1 0 1 1 0 1 0 1 0 0 0 1 1 0 0 21
0 0 1 1 1 0 0 0 1 1 1 1 1 1 0 0 1 1 1 0 1 0 0 1 1 1 0 0 0 1 0 1 1 0 0 1 1 0 0 0 1 0 0 0 1 0 0 1 1 0 25
1 1 0 1 0 0 0 1 1 0 1 1 0 1 1 0 1 0 1 1 0 0 0 0 1 1 1 1 1 0 0 1 1 0 0 1 0 0 1 1 1 1 0 1 0 1 1 0 1 0 28
0 0 1 0 1 1 0 1 0 0 1 0 1 1 0 1 0 1 1 1 1 0 1 1 0 1 1 1 1 1 0 1 1 1 1 0 0 1 0 1 1 1 0 0 0 0 1 0 0 0 28
0 0 0 1 1 1 0 0 0 0 1 1 1 1 0 0 0 1 0 1 0 1 0 0 0 0 1 0 1 1 0 0 0 0 0 1 0 1 0 0 0 1 0 1 0 0 0 0 0 1 18
0 0 0 0 1 1 0 1 0 1 0 0 0 1 0 1 1 0 1 1 0 1 1 1 1 1 0 1 0 0 0 0 0 0 0 1 0 1 0 0 0 1 1 0 0 0 1 0 1 0 21
0 0 1 0 1 0 0 1 1 0 0 0 0 1 1 1 1 0 0 1 0 0 0 0 1 1 0 0 1 1 0 0 1 1 0 1 0 0 1 1 1 1 1 0 0 0 1 1 0 1 24
0 0 1 1 0 0 1 1 0 0 0 1 1 0 0 1 1 0 0 1 0 0 0 0 1 0 0 0 1 1 1 0 0 0 1 0 0 0 0 1 0 0 0 0 1 0 0 0 1 0 17
1 0 0 0 0 1 1 1 0 1 0 1 0 0 0 0 0 0 0 0 1 0 0 0 0 0 1 1 1 0 0 1 1 0 1 1 1 1 1 1 1 0 0 1 0 1 0 1 0 0 22
1 0 0 0 0 0 1 1 0 1 1 1 1 0 1 0 0 0 1 1 1 0 1 1 0 0 1 0 1 0 0 0 0 1 1 0 1 1 1 1 0 0 0 1 1 0 1 0 0 0 24
1 0 0 0 0 1 1 0 0 1 0 0 1 1 0 1 0 1 0 1 1 1 1 1 0 1 0 1 0 1 0 1 1 1 1 1 1 1 1 1 0 1 1 1 0 1 1 0 0 0 30
0 0 0 0 0 1 0 0 0 0 0 1 0 0 0 1 0 0 1 1 0 0 1 0 0 1 1 0 1 0 0 1 0 0 0 0 0 0 1 1 1 0 1 1 0 0 1 1 1 0 18
1 1 1 0 0 0 0 1 0 0 1 1 1 0 0 0 0 0 0 0 1 0 1 0 1 1 1 0 0 1 0 0 0 0 1 0 0 0 0 1 1 0 1 0 0 1 0 0 0 0 18
1 1 0 0 0 0 0 1 1 0 1 0 1 1 0 1 1 0 0 0 1 1 0 0 1 1 1 0 0 0 0 0 1 0 0 1 0 0 0 1 1 0 0 0 1 1 0 1 0 0 21
0 1 1 0 1 1 1 0 1 0 1 0 0 1 0 1 1 0 1 1 1 1 0 0 0 1 0 1 0 1 0 1 1 0 1 0 0 0 0 0 0 0 0 1 0 0 1 0 0 1 23
0 0 1 1 0 1 1 1 1 1 1 1 1 0 1 0 1 0 0 0 0 0 1 0 0 0 0 1 1 0 1 0 0 0 1 0 0 0 0 1 1 1 1 0 0 0 0 1 1 1 24
0 0 0 1 0 1 0 0 1 0 1 1 1 1 1 0 1 0 1 1 1 0 0 0 1 0 1 0 1 1 0 1 0 0 0 1 1 0 1 0 0 0 1 1 1 0 0 0 0 1 24
1 1 0 1 1 1 0 1 0 0 0 1 1 0 0 0 0 1 1 1 0 0 0 1 0 1 1 0 1 1 1 0 0 1 1 0 0 0 1 0 0 0 1 1 1 0 0 1 0 1 25
0 0 0 1 0 0 0 0 1 1 1 0 1 0 0 0 1 1 1 0 1 0 0 1 0 1 0 1 1 1 1 1 1 1 1 0 0 1 0 1 0 0 0 0 1 0 0 0 0 0 22
0 0 0 1 1 0 0 0 1 1 0 0 0 1 0 0 1 0 1 1 0 0 1 0 1 0 1 0 0 0 1 1 1 0 1 1 1 0 0 1 1 0 1 0 0 0 1 1 1 0 23
1 1 1 0 0 1 0 1 1 0 1 1 1 1 1 1 1 0 1 1 1 0 1 1 0 0 1 1 0 0 0 1 0 0 0 0 0 0 1 1 0 0 1 0 0 0 1 1 1 1 28
0 0 0 0 1 0 0 0 0 1 0 1 1 0 0 1 1 1 0 1 1 0 0 1 1 0 1 0 0 0 1 1 1 1 1 0 0 0 0 1 0 0 1 0 0 0 1 0 1 0 21
1 0 0 0 0 0 0 0 1 1 0 1 0 0 0 1 0 1 0 1 1 1 0 0 0 1 1 1 0 0 0 0 0 1 0 1 1 1 1 1 1 1 0 0 1 0 0 0 1 0 22
0 0 1 1 0 1 0 1 1 0 0 0 0 0 1 1 1 1 1 0 0 1 0 0 1 1 1 0 0 0 0 0 0 0 1 0 0 0 0 1 1 0 0 1 1 1 1 1 0 0 22
0 0 1 1 1 1 1 1 0 1 0 0 0 1 1 0 1 0 0 0 1 1 0 1 1 1 1 1 1 0 1 1 1 0 0 0 1 1 0 1 1 0 0 1 0 0 1 1 0 0 28
0 1 1 1 1 0 1 0 0 0 1 1 0 0 1 1 1 1 1 1 1 0 1 1 1 1 0 0 1 1 0 0 0 1 1 0 0 1 1 1 0 0 1 0 0 0 1 0 1 1 29
0 0 0 0 0 0 0 0 0 1 1 1 1 1 1 1 1 0 0 1 1 0 0 1 1 0 1 0 0 0 1 1 1 1 0 0 0 1 0 1 0 1 0 1 0 1 1 0 1 0 24
1 1 1 0 0 1 0 0 0 0 1 1 0 0 1 0 1 1 1 1 0 0 1 0 0 0 1 1 0 1 1 1 1 0 1 0 0 1 0 1 0 1 0 1 1 0 1 0 0 1 26
0 0 1 1 0 0 0 1 1 0 0 0 1 1 0 0 1 1 1 0 0 0 0 0 0 1 1 1 0 0 1 1 1 1 1 1 1 1 0 0 0 1 1 1 1 0 0 1 0 0 25
0 0 1 1 1 0 1 0 0 0 1 0 1 0 1 0 0 0 0 1 0 0 1 0 1 0 1 0 0 1 1 1 1 1 1 0 1 0 1 1 0 1 1 1 0 0 0 0 0 1 24
0 0 1 0 1 1 1 1 1 1 1 1 0 0 1 1 1 0 0 1 1 0 0 1 0 1 1 1 1 0 0 0 0 1 0 1 0 1 1 0 0 1 0 1 0 1 0 0 0 0 26
1 0 1 1 0 0 0 1 0 1 1 0 0 1 0 0 0 0 1 0 0 1 1 1 1 0 1 1 1 1 1 0 0 1 0 0 1 0 1 0 0 0 0 0 1 1 0 1 0 0 23
0 1 0 0 1 0 1 1 1 0 1 1 1 1 0 0 0 1 1 1 0 0 1 1 1 1 1 1 0 1 1 1 1 0 1 1 1 1 1 1 1 0 0 1 0 0 1 0 0 0 31
1 0 1 1 1 0 1 1 1 1 1 1 0 1 1 0 1 0 0 0 0 1 1 1 1 0 1 1 1 0 0 0 0 1 1 0 1 0 1 0 1 1 1 1 1 0 1 1 1 0 32
0 1 1 0 1 0 1 0 0 1 1 1 1 1 0 1 1 1 0 1 0 1 1 1 0 0 0 0 1 1 1 0 0 1 0 1 1 0 0 1 1 1 1 1 1 0 1 0 0 0 29
1 0 0 0 1 0 1 1 1 0 0 0 1 0 1 0 1 1 0 0 1 1 0 0 0 0 0 0 0 1 0 0 1 1 0 0 1 0 0 1 1 1 0 0 1 1 0 0 0 1 21
1 0 1 1 0 0 1 1 1 0 1 0 1 0 0 0 0 0 1 0 1 1 0 0 0 0 0 1 0 0 0 1 0 1 1 1 0 0 0 0 0 1 1 1 0 0 1 0 1 0 21
1 1 1 1 1 1 1 1 1 0 1 1 1 0 0 0 0 0 0 1 0 1 1 1 1 1 0 1 0 0 1 1 1 0 1 1 1 1 0 0 1 0 1 0 0 1 0 1 0 0 30
1 1 1 1 1 1 1 0 1 1 1 1 0 0 0 0 0 1 1 0 0 1 0 1 1 1 0 0 1 0 1 0 1 0 1 0 1 0 0 1 0 0 0 0 0 0 1 0 0 0 24
0 0 1 0 0 1 0 1 1 0 0 1 0 0 1 0 1 1 0 0 1 0 0 0 0 1 0 1 0 1 0 1 1 1 1 0 1 0 1 0 1 1 0 0 1 1 0 1 0 1 24
1 0 1 0 0 1 0 0 1 0 1 1 1 0 0 0 1 1 0 0 1 0 0 1 0 0 1 1 1 1 0 1 1 1 0 1 1 0 0 0 1 1 0 0 0 0 0 1 1 0 24
0 0 1 0 1 1 1 0 1 1 1 1 0 1 1 0 0 0 1 1 1 1 0 0 0 1 0 1 0 1 0 1 0 0 1 1 1 1 0 1 1 0 1 0 1 1 0 0 1 1 29
0 0 1 1 0 1 0 0 0 1 1 0 0 1 1 0 0 1 1 0 1 1 0 1 0 0 1 0 0 1 1 0 0 0 0 1 1 1 0 1 1 1 1 1 0 0 1 1 1 0 26
1 0 1 0 1 1 1 0 0 0 1 0 0 1 1 0 1 0 1 1 0 1 0 0 0 0 0 1 1 1 0 1 0 0 0 1 0 1 0 0 0 0 1 1 0 0 1 0 0 0 21
1 0 0 1 1 1 1 1 0 1 1 1 0 1 1 1 1 0 1 0 0 1 1 0 0 1 1 1 0 1 1 1 1 0 1 0 0 1 0 0 0 1 0 0 0 0 0 1 1 0 28
1 0 1 0 0 1 1 0 1 1 0 0 0 0 0 0 1 0 0 0 0 0 1 1 1 0 1 1 1 0 0 0 1 0 1 0 0 1 1 0 0 1 0 0 0 1 0 0 1 0 20
0 1 0 1 0 0 0 0 1 0 0 0 1 0 1 0 1 1 0 1 0 0 1 1 1 0 0 0 0 0 0 1 0 0 0 1 0 0 0 0 0 1 0 0 0 0 0 0 0 0 14
1 1 1 1 1 0 0 1 0 1 1 0 0 0 0 0 1 0 1 0 0 1 1 0 1 1 0 0 0 1 1 0 1 1 0 1 1 1 0 1 0 1 0 1 1 0 1 0 1 0 27
1 1 1 0 1 0 0 1 0 1 0 1 0 1 0 0 0 1 0 1 1 1 0 0 0 1 1 0 0 0 0 1 1 1 1 1 0 0 1 0 0 1 1 0 1 1 0 1 0 1 26
1 0 0 1 0 1 0 0 1 0 0 1 0 1 1 1 0 0 0 0 0 0 0 1 1 0 1 1 1 1 1 0 1 0 1 0 1 0 0 1 1 1 0 1 1 1 1 1 1 0 27
0 0 0 1 1 1 1 0 1 0 1 0 0 1 0 1 0 0 0 0 1 0 1 0 0 1 0 0 0 1 1 0 0 1 0 0 0 0 0 0 0 1 1 1 1 1 1 0 1 1 22
0 1 0 1 1 1 1 1 1 1 0 0 1 0 0 0 1 0 1 0 1 0 1 1 1 1 0 0 0 1 0 1 1 1 0 1 1 1 1 1 1 1 0 1 0 0 0 0 1 1 30
1 1 0 0 1 1 1 1 1 0 1 1 1 1 1 1 1 1 1 0 0 1 0 1 1 1 1 0 0 0 1 0 0 0 0 1 0 1 1 1 1 1 0 1 1 0 1 1 1 1 34
1 1 1 1 1 0 0 0 0 1 0 1 1 1 1 1 1 0 0 0 0 1 1 0 1 1 0 0 0 0 1 0 1 0 0 0 1 1 1 1 1 1 0 0 1 0 0 0 0 1 26
1 0 1 1 1 0 1 1 0 1 1 0 0 0 1 0 1 1 1 0 1 1 1 0 1 1 0 0 0 1 0 1 0 0 0 1 0 1 1 0 1 0 1 1 1 1 1 0 0 0 28
1 0 1 1 1 1 0 1 1 1 0 0 0 0 1 1 0 1 1 1 0 1 1 1 1 0 1 0 1 0 1 1 1 1 0 1 1 0 1 1 1 0 1 0 0 1 0 1 0 0 31
0 0 0 1 0 1 1 0 0 0 0 0 0 1 0 1 1 1 0 0 1 0 0 1 1 0 0 1 1 1 0 1 1 1 1 0 0 1 0 0 0 1 1 0 0 1 1 0 0 1 23
1 1 0 1 0 0 0 0 1 0 1 0 0 1 0 1 0 1 1 0 1 0 1 0 1 0 0 0 1 1 0 0 1 0 0 1 1 0 0 1 1 0 0 0 1 1 0 0 1 1 23
1 1 1 1 0 0 1 1 0 0 0 1 0 1 1 1 0 1 0 0 0 0 0 0 1 1 0 0 1 0 1 1 0 1 0 0 0 0 0 0 0 0 0 0 1 1 1 1 0 1 22
1 1 1 0 0 1 0 1 0 1 0 1 1 0 0 1 0 1 0 0 0 0 1 1 0 0 0 0 1 1 1 0 0 0 0 0 1 0 0 0 0 0 1 1 0 1 1 1 0 1 22
1 1 0 1 0 1 0 1 0 1 0 0 1 1 0 1 0 0 0 1 0 1 0 1 1 1 0 1 1 0 0 1 0 0 1 1 1 1 0 1 0 0 1 1 1 0 0 1 1 0 27
1 1 0 0 0 1 1 0 0 1 1 1 1 1 0 1 1 1 1 1 1 1 1 1 0 0 1 1 1 1 1 0 1 0 0 1 1 1 0 0 1 1 1 1 1 1 0 1 1 0 35
0 0 1 1 0 0 0 1 0 1 0 1 0 1 1 1 0 0 0 0 1 0 0 1 1 1 1 0 0 1 0 0 1 1 0 1 0 0 0 0 1 0 0 0 0 0 0 1 0 1 20
0 1 0 1 0 1 1 1 1 1 0 1 1 0 1 0 0 0 0 0 0 1 1 1 0 0 1 1 0 0 0 1 0 1 1 0 0 1 1 0 1 1 1 1 0 1 1 0 1 0 27
0 1 1 0 0 0 0 1 1 0 1 0 0 0 1 1 1 0 0 1 0 1 1 0 0 0 0 0 0 1 0 1 0 0 0 0 0 1 1 1 1 0 1 0 1 0 1 0 1 0 21
1 1 1 1 1 1 0 0 0 1 1 0 1 0 1 0 1 1 1 0 0 1 1 1 0 1 1 1 1 0 0 0 1 1 0 0 0 1 1 0 0 0 1 1 0 0 1 0 0 0 27
1 1 1 1 0 1 0 1 1 0 1 0 1 1 0 0 0 0 1 1 0 0 0 1 1 0 1 0 0 1 0 0 1 0 1 0 0 0 1 1 1 1 0 1 0 0 1 0 0 1 25
1 0 0 1 0 1 1 1 0 0 0 1 1 1 0 0 0 1 0 0 1 1 0 1 1 1 1 0 0 1 0 0 0 0 0 0 1 0 0 1 1 0 1 1 0 1 1 1 1 0 25
1 0 1 1 1 0 1 0 0 0 1 1 0 1 0 1 0 1 0 1 1 1 1 0 0 1 1 1 0 0 1 1 0 0 0 1 1 1 0 0 1 0 0 1 0 0 1 1 1 1 28
1 1 0 0 0 1 1 0 0 1 0 1 0 0 0 0 0 0 0 1 0 0 0 0 0 1 1 0 0 0 1 0 1 0 1 1 1 0 1 0 1 1 1 0 0 1 1 0 0 0 20
0 1 0 1 0 0 0 1 1 1 1 0 0 0 1 1 1 0 1 1 1 0 1 1 0 0 1 0 0 0 0 0 1 1 1 0 0 0 0 1 1 1 0 1 0 1 0 0 0 0 23
1 0 1 1 1 0 1 1 0 1 0 0 1 0 1 1 1 0 0 0 1 1 0 0 0 0 0 1 1 1 1 1 1 0 1 0 0 1 0 1 1 0 1 1 1 1 0 1 0 0 28
1 0 1 1 0 1 1 1 0 0 0 0 0 1 0 0 0 1 1 1 1 1 1 0 1 1 1 1 1 0 1 0 1 0 0 0 0 0 1 0 1 1 0 1 1 1 1 1 0 0 28
1 1 0 0 1 0 0 1 0 1 0 1 0 1 1 0 0 1 0 1 0 1 1 0 0 1 0 1 1 1 0 0 0 0 0 1 0 1 0 1 0 1 0 0 1 1 1 1 1 0 25
1 0 1 1 0 0 0 1 1 1 1 1 1 1 1 0 1 1 1 0 1 1 1 1 1 0 1 0 0 1 1 1 1 1 1 0 1 0 1 1 0 0 0 1 1 0 0 1 1 0 33
0 1 1 0 1 1 0 1 1 0 1 1 0 0 0 0 1 1 1 0 1 1 1 0 1 0 0 0 0 0 0 1 1 1 0 0 1 1 0 1 1 0 0 1 0 1 1 1 0 1 27
0 1 1 1 0 0 1 0 1 0 0 1 0 0 0 0 1 0 1 1 0 1 1 0 0 0 1 0 0 0 1 0 1 0 0 0 0 1 0 0 0 0 0 1 1 0 0 0 1 0 18
1 0 0 0 1 1 1 0 0 1 0 1 0 0 1 1 0 1 1 0 0 0 1 1 1 0 0 1 1 0 1 0 1 1 0 1 0 1 0 1 0 0 0 0 1 1 1 0 0 1 25
1 0 1 0 0 1 0 1 1 0 1 0 0 1 1 1 1 1 1 0 0 1 1 1 0 1 1 1 1 1 0 1 0 1 1 1 1 0 0 1 0 1 0 0 1 0 1 1 1 0 31
0 0 1 0 0 1 1 0 0 1 0 1 1 0 0 0 1 0 0 0 1 0 1 1 0 1 1 0 1 0 1 1 1 0 0 1 1 1 1 0 0 1 1 1 0 1 1 1 0 0 26
1 0 1 0 0 1 0 0 1 1 0 0 0 1 0 1 1 1 1 1 1 1 0 0 1 1 0 0 0 1 1 1 0 1 0 1 0 0 0 1 1 1 1 1 1 0 1 1 1 0 29
1 1 1 0 1 0 1 0 1 0 1 1 0 0 1 0 0 0 0 0 1 1 0 1 1 0 0 1 0 1 0 0 0 1 0 0 0 0 0 1 0 0 0 0 1 1 0 0 1 0 20
1 1 0 0 0 0 1 1 1 0 1 0 0 0 1 0 0 1 1 1 0 0 0 1 0 0 1 1 0 1 0 0 0 0 1 0 1 1 0 0 1 0 1 0 1 0 1 1 1 1 24
0 0 0 1 0 0 0 0 1 0 0 1 0 1 1 1 0 1 1 0 1 0 1 1 0 1 1 1 1 0 0 1 0 0 0 1 0 1 1 1 1 1 0 0 1 1 1 1 1 1 28
0 1 1 1 1 0 0 1 0 1 1 0 0 0 1 1 0 0 0 1 1 1 0 0 1 0 0 1 0 1 0 0 0 1 0 0 0 1 1 0 0 0 1 1 0 1 1 0 0 1 23
0 1 0 1 0 1 1 0 1 0 1 1 0 1 1 0 1 1 1 1 0 0 0 0 0 1 1 1 0 0 0 1 0 0 0 1 1 1 1 0 1 1 0 1 1 1 0 0 0 0 26
1 0 0 1 0 0 0 0 1 0 0 1 0 0 1 0 1 1 1 0 0 0 1 1 1 0 1 1 1 1 0 1 0 0 0 1 0 1 1 1 0 0 0 0 1 1 0 0 1 0 23
1 0 1 0 1 0 0 1 1 1 0 1 1 1 0 0 0 0 1 0 1 1 1 1 0 0 0 1 0 0 1 1 0 1 1 0 1 1 1 1 1 1 0 1 1 1 1 1 0 0 30
1 1 0 0 0 0 1 1 1 1 1 1 0 1 0 1 0 1 1 0 0 1 0 1 1 1 1 0 0 0 0 1 1 1 0 0 0 0 1 0 1 1 0 0 0 1 1 1 1 1 28
0 1 0 0 1 1 1 0 1 0 0 0 0 0 1 0 0 1 0 1 1 0 1 1 1 1 0 1 1 1 1 0 1 1 1 0 0 0 1 1 1 0 1 1 0 1 0 0 1 1 28
0 0 0 0 0 1 0 1 1 0 1 0 0 1 0 0 1 1 0 0 1 1 1 1 0 0 0 1 1 0 0 1 1 1 1 0 0 0 0 1 0 1 1 0 0 0 1 0 0 0 21
0 1 1 1 1 1 0 0 0 1 0 1 1 0 1 0 0 0 1 1 0 0 1 1 1 0 0 0 0 1 1 1 0 0 1 1 0 1 1 1 0 1 0 1 1 1 1 1 0 0 28
0 0 0 1 1 1 0 0 0 1 0 0 0 0 1 0 0 0 1 1 0 1 0 0 1 1 1 0 0 1 0 0 0 0 1 0 0 0 1 1 0 0 1 0 1 1 1 0 1 0 20
1 1 1 0 0 1 1 1 0 1 0 0 0 1 0 0 0 0 0 1 0 0 0 1 1 0 1 0 0 1 0 1 0 1 1 0 1 0 0 1 1 1 1 0 1 1 1 0 1 1 26
1 0 1 1 0 1 0 1 0 1 0 0 0 1 0 0 1 0 0 1 1 0 1 0 1 0 1 0 0 0 0 0 1 0 1 1 0 0 1 0 1 0 0 0 0 0 0 1 1 0 20
1 1 1 0 0 1 1 0 0 0 1 0 1 0 1 1 1 1 0 1 1 0 1 1 1 1 1 0 1 1 0 0 1 1 0 0 1 1 1 1 1 0 0 0 0 0 0 1 1 0 29
1 0 1 1 0 1 1 0 1 0 0 1 0 0 1 1 1 0 0 0 1 1 0 1 0 0 0 1 1 0 1 1 0 0 1 1 1 0 1 0 0 0 0 0 1 0 0 1 0 1 24
0 1 1 0 1 1 0 0 0 0 0 1 1 0 0 1 0 1 0 0 1 0 1 0 0 0 0 1 1 0 0 0 1 0 0 1 1 1 1 1 0 1 0 0 1 1 1 1 0 1 24
0 0 1 1 0 0 1 1 1 1 0 0 1 1 1 1 0 1 0 0 0 0 0 0 1 1 0 0 1 1 1 0 1 1 0 1 0 1 0 1 1 1 1 0 0 0 0 0 0 0 24
1 0 1 0 1 1 1 0 0 1 0 1 0 1 0 1 1 0 0 1 1 0 1 1 0 1 0 1 0 1 0 1 1 0 1 0 0 1 0 0 1 1 0 1 1 1 1 1 1 1 30
1 0 0 1 1 1 0 1 1 1 1 1 0 1 1 1 1 1 0 1 0 0 1 1 0 0 1 0 1 1 1 1 0 0 0 1 1 1 0 1 0 0 0 1 1 0 0 0 1 0 29
1 1 1 0 1 0 1 1 0 0 0 0 1 0 0 1 0 0 0 0 1 1 0 1 1 1 1 1 0 1 0 0 1 1 1 0 1 1 0 1 0 1 0 1 1 1 1 0 1 0 28
0 0 1 0 1 1 1 0 1 1 0 0 1 0 1 1 1 1 0 0 0 1 1 1 1 1 1 0 1 1 0 1 1 1 1 0 1 1 1 1 1 0 1 1 1 1 1 0 1 1 35
0 1 0 1 0 1 0 0 0 0 0 1 1 1 0 1 0 1 0 1 1 0 0 0 0 1 0 1 0 1 1 0 0 1 0 1 0 1 0 0 0 1 0 1 1 0 0 1 1 0 22
1 0 0 1 0 0 0 1 1 1 0 0 1 0 0 0 0 0 0 0 0 1 1 1 1 1 0 1 1 1 1 1 0 1 1 1 1 0 1 0 0 1 1 0 0 1 0 1 0 0 25
1 1 0 1 0 0 1 0 0 1 0 1 1 1 0 1 1 0 0 0 1 1 1 1 0 1 1 0 0 1 1 1 1 1 1 0 1 0 1 1 0 0 1 0 0 0 1 0 0 1 28
0 0 0 0 0 1 1 0 0 0 0 1 1 0 1 0 1 1 1 1 0 0 0 1 1 0 0 1 0 1 1 0 0 0 0 0 0 1 0 1 0 0 0 1 1 0 1 1 1 1 22
0 0 0 0 0 0 1 0 1 1 0 1 1 0 1 1 1 1 0 0 0 1 0 1 1 1 1 1 1 0 1 1 0 0 0 0 0 1 1 0 0 1 1 0 0 1 0 0 0 0 23
1 1 0 1 0 1 1 1 1 0 0 1 0 0 1 1 1 1 0 1 1 0 1 1 1 1 0 0 1 0 0 0 1 1 1 0 1 0 0 0 0 1 0 0 1 1 1 0 1 0 28
1 0 0 1 0 0 1 1 0 1 0 0 0 1 1 1 0 1 1 1 1 0 0 0 1 0 1 0 1 1 0 0 1 1 0 1 1 1 0 1 0 1 1 1 1 1 0 1 0 1 29
0 1 0 0 0 0 0 1 0 1 0 1 0 0 1 1 0 0 1 0 0 0 0 1 0 1 0 1 0 0 1 0 0 0 1 0 1 0 0 1 0 0 1 0 0 0 0 1 1 1 18
1 0 0 1 0 0 1 0 0 0 0 0 1 1 0 1 1 1 1 1 1 1 1 0 0 1 1 0 1 1 0 0 1 0 1 1 0 0 1 0 0 1 0 0 0 1 1 1 0 1 26
1 0 0 0 1 1 0 1 1 1 1 0 0 1 1 1 1 0 1 1 1 0 1 1 0 0 1 0 1 1 0 1 0 0 1 0 1 0 1 1 0 1 1 1 0 0 0 0 1 1 29
0 1 1 0 1 0 1 0 1 0 1 0 1 1 1 1 1 0 1 1 1 1 1 1 1 0 1 1 1 0 1 1 0 1 0 0 1 1 0 0 0 1 0 1 1 1 1 1 0 1 33
0 0 0 1 1 1 0 0 1 1 0 1 1 0 0 0 0 1 1 0 0 1 0 1 1 0 0 0 0 1 1 1 0 0 1 0 0 0 0 0 0 1 0 1 1 1 1 1 0 1 23
1 1 0 1 0 0 0 1 0 0 1 1 0 0 0 0 1 0 0 0 0 0 0 0 0 0 0 0 1 1 1 0 0 0 0 1 0 1 1 1 1 0 1 1 0 0 1 0 1 0 19
1 0 1 0 0 0 0 1 0 1 1 0 1 1 0 1 1 1 1 1 1 0 0 1 1 0 1 0 1 0 0 1 0 1 0 1 1 1 0 1 1 0 1 0 1 0 0 1 1 1 29
1 0 1 1 1 1 1 1 0 0 1 1 1 0 0 0 1 0 1 0 0 0 1 1 0 1 0 0 0 0 1 1 1 1 0 0 0 0 0 0 0 0 0 1 0 1 1 0 1 1 24
1 0 1 0 1 0 0 0 0 1 0 0 0 1 0 1 1 1 0 0 0 1 1 0 0 1 1 1 0 1 0 0 0 0 1 1 0 1 1 0 1 0 0 0 0 1 0 0 1 0 21
1 1 1 0 0 1 1 0 1 0 0 0 1 0 1 0 0 0 1 1 1 0 0 0 1 1 0 1 0 0 0 0 1 1 1 1 1 1 0 1 0 1 0 0 1 1 1 0 1 0 26
1 1 0 0 0 1 0 1 0 1 0 0 1 1 0 0 0 0 0 1 1 0 1 0 1 0 0 0 0 0 1 0 1 0 1 1 0 0 0 0 0 1 0 1 1 1 1 1 0 0 21
1 1 0 0 1 1 1 0 0 0 0 1 1 0 1 1 1 1 1 0 1 1 1 0 1 0 0 1 1 1 1 1 1 0 0 0 1 0 1 1 0 1 1 0 1 1 1 0 0 0 30
0 0 1 1 0 0 0 1 1 1 1 1 1 0 1 1 1 1 1 0 1 0 0 1 1 1 1 1 0 0 0 1 0 0 0 1 0 0 0 1 1 0 1 0 1 1 1 1 1 0 29
0 0 0 0 1 0 0 1 0 0 0 1 1 0 1 1 0 0 0 0 1 0 1 1 0 0 0 0 1 0 1 0 1 1 0 1 1 0 1 0 1 1 0 1 1 1 1 0 1 0 23
1 0 0 0 0 1 0 1 1 0 0 1 0 1 1 1 0 1 0 0 0 1 0 0 0 1 0 0 0 1 0 0 1 0 0 1 1 1 0 1 0 1 0 0 0 0 1 1 0 1 21
0 0 0 1 1 1 1 0 1 0 1 0 0 0 1 1 0 1 0 1 1 0 0 0 0 0 0 0 0 1 0 1 1 1 1 0 0 0 1 1 1 0 1 0 0 1 0 1 0 1 23
1 0 0 0 1 0 0 1 0 0 0 1 0 0 0 0 0 1 0 0 1 0 1 0 1 1 0 1 0 1 1 0 1 1 1 0 0 1 1 0 0 1 0 0 1 1 0 0 1 0 21
0 0 0 1 0 1 0 1 0 0 0 0 0 1 1 1 0 0 0 0 0 1 1 0 0 1 1 0 0 1 1 0 0 1 1 1 0 0 1 1 1 0 0 1 0 0 1 0 0 1 21
1 0 1 0 1 1 0 1 0 0 1 0 1 1 1 1 0 1 1 0 0 0 1 1 1 1 1 1 1 1 0 0 1 0 1 1 1 0 0 1 1 0 0 0 1 1 1 0 0 0 29
0 1 0 0 1 0 1 0 0 1 1 0 0 0 1 1 1 1 1 0 1 1 1 1 0 1 1 0 0 1 1 0 0 0 1 0 0 0 0 0 1 0 1 1 0 0 0 1 0 1 24
1 0 1 0 0 1 1 1 1 0 1 0 0 1 0 1 1 1 0 1 1 1 0 1 0 0 1 0 0 1 1 0 0 0 1 0 1 1 0 0 1 0 1 0 0 1 0 0 0 0 24
1 1 1 0 0 1 0 1 0 1 0 0 1 1 1 1 1 1 0 0 1 0 0 0 1 0 1 0 1 1 1 0 1 1 1 0 0 0 0 1 1 0 0 0 1 0 1 1 0 1 27
0 1 0 1 0 0 1 0 1 0 1 1 1 0 1 0 1 0 0 0 1 1 1 1 0 0 0 0 1 0 0 1 0 1 1 0 1 0 1 0 0 0 1 0 1 1 0 0 1 1 24
1 1 0 0 1 0 0 0 1 0 0 1 0 0 0 0 1 1 0 1 1 0 0 0 0 0 0 0 0 1 1 1 0 1 1 1 1 1 1 0 0 0 1 0 0 0 1 0 0 1 21
0 1 0 1 1 1 1 1 1 0 0 1 0 1 1 0 1 0 0 1 1 1 1 1 1 1 0 1 0 1 1 0 0 0 0 0 0 0 0 0 0 1 0 1 0 1 1 1 0 1 27
0 0 1 0 0 0 1 0 1 0 1 1 0 1 0 0 0 1 1 0 1 1 0 0 0 0 1 1 0 1 0 0 1 1 1 1 0 0 0 1 1 1 0 0 1 1 0 0 1 1 24
1 1 1 0 1 0 1 0 0 1 1 1 0 0 1 0 0 1 1 0 1 1 1 0 1 1 0 1 0 0 1 0 0 1 0 0 1 0 1 0 1 0 0 1 0 1 0 0 1 0 25
1 0 1 1 0 0 0 1 0 0 0 0 0 0 1 1 0 0 0 1 0 0 1 1 0 0 0 1 1 0 1 0 1 0 0 1 1 1 0 0 0 1 1 0 0 1 1 0 1 0 21
1 0 0 1 0 1 1 1 1 0 0 1 1 0 1 1 1 0 1 1 0 0 1 0 0 1 1 0 0 0 1 1 1 0 0 0 1 0 1 1 1 1 0 1 1 0 1 0 1 0 28
0 0 0 1 1 0 0 1 0 1 0 1 0 0 0 1 0 1 1 1 0 0 0 0 0 1 0 0 1 0 0 0 0 0 1 0 1 1 1 1 0 1 1 0 1 1 1 0 1 1 23
0 1 1 1 0 0 1 1 0 0 0 0 0 1 1 0 1 1 1 1 0 1 0 1 1 1 1 0 1 0 1 1 1 0 1 1 0 1 1 0 0 1 0 0 0 1 0 0 0 1 27
1 0 1 0 0 1 0 1 1 0 1 1 1 1 0 0 1 1 1 1 0 0 0 0 0 0 1 1 1 0 1 1 1 1 1 1 1 1 1 1 0 1 1 1 0 0 0 1 0 0 30
1 0 1 0 1 0 0 0 1 0 1 1 1 0 0 1 1 1 1 1 0 1 1 1 0 0 1 0 0 0 1 0 0 0 0 1 0 1 0 1 0 0 0 0 0 0 0 1 1 1 23
1 1 0 1 0 0 1 0 1 1 0 0 0 0 1 1 1 1 0 1 0 1 1 0 0 0 0 0 0 1 1 1 0 0 0 1 1 0 0 1 1 0 0 0 1 1 0 1 1 0 24
1 1 0 1 1 0 0 0 1 0 1 0 1 1 0 0 0 0 1 0 1 0 1 1 0 0 0 1 0 0 0 0 0 0 1 1 0 1 1 0 1 0 1 1 0 0 1 0 0 0 21
1 1 1 1 1 0 0 0 0 1 1 1 1 1 0 0 0 0 0 1 1 1 1 0 1 1 0 1 1 1 0 1 0 0 1 0 0 1 1 1 0 0 0 1 0 1 1 1 0 0 28
0 1 0 0 1 1 0 0 1 1 0 1 1 0 1 1 0 1 1 1 0 1 0 0 1 1 0 0 1 1 1 0 1 0 0 0 1 0 0 0 0 0 0 0 1 0 1 1 0 1 24
1 1 0 1 0 0 0 0 0 1 0 0 0 1 1 0 0 0 0 0 0 0 1 0 1 1 0 0 1 0 0 1 1 0 1 1 0 1 0 1 0 1 0 0 0 0 0 1 1 1 20
1 0 1 0 1 0 0 1 0 1 0 0 1 0 1 0 1 0 1 1 1 1 0 0 1 1 0 1 1 0 1 0 1 1 0 1 0 1 0 1 0 1 0 1 0 1 1 1 0 0 27
0 1 1 0 1 0 1 1 1 1 1 1 0 0 0 1 0 1 0 0 0 0 0 1 1 0 0 0 0 1 0 0 0 0 1 1 0 1 0 0 0 1 1 1 0 0 0 0 1 0 21
0 1 0 1 0 0 0 0 1 0 0 0 1 1 0 1 0 1 0 1 1 0 1 0 1 0 1 0 0 1 1 0 0 1 0 1 0 0 1 1 0 1 0 1 0 1 1 0 1 0 23
0 1 0 0 0 0 1 0 0 0 0 0 0 1 1 1 1 1 0 0 0 0 0 0 1 1 0 1 0 0 1 1 1 0 1 1 1 0 1 0 0 1 0 0 0 0 0 0 0 0 18
1 1 0 1 1 1 1 0 1 1 0 1 0 1 1 1 1 1 0 1 1 1 0 0 0 0 1 1 0 1 0 1 0 0 0 0 1 0 1 0 1 1 0 0 0 0 1 1 0 1 28
0 1 1 1 0 0 1 1 1 0 1 1 0 1 1 1 0 1 1 0 0 1 1 1 1 0 1 0 0 1 0 1 0 0 1 0 1 0 0 1 1 1 0 0 1 1 0 0 0 0 27
0 1 1 1 0 0 0 1 0 1 0 1 0 0 1 0 0 0 0 1 0 1 0 0 0 0 0 0 1 1 1 0 1 1 0 0 0 1 1 1 1 1 0 0 0 1 0 0 0 1 21
0 1 1 0 0 1 1 0 0 0 0 0 0 0 1 1 1 1 0 0 1 1 0 0 1 0 1 0 1 1 1 1 1 1 1 1 1 0 0 1 1 1 0 0 0 0 1 1 1 0 27
1 1 0 0 1 0 1 0 0 1 1 0 0 0 1 1 0 1 0 1 0 1 1 0 1 0 0 0 0 1 0 0 0 1 0 1 1 1 0 1 1 1 0 1 1 1 1 1 1 0 27
0 1 1 1 1 1 1 0 1 0 0 1 1 0 0 1 0 1 0 1 0 1 0 0 1 0 0 1 1 1 1 1 0 1 1 1 0 1 1 1 0 1 1 1 1 0 1 0 0 0 30
1 0 0 0 0 0 1 0 1 0 1 1 0 0 1 1 1 1 1 1 0 1 0 0 0 1 0 0 1 0 1 1 0 0 0 1 1 0 1 1 0 1 1 1 1 1 0 0 1 1 27
1 0 1 0 0 0 1 0 1 0 0 1 0 0 0 0 0 1 0 0 1 0 0 0 1 1 1 1 1 1 0 1 0 0 1 0 0 0 0 0 0 1 0 1 1 1 1 0 1 1 22
1 0 0 0 0 0 1 0 0 1 0 1 1 0 0 0 0 0 0 1 0 1 0 0 1 1 1 1 0 0 1 1 1 0 1 0 1 0 1 0 1 1 1 1 1 1 0 1 0 0 24
0 1 0 1 1 0 0 1 0 0 1 1 1 1 1 1 1 0 0 0 1 0 1 0 0 1 1 1 0 1 0 1 0 0 1 0 0 1 1 1 1 0 1 0 0 1 1 1 1 1 29
1 1 1 0 1 1 1 1 1 1 0 1 1 0 1 1 0 0 0 1 1 0 0 1 0 0 1 0 0 0 0 1 0 1 1 0 1 1 0 1 0 1 0 0 0 1 0 0 1 0 26
0 0 1 1 0 1 1 0 0 0 0 0 0 1 0 0 1 1 1 0 1 0 1 0 1 0 0 1 1 1 1 1 0 1 0 1 1 1 1 0 0 0 0 0 0 0 1 0 0 1 23
1 0 0 1 0 0 1 0 0 1 1 1 0 1 1 0 1 0 1 0 0 1 0 1 1 0 1 1 0 0 1 0 0 0 0 0 0 0 1 1 0 1 0 0 1 1 0 0 1 0 22
0 1 0 1 1 1 1 1 0 1 0 1 0 0 1 0 1 0 1 0 1 0 0 0 1 0 0 0 1 0 0 0 0 1 1 1 1 0 0 0 0 0 0 1 1 0 1 0 0 0 21
0 1 1 0 1 1 1 1 1 1 1 0 0 0 0 0 0 0 1 0 0 1 1 0 1 1 1 1 1 1 1 0 1 0 1 0 0 0 0 1 0 1 0 1 1 0 0 1 1 1 28
1 1 1 0 1 0 1 1 1 0 0 1 0 1 0 0 1 1 0 1 1 1 0 0 0 0 0 1 1 1 1 0 0 0 0 0 1 0 0 0 1 1 0 1 1 1 1 0 1 1 27
0 1 0 0 0 1 0 1 0 1 0 1 0 0 1 1 0 1 1 1 1 1 0 0 0 0 1 0 0 1 1 1 1 1 0 1 0 0 0 1 0 0 0 0 1 0 1 0 1 1 24
1 1 0 1 0 1 0 1 0 0 0 0 1 0 1 1 1 0 1 1 1 0 1 1 1 1 0 0 1 0 0 0 0 1 0 0 1 0 0 0 1 0 0 0 1 0 0 1 0 1 23
1 0 1 1 0 0 1 0 0 1 1 0 0 1 0 0 1 0 0 1 0 0 1 0 0 1 1 0 0 0 0 0 0 1 0 1 0 0 0 1 1 1 0 1 0 0 1 1 0 0 20
0 0 1 0 1 1 0 1 1 1 0 0 1 1 0 1 1 1 1 0 1 0 0 0 1 1 0 0 1 1 1 0 0 1 1 0 0 1 0 0 1 0 1 1 0 1 1 1 1 0 28
0 1 0 1 0 1 1 1 0 0 0 0 1 1 0 0 1 0 0 0 0 0 1 1 0 1 1 1 1 1 1 0 0 0 0 0 1 1 0 0 1 1 1 1 0 1 1 1 0 0 25
1 1 0 1 1 1 0 1 1 1 0 1 0 1 1 0 0 1 0 1 0 0 0 1 0 1 1 0 0 0 0 1 0 0 1 1 0 1 1 1 0 1 1 0 1 1 1 0 1 1 29
1 0 1 1 1 1 0 0 0 1 1 0 0 1 0 0 0 1 1 1 1 0 1 1 0 0 1 0 1 0 1 1 1 0 1 1 1 0 0 0 0 1 1 1 0 1 0 1 1 1 29
0 0 1 1 0 0 0 1 1 1 1 0 1 1 1 1 0 1 0 0 1 1 1 0 1 1 0 0 0 1 0 0 1 1 0 0 0 1 0 0 1 0 0 1 1 1 1 0 1 0 26
0 0 1 0 1 1 1 1 0 0 1 1 1 1 0 0 0 1 1 1 1 0 0 1 0 0 1 1 0 1 0 0 1 0 1 1 0 1 0 0 0 1 1 0 0 1 0 1 1 1 27
0 0 1 0 0 1 1 1 1 0 1 0 0 1 0 0 0 1 0 0 0 1 1 1 0 1 0 1 0 1 1 0 0 1 1 1 0 0 1 1 0 0 1 0 1 0 1 0 0 1 24
1 0 1 0 1 1 1 0 1 1 1 0 1 1 1 0 0 1 0 1 0 1 0 0 1 0 1 1 1 1 1 1 1 1 0 0 0 0 1 0 1 1 0 0 0 1 1 0 1 1 30
0 0 0 0 0 1 0 1 1 1 0 1 1 1 1 1 0 1 0 1 0 0 1 0 1 1 0 1 1 1 0 0 1 1 0 1 1 1 1 0 1 0 0 0 0 1 1 1 0 1 28
1 0 0 1 1 0 1 1 1 0 1 1 0 0 0 0 0 1 1 0 1 1 1 0 1 1 1 1 1 0 1 0 1 1 0 1 0 1 1 1 1 1 1 0 1 1 1 0 1 0 32
0 0 0 1 1 0 1 0 1 1 1 1 0 0 1 1 0 1 1 1 0 0 0 0 0 1 1 0 0 0 1 1 0 1 1 1 0 1 0 1 1 0 1 0 0 0 1 0 1 1 26
0 1 1 0 0 1 1 1 0 1 1 1 1 0 0 0 1 1 0 0 0 0 0 1 0 1 0 1 1 0 1 1 1 0 1 1 1 0 1 1 0 1 1 1 0 0 1 1 1 0 29
0 0 1 0 0 1 1 1 1 1 0 0 0 0 0 1 0 0 1 1 0 1 0 1 1 1 1 1 0 0 1 0 1 0 1 0 1 1 0 0 0 1 0 0 0 0 0 1 0 1 23
0 0 0 0 0 1 0 0 0 0 0 0 0 1 1 1 1 0 0 1 0 1 0 1 0 1 1 0 1 1 0 0 1 1 0 1 1 1 0 0 0 1 0 0 0 0 0 1 0 0 19
262 237 256 243 235 254 238 265 260 256 258 265 241 247 259 237 243 254 249 249 259 243 254 260 247 265 252 241 247 255 257 247 257 241 246 248 228 260 243 256 234 258 248 249 241 256 267 243 268 222 12500
