0 0 0 0 0 0 0 0 0 0 0 0 0 0 0 0 0 0 0 0 0 0 0 0 0 0 0 0 0 0 0 0 1 0 1 0 0 0 0 0 0 0 0 0 0 0 0 0 0 0 2
0 0 0 0 0 0 0 0 0 0 0 0 0 0 0 0 0 0 0 0 0 0 0 0 0 0 0 0 0 1 0 0 0 0 0 0 0 0 0 0 0 0 0 0 0 0 0 0 0 0 1
0 0 0 1 0 0 0 0 0 0 0 0 0 0 0 0 0 0 0 0 0 0 0 0 0 0 0 0 0 0 0 0 0 0 0 0 0 0 0 0 0 0 0 0 0 0 0 0 0 0 1
0 0 0 0 0 0 0 0 0 0 0 0 0 0 0 0 0 0 0 0 0 0 0 0 0 0 0 0 0 0 0 0 0 0 0 0 0 0 0 1 0 0 0 0 0 0 0 0 0 0 1
0 0 0 0 0 0 0 0 0 0 0 0 0 0 0 0 0 0 0 0 0 0 0 0 0 0 0 0 0 0 0 0 0 0 0 0 0 0 0 0 0 0 0 0 0 0 0 1 0 0 1
0 0 0 0 0 0 0 0 0 0 0 0 1 0 0 0 0 0 0 0 0 0 0 0 0 0 0 0 0 0 0 0 0 0 0 0 0 0 0 0 0 0 0 0 0 0 0 0 0 0 1
0 0 0 0 0 0 0 0 0 0 0 0 0 0 0 0 0 0 0 0 0 0 0 0 0 0 0 0 0 0 0 0 1 0 0 0 0 0 0 0 0 0 0 0 0 0 0 0 0 0 1
0 0 0 0 0 0 0 0 0 0 0 0 0 0 1 0 0 0 0 0 0 0 0 0 0 0 0 0 0 0 0 0 0 0 0 0 0 0 0 0 0 0 0 0 0 0 0 0 0 0 1
0 0 0 0 0 0 0 1 0 0 0 0 0 0 0 0 0 0 0 0 0 0 0 0 0 0 0 0 0 0 0 0 0 0 0 0 0 0 0 0 0 0 0 0 0 0 0 0 0 0 1
0 0 0 0 0 0 0 0 0 0 0 0 0 1 0 0 0 0 0 0 0 0 0 0 0 0 0 0 0 0 0 0 0 0 0 0 0 0 0 0 0 0 0 0 0 0 0 0 0 0 1
0 0 0 0 0 0 0 0 0 0 0 0 0 0 0 0 0 0 0 0 0 0 0 0 1 0 0 0 0 0 0 0 0 0 0 0 0 0 0 0 0 0 0 0 0 0 0 0 0 0 1
0 0 0 0 0 0 0 0 0 0 0 0 0 0 0 0 0 0 0 0 0 0 0 0 0 0 0 0 0 0 0 0 0 0 0 0 0 1 0 0 0 0 0 0 0 0 0 0 0 0 1
0 0 0 0 0 0 0 0 0 0 1 0 0 0 0 0 0 0 0 0 0 0 0 0 0 0 0 0 0 0 0 0 0 0 0 0 0 0 0 0 0 0 0 0 0 0 0 0 0 0 1
0 0 1 0 1 0 0 0 1 0 1 1 0 0 0 0 0 0 1 1 1 1 0 1 1 0 1 1 0 0 0 0 0 1 0 1 1 0 0 1 1 0 1 0 0 1 0 0 0 0 20
1 0 1 0 0 0 1 0 1 0 1 1 0 0 0 1 0 0 1 1 0 1 1 1 1 1 0 1 0 1 0 1 1 1 1 1 1 0 0 0 0 1 0 0 0 0 0 0 1 1 25
0 1 1 0 1 0 1 1 0 0 0 1 0 0 0 0 1 0 0 1 0 1 0 1 1 0 1 0 1 1 0 1 0 0 0 1 1 1 0 0 1 0 0 1 0 1 0 0 0 0 21
0 0 0 1 1 0 1 1 0 0 0 0 0 0 0 0 1 1 1 1 1 0 0 0 0 1 1 0 1 1 0 1 0 0 0 1 1 1 1 1 1 0 0 0 0 0 1 0 0 0 21
1 0 1 0 1 0 0 1 1 0 0 1 0 1 1 0 1 0 0 0 0 1 0 0 1 1 1 1 1 0 0 0 0 1 0 0 0 1 1 1 0 1 0 1 1 0 0 0 0 0 22
0 0 1 0 1 1 1 1 1 0 0 1 1 1 0 0 1 1 0 0 0 1 1 1 0 0 0 0 1 0 1 1 0 1 0 0 1 0 1 0 1 1 0 0 1 0 0 0 0 1 24
1 1 1 0 1 1 1 0 0 1 0 1 0 0 0 1 0 0 1 1 0 0 0 1 0 0 1 1 0 1 0 0 0 1 0 0 0 0 0 1 0 1 0 0 1 0 0 0 1 0 20
1 1 0 1 1 0 1 1 1 0 1 0 0 0 1 0 1 0 1 0 1 1 0 0 0 1 0 1 1 1 1 0 0 0 0 0 1 1 0 1 0 0 1 1 1 0 1 0 0 0 25
1 1 0 1 1 0 1 0 0 1 0 1 1 1 1 1 1 0 0 1 1 1 1 1 0 0 1 0 0 0 0 1 0 1 0 0 0 0 1 0 0 0 1 1 1 1 1 1 1 0 28
1 0 0 1 0 0 1 0 1 0 1 1 1 0 0 1 1 0 1 0 1 1 1 1 1 0 0 0 0 0 1 0 1 0 1 1 1 1 0 1 1 1 0 0 1 1 1 0 1 0 28
1 0 0 1 0 0 0 0 1 1 1 1 1 0 0 1 1 1 1 0 0 0 0 1 1 0 1 0 0 1 1 1 0 0 1 1 0 0 1 0 0 0 1 0 0 1 1 0 0 0 23
0 1 1 0 1 0 0 0 1 1 1 1 0 0 0 0 0 1 0 1 1 1 1 0 1 0 0 0 0 0 1 1 1 1 0 1 0 0 1 1 0 1 1 0 0 0 1 1 1 1 26
0 1 1 0 1 1 0 1 1 1 0 1 1 0 1 0 1 1 1 0 1 0 1 0 0 1 1 1 1 1 0 1 1 0 0 0 0 1 0 1 0 0 0 0 1 1 0 0 0 0 26
1 0 0 1 0 0 0 1 0 1 1 1 1 0 0 0 1 1 1 1 0 0 0 1 0 1 1 0 1 1 1 1 0 1 1 0 1 0 1 0 1 1 0 0 0 0 0 1 0 0 25
1 1 0 0 0 0 1 0 0 1 1 0 0 0 0 0 1 0 1 1 1 0 0 1 0 0 0 0 1 0 0 1 0 1 1 0 1 0 1 0 1 1 1 1 0 1 0 0 0 1 22
0 1 1 1 0 0 0 0 0 0 1 0 1 1 0 1 0 1 1 0 1 1 1 0 0 1 1 0 0 1 1 0 0 1 0 1 1 1 0 0 0 0 0 0 0 0 0 1 1 0 22
1 1 1 1 1 0 0 0 0 1 1 0 1 0 1 1 0 0 0 0 1 1 1 0 0 0 0 1 1 0 0 0 0 1 0 1 0 1 1 0 1 0 1 0 0 0 1 0 1 1 24
0 1 1 1 0 0 1 1 0 1 0 0 1 0 0 0 1 1 1 0 0 0 1 1 0 0 1 1 1 1 1 1 0 1 0 1 1 1 0 1 1 0 1 0 1 0 0 1 1 0 28
1 1 1 1 1 0 1 1 0 1 1 0 1 0 1 0 1 1 1 0 0 1 1 1 0 1 1 0 1 0 1 1 0 1 1 0 1 0 1 1 0 0 1 0 1 0 0 0 1 0 30
0 0 1 0 1 0 0 1 1 1 0 0 1 0 1 1 0 1 1 0 0 1 1 0 0 1 1 1 1 1 1 1 1 0 1 1 0 1 0 0 0 1 0 1 1 1 0 1 0 1 29
0 0 0 1 1 0 0 1 0 1 1 1 0 0 1 1 1 0 0 0 0 0 1 1 0 1 1 0 1 1 0 0 1 0 0 0 0 0 1 1 0 0 1 0 1 0 1 0 0 0 21
1 1 0 1 0 0 0 1 1 1 0 0 1 0 0 0 0 0 1 0 0 1 0 1 0 1 0 1 1 0 0 1 0 0 0 1 1 1 0 1 1 0 0 1 0 1 1 0 1 1 24
1 0 1 1 0 1 1 0 0 1 1 0 0 1 0 0 0 0 0 0 0 1 0 1 0 1 1 0 0 0 1 1 0 0 0 1 0 0 1 0 0 1 0 0 1 0 1 0 0 1 20
1 1 0 1 1 1 1 1 0 1 1 1 0 0 0 1 1 0 1 1 1 1 1 1 1 1 1 1 1 1 0 1 0 0 1 0 0 0 1 0 0 1 1 0 1 1 0 1 0 1 33
0 0 0 0 0 0 1 1 0 0 0 1 0 1 1 1 1 0 1 0 1 0 1 1 0 0 1 0 0 1 0 0 0 0 0 0 1 0 1 0 0 0 1 0 1 0 1 0 1 1 20
1 0 0 1 0 1 1 0 1 1 1 0 1 1 1 0 0 0 1 1 1 1 1 0 0 1 1 1 1 1 0 0 1 1 0 0 0 1 1 0 0 0 0 0 0 0 1 1 0 1 27
0 1 1 0 0 1 0 0 1 1 0 0 0 1 0 1 1 0 1 1 0 0 1 1 0 0 0 1 1 0 0 0 1 1 1 1 1 0 1 1 1 0 0 1 0 0 0 1 1 0 25
0 0 1 0 1 0 1 1 1 0 0 1 1 0 1 0 0 0 0 0 0 1 1 0 0 1 1 0 1 0 1 0 0 0 1 0 0 1 0 0 0 0 0 0 0 0 1 1 1 1 20
0 0 1 0 0 1 0 0 1 1 0 0 0 0 0 1 0 0 0 0 0 1 0 0 1 1 1 1 0 0 1 0 0 0 0 0 1 1 0 1 0 0 0 0 1 1 1 0 0 0 17
1 0 0 0 1 0 0 0 1 0 0 0 1 0 1 1 1 1 1 1 1 1 1 0 1 1 0 0 0 1 1 0 0 1 1 0 0 1 0 1 0 0 1 1 0 1 0 0 0 0 24
1 0 1 0 0 1 0 1 0 1 0 0 0 0 1 0 0 1 1 0 1 0 0 0 1 0 1 1 0 1 1 1 1 0 1 1 0 0 0 0 0 0 1 0 0 1 1 0 0 0 21
1 1 1 1 1 1 1 0 0 0 1 1 1 0 0 0 1 0 1 1 1 0 1 1 1 1 0 1 1 1 0 0 1 0 1 1 1 1 0 0 1 0 0 0 1 0 0 1 1 1 31
0 0 0 0 1 1 1 0 0 0 0 0 1 0 1 0 1 0 1 0 1 1 0 0 1 1 1 0 0 0 1 1 1 0 0 1 0 0 1 1 1 1 1 1 1 1 0 1 1 0 26
0 0 1 1 1 0 0 1 1 0 0 1 1 0 1 1 0 1 0 0 0 1 1 1 1 1 0 0 0 0 0 0 1 0 1 0 1 1 1 0 1 0 1 1 0 0 0 0 1 0 24
1 1 0 1 0 1 1 1 0 1 0 0 1 0 1 1 1 1 1 0 1 0 1 0 0 1 0 1 1 0 1 0 1 0 1 0 1 0 0 0 0 0 0 0 0 0 0 1 0 0 23
0 1 0 0 1 0 1 0 0 0 0 0 1 1 0 1 1 1 1 1 1 1 1 1 1 1 0 1 0 1 0 1 0 0 1 0 0 1 0 0 1 1 0 0 0 0 1 1 0 0 25
1 1 1 1 1 0 1 1 0 0 1 0 1 0 0 1 1 1 0 0 0 0 0 1 0 1 0 0 0 1 1 0 0 0 1 1 0 0 1 0 0 0 1 0 1 1 0 1 0 0 23
0 1 1 0 0 0 1 0 1 1 1 0 1 1 1 1 0 0 1 1 1 1 1 0 1 1 1 1 1 1 0 0 1 1 0 1 1 0 0 0 0 1 0 0 0 1 0 0 0 1 28
0 0 1 0 0 0 1 0 1 0 0 0 0 0 0 0 0 0 0 0 0 0 0 0 0 0 0 0 0 0 0 0 0 0 1 1 0 0 1 1 0 1 1 0 1 1 0 0 0 1 12
1 0 0 0 0 0 0 0 0 0 0 0 0 0 0 0 0 0 0 0 0 0 0 0 0 0 0 0 0 0 0 0 0 0 0 0 0 0 0 0 0 0 0 0 0 0 0 0 0 0 1
0 0 0 0 0 0 0 0 0 0 0 0 0 0 0 0 0 0 0 0 0 0 0 0 0 0 0 0 0 0 0 0 0 0 0 0 0 0 0 0 0 0 0 0 1 0 0 0 0 0 1
0 0 0 0 0 0 0 0 0 0 0 0 0 0 0 0 0 0 0 0 0 0 0 0 0 0 0 0 0 0 0 0 0 0 0 0 0 0 0 0 0 0 0 0 0 0 0 0 1 0 1
0 1 0 0 0 0 0 0 0 0 0 0 0 0 0 0 0 0 0 0 0 0 0 0 0 0 0 0 0 0 0 0 0 0 0 0 0 0 0 0 0 0 0 0 0 0 0 0 0 0 1
0 0 0 0 0 0 1 0 0 0 0 0 0 0 0 0 0 0 0 0 0 0 0 0 0 0 0 0 0 0 0 0 0 0 0 0 0 0 0 0 0 0 0 0 0 0 0 0 0 0 1
0 0 0 0 0 0 0 0 0 0 0 0 0 0 0 0 0 0 0 0 0 0 0 0 0 0 0 0 0 0 0 1 0 0 0 0 0 0 0 0 0 0 0 0 0 0 0 0 0 0 1
0 0 0 0 0 0 0 0 0 0 0 0 0 0 0 0 0 0 0 0 0 0 0 0 0 0 0 0 0 0 0 0 0 0 0 0 0 0 0 0 0 0 1 0 0 0 0 0 0 0 1
0 0 0 0 0 0 0 0 0 0 0 0 0 0 0 0 0 0 0 0 0 0 0 0 0 0 0 0 0 0 0 0 0 0 0 0 0 0 0 0 0 0 0 0 0 1 0 0 0 0 1
0 0 0 0 0 0 0 0 0 0 0 0 0 0 0 0 0 1 0 0 0 0 0 0 0 0 0 0 0 0 0 0 0 0 0 0 0 0 0 0 0 0 0 0 0 0 0 0 0 0 1
0 0 0 0 0 0 0 0 0 0 0 0 0 0 0 0 0 0 0 0 0 0 0 0 0 0 0 0 0 0 1 0 0 0 0 0 0 0 0 0 0 0 0 0 0 0 0 0 0 0 1
0 0 0 0 0 0 0 0 0 0 0 0 0 1 0 0 0 0 0 0 0 0 0 0 0 0 0 0 0 0 0 0 0 0 0 0 0 0 0 0 0 0 0 0 0 0 0 0 0 0 1
1 0 0 0 0 0 0 0 0 0 0 0 0 0 0 0 0 0 0 0 0 0 0 0 0 0 0 0 0 0 0 0 0 0 0 0 0 0 0 0 0 0 0 0 0 0 0 0 0 0 1
0 0 0 0 0 0 0 0 0 0 0 0 1 0 0 0 0 0 0 0 0 0 0 0 0 0 0 0 0 0 0 0 0 0 0 0 0 0 0 0 0 0 0 0 0 0 0 0 0 0 1
0 0 0 0 0 0 0 0 1 0 0 0 0 0 0 0 0 0 0 0 0 0 0 0 0 0 0 0 0 0 0 0 0 0 0 0 0 0 0 0 0 0 0 0 0 0 0 0 0 0 1
0 0 0 0 0 1 0 0 0 0 0 0 0 0 0 0 0 0 0 0 0 0 0 0 0 0 0 0 0 0 0 0 0 0 0 0 0 0 0 0 0 0 0 0 0 0 0 0 0 0 1
0 0 0 0 0 0 0 0 0 0 0 0 0 0 0 0 0 0 0 0 0 0 0 0 0 0 0 0 0 0 0 0 0 0 0 0 0 0 0 0 0 0 0 0 0 0 0 1 0 0 1
0 0 0 0 0 0 0 0 0 0 0 0 0 0 0 0 0 0 0 0 0 0 0 0 0 0 0 0 0 0 0 0 0 1 0 0 0 0 0 0 0 0 0 0 0 0 0 0 0 0 1
0 0 0 0 0 0 0 0 0 0 0 0 0 0 0 0 0 0 0 0 0 0 0 0 0 0 0 0 1 0 0 0 0 0 0 0 0 0 0 0 0 0 0 0 0 0 0 0 0 0 1
0 0 0 0 0 0 0 0 0 1 0 0 0 0 0 0 0 0 0 0 0 0 0 0 0 0 0 0 0 0 0 0 0 0 0 0 0 0 0 0 0 0 0 0 0 0 0 0 0 0 1
0 0 0 0 0 0 0 0 0 0 0 0 1 0 0 0 0 0 0 0 0 0 1 0 0 0 0 0 0 0 0 0 0 0 0 0 0 0 0 0 0 0 0 0 0 0 0 0 0 0 2
0 0 0 0 0 0 0 0 0 0 0 0 0 0 0 0 0 0 0 0 0 0 0 0 0 0 0 0 0 0 0 0 0 0 0 0 0 0 0 0 0 0 0 0 0 1 0 0 0 0 1
0 0 0 0 0 0 0 0 0 0 0 0 0 0 0 0 0 0 0 0 0 0 0 0 0 0 0 0 0 0 0 0 0 0 0 0 1 0 0 0 0 0 0 0 0 0 0 0 0 0 1
0 0 0 0 0 0 0 0 0 0 0 0 0 0 0 0 0 1 0 0 0 0 0 0 0 0 0 0 0 0 0 0 0 0 0 0 0 0 0 0 0 0 0 0 0 0 0 0 0 0 1
0 0 0 0 0 0 0 0 0 0 0 0 0 1 0 0 0 0 0 0 0 0 0 0 0 0 0 0 0 0 0 0 0 0 0 0 0 0 0 0 0 0 0 0 0 0 0 0 0 0 1
0 0 0 0 0 0 0 0 0 1 0 0 0 0 0 0 0 0 0 0 0 0 0 0 0 0 0 0 0 0 0 0 0 0 0 0 0 0 0 0 0 0 0 0 0 0 0 0 0 0 1
0 0 0 0 0 0 0 0 0 0 0 0 0 0 0 0 0 0 0 0 0 0 0 0 0 0 0 0 0 0 1 0 0 0 0 0 0 0 0 0 0 0 0 0 0 0 0 0 0 0 1
0 0 0 0 0 0 0 0 0 0 0 0 0 1 0 0 0 0 0 0 0 0 0 0 0 0 0 0 0 0 0 0 0 0 0 0 0 0 0 0 0 0 0 0 0 0 0 0 0 0 1
0 0 0 0 0 0 0 0 0 0 0 0 0 0 1 0 0 0 0 0 0 0 0 0 0 0 0 0 0 0 0 0 0 0 0 0 0 0 0 0 0 0 0 0 0 0 0 0 0 0 1
0 0 0 0 0 0 0 0 0 0 1 0 0 0 0 0 0 0 0 0 0 0 0 0 0 0 0 0 0 0 0 0 0 0 0 0 0 0 0 0 0 0 0 0 0 0 0 0 0 0 1
0 0 0 0 0 0 0 0 0 0 0 0 0 0 0 0 0 0 0 0 0 0 0 0 0 0 0 0 0 0 0 0 0 0 0 0 0 0 0 0 0 0 1 0 0 0 0 0 0 0 1
0 0 0 0 0 0 0 0 0 0 0 0 0 0 0 0 0 0 0 0 0 0 0 0 0 0 0 0 0 0 0 0 0 0 0 0 0 0 0 0 0 0 0 0 1 0 0 0 0 0 1
0 0 0 0 0 0 0 0 0 0 0 0 0 0 0 0 0 0 0 0 0 0 0 0 0 0 0 0 0 0 0 0 0 1 0 0 0 0 0 0 0 0 0 0 0 0 0 0 0 0 1
0 0 0 0 0 0 0 0 0 0 0 0 0 0 0 0 0 0 0 0 0 0 0 0 0 0 0 1 0 0 0 0 0 0 0 0 0 0 0 0 0 0 0 0 0 0 0 0 0 0 1
0 0 0 0 0 1 0 0 0 0 0 0 0 0 0 0 0 0 0 0 0 0 0 0 0 0 0 0 0 0 0 0 0 0 0 0 0 0 0 0 0 0 0 0 0 0 0 0 0 0 1
0 0 0 0 0 0 0 0 0 0 0 0 0 0 0 0 0 0 0 0 0 0 0 0 0 0 0 0 0 0 0 0 0 0 0 0 0 0 0 0 0 0 0 0 0 0 1 0 0 0 1
0 0 0 0 0 0 0 0 0 0 0 0 0 0 0 0 0 0 0 0 0 0 0 0 0 0 0 0 0 0 0 0 0 0 0 1 0 0 0 0 0 0 0 0 0 0 0 0 0 0 1
0 0 0 0 0 0 0 0 0 0 0 0 0 0 0 0 0 0 0 0 0 0 1 0 0 0 0 0 0 0 0 0 0 0 0 0 0 0 0 0 0 0 0 0 0 0 0 0 0 0 1
0 0 0 0 0 0 0 0 0 0 0 0 0 1 0 0 0 0 0 0 0 0 0 0 0 0 0 0 0 0 0 0 0 0 0 0 0 0 0 0 0 0 0 0 0 0 0 0 0 0 1
0 0 0 0 0 0 0 0 0 0 0 0 0 0 0 0 0 0 0 0 0 0 0 0 0 0 0 0 0 0 0 0 0 0 1 0 0 0 0 0 0 0 0 0 0 0 0 0 0 0 1
0 0 0 0 0 0 0 1 0 0 0 0 0 0 0 0 0 0 0 0 0 0 0 0 0 0 0 0 0 0 0 0 0 0 0 0 0 0 0 0 0 0 0 0 0 0 0 0 0 0 1
0 0 0 0 0 0 0 0 0 0 0 0 0 0 0 0 0 0 0 0 0 0 0 0 0 1 0 0 0 0 0 0 0 0 0 0 0 0 0 0 0 0 0 0 0 0 0 0 0 0 1
0 0 0 0 0 0 0 0 0 0 0 0 0 0 0 0 0 0 0 0 0 0 0 0 0 0 0 0 0 0 0 1 0 0 0 0 0 0 0 0 0 0 0 0 0 0 0 0 0 0 1
0 0 1 1 0 0 0 0 0 0 0 0 0 0 0 0 0 0 1 0 0 0 0 0 0 0 0 0 0 0 0 0 0 0 0 0 0 0 0 0 0 0 0 0 0 0 0 0 0 0 3
0 0 0 0 0 0 0 0 0 0 0 0 0 0 1 0 0 0 0 0 0 0 0 0 0 0 0 0 0 0 0 0 0 0 0 0 0 0 0 0 0 0 0 0 0 0 0 0 0 0 1
0 0 0 0 0 0 0 0 0 0 0 0 0 0 0 0 1 0 0 0 0 0 0 0 0 0 0 0 0 0 0 0 0 0 0 0 0 0 0 0 0 0 0 0 0 0 0 0 0 0 1
0 0 0 0 0 0 0 0 0 0 0 0 0 0 1 0 0 0 0 0 0 0 0 0 0 0 0 0 0 0 0 0 0 0 0 0 0 0 0 0 0 0 0 0 0 0 0 0 0 0 1
0 0 0 0 0 0 0 0 0 0 0 0 0 0 0 1 0 0 0 0 0 0 0 0 0 0 0 0 0 0 0 0 0 0 0 0 0 0 0 0 0 0 1 0 0 0 0 0 0 0 2
0 0 0 0 1 0 0 0 0 0 0 0 0 0 0 0 0 0 0 0 0 0 0 0 0 0 0 0 0 0 0 0 0 0 0 0 0 0 0 0 0 0 0 1 0 0 0 0 0 0 2
22 20 24 21 23 14 24 21 20 23 20 18 25 15 21 20 24 18 27 16 20 24 25 22 17 25 23 20 22 22 20 21 16 19 20 21 21 19 20 18 15 15 21 12 21 19 17 17 17 15 1000
