1 0 0 0 0 0 0 0 0 0 0 0 0 0 0 0 0 0 0 0 0 0 0 0 0 0 0 0 0 0 0 0 0 0 0 0 0 0 0 0 0 0 0 0 0 0 0 0 0 0 1
0 1 0 0 0 0 0 0 0 0 0 0 0 0 0 0 0 0 0 0 0 0 0 0 0 0 0 0 0 0 0 0 0 0 0 0 0 0 0 0 0 0 0 0 0 0 0 0 0 0 1
0 0 0 0 0 0 0 0 0 0 0 0 1 0 0 0 0 0 0 0 0 0 0 0 0 0 0 0 0 0 0 0 0 0 0 0 0 0 0 0 0 0 0 0 0 0 0 0 0 0 1
0 0 0 0 0 0 0 0 0 0 0 0 0 0 0 0 0 0 0 0 0 0 0 0 0 0 0 0 0 0 1 0 0 0 0 0 0 0 0 0 0 0 0 0 0 0 0 0 0 0 1
0 0 0 0 0 0 0 0 0 0 0 0 0 0 0 0 0 1 0 0 0 0 0 0 0 0 0 0 0 0 0 0 0 0 0 0 0 0 0 0 0 0 0 0 0 0 0 0 0 0 1
0 0 1 1 0 0 0 1 0 1 0 0 0 1 0 0 0 0 0 1 0 1 0 0 0 0 1 1 0 0 0 0 0 0 0 0 0 0 0 0 0 0 0 0 1 0 0 0 0 0 10
0 1 0 1 0 0 0 0 0 1 0 0 0 0 1 0 0 1 1 0 0 0 0 0 0 0 0 0 0 0 0 0 0 0 0 0 0 0 0 0 0 1 0 0 0 0 0 1 0 0 8
0 0 0 1 0 1 0 0 0 0 1 1 0 1 0 0 1 0 0 1 0 1 1 0 1 0 0 1 0 0 0 0 1 0 0 0 0 0 0 0 0 1 1 1 1 0 0 0 0 0 16
0 1 1 1 0 1 0 1 0 1 0 0 0 0 0 1 1 0 1 1 0 0 0 0 0 0 0 1 0 1 0 1 1 0 0 1 0 1 0 0 0 0 1 0 1 0 0 0 1 0 19
0 1 1 0 0 0 1 1 1 1 0 0 0 0 1 1 0 1 1 0 1 1 1 0 0 0 0 0 0 1 0 0 0 0 1 0 1 1 0 0 1 0 0 0 0 0 1 0 0 0 19
1 0 0 0 1 1 1 0 0 0 0 0 0 1 1 0 1 0 0 1 1 1 1 1 0 0 1 0 0 1 0 1 1 1 1 1 0 0 1 1 1 1 1 1 0 1 0 1 0 1 28
0 1 0 1 0 0 0 0 1 1 0 0 0 0 1 0 0 1 0 1 0 1 1 0 0 1 0 1 0 1 1 0 0 0 1 0 1 1 0 0 0 0 0 1 0 0 1 0 1 0 19
0 1 1 0 1 1 0 0 1 0 1 0 0 0 0 0 1 1 1 0 1 0 1 0 0 1 1 0 0 0 1 1 1 1 0 0 1 0 1 0 0 1 0 0 1 0 1 0 0 0 22
0 1 1 1 0 0 1 0 1 0 0 1 0 1 1 1 0 0 0 0 0 0 0 1 1 1 0 0 0 1 1 0 0 1 1 1 0 0 1 1 0 0 1 0 1 0 0 0 0 1 22
1 0 1 0 0 1 1 0 0 1 0 1 1 1 1 0 0 1 0 1 0 1 1 0 0 1 1 0 0 0 1 1 0 1 1 1 1 1 1 0 1 0 0 0 1 0 1 1 1 1 29
1 0 1 0 0 0 0 1 1 1 1 1 0 1 1 0 0 1 1 0 1 0 0 0 0 0 0 0 0 1 1 1 0 0 0 0 0 0 1 1 0 0 0 0 0 1 1 0 0 1 20
0 1 1 1 0 0 0 0 0 0 0 1 0 0 1 1 0 0 1 1 0 0 1 1 0 0 1 0 0 0 0 0 0 1 0 0 1 0 0 0 0 0 1 1 0 1 0 1 0 1 18
1 0 0 1 0 0 1 0 0 0 0 1 0 0 0 0 1 0 1 1 0 0 0 0 1 1 1 0 1 0 1 1 0 0 0 0 1 1 0 0 1 1 0 0 1 1 0 1 1 0 21
1 0 0 1 1 1 0 0 0 1 1 0 1 1 0 1 1 0 0 0 1 1 1 0 0 1 1 1 0 1 0 0 0 0 1 1 1 1 1 1 1 1 0 0 1 0 1 1 0 1 29
0 0 1 0 1 0 0 1 0 1 1 0 1 1 0 1 0 0 0 1 1 0 0 0 0 0 0 0 0 1 1 0 0 1 0 1 1 1 1 1 0 0 0 1 1 0 1 1 1 1 24
1 1 1 1 0 0 0 1 1 1 1 1 0 0 1 1 1 0 1 1 0 0 1 1 1 1 1 1 0 0 0 1 1 0 0 0 1 1 0 1 0 0 1 0 1 1 0 1 1 0 30
0 1 0 1 0 1 0 0 1 1 1 1 1 0 0 1 1 0 0 1 1 1 0 1 1 0 0 1 1 0 1 0 1 1 0 0 0 1 0 0 0 1 1 1 0 0 0 1 0 0 25
1 0 1 0 1 1 1 1 0 1 0 0 0 1 1 1 0 1 0 1 1 0 1 1 0 1 0 1 1 1 1 1 1 1 1 1 1 0 0 0 1 1 1 1 1 0 0 0 1 0 32
0 1 1 0 0 1 0 0 1 0 0 0 0 1 1 0 1 0 1 0 0 0 1 1 0 0 0 1 1 0 0 1 1 0 1 0 1 1 0 1 0 0 1 1 1 0 1 0 1 0 23
1 0 1 0 0 0 1 1 1 1 0 0 0 1 1 1 1 0 1 0 0 0 0 0 1 0 0 0 0 1 0 1 0 1 1 1 1 0 0 0 1 0 1 1 0 1 1 0 1 0 24
0 1 0 1 0 1 1 0 0 1 1 1 1 1 0 0 1 1 1 1 1 0 0 0 0 1 1 0 0 1 0 1 0 0 0 1 1 1 0 1 0 0 0 1 0 0 0 1 0 1 25
1 0 1 0 1 0 0 0 0 1 1 1 0 0 1 0 0 1 1 1 0 1 1 1 1 0 1 0 1 1 1 1 0 0 0 1 0 1 0 0 1 0 0 1 1 0 1 0 1 0 26
0 0 0 0 1 0 0 0 0 1 0 0 1 1 1 1 1 0 0 1 1 1 1 0 0 0 0 0 0 1 0 1 1 1 0 0 0 0 0 0 1 0 1 1 1 1 1 0 1 1 23
1 1 1 1 1 1 1 0 1 0 1 0 0 0 0 0 1 1 0 1 0 0 0 1 0 0 0 1 1 0 0 1 0 0 0 1 1 0 1 1 0 1 0 1 1 0 1 0 0 1 25
0 0 0 0 1 1 1 1 1 1 1 1 1 1 1 0 1 1 0 0 1 0 0 1 0 1 1 0 1 0 1 0 1 0 0 1 0 1 0 0 0 1 0 1 1 0 1 0 1 1 28
1 0 1 0 0 1 1 1 0 1 0 1 1 0 0 0 1 0 0 1 1 1 1 1 1 1 0 1 1 1 0 1 0 1 0 1 1 0 0 0 1 1 0 0 0 0 0 0 1 0 26
1 0 1 1 1 0 1 0 1 1 0 0 0 0 1 1 0 0 0 1 0 1 0 1 1 0 0 1 0 0 1 1 1 1 0 1 0 0 1 1 0 0 0 1 0 0 1 1 1 0 25
0 1 0 0 0 1 0 1 1 1 1 1 1 1 0 0 1 1 1 1 1 0 1 1 1 1 0 1 1 0 1 1 1 0 1 1 0 0 1 1 1 1 1 1 0 1 0 0 1 1 34
0 1 0 1 0 0 1 1 0 1 0 0 1 1 0 0 1 0 0 0 0 0 0 0 1 0 1 1 0 1 0 0 0 1 0 0 0 0 0 0 1 1 0 1 0 0 0 0 0 1 17
1 1 1 0 0 0 0 0 1 1 0 0 1 0 0 1 0 1 0 0 1 0 0 0 0 0 0 1 1 1 0 0 0 0 0 0 1 0 0 0 1 1 1 1 1 1 1 0 0 0 20
1 1 1 0 0 0 0 1 0 0 1 0 0 1 1 1 1 1 0 0 1 1 1 1 1 0 0 0 1 1 1 1 1 1 1 1 0 0 0 1 0 0 1 1 1 1 1 0 0 1 30
0 0 0 1 0 0 0 0 1 0 1 0 1 0 1 1 0 0 0 1 1 1 0 1 1 1 0 0 1 0 0 0 0 1 0 1 1 1 0 1 0 1 1 0 0 0 1 0 0 1 22
0 1 1 1 1 0 0 0 0 1 1 1 1 0 0 1 1 1 1 0 1 1 0 0 0 1 0 1 0 0 0 1 1 0 1 0 0 0 0 0 0 1 0 0 0 0 0 1 1 0 22
1 0 0 0 1 1 0 1 1 0 1 0 1 0 0 0 0 1 0 0 1 1 0 1 0 1 0 1 0 0 0 1 0 0 0 0 0 1 1 0 1 1 0 1 0 0 1 0 0 1 21
1 0 0 1 0 0 1 1 0 1 0 0 1 0 1 1 0 1 1 0 0 0 1 1 0 0 1 0 0 1 0 1 0 0 0 0 0 0 0 1 0 1 0 0 1 1 1 1 1 1 23
1 1 0 0 0 0 1 0 0 0 1 0 0 0 0 1 1 1 0 0 1 1 1 1 0 0 0 1 0 0 1 0 0 0 0 1 0 1 0 0 0 1 0 0 1 0 0 1 0 1 19
1 0 1 1 0 0 1 1 0 0 0 1 0 1 0 1 1 0 0 1 0 0 1 1 0 1 1 1 0 1 0 0 1 1 1 0 0 0 1 1 1 0 1 0 0 0 0 0 0 1 24
0 0 0 0 1 1 1 1 0 0 0 1 0 0 0 0 0 1 0 0 0 1 0 1 0 1 1 0 0 0 1 1 0 1 1 0 0 0 0 1 1 0 1 1 0 1 1 1 0 1 22
1 0 0 1 0 1 0 0 1 1 0 1 1 1 0 1 0 0 0 1 1 0 0 1 1 1 0 0 1 0 1 0 0 0 0 1 1 1 1 0 1 1 1 1 0 1 0 0 1 1 27
1 1 0 0 0 1 1 0 1 1 1 1 0 1 0 1 1 0 1 0 0 1 1 1 0 0 1 1 0 0 0 0 1 1 0 0 0 1 1 1 1 0 0 0 0 0 1 1 0 1 26
0 0 0 1 1 0 0 1 0 0 0 0 0 1 1 0 1 1 0 1 0 1 1 0 0 1 0 1 0 0 0 0 0 0 1 0 1 1 1 0 1 1 0 1 1 1 0 1 0 0 22
1 1 1 0 1 1 0 1 0 1 0 1 1 0 1 1 0 1 1 0 1 1 0 1 1 0 0 0 1 0 1 0 1 0 0 0 0 1 0 1 0 0 1 1 1 1 1 0 1 0 28
0 0 1 0 0 0 1 0 1 1 1 1 0 1 1 0 0 0 0 0 0 1 0 1 0 0 0 0 1 1 1 1 1 0 1 0 0 0 1 1 0 1 1 1 1 0 0 0 0 0 22
1 1 1 0 1 0 0 1 0 0 1 0 1 1 1 1 0 0 1 1 1 0 0 1 1 1 0 1 0 0 0 1 0 1 0 0 0 1 1 1 0 1 1 1 1 1 0 0 1 1 29
1 0 0 0 0 1 0 0 0 0 1 1 0 0 0 1 0 0 0 0 1 1 0 1 0 0 0 1 1 0 0 1 0 0 1 1 1 0 0 0 0 0 0 1 0 1 0 0 1 1 18
0 1 1 0 1 1 0 1 1 1 1 1 1 0 0 1 1 1 1 0 0 1 1 1 1 1 1 1 0 0 1 0 0 1 1 1 1 1 1 0 1 0 1 1 1 1 0 1 0 0 34
1 1 0 1 0 0 1 0 1 0 0 1 0 1 0 0 1 0 1 0 1 0 0 1 1 0 0 1 1 1 1 1 0 1 0 1 1 0 1 1 0 0 1 1 1 1 1 0 1 1 29
1 1 1 0 1 1 0 1 0 1 0 1 0 0 0 0 0 1 1 0 1 0 0 0 0 1 1 0 1 0 1 1 0 1 1 1 0 1 1 0 1 1 0 1 0 0 0 0 1 0 25
1 1 1 1 0 0 1 1 1 1 0 1 0 0 1 0 0 0 1 0 1 0 1 0 1 1 0 1 1 0 0 0 1 0 1 1 1 1 1 0 1 0 0 0 0 0 0 0 1 0 25
0 1 0 1 0 0 0 1 0 0 1 0 0 1 1 1 1 1 1 0 0 1 0 0 0 0 0 0 0 0 0 1 1 0 1 0 1 1 0 0 1 0 0 0 0 0 0 1 0 0 18
1 0 1 0 0 0 1 0 0 1 1 0 0 1 1 0 1 0 0 1 1 1 0 1 0 0 0 1 0 0 1 0 1 0 0 0 1 1 1 1 1 1 1 1 0 0 1 0 0 1 25
1 0 1 0 0 0 1 1 0 1 0 1 0 0 0 1 1 0 1 0 0 0 1 1 0 1 1 0 0 0 0 1 0 0 1 0 1 1 0 0 1 0 1 1 0 0 1 1 0 0 22
0 0 0 0 1 0 1 0 0 1 1 0 0 0 1 1 1 0 0 0 0 1 0 1 1 0 0 1 0 1 0 0 0 1 1 0 0 1 1 0 1 0 1 1 1 1 1 0 0 1 23
0 1 1 1 1 1 1 1 1 1 0 0 1 0 1 1 0 1 1 1 0 0 0 1 1 1 1 0 0 1 1 1 0 1 1 1 1 0 0 1 0 0 0 0 0 1 1 1 0 1 31
0 0 1 1 1 1 0 1 1 1 0 1 0 0 0 1 0 0 1 1 0 0 1 0 1 0 1 0 1 0 0 1 1 0 0 1 1 0 1 0 0 0 0 1 0 1 1 0 1 1 25
0 1 0 1 0 0 0 1 1 0 1 1 1 1 1 0 1 0 0 1 0 0 1 1 1 0 1 0 1 1 1 0 0 0 0 0 0 0 0 0 0 0 0 0 1 0 0 0 1 0 20
0 1 1 0 0 0 0 1 0 0 1 0 1 0 0 0 1 0 0 0 1 1 0 0 0 0 0 1 0 1 1 1 1 1 0 1 1 1 0 0 1 0 1 0 0 0 1 1 0 1 22
0 1 1 1 1 0 0 0 1 0 1 0 0 1 0 1 1 1 1 0 0 1 0 0 0 0 1 1 0 0 0 1 1 1 1 1 1 0 1 1 1 0 0 1 0 1 0 1 0 0 26
0 0 0 0 0 1 0 1 1 0 1 0 0 0 0 0 0 1 1 0 0 0 1 0 0 1 1 0 1 0 0 0 0 0 0 0 0 1 0 1 0 0 0 1 1 1 1 0 1 1 18
0 0 1 0 1 1 1 0 1 0 1 0 0 0 0 0 1 0 1 1 0 1 1 1 1 1 1 0 0 0 1 1 0 1 1 1 1 0 0 1 1 1 0 1 0 1 1 1 0 1 29
0 0 0 0 0 1 0 0 0 1 0 1 0 1 0 0 0 1 1 1 1 1 1 1 0 0 1 0 0 1 0 0 1 1 0 0 0 0 1 1 1 0 0 1 1 1 1 0 1 1 24
1 0 0 1 0 0 1 0 1 0 0 0 1 0 0 0 1 1 0 0 1 0 0 0 1 1 1 1 1 0 0 0 1 0 0 0 1 1 1 0 1 1 0 1 1 1 0 1 1 1 25
0 0 0 0 1 1 1 0 0 1 0 1 1 0 0 0 0 0 0 0 0 1 1 1 1 1 1 1 1 0 1 0 1 0 0 1 0 1 1 0 0 0 0 0 1 1 0 0 0 1 22
0 0 1 0 0 0 0 1 0 1 0 0 1 1 1 0 0 1 1 0 0 1 0 1 0 0 0 1 0 1 1 1 1 1 1 0 1 1 1 1 1 0 1 1 0 1 1 0 1 0 27
0 1 1 1 0 0 0 0 1 1 1 1 1 0 0 1 1 1 0 0 0 1 0 0 0 1 1 1 0 1 0 1 1 1 1 1 1 0 0 0 0 0 0 0 0 0 1 0 0 1 24
0 1 0 0 1 1 1 0 0 1 1 1 1 0 0 1 0 1 1 1 1 1 1 0 0 1 1 0 0 0 0 0 0 1 0 0 1 0 1 0 1 0 0 0 0 0 1 0 0 1 23
1 0 1 0 1 0 1 1 1 0 1 0 0 1 1 0 1 0 1 0 0 0 0 0 1 1 1 0 0 1 1 1 1 1 0 0 0 0 0 1 0 0 1 0 1 0 0 0 1 0 23
0 1 1 1 1 0 0 0 1 1 1 1 1 0 0 1 0 0 1 0 1 0 1 0 1 1 0 0 1 1 0 0 1 1 0 1 1 1 0 0 1 1 1 1 0 0 0 0 1 1 28
1 0 1 1 1 1 1 1 1 0 0 1 1 0 0 0 1 1 0 0 0 1 0 1 0 0 0 1 1 0 0 1 1 1 1 1 1 1 1 0 0 1 0 1 1 0 1 0 1 1 30
1 1 1 0 1 1 1 0 1 0 0 1 0 1 1 1 0 0 0 0 0 1 0 1 1 1 1 0 1 1 0 0 1 0 0 0 1 0 1 1 1 0 0 1 1 0 0 0 1 0 26
1 0 0 0 1 1 0 0 1 1 1 0 1 0 1 0 0 1 1 0 1 1 0 1 0 1 0 1 0 1 0 0 0 1 0 0 0 0 1 1 1 1 1 1 1 1 1 0 0 0 26
0 0 1 1 0 0 1 1 0 0 1 1 1 1 1 1 0 0 0 1 0 0 0 1 1 1 1 0 1 0 0 1 1 1 0 0 1 0 0 0 0 1 1 1 1 0 0 0 0 1 25
1 0 1 1 0 1 0 0 0 1 0 1 0 1 1 0 1 0 1 0 0 1 0 0 0 0 0 1 0 1 0 0 1 0 1 0 0 1 1 0 1 0 0 0 0 0 1 0 0 0 19
0 0 1 1 1 1 0 1 1 0 0 1 1 0 0 1 1 0 1 0 0 0 1 0 1 0 0 1 0 1 1 0 1 1 0 1 0 1 0 0 1 0 1 0 0 0 0 0 1 0 23
1 0 0 1 1 1 0 1 1 0 1 0 0 0 0 0 1 0 0 0 0 1 1 1 0 1 1 0 1 0 0 1 1 0 0 0 1 0 1 0 1 1 1 0 1 0 1 1 1 1 26
0 0 1 1 0 1 1 1 0 1 1 1 0 1 1 0 1 0 1 1 0 0 0 1 1 0 1 0 1 0 1 1 1 1 0 1 0 0 0 1 0 1 1 0 0 0 0 1 0 0 26
0 1 1 1 1 0 0 0 1 0 0 1 0 0 0 0 0 0 1 0 1 1 0 1 0 0 0 1 0 0 1 0 0 0 1 0 0 1 1 0 1 0 0 1 0 1 0 0 1 1 20
0 1 1 0 0 1 0 0 0 1 1 0 0 1 1 1 0 1 0 0 0 1 0 0 1 0 1 1 1 0 1 1 0 0 1 0 0 1 1 1 1 1 0 1 1 1 0 1 0 1 27
0 1 0 0 0 0 1 0 0 1 1 1 0 0 0 0 1 0 1 1 1 0 1 1 0 0 0 1 1 1 1 1 0 0 0 0 1 1 0 0 1 0 1 1 1 1 0 1 0 1 25
1 0 1 1 0 0 1 1 1 0 1 0 0 0 1 1 0 0 1 1 0 1 1 0 0 0 0 0 0 1 1 1 1 1 1 0 0 1 0 1 1 1 1 1 0 1 1 1 1 1 30
1 0 1 0 0 0 0 1 0 1 1 0 0 0 0 0 1 0 1 1 0 0 1 0 0 1 1 1 0 0 0 0 0 0 0 0 1 1 0 0 1 1 0 1 0 0 0 1 0 1 19
1 1 0 0 1 0 1 0 1 1 0 1 0 0 0 1 1 0 1 1 0 0 1 0 1 1 1 0 0 1 1 1 0 0 1 0 1 1 0 0 1 1 0 1 0 0 1 0 0 1 26
0 1 1 1 0 1 0 0 0 0 0 0 1 1 0 0 0 0 1 0 0 1 0 1 0 0 0 0 1 0 1 1 0 0 0 1 1 1 1 0 1 0 0 0 1 1 0 1 0 1 21
0 1 1 0 0 0 0 1 0 1 1 0 0 0 1 0 1 1 0 1 1 0 1 1 1 0 1 1 1 0 0 1 1 1 1 0 1 0 1 1 1 0 0 0 0 1 1 0 1 0 27
1 0 0 0 0 1 1 0 1 1 0 0 1 1 1 1 1 0 0 1 1 0 0 0 0 0 0 1 0 1 1 1 0 0 1 1 1 0 1 1 1 0 1 1 0 1 1 1 1 0 28
1 1 0 0 0 0 0 1 0 0 1 0 1 1 0 1 0 0 0 1 1 0 1 1 0 1 1 0 0 0 1 1 0 1 0 1 1 0 0 0 1 0 1 0 0 1 0 0 0 1 22
1 1 1 0 0 0 0 0 1 1 1 0 1 0 1 1 1 1 1 0 1 0 1 1 0 0 0 1 0 1 1 0 1 0 0 1 0 1 0 0 1 0 0 0 0 0 1 1 1 0 25
0 0 0 1 1 0 0 0 0 0 0 1 1 1 1 0 1 1 1 1 1 0 0 0 0 1 0 1 1 0 0 0 0 0 0 1 0 1 0 1 0 1 0 0 1 1 1 0 1 1 23
0 0 1 0 0 1 1 1 1 0 1 0 0 1 0 0 1 0 0 1 0 1 1 0 1 0 0 0 1 1 0 0 1 1 1 1 1 0 0 1 0 1 1 1 0 1 0 0 1 1 26
0 1 1 1 0 1 0 1 0 0 0 1 1 1 1 0 0 0 1 0 0 0 0 1 0 0 1 0 1 1 1 1 1 1 0 1 0 0 0 0 0 0 1 1 1 1 0 1 0 0 24
1 0 0 1 1 1 0 0 1 1 0 1 1 1 0 0 0 0 1 0 0 0 1 1 0 1 1 0 0 1 1 1 0 0 0 0 1 1 0 1 0 1 1 0 0 0 0 1 1 1 25
1 0 1 0 0 1 1 1 0 1 1 0 1 0 0 0 0 0 1 0 0 1 1 0 0 0 0 1 0 1 0 0 0 0 1 1 1 1 0 1 1 1 1 0 1 0 0 0 1 0 23
1 1 1 1 0 1 0 1 0 0 1 0 0 0 1 0 1 0 1 0 0 0 0 1 1 0 0 0 0 1 1 1 1 0 1 0 1 0 0 0 1 0 0 0 0 1 0 0 0 1 21
1 0 0 1 1 1 0 1 1 1 1 1 0 1 0 1 1 0 0 0 0 1 0 1 1 1 0 1 0 0 1 0 0 1 0 0 1 1 0 0 0 0 0 0 0 0 1 0 0 0 22
1 1 1 0 0 1 1 0 1 1 1 1 1 0 1 1 1 1 1 0 0 0 1 1 1 0 0 0 1 1 1 0 0 0 0 1 1 0 1 1 0 1 0 1 1 0 1 0 1 1 31
0 0 0 1 1 1 1 0 0 0 0 0 0 1 0 1 0 1 0 0 0 0 1 0 1 1 1 0 1 1 0 0 0 1 1 0 1 0 0 1 0 0 0 1 1 0 1 0 1 0 21
1 1 1 0 1 1 0 1 0 1 1 0 1 0 0 0 1 1 0 0 1 0 0 0 0 1 1 0 0 1 0 1 0 1 0 0 1 0 0 1 1 1 1 0 1 1 0 1 1 0 26
0 1 1 1 0 0 1 1 1 0 0 0 0 1 1 0 0 0 0 0 1 0 1 1 1 0 0 0 0 0 1 1 0 0 0 1 0 1 0 0 0 0 0 1 1 0 1 1 1 1 22
0 0 0 0 0 0 1 1 1 0 0 1 0 0 1 0 1 1 1 0 1 1 1 0 1 0 0 0 0 0 1 0 1 0 0 0 0 0 0 1 0 1 0 0 0 1 0 0 0 1 18
1 1 0 0 0 0 1 1 1 0 0 0 1 0 0 0 0 0 0 0 1 0 1 1 0 1 0 1 1 0 1 1 0 1 0 1 1 1 0 0 0 1 1 1 0 1 0 1 1 0 24
0 0 1 1 0 0 1 1 1 1 0 0 1 1 1 1 1 1 1 1 0 0 1 0 1 0 0 0 1 1 0 0 0 1 0 1 0 0 1 1 0 1 0 0 0 1 0 0 1 1 26
1 0 0 0 1 0 1 1 1 0 0 0 0 1 0 0 1 1 1 1 0 1 0 1 1 1 1 0 1 0 0 1 0 0 1 1 0 0 1 1 1 0 1 0 0 0 0 1 1 1 26
1 1 0 0 1 1 1 0 1 1 0 1 1 1 1 0 1 0 0 0 0 1 0 0 0 0 1 0 0 1 0 0 0 1 1 1 0 1 1 0 0 1 0 0 0 1 0 1 1 1 25
1 0 0 0 0 1 0 0 0 0 0 0 1 0 0 0 0 0 1 0 1 0 0 0 1 0 0 1 0 0 0 0 0 0 0 1 1 0 0 0 1 1 1 0 0 1 1 1 0 0 15
0 1 0 0 0 1 1 1 1 1 0 0 1 0 0 0 0 0 0 0 1 0 0 0 0 0 0 1 1 1 1 0 1 0 0 1 0 0 1 0 1 1 0 1 0 0 1 1 0 0 20
0 0 1 0 0 1 0 1 0 0 0 1 1 0 0 0 1 1 0 0 0 0 1 0 1 1 1 0 1 1 0 0 1 0 0 1 1 1 0 0 1 0 1 0 1 1 1 1 0 0 23
1 0 1 0 1 0 0 0 1 1 1 1 0 1 0 1 1 1 0 1 1 1 0 0 1 0 1 0 1 0 1 1 1 1 0 0 0 1 1 1 0 1 1 0 0 0 1 0 1 0 28
1 0 1 1 1 0 1 0 1 0 0 0 0 1 0 1 0 1 0 1 1 0 0 1 0 1 0 1 0 0 0 0 1 0 1 0 0 1 1 1 1 1 0 0 0 1 0 1 0 1 24
0 1 1 1 1 0 1 0 0 1 1 1 0 1 1 1 0 0 1 0 0 1 1 0 0 1 0 0 0 0 0 0 1 1 0 0 1 0 0 0 1 1 1 1 1 0 1 1 0 0 25
1 0 1 0 1 1 0 0 1 0 0 1 0 0 0 1 0 0 0 0 1 0 0 1 1 0 1 1 1 0 1 0 0 1 1 1 1 1 0 0 0 1 0 1 0 1 1 0 0 1 24
0 0 0 0 0 0 1 0 0 1 1 0 0 0 1 0 0 0 1 0 0 0 0 1 1 1 0 1 0 1 0 0 0 0 0 0 1 1 0 1 1 1 1 1 1 0 0 1 1 0 20
1 1 1 1 0 1 1 1 1 0 1 0 1 0 1 0 1 1 0 0 0 0 0 1 0 1 1 0 0 0 1 1 1 0 1 1 0 1 1 1 1 0 0 0 1 0 0 0 0 0 26
1 0 0 1 0 0 1 1 0 1 1 1 0 0 1 0 0 1 0 0 1 1 1 0 0 0 0 1 0 1 1 1 0 1 0 0 0 0 0 0 1 0 0 0 0 0 0 0 1 1 20
0 0 0 0 0 0 1 1 1 0 1 1 0 0 0 0 1 1 0 0 1 0 0 0 1 1 0 1 0 0 1 0 0 0 1 1 1 1 0 0 1 0 1 1 0 0 0 0 0 0 19
0 0 0 1 1 0 0 0 1 1 1 0 0 1 0 1 1 0 1 0 0 0 0 0 1 1 1 1 0 0 0 1 0 0 0 1 1 1 0 1 0 0 0 1 1 1 0 0 1 1 23
1 1 1 0 1 1 0 0 1 0 1 1 1 0 1 1 1 1 0 0 1 0 1 0 0 0 0 0 0 0 1 1 0 1 1 1 0 1 0 1 1 0 1 1 0 0 1 0 0 0 26
1 1 0 1 0 1 1 0 1 0 0 0 0 0 0 1 0 1 1 1 1 0 0 0 1 1 1 1 0 0 1 0 1 1 1 0 0 1 0 1 0 1 0 1 0 1 1 1 1 0 27
1 1 1 0 1 1 1 0 1 1 1 0 0 1 0 1 1 1 1 0 1 1 1 1 1 0 1 1 1 1 1 1 0 1 0 0 1 1 1 0 0 1 0 0 0 1 1 0 1 1 34
1 1 1 1 1 0 0 0 1 0 1 0 1 1 1 0 0 1 1 0 0 0 1 1 0 0 0 1 1 1 0 0 1 1 1 1 0 1 0 0 0 0 0 1 0 0 1 1 1 1 27
1 1 1 1 1 1 1 0 1 1 1 1 1 0 0 0 1 1 0 0 1 0 0 1 0 0 0 0 0 0 0 0 0 1 0 0 1 0 1 0 0 0 1 0 1 1 0 1 1 1 25
0 0 0 1 0 1 0 0 0 1 0 0 0 1 0 0 0 1 1 1 1 0 0 0 1 0 0 0 1 1 0 1 0 1 0 1 0 0 1 0 1 1 1 1 0 1 0 1 0 1 22
1 0 1 0 1 1 1 0 0 1 1 0 1 0 1 1 1 1 1 1 1 1 0 1 0 1 1 0 1 0 1 1 1 1 0 1 1 1 0 1 1 1 0 1 0 1 0 0 1 0 33
1 1 0 1 1 0 0 0 0 0 0 1 1 1 1 1 0 1 1 0 1 1 1 0 0 1 0 0 0 1 0 0 1 1 1 1 0 0 1 1 0 0 0 1 0 1 0 1 1 1 27
1 1 0 1 1 1 1 1 0 1 1 1 0 0 1 1 1 0 0 0 0 0 1 0 1 1 0 1 1 0 1 1 0 1 0 1 0 1 0 0 0 0 1 1 1 1 1 0 1 0 29
0 0 1 0 0 1 1 1 1 0 1 0 0 0 0 1 1 0 1 0 0 1 1 0 1 1 0 1 0 1 0 0 0 0 0 1 0 0 1 1 1 0 1 1 1 0 0 0 1 1 24
1 0 1 0 0 0 0 0 1 1 0 0 1 0 0 1 0 0 0 1 0 0 0 1 0 0 0 0 1 1 1 1 1 1 1 0 0 0 1 0 0 1 1 1 1 1 1 1 1 0 24
1 0 1 0 0 0 0 1 1 1 1 1 0 0 1 1 1 0 1 1 1 0 0 0 1 0 1 0 0 0 1 1 0 1 0 0 0 1 0 0 0 0 0 1 1 1 1 0 1 0 24
1 0 0 1 0 0 0 1 1 1 0 0 0 0 1 1 0 1 1 1 1 1 1 0 0 1 1 0 1 0 0 0 1 1 0 0 0 1 0 1 1 1 1 0 1 1 1 1 1 0 28
0 0 0 1 0 1 0 1 0 1 0 0 1 1 0 1 1 1 1 1 0 1 1 0 0 1 1 0 1 1 0 0 1 0 1 0 1 0 1 1 0 1 1 0 1 1 1 0 0 1 28
1 0 1 1 1 1 0 0 0 1 0 1 0 0 0 0 1 1 1 1 1 0 0 1 1 0 0 1 1 1 0 0 1 0 0 1 0 0 0 1 1 1 0 0 0 0 0 1 0 1 24
0 0 1 1 1 0 0 1 1 1 1 1 0 0 0 0 0 1 1 0 0 0 0 0 1 1 0 1 0 0 1 1 0 1 0 1 0 1 1 0 1 1 0 0 1 1 0 0 0 0 23
0 1 0 0 1 0 0 0 1 1 1 1 0 1 1 1 0 0 1 1 1 0 0 1 0 1 1 1 1 1 1 1 1 1 0 0 1 0 0 1 0 0 0 1 1 1 1 1 1 1 31
0 1 1 1 1 1 1 1 1 1 1 1 1 1 1 1 1 0 1 0 1 0 1 0 1 0 0 1 1 1 0 1 1 1 0 1 1 0 1 0 1 0 1 0 0 1 0 1 0 0 33
0 0 1 0 0 0 1 0 1 0 1 0 1 1 0 1 1 0 0 0 0 1 1 0 1 0 0 0 1 0 1 0 0 1 0 1 1 0 1 1 0 1 0 1 0 0 1 1 1 1 24
0 1 0 0 0 0 0 1 1 1 0 0 1 1 0 0 1 1 1 1 0 0 0 0 0 0 1 1 0 1 1 1 1 0 0 1 0 1 0 1 0 1 1 0 1 0 0 0 1 1 24
0 0 0 0 0 1 0 1 0 0 1 1 1 1 1 1 1 1 1 0 1 1 1 1 0 1 0 0 0 1 0 1 1 0 1 1 0 1 1 0 0 0 0 0 0 0 1 1 0 1 26
1 1 1 1 0 1 0 0 0 0 0 0 0 0 1 0 1 0 0 1 0 0 0 1 1 1 1 0 1 1 1 1 0 0 0 0 0 1 1 0 1 1 0 0 1 1 0 0 0 1 23
0 1 1 0 1 0 1 1 1 0 1 0 1 1 1 0 1 1 0 0 0 1 0 0 0 0 0 0 1 0 0 1 0 1 1 1 1 1 0 0 0 1 0 1 0 0 1 1 0 0 24
1 0 1 0 0 1 0 0 0 1 0 0 0 1 0 1 0 1 0 1 0 1 0 0 1 1 0 0 1 0 0 1 1 0 1 0 1 1 0 1 0 0 0 0 0 0 1 0 1 1 21
0 0 0 1 0 0 1 1 0 0 1 1 1 0 0 0 1 1 0 0 0 0 0 1 0 1 0 1 1 1 1 1 1 0 0 0 0 1 0 1 1 0 0 0 0 0 1 0 1 0 21
1 1 0 1 1 1 0 0 0 1 1 1 1 1 0 0 1 0 0 1 0 0 1 1 0 0 1 1 0 0 1 0 0 0 1 0 1 0 0 0 0 1 0 1 0 1 1 0 1 1 25
1 0 1 0 0 0 1 0 0 0 1 0 1 1 0 0 1 0 0 1 0 0 1 0 0 0 0 1 1 1 1 1 0 1 0 1 1 0 0 1 1 0 1 1 0 1 0 0 1 0 23
1 1 1 0 0 1 0 0 0 1 1 1 0 1 1 0 1 0 0 0 0 0 1 1 0 1 0 0 1 0 0 0 0 1 1 1 1 0 0 0 1 0 1 1 0 0 0 1 1 1 24
0 1 0 0 0 0 0 0 1 0 0 1 1 1 1 1 0 0 0 1 1 1 1 0 0 1 0 1 1 0 0 0 1 0 1 1 1 1 1 1 1 0 0 1 1 0 0 0 0 1 25
1 0 0 0 1 1 1 1 1 0 0 0 0 0 1 0 0 0 0 0 1 1 1 1 0 0 1 1 1 1 0 0 1 1 0 0 0 0 0 1 0 1 1 1 0 1 0 1 1 0 24
0 1 0 1 0 1 0 1 0 0 0 0 1 1 0 0 1 0 1 1 0 0 1 0 0 0 0 1 0 0 0 1 1 0 1 1 0 0 0 0 1 1 0 0 0 1 1 1 1 0 21
0 1 0 0 0 1 0 0 1 0 1 0 0 1 0 1 0 1 1 0 0 1 1 1 0 1 1 1 1 0 0 1 0 0 0 1 0 0 0 0 0 0 0 1 1 0 1 1 0 0 21
0 0 0 1 1 1 1 1 1 1 0 1 0 1 0 1 1 1 1 0 1 1 0 1 0 0 0 1 1 0 1 1 0 1 1 0 0 1 1 1 1 0 0 0 0 0 0 0 0 0 26
0 0 1 1 1 1 0 0 1 0 0 1 0 0 0 0 0 0 0 1 1 0 0 1 1 0 0 0 1 1 1 0 0 1 1 1 0 1 0 1 1 1 1 0 1 1 1 1 1 1 27
0 1 1 1 0 0 1 1 1 1 0 1 0 1 0 1 0 0 1 0 1 1 0 0 1 1 0 1 0 1 1 1 0 1 1 1 1 0 0 1 0 1 1 0 0 0 1 1 1 0 29
0 0 0 1 1 0 0 1 1 1 0 1 0 1 0 0 0 1 0 0 0 1 0 0 1 1 0 0 0 1 1 0 0 1 1 0 0 0 0 0 1 0 0 0 0 1 0 0 1 0 18
1 0 1 1 0 0 1 0 1 0 1 0 1 1 0 1 1 0 1 0 1 0 0 1 0 1 1 0 1 0 0 1 1 0 0 1 1 0 1 0 1 1 1 1 0 0 0 1 1 0 27
0 0 1 0 1 0 0 1 1 1 0 1 1 1 1 1 1 1 1 0 0 0 0 1 1 1 0 0 1 1 1 1 1 0 0 0 1 0 1 1 0 1 0 1 0 0 0 0 0 0 26
1 1 0 0 1 1 1 1 1 0 0 0 0 1 0 1 1 1 1 1 1 1 0 1 1 0 0 0 1 1 1 0 0 0 1 1 0 0 0 0 0 1 0 1 0 0 0 0 1 0 25
1 0 0 0 0 1 0 0 1 0 1 1 1 1 0 1 0 1 1 1 1 1 1 0 1 1 1 0 1 0 0 0 1 0 0 1 1 1 1 0 1 1 1 0 0 1 0 0 0 1 28
0 1 0 1 0 0 0 1 0 0 0 0 0 0 1 1 1 1 0 0 0 0 0 0 1 0 1 0 0 1 0 1 1 1 1 0 1 1 0 1 1 1 1 0 0 0 0 1 1 1 23
0 0 0 1 0 0 1 0 1 0 0 0 0 1 1 1 1 0 0 0 0 1 1 1 0 0 1 1 0 0 0 1 1 0 1 1 0 0 0 1 0 1 1 0 1 0 1 1 0 1 23
1 1 0 1 0 0 0 0 1 0 0 1 1 0 0 0 1 0 0 0 1 0 1 1 0 1 0 1 0 1 0 0 1 0 0 1 1 1 0 1 0 0 1 0 1 0 1 0 1 0 22
1 0 0 1 0 0 0 1 1 0 1 1 0 0 1 0 0 0 1 0 0 0 1 1 0 1 1 0 0 0 0 0 1 1 0 0 1 1 0 1 1 1 0 0 0 1 1 0 1 0 22
0 0 0 1 1 1 0 0 0 1 1 1 1 1 0 1 0 0 0 1 0 0 0 1 1 0 1 1 0 0 0 0 0 0 0 0 0 0 0 0 1 0 1 1 0 1 1 1 1 1 22
0 0 1 0 1 1 0 0 0 1 0 1 1 0 1 0 0 1 1 1 0 1 1 0 0 1 1 0 0 0 0 0 0 1 1 1 1 0 1 0 1 0 0 1 1 0 0 1 1 0 24
1 0 0 1 1 0 0 1 0 1 0 1 0 0 1 0 1 1 0 0 1 0 1 0 1 0 0 1 0 1 1 0 1 1 0 0 1 1 1 0 1 0 0 0 0 0 1 0 0 0 22
1 0 1 1 1 1 0 1 1 1 1 1 0 1 1 0 0 1 0 0 1 1 1 1 1 1 1 0 1 1 0 1 0 0 1 0 0 0 1 0 0 0 0 0 1 1 0 1 1 0 29
1 1 1 1 1 1 0 0 1 1 0 0 0 1 0 0 0 0 1 1 0 1 1 0 0 0 1 1 1 1 1 0 0 1 0 1 1 0 1 1 0 0 0 1 1 1 0 0 0 1 27
1 1 0 1 1 1 0 0 1 0 1 1 1 1 0 1 0 0 1 1 1 1 1 0 1 1 0 0 0 1 0 0 0 1 1 1 0 0 0 0 1 0 1 1 0 0 0 1 1 0 27
1 1 1 1 0 1 0 1 0 0 0 1 1 0 0 0 0 0 0 1 1 1 1 1 0 1 0 0 1 0 0 1 0 1 1 1 0 1 0 1 1 1 1 1 1 1 1 1 1 1 31
0 1 1 0 0 1 0 1 0 1 0 0 0 1 0 1 1 1 0 1 1 0 0 0 1 1 1 0 0 0 1 1 0 1 1 1 0 0 1 1 1 0 0 1 1 1 1 0 0 0 26
0 1 0 0 1 1 0 0 1 0 1 0 1 1 0 1 0 0 1 1 1 1 0 1 0 0 0 0 1 0 1 1 1 0 0 0 0 1 0 0 0 0 0 1 1 0 1 0 1 1 23
0 0 1 0 1 1 0 0 1 1 0 1 1 1 1 1 0 0 0 1 1 1 1 0 0 1 1 0 1 1 1 0 0 0 0 0 0 1 1 1 1 0 0 1 1 1 1 0 0 0 27
1 1 1 1 0 0 0 0 0 0 0 1 1 0 1 0 0 0 0 0 1 0 1 1 1 1 1 1 0 1 0 1 0 0 1 1 1 0 0 1 1 0 0 0 1 0 0 1 1 1 25
1 1 0 1 1 0 1 0 0 0 0 0 1 1 1 1 0 1 0 1 1 0 1 0 0 1 0 0 1 0 0 1 0 0 1 0 1 1 1 0 0 0 0 1 0 1 0 0 1 1 24
1 0 0 0 1 0 1 0 0 1 0 0 1 1 0 1 1 1 1 0 0 0 0 0 1 1 0 1 0 0 1 0 0 0 0 1 0 1 0 0 1 1 0 0 0 0 1 1 1 1 22
1 0 1 1 1 0 0 0 1 1 0 0 1 1 1 1 0 0 1 0 0 0 0 1 1 0 0 1 1 1 0 0 1 1 0 0 0 0 0 0 0 0 1 1 1 0 1 0 1 1 24
0 1 0 0 0 1 0 1 1 1 1 0 0 1 0 1 0 1 0 0 0 0 0 0 1 0 1 1 1 0 1 0 1 0 1 1 1 1 1 1 0 1 0 1 0 1 1 0 0 1 26
0 1 1 0 0 0 0 0 1 0 0 1 0 1 0 1 0 0 1 1 0 0 1 0 1 1 0 1 0 1 1 0 1 0 1 0 0 1 0 1 1 0 0 0 1 0 1 0 1 1 23
0 1 0 0 1 0 1 0 0 0 0 1 0 1 0 0 1 0 0 0 1 1 1 0 0 0 0 1 1 1 1 0 0 1 1 0 1 0 1 0 0 1 0 0 1 0 0 0 1 1 21
1 1 1 1 1 0 0 0 0 0 1 0 0 1 0 1 1 1 1 1 0 0 1 1 1 0 1 0 0 1 1 0 1 1 1 1 1 0 0 1 0 0 0 1 1 0 1 1 0 0 28
0 1 1 0 1 0 1 0 1 1 0 0 1 0 0 0 0 1 1 1 1 0 1 1 1 1 1 0 1 1 1 0 0 0 0 0 1 0 0 0 0 1 1 1 0 1 1 1 1 1 28
1 0 0 0 1 1 0 1 0 1 1 0 0 0 0 0 1 1 1 1 0 1 0 1 1 0 0 1 1 1 0 1 1 0 1 0 1 1 1 0 0 0 1 1 0 1 1 0 1 1 28
0 1 1 1 1 1 1 0 1 1 0 0 0 1 1 1 1 0 0 0 1 0 1 1 1 1 0 0 0 1 1 1 1 0 1 0 1 1 0 1 0 0 1 0 0 0 0 0 0 1 27
0 1 1 1 1 0 0 1 1 1 0 1 0 0 0 0 1 0 1 0 1 0 1 0 0 0 0 0 1 1 0 1 0 0 0 0 1 0 0 0 1 1 0 0 1 1 1 1 0 0 22
1 1 1 0 0 1 1 0 1 0 0 1 0 0 0 1 1 1 1 1 1 1 1 0 0 0 1 0 1 0 0 0 0 1 1 0 0 0 0 0 0 1 1 0 0 1 1 0 1 0 24
1 0 1 0 0 0 0 1 1 1 0 0 0 0 0 0 1 0 0 0 0 0 1 1 0 0 1 0 0 0 0 1 0 1 1 0 1 1 1 0 1 1 1 0 1 1 0 0 1 0 21
1 0 0 0 1 1 0 1 0 1 0 1 1 1 0 1 0 1 0 0 1 1 1 0 0 1 0 1 0 0 0 0 1 1 1 1 0 1 1 1 1 0 0 1 1 1 0 0 1 1 28
0 1 0 0 1 0 0 0 0 0 0 1 1 0 1 1 1 0 0 1 0 1 0 1 1 1 1 1 1 1 1 1 1 1 1 0 0 0 1 0 0 1 0 1 1 1 1 1 0 0 28
0 1 1 0 0 1 0 1 0 0 0 1 1 1 1 0 1 0 0 1 1 0 0 0 0 0 0 0 1 0 1 0 0 1 1 1 1 0 1 1 1 1 0 0 1 1 1 1 1 1 27
0 1 0 0 1 0 1 1 0 0 1 1 0 1 1 0 0 1 1 0 1 1 0 0 0 1 0 0 1 0 0 0 1 0 0 0 0 0 1 1 0 1 0 0 1 1 0 0 1 0 21
0 1 0 0 0 0 0 1 1 1 0 1 0 0 1 1 0 1 1 1 0 1 0 1 0 1 1 1 0 0 0 1 0 0 0 0 0 1 1 1 1 0 1 0 0 1 0 1 1 1 25
1 0 1 0 0 0 1 1 0 0 1 0 0 1 1 1 1 1 1 0 1 0 0 1 0 0 1 1 1 1 1 1 1 1 1 1 0 0 0 1 0 1 0 0 0 1 1 1 1 1 30
1 1 1 1 1 1 0 1 1 0 1 1 0 1 1 1 0 0 0 1 1 0 1 1 0 0 0 0 1 1 1 1 0 1 1 0 0 0 1 1 1 1 1 1 0 1 0 1 1 1 33
1 1 1 0 1 1 0 1 1 0 0 0 1 1 0 0 1 1 1 0 0 1 0 1 0 1 1 1 0 1 1 0 1 0 0 1 0 1 0 0 0 1 1 1 0 0 0 0 0 0 25
0 0 1 1 1 1 0 0 1 1 0 0 0 0 1 0 0 0 1 0 1 0 1 1 1 0 1 0 1 0 0 1 0 0 1 1 0 1 0 1 0 1 0 0 1 0 1 0 0 1 23
1 1 1 0 1 0 1 0 0 1 1 1 1 0 1 0 0 0 0 0 0 0 1 1 1 0 0 0 0 0 1 0 1 1 1 0 1 1 0 1 0 0 0 1 1 0 1 0 1 0 24
1 0 1 0 0 0 1 1 0 1 1 1 0 0 0 1 1 1 0 1 0 0 1 1 1 1 1 0 0 0 1 0 1 1 1 0 0 0 1 1 1 0 0 1 0 1 1 0 0 0 26
0 1 1 1 0 1 1 1 0 0 0 1 1 1 1 0 1 1 1 1 0 1 0 1 1 1 0 0 1 1 1 0 0 1 1 1 1 0 0 0 0 0 0 1 0 1 0 0 0 1 28
0 1 1 1 0 0 1 0 1 0 1 0 0 0 0 1 1 1 0 1 0 1 0 1 1 1 1 0 0 0 1 1 1 0 0 0 1 0 0 0 0 0 1 1 1 1 0 1 0 0 24
1 1 0 0 1 0 0 0 0 0 0 0 1 1 1 0 1 1 1 1 1 0 0 1 0 1 1 1 0 0 0 1 1 1 0 0 0 0 0 0 1 1 0 0 0 0 1 0 0 0 21
1 0 0 1 0 0 0 0 1 1 1 1 0 0 0 1 0 0 1 0 0 1 0 1 1 0 1 1 0 0 0 0 1 1 0 0 0 0 0 1 1 1 1 1 1 1 0 0 1 0 23
0 1 1 0 0 1 1 0 0 0 1 1 1 1 1 0 0 0 1 1 1 0 1 1 0 1 0 0 0 1 1 1 0 1 0 0 0 1 0 0 0 1 1 0 1 1 1 1 1 0 27
1 1 1 1 0 0 0 0 0 1 1 1 0 0 1 1 0 0 1 0 0 0 0 1 0 0 0 1 1 0 1 1 0 1 0 1 1 1 1 0 1 1 1 1 0 0 1 1 1 0 27
0 0 1 0 1 0 1 1 0 1 0 1 1 1 1 0 0 1 1 1 1 0 1 1 0 0 0 1 0 0 0 1 0 0 0 1 1 0 1 0 0 0 0 0 0 1 1 1 0 0 23
1 1 0 0 0 1 0 1 0 0 1 0 1 0 1 1 1 0 1 1 1 1 0 1 1 0 0 0 0 1 1 0 0 0 0 0 0 1 1 1 1 0 1 0 1 1 1 1 1 0 27
1 1 1 0 1 0 0 0 1 1 1 0 1 0 0 0 0 0 0 1 1 0 0 0 0 1 1 1 1 1 1 0 0 1 0 1 0 1 0 1 1 0 0 1 0 0 0 1 0 0 23
1 1 0 0 1 1 1 1 0 0 1 1 0 0 1 0 1 1 1 0 0 1 1 0 1 0 1 1 1 1 0 0 0 0 1 1 0 0 1 0 0 1 1 0 1 1 1 1 1 0 29
1 1 0 0 1 0 0 1 0 1 1 1 1 1 0 1 1 0 1 1 0 1 0 1 0 0 1 0 1 1 0 0 0 0 0 0 0 0 0 0 1 1 1 1 0 1 1 1 1 1 27
0 0 1 0 1 1 0 1 0 1 1 0 1 0 1 1 1 1 0 0 1 0 0 0 1 0 0 1 1 1 1 0 1 0 1 1 0 0 1 0 1 1 1 0 0 1 0 0 0 1 26
1 0 1 0 1 1 0 1 1 1 1 0 0 1 1 1 1 1 1 1 0 1 1 0 1 0 0 1 1 0 0 1 1 1 1 1 1 0 1 0 0 1 1 0 1 1 0 1 0 0 32
0 1 0 1 1 0 1 1 1 0 0 0 0 0 1 0 0 0 0 0 1 1 0 0 1 0 0 0 1 1 1 0 1 0 0 0 1 0 0 1 0 0 0 1 0 1 1 1 0 1 21
1 0 1 1 1 1 0 1 0 1 1 1 0 0 1 0 1 1 1 1 1 0 0 1 0 0 0 0 0 1 1 1 1 1 1 0 0 0 0 0 1 0 1 0 0 1 1 1 0 0 27
0 1 1 1 0 0 0 0 1 1 1 0 1 0 0 0 0 0 0 0 1 0 1 1 0 1 1 1 1 0 0 1 0 1 0 0 0 1 0 0 0 1 0 0 0 1 0 0 0 1 20
1 0 1 1 1 0 0 0 1 0 1 0 1 1 0 0 0 1 1 1 0 0 0 1 0 1 1 1 1 1 0 0 0 1 0 0 0 0 0 0 1 1 0 0 0 1 1 0 1 1 24
0 0 1 1 0 1 0 1 1 1 1 1 1 1 0 0 0 0 0 1 1 1 0 0 1 0 1 1 0 0 0 1 1 1 0 1 0 0 0 1 1 1 0 1 0 0 0 1 0 0 25
0 1 0 1 0 1 0 1 1 0 0 1 0 1 0 0 0 0 1 0 0 0 0 0 1 1 1 0 0 0 0 1 0 0 0 1 1 0 0 0 0 0 0 0 1 0 1 1 1 1 19
1 0 1 1 1 0 0 0 0 1 0 0 1 1 1 0 1 1 0 1 1 1 0 0 0 1 0 1 0 1 1 1 0 0 1 0 0 1 0 1 1 0 0 1 0 0 0 0 1 1 25
0 0 1 0 1 1 1 1 1 1 1 1 0 0 1 0 0 1 0 0 0 0 0 1 0 0 0 0 1 0 1 0 0 0 0 1 1 0 1 1 0 0 1 0 1 0 0 1 1 1 23
1 0 1 1 0 0 0 0 0 1 1 0 0 0 0 0 1 0 0 1 1 0 1 1 0 0 1 0 0 0 1 1 0 1 1 1 1 1 1 1 1 1 1 0 1 1 1 1 1 1 29
1 0 0 1 1 1 1 1 0 0 1 1 0 1 1 1 0 1 0 1 1 1 1 0 0 1 0 0 1 0 0 0 1 0 0 0 1 1 1 1 0 0 0 1 1 1 0 0 1 1 28
0 0 1 1 0 1 0 1 0 1 1 1 0 0 1 0 0 0 0 1 0 1 0 1 1 0 0 1 1 1 0 1 0 1 1 1 0 1 0 1 1 0 1 0 1 1 1 1 0 0 27
0 0 0 1 1 1 0 1 1 0 1 1 0 0 1 1 0 1 0 1 0 1 1 0 0 1 0 0 0 0 1 1 0 1 0 1 0 0 1 1 1 1 0 1 0 0 0 0 1 1 25
1 0 0 1 1 1 1 1 0 0 0 1 0 0 0 1 1 0 0 0 0 0 1 0 0 0 1 0 0 0 1 1 1 0 0 0 1 0 1 1 1 0 1 1 1 0 0 0 1 1 23
0 0 1 1 0 1 1 0 1 0 1 0 0 1 0 0 1 0 0 0 1 0 0 1 0 0 1 0 1 0 0 1 0 1 0 1 1 1 1 0 0 1 0 1 1 1 1 1 0 0 24
0 0 0 0 0 0 1 1 0 0 1 1 1 1 1 0 1 0 0 0 0 0 0 1 0 0 1 1 1 1 1 1 1 0 1 0 1 1 1 0 0 1 1 1 0 1 0 0 1 0 25
1 0 1 0 1 1 1 1 0 0 0 1 1 0 1 0 0 0 0 0 1 0 0 0 1 0 1 1 1 0 1 0 0 0 1 0 0 1 0 0 0 0 0 1 1 0 1 0 1 1 22
0 1 1 0 0 0 1 1 1 0 0 1 0 0 1 1 0 0 1 1 0 1 0 1 1 1 0 1 1 0 1 0 0 1 1 1 1 0 0 0 1 0 0 1 0 1 0 1 0 0 25
0 1 1 1 1 0 1 1 1 1 1 1 1 1 0 0 1 1 0 1 1 0 1 1 1 0 1 0 0 1 1 1 0 1 0 1 0 0 1 1 0 1 0 1 1 1 0 0 0 1 32
1 0 1 0 0 0 1 0 0 1 0 0 1 0 1 0 0 1 1 0 1 1 1 0 1 1 1 0 1 1 1 0 1 0 0 1 1 0 0 0 1 0 0 1 1 1 0 1 1 1 27
1 1 0 0 1 1 0 0 0 1 0 1 0 1 0 1 1 0 0 0 1 1 0 1 1 1 1 1 0 1 1 1 0 1 1 0 1 0 1 1 0 0 1 0 0 1 1 1 0 0 28
0 1 1 1 0 0 0 1 0 0 1 0 1 1 1 1 0 0 1 1 0 1 0 1 1 0 0 1 1 1 0 0 0 0 0 0 1 1 0 0 1 0 0 1 0 1 0 1 0 1 24
1 1 0 0 1 0 0 1 1 1 1 0 1 1 0 1 1 0 1 1 1 1 1 0 1 1 1 1 0 0 1 0 0 0 1 0 1 1 0 1 1 1 0 0 0 1 0 0 1 0 29
0 1 0 0 0 1 1 1 1 0 0 1 1 1 0 1 1 1 1 1 0 0 1 0 1 0 1 0 1 1 0 0 0 1 1 0 1 0 0 0 1 1 0 0 0 1 1 1 1 0 27
1 0 0 1 1 0 0 0 0 1 0 0 0 1 0 0 0 0 0 0 1 0 0 1 1 1 0 1 1 1 0 0 1 0 0 0 1 0 1 1 0 1 0 1 1 1 0 0 0 0 20
1 0 1 1 0 0 1 1 0 0 1 0 1 1 0 1 1 0 0 0 0 0 1 1 1 1 1 1 0 1 1 0 0 0 0 1 0 1 0 0 1 0 0 0 0 0 0 1 0 1 23
1 0 0 0 1 1 0 0 0 0 0 0 0 0 0 0 1 0 0 1 0 1 0 1 0 0 1 1 1 0 1 1 1 1 0 0 0 0 0 1 0 1 1 0 0 1 1 0 1 0 20
1 0 1 0 1 1 0 1 1 0 0 1 1 1 0 1 1 1 1 1 0 0 1 1 1 1 1 0 0 1 1 1 1 1 1 0 0 1 0 0 1 1 0 1 0 1 0 0 0 0 30
0 1 1 0 0 1 1 1 0 0 0 0 1 0 0 0 0 1 1 1 1 0 0 1 0 1 0 1 0 1 1 1 0 0 1 0 0 0 0 1 0 1 0 1 1 0 0 1 0 0 22
1 1 1 1 1 1 0 1 0 1 0 0 0 0 1 0 0 0 1 0 0 0 0 1 1 1 0 1 1 1 1 0 1 0 1 1 0 0 0 0 0 1 0 0 1 1 1 0 0 1 25
1 0 1 1 0 1 0 0 1 1 1 1 0 1 1 0 1 1 1 0 0 0 1 0 0 0 0 1 0 0 0 0 1 0 0 0 1 0 0 1 0 1 0 1 0 0 0 0 1 1 22
0 1 1 1 0 0 1 0 0 1 1 0 0 0 0 1 1 0 0 1 1 0 1 1 0 1 1 1 1 0 1 1 1 0 1 1 0 1 1 0 1 0 0 0 0 1 1 0 0 0 26
0 0 0 1 0 0 1 1 1 0 0 0 0 1 1 1 1 0 1 0 0 0 1 0 1 1 0 0 1 0 1 1 0 1 1 1 0 1 0 1 0 0 1 0 1 0 0 0 0 1 23
0 0 1 1 0 1 0 1 0 1 0 0 0 1 1 0 0 1 1 1 0 0 1 1 0 0 1 0 0 1 1 1 0 1 0 0 1 1 1 1 1 1 0 1 1 1 0 0 0 1 27
1 1 0 1 0 0 0 1 1 0 0 0 0 0 0 0 0 0 0 1 0 0 1 0 1 1 0 0 1 1 1 1 0 0 1 1 0 1 0 0 0 1 0 0 1 0 0 0 1 1 20
0 1 1 1 0 1 0 1 0 0 1 1 1 0 0 0 0 1 0 1 0 1 1 0 1 1 1 0 1 0 0 1 0 1 0 1 0 1 0 0 0 1 0 0 1 0 1 0 0 0 23
0 1 0 1 1 0 1 0 0 1 0 1 1 1 0 0 1 0 1 1 1 0 0 1 0 1 1 1 0 1 1 1 0 0 0 0 0 0 0 1 1 0 0 1 1 1 0 0 1 1 26
1 1 0 0 0 1 0 0 1 0 0 0 0 0 1 1 0 0 0 1 1 1 0 0 1 1 1 1 1 1 1 1 1 0 0 0 1 0 0 0 0 0 1 0 0 0 0 0 1 1 22
1 0 1 0 1 1 1 0 0 1 1 1 0 0 1 1 0 1 1 1 0 0 1 1 1 1 0 1 1 0 0 0 0 0 0 1 1 0 1 1 0 0 0 0 0 1 0 1 1 0 26
0 1 1 0 0 0 1 0 0 0 1 0 1 0 1 1 0 0 1 0 0 1 0 1 1 1 1 0 0 0 0 0 0 1 0 0 0 1 1 1 1 1 0 1 0 0 0 1 0 0 21
1 0 0 1 0 1 0 1 0 0 0 0 0 1 0 0 1 0 1 0 0 1 0 1 0 0 0 1 1 0 0 0 1 0 1 0 0 0 0 0 1 1 1 0 0 1 0 1 1 1 20
0 1 0 1 1 0 0 1 0 1 1 1 0 1 1 0 0 0 0 0 0 1 1 1 0 0 0 0 0 1 0 0 1 1 0 1 0 1 0 0 1 1 0 0 1 1 0 1 0 1 23
0 0 0 1 0 0 0 0 1 0 0 1 1 1 1 1 0 0 0 0 1 1 0 1 0 1 0 1 0 0 0 0 0 0 1 1 1 1 1 0 1 0 0 0 0 0 0 0 0 0 18
1 0 1 0 1 0 0 0 0 0 0 0 0 0 0 0 0 0 0 1 0 0 0 1 1 1 1 0 1 0 1 0 0 0 0 0 0 1 1 1 1 0 1 1 1 0 1 1 1 0 20
0 0 0 1 1 0 1 1 1 0 1 0 0 0 0 1 1 0 1 0 0 0 0 0 1 1 0 0 1 0 1 1 0 0 0 1 0 0 1 1 1 0 1 0 1 1 0 0 1 0 22
0 0 0 0 1 0 0 1 1 0 1 1 0 0 0 0 0 0 1 0 0 0 1 0 1 0 1 1 0 1 1 0 1 0 1 1 0 1 1 0 0 0 1 0 0 0 0 0 0 0 18
1 1 1 0 1 0 1 0 0 1 1 0 0 1 1 0 1 1 0 1 0 1 0 1 1 0 1 1 0 1 0 0 0 1 1 0 1 1 1 1 0 0 1 0 1 1 0 0 1 1 29
1 1 1 1 1 1 0 1 1 1 1 1 0 1 1 0 0 0 1 0 0 1 0 0 0 0 0 0 0 0 1 1 0 0 1 0 1 0 1 0 0 1 1 1 0 0 0 0 1 1 25
0 0 1 0 0 0 0 1 0 1 0 0 1 1 1 1 1 0 0 1 0 1 0 1 0 1 1 0 1 1 0 1 1 1 1 0 1 0 0 1 0 1 1 1 1 0 0 1 0 1 27
0 0 0 1 1 0 0 1 1 1 0 1 1 1 1 1 1 1 0 1 1 1 0 1 1 1 1 0 0 1 1 0 1 1 1 1 1 0 0 1 0 1 0 1 1 1 1 0 1 1 34
0 0 1 1 1 0 1 1 0 1 0 1 1 0 1 1 0 0 0 0 0 0 1 0 1 1 0 1 0 0 1 1 1 0 1 1 0 1 1 1 1 0 1 0 1 0 1 0 1 1 28
1 0 1 0 1 0 0 0 1 1 1 1 1 1 0 0 0 1 1 0 0 1 1 0 0 0 1 0 0 1 1 0 1 0 1 0 0 0 1 1 1 0 1 1 0 0 0 1 1 1 26
1 0 0 0 0 0 0 1 0 1 1 0 0 1 1 0 1 1 1 1 1 0 0 1 1 0 0 1 0 0 0 1 0 0 0 0 1 0 0 0 1 1 1 0 1 1 1 1 0 0 23
1 0 0 0 1 0 1 0 1 0 1 0 1 1 1 0 0 0 1 0 0 1 1 0 1 0 0 0 0 1 0 1 1 0 1 1 1 1 1 0 1 1 1 1 0 1 1 0 0 1 27
1 0 0 0 1 1 1 1 1 1 1 1 1 0 1 0 1 0 0 0 1 0 1 0 0 1 0 1 1 1 1 0 1 0 0 1 0 1 1 1 1 1 1 1 0 0 1 1 1 0 31
0 1 1 1 1 1 0 0 0 1 0 0 1 0 1 1 0 1 1 1 1 0 1 1 0 1 0 1 1 0 0 0 0 0 0 0 1 1 1 0 0 0 1 0 1 0 1 1 0 1 26
1 1 1 0 0 0 0 0 1 0 1 0 0 0 1 0 1 0 1 0 0 1 0 0 0 0 1 0 1 1 0 1 1 0 0 0 0 1 1 1 0 1 0 0 0 0 1 0 1 1 21
0 0 0 0 1 1 0 1 1 1 0 0 0 0 0 0 1 0 0 1 0 0 1 1 1 0 0 1 0 1 1 1 1 1 1 0 1 1 0 0 0 0 0 0 0 1 0 1 0 0 21
1 1 0 1 1 0 1 0 0 1 0 0 1 1 0 0 1 0 1 1 0 0 0 0 1 0 0 1 1 0 1 0 0 1 1 1 0 1 0 0 0 0 1 1 0 0 0 1 0 0 22
0 1 1 0 1 0 0 1 1 0 1 1 0 0 1 0 1 1 0 1 0 1 1 0 1 0 0 1 0 0 1 0 1 0 0 0 1 0 1 0 0 1 1 1 1 1 1 1 1 1 28
1 0 0 1 0 1 0 1 0 0 0 1 0 0 0 0 1 1 1 1 1 0 0 0 0 0 0 0 0 1 0 1 1 1 1 1 1 0 0 0 1 0 1 0 1 0 0 1 0 0 21
0 0 1 0 1 1 0 1 0 1 1 1 0 1 1 0 1 1 1 0 0 1 0 1 0 0 1 1 1 1 0 1 0 1 0 0 0 1 0 0 1 0 1 1 1 0 0 1 1 0 27
1 1 1 0 1 0 0 1 1 1 0 1 1 1 0 0 1 1 0 0 0 0 1 1 0 1 1 0 0 1 1 1 0 0 1 0 1 1 0 1 1 0 1 0 0 1 0 1 1 1 29
0 1 1 0 0 0 0 0 0 0 1 0 0 1 1 0 1 0 0 0 1 0 0 1 1 1 1 1 1 1 1 1 1 0 0 1 0 0 1 0 1 0 1 0 1 1 0 0 1 1 25
0 0 1 0 0 1 1 0 1 1 1 1 0 1 0 0 1 0 0 0 0 0 0 0 0 0 0 1 0 1 1 1 0 1 0 0 0 1 1 1 0 1 1 1 1 1 0 0 0 1 23
1 0 0 1 0 1 1 1 1 0 0 0 0 1 1 0 0 1 0 1 1 0 1 0 1 1 0 0 0 0 1 0 0 0 1 0 1 0 1 0 0 0 1 1 1 1 1 1 1 1 26
0 1 0 0 0 1 0 1 0 0 1 0 0 0 1 0 0 0 1 1 0 0 0 0 0 1 0 1 0 1 0 0 1 0 0 1 1 1 1 0 1 1 0 0 1 1 1 1 1 1 23
0 1 0 1 1 1 1 1 1 0 1 1 1 0 0 1 0 1 1 1 1 1 1 1 1 1 1 1 1 0 0 0 0 0 1 0 1 1 0 1 0 0 0 0 1 1 1 1 1 0 32
0 0 0 1 0 1 1 0 0 0 1 0 0 0 1 1 0 1 1 1 1 0 1 1 1 0 0 0 1 1 1 0 0 0 1 0 1 0 1 0 1 1 1 0 1 1 1 1 1 1 28
0 1 0 1 0 1 0 0 1 0 0 1 0 1 1 0 0 1 1 0 1 0 1 0 0 1 0 0 1 1 0 0 0 0 0 1 0 0 1 1 0 1 1 0 1 1 0 1 0 0 22
1 1 1 0 1 0 1 1 0 1 1 1 1 1 1 0 0 1 1 1 1 1 1 0 0 1 0 1 1 0 1 1 1 0 0 0 0 1 1 0 0 1 0 1 0 0 1 0 0 0 29
0 1 1 1 0 0 0 0 1 1 0 1 1 1 1 1 0 1 0 1 0 0 1 1 0 0 0 0 0 0 1 1 0 0 1 1 1 0 0 0 0 0 0 0 0 1 1 1 0 1 23
0 0 0 1 0 0 0 0 1 0 1 1 0 1 1 1 0 1 1 0 1 0 0 0 1 1 0 1 0 1 1 0 1 1 1 0 0 1 1 0 0 1 0 0 0 0 1 0 0 0 22
1 0 0 1 1 0 1 1 0 0 0 1 0 0 1 0 1 0 1 0 1 0 0 1 1 1 1 0 0 0 1 1 1 1 0 1 0 0 0 1 1 1 1 1 0 1 1 1 0 1 28
0 0 1 1 0 1 1 1 1 1 0 1 0 1 0 1 1 0 0 0 0 0 0 0 0 0 1 1 0 1 1 0 1 1 1 1 1 0 0 1 0 0 1 1 0 1 0 1 1 1 27
1 0 1 0 1 0 0 0 1 0 1 0 0 1 1 1 0 1 0 0 1 0 1 1 0 0 0 0 0 0 0 0 1 1 0 1 0 0 0 0 0 1 0 0 1 0 1 1 0 0 19
0 0 1 1 1 1 0 1 0 1 0 1 1 0 1 1 1 1 0 1 1 0 0 0 1 1 0 0 1 1 1 0 1 0 1 1 1 0 0 1 1 1 0 1 1 0 0 0 0 0 28
0 1 1 0 0 0 1 0 0 1 0 0 0 0 0 1 1 0 0 1 1 0 0 1 0 1 0 0 0 1 0 0 1 0 0 0 1 0 0 1 0 0 0 1 0 1 1 1 0 1 19
0 0 0 1 1 1 1 1 1 1 0 0 1 1 0 0 1 1 0 1 1 1 1 1 0 1 1 0 1 1 1 1 1 1 0 1 1 1 1 0 1 1 1 1 0 1 1 0 1 1 36
0 0 0 1 1 1 0 0 0 0 1 1 0 1 0 1 0 0 1 1 1 0 1 1 0 1 0 1 0 0 1 0 0 0 1 0 1 1 1 0 1 1 0 0 1 0 1 1 0 1 25
1 1 0 0 1 1 0 1 1 1 1 0 0 0 0 0 0 0 0 1 1 1 0 0 1 1 0 1 0 1 1 0 0 0 0 0 1 1 0 1 0 1 1 1 0 0 1 1 1 1 26
1 1 1 0 0 1 1 0 0 0 1 0 1 0 0 0 1 1 1 1 0 1 0 0 1 1 1 0 1 0 0 0 0 0 0 0 0 0 0 1 1 1 1 0 1 0 1 0 1 0 23
0 1 1 1 0 0 1 1 0 0 1 0 1 0 1 1 0 0 1 1 1 0 0 0 0 0 1 0 0 0 1 0 1 0 0 1 0 0 1 0 0 1 1 0 0 1 1 1 1 0 23
0 0 1 0 0 0 0 0 1 1 0 0 1 0 1 0 1 0 0 1 0 1 0 0 0 1 1 1 0 1 0 0 0 0 0 0 1 1 1 0 1 0 1 0 0 1 0 0 1 1 20
1 1 0 1 0 1 1 1 1 1 0 1 1 1 1 0 1 0 0 0 1 0 0 0 1 1 0 1 1 0 1 0 0 0 1 1 0 1 1 0 0 0 0 1 1 0 1 0 1 0 27
1 0 1 0 0 1 0 1 1 1 1 0 0 0 1 0 1 1 0 1 0 0 1 1 1 0 1 0 1 0 0 0 0 1 0 0 1 0 0 1 1 1 1 1 1 1 0 0 0 0 25
1 0 0 0 0 0 0 0 0 0 1 0 0 0 0 1 0 0 1 1 0 0 0 0 1 1 1 1 0 1 0 0 1 0 1 1 0 0 0 0 1 0 0 1 0 1 1 1 1 1 20
0 0 0 0 1 1 0 1 1 0 1 0 0 0 0 0 1 1 0 1 0 1 1 0 0 0 0 1 1 1 1 1 1 0 1 0 1 1 0 0 1 0 0 0 0 1 1 0 0 0 22
1 0 1 1 0 1 0 0 1 0 1 0 1 1 0 1 0 0 1 0 1 1 1 0 0 1 0 0 1 0 1 0 1 0 0 1 1 0 0 1 1 0 0 1 0 1 0 1 0 1 25
1 0 0 1 0 1 0 0 0 1 1 1 0 0 0 1 0 0 0 0 0 1 1 1 0 0 1 0 1 0 0 1 0 0 0 0 0 0 1 1 0 0 0 1 0 1 1 1 0 1 20
1 0 0 1 1 0 0 1 1 0 1 0 0 0 1 1 1 1 0 0 1 1 1 0 0 0 1 0 1 1 0 0 0 1 1 1 0 0 1 1 1 1 1 0 1 0 1 0 0 1 27
0 0 0 1 0 0 0 0 1 0 0 1 1 1 0 1 1 1 1 0 0 0 0 0 1 1 1 1 0 0 0 0 0 0 0 1 1 1 0 0 1 0 1 0 1 1 0 0 0 0 20
1 1 0 0 0 0 1 1 1 1 0 0 0 0 1 0 1 0 0 0 0 0 0 0 0 0 0 1 0 0 0 1 0 1 0 0 0 1 0 0 1 0 0 1 1 0 1 0 0 1 17
1 1 0 1 0 1 0 0 0 1 0 1 1 0 1 1 1 0 1 0 1 0 0 1 0 1 1 0 0 1 1 0 1 0 1 0 1 0 0 1 1 1 1 0 0 1 1 1 1 1 29
0 0 1 1 1 1 0 1 0 1 1 0 0 1 0 0 0 1 1 0 1 1 1 0 1 0 0 1 1 0 1 0 1 1 1 0 1 1 0 1 0 1 0 1 1 0 1 0 1 1 29
1 1 0 0 0 0 0 0 1 1 0 0 1 1 0 0 1 1 1 1 1 0 0 1 0 0 0 0 1 0 0 1 0 0 1 0 1 0 1 0 0 1 0 1 0 1 0 1 1 0 22
0 1 1 0 0 0 0 0 0 0 0 1 1 1 0 1 0 1 1 1 1 0 1 0 1 1 0 0 1 0 1 0 1 0 0 1 0 0 1 1 0 0 1 1 1 1 1 0 0 1 25
1 0 1 1 0 1 1 1 1 0 0 0 1 0 1 0 0 0 1 0 0 1 1 1 0 1 0 1 1 0 0 1 1 1 0 0 1 0 0 0 1 1 1 0 0 1 0 0 0 0 24
1 1 0 1 1 1 0 1 0 1 0 1 1 1 0 1 0 1 0 0 0 0 0 0 0 0 0 1 0 0 0 0 1 0 1 0 0 1 1 0 1 0 0 1 1 0 0 0 1 1 22
1 0 0 1 1 0 0 1 0 0 0 0 0 1 1 0 1 0 0 1 1 1 1 0 1 1 0 1 0 0 1 0 1 1 1 1 0 0 0 0 0 1 0 1 0 1 1 1 0 0 24
0 0 0 0 0 1 0 0 1 1 1 1 1 1 0 1 0 1 0 0 0 1 0 1 0 0 1 0 0 1 0 0 0 0 0 0 1 1 0 1 0 0 0 0 0 0 1 1 0 1 19
0 0 0 1 1 1 0 1 0 1 0 0 1 1 0 0 1 0 1 0 1 0 1 0 1 1 0 1 1 1 0 0 0 0 0 1 1 1 1 1 1 0 1 1 0 0 0 1 1 0 26
0 1 1 0 1 0 1 0 1 1 1 1 1 1 0 0 1 0 0 1 0 0 1 0 1 0 0 0 1 1 1 1 0 1 1 1 1 1 0 0 1 1 0 1 0 0 0 0 0 0 26
1 1 1 1 0 1 0 1 0 0 0 1 1 0 1 1 1 1 0 0 0 1 0 1 1 0 0 1 0 0 1 0 1 1 0 1 1 1 0 1 0 1 0 1 1 1 0 0 0 0 27
0 0 0 0 0 0 0 0 0 0 1 1 1 0 1 0 1 1 1 1 0 1 1 0 1 1 0 0 0 0 1 1 0 1 1 0 1 1 1 1 1 0 1 0 1 0 0 1 1 0 25
0 1 0 1 0 1 0 0 0 1 0 0 1 1 0 1 0 1 1 0 0 0 0 0 0 1 1 0 1 0 0 1 0 1 0 0 1 0 1 0 0 0 0 1 1 1 0 0 0 0 19
1 0 0 1 0 0 0 0 0 1 1 1 0 1 0 1 1 1 0 1 1 1 1 1 1 0 0 0 0 0 0 1 1 0 1 1 1 1 1 0 0 0 1 1 1 1 0 0 1 0 27
0 1 1 0 1 1 0 0 0 1 0 0 1 0 1 0 0 1 0 0 0 0 0 0 0 0 1 0 1 1 1 0 1 0 1 1 0 1 0 0 0 1 1 0 1 0 0 1 1 0 21
0 0 0 0 1 0 0 1 0 0 1 0 1 0 0 0 1 0 1 1 0 0 1 0 1 1 1 1 1 1 1 0 1 1 1 0 1 1 1 1 0 0 1 1 1 0 0 1 0 1 27
0 0 1 0 0 1 1 0 1 1 0 0 0 0 1 1 0 0 1 0 0 0 1 0 0 1 1 0 1 1 0 0 0 1 0 0 0 1 1 1 1 1 0 0 1 0 0 1 0 1 22
0 0 0 0 0 0 0 1 0 0 0 0 0 1 1 0 1 0 0 0 0 0 1 1 0 1 1 1 1 0 0 0 1 1 1 1 1 1 0 1 1 1 1 1 0 0 0 0 0 1 22
0 0 1 1 1 0 1 1 0 0 1 0 1 1 1 0 0 0 0 1 1 0 1 1 1 1 0 1 1 1 1 0 0 0 1 1 1 1 0 1 0 1 1 1 0 1 1 0 1 0 30
0 1 1 1 1 1 0 0 1 0 0 0 0 1 1 0 0 0 0 0 1 0 0 1 0 0 0 0 0 0 0 0 0 1 1 1 1 0 0 1 0 1 1 1 0 1 1 0 1 0 21
0 0 1 0 0 0 0 1 1 0 0 1 0 0 1 0 1 1 1 0 0 0 1 1 1 0 0 0 1 0 1 0 0 0 0 0 1 1 1 1 1 1 1 1 1 1 1 1 1 1 27
1 0 1 0 1 1 0 0 1 0 0 1 0 0 0 1 0 1 0 0 1 1 1 1 1 0 0 1 0 1 1 0 1 1 0 0 1 0 1 0 1 1 0 0 1 0 1 1 0 0 25
1 1 0 1 0 0 1 1 1 0 1 1 0 1 1 1 0 1 1 0 0 1 1 0 1 1 0 0 1 1 0 1 0 1 0 0 1 1 1 0 1 0 1 0 1 0 0 0 1 0 28
0 0 1 1 0 1 0 0 1 0 0 0 0 0 0 1 0 1 0 1 0 0 0 0 1 1 1 0 1 0 1 1 0 0 0 1 1 0 0 0 1 0 1 0 0 0 1 0 1 0 19
1 1 1 0 1 0 1 1 1 1 0 1 1 0 1 1 1 0 0 1 0 1 1 1 0 0 1 0 0 0 0 0 0 0 1 0 1 0 1 1 0 0 1 0 0 0 0 0 1 1 25
0 0 1 0 0 1 1 1 1 1 1 0 0 1 0 1 1 0 0 0 1 0 0 1 0 0 0 1 1 0 1 1 0 1 0 1 1 0 1 0 0 0 1 1 0 0 0 1 0 1 24
0 0 1 0 1 1 0 0 0 1 0 1 0 0 0 1 1 1 0 0 0 1 1 0 1 1 0 0 0 1 0 1 1 1 0 0 0 1 0 1 1 0 1 0 1 0 1 0 0 0 22
1 1 0 1 1 1 1 0 0 0 0 1 0 1 0 0 1 0 0 1 0 0 0 1 1 0 0 0 0 1 0 1 0 0 0 0 1 0 0 0 1 0 0 1 1 0 1 1 0 0 20
0 0 0 0 1 1 1 1 1 1 1 1 1 0 1 0 1 0 0 0 0 0 0 1 0 0 1 1 0 0 1 0 0 0 1 0 0 0 0 0 0 0 1 0 1 1 1 1 1 0 22
1 1 1 0 0 0 1 0 0 0 1 0 0 0 1 1 1 1 0 0 0 0 0 0 1 0 1 0 0 0 1 1 1 0 0 0 1 1 1 1 1 0 1 1 1 1 1 0 0 0 24
0 1 0 0 0 0 0 0 0 0 0 1 1 1 1 0 1 0 1 1 0 1 1 1 1 1 0 1 1 1 0 0 1 1 0 1 1 0 0 1 1 0 0 0 1 1 0 1 0 1 26
0 0 1 1 1 0 0 0 1 0 0 1 0 0 1 0 1 0 0 0 0 1 0 1 0 1 0 0 1 0 1 0 0 0 1 0 0 1 1 0 1 1 0 1 0 0 1 1 0 1 21
1 0 1 0 0 1 0 1 1 1 0 0 1 1 0 0 1 1 0 0 1 1 0 0 0 0 0 0 0 0 0 0 0 0 0 1 0 0 0 0 0 1 0 0 0 0 0 0 1 0 15
0 0 1 0 1 1 1 1 1 1 0 0 1 1 0 0 0 1 1 0 0 0 0 1 0 1 1 0 0 0 0 1 1 1 1 0 1 0 0 1 1 1 0 0 0 1 0 1 1 1 26
0 1 0 1 0 0 0 1 1 0 1 0 1 0 1 0 0 1 0 1 1 1 0 1 0 0 0 0 0 1 0 1 1 1 1 0 1 1 0 0 1 1 1 1 0 1 0 1 1 0 26
0 0 0 0 0 0 0 0 0 0 0 0 0 0 1 0 0 1 0 0 0 0 0 1 0 0 0 1 1 1 0 1 1 1 1 0 0 0 0 0 0 0 0 0 0 0 0 0 0 0 10
0 0 0 0 0 0 0 0 0 0 0 0 0 0 0 0 0 0 0 0 0 0 0 0 0 0 0 0 0 0 0 0 0 0 0 0 0 0 0 0 0 0 0 0 0 0 1 0 0 0 1
0 0 0 0 0 0 0 0 0 0 0 0 0 0 1 0 0 0 0 0 0 0 0 0 0 0 0 0 0 0 0 0 0 0 0 0 0 0 0 0 0 0 0 0 0 0 0 0 0 0 1
0 0 0 0 0 0 0 0 0 0 0 0 0 0 0 0 0 0 0 0 0 0 0 0 0 0 0 0 0 0 0 0 0 0 0 0 1 0 0 0 0 0 0 0 0 0 0 0 0 0 1
0 0 0 0 0 1 0 0 0 0 0 0 0 0 0 0 0 0 0 0 0 0 0 0 0 0 0 0 0 0 0 0 0 0 0 0 0 0 0 0 0 0 0 0 0 0 0 0 0 0 1
0 0 0 0 0 0 0 0 0 0 0 0 0 0 0 0 0 0 0 0 1 0 0 0 0 0 0 0 0 0 0 0 0 0 0 0 0 0 0 0 0 0 0 0 0 0 0 0 0 0 1
0 0 0 0 0 0 0 0 0 0 0 0 0 0 0 0 0 0 0 0 0 0 0 0 1 0 0 0 0 0 0 0 0 0 0 0 0 0 0 0 0 0 0 0 0 0 0 0 0 0 1
0 0 0 0 0 0 0 0 0 0 0 0 0 0 0 0 0 0 0 0 0 0 0 0 0 0 0 0 0 0 0 0 0 0 0 0 0 0 0 0 0 0 0 0 0 0 1 0 0 0 1
0 0 0 0 0 0 0 0 0 0 0 0 0 0 0 0 0 0 0 0 0 0 0 0 0 0 0 0 0 0 1 0 0 0 0 0 0 0 0 0 0 0 0 0 0 0 0 0 0 0 1
0 0 0 0 0 0 0 0 0 0 0 0 0 0 0 0 0 0 0 0 0 0 0 0 0 0 1 0 0 0 0 0 0 0 0 0 0 0 0 0 0 0 0 0 0 0 0 0 0 0 1
0 0 0 0 0 0 0 0 0 0 0 0 0 0 0 0 0 0 0 0 0 0 0 0 0 0 0 0 0 1 0 0 0 0 0 0 0 0 0 0 0 0 0 0 0 0 0 0 0 0 1
0 0 0 0 0 0 0 0 0 0 0 0 0 0 1 0 0 0 0 0 0 0 0 0 0 0 0 0 0 0 0 0 0 0 0 0 0 0 0 0 0 0 0 0 0 0 0 0 0 0 1
0 0 0 0 0 0 0 0 0 0 0 0 0 0 0 0 0 0 0 0 0 0 1 0 0 0 0 0 0 0 0 0 0 0 0 0 0 0 0 0 0 0 0 0 0 0 0 0 0 0 1
0 0 0 0 0 0 0 0 0 0 0 0 0 0 0 0 0 0 0 0 0 0 1 0 0 0 0 0 0 0 0 0 0 0 0 0 0 0 0 0 0 0 0 0 0 0 0 0 0 0 1
0 0 0 0 0 0 0 0 0 0 0 0 0 0 0 0 0 0 0 0 0 0 0 0 0 0 0 0 0 0 0 0 0 0 0 0 0 0 0 0 0 0 0 0 0 1 0 0 0 0 1
0 1 0 0 0 0 0 0 0 0 0 0 0 0 0 0 0 0 0 0 0 0 0 0 0 0 0 0 0 0 0 0 0 0 0 0 0 0 0 0 0 0 0 0 0 0 0 0 0 0 1
0 0 0 0 0 0 0 0 0 0 0 0 1 0 0 0 0 0 0 0 0 0 0 0 0 0 0 0 0 0 0 0 0 0 0 0 0 0 0 0 0 0 0 0 0 0 0 0 0 0 1
0 0 0 0 0 0 0 0 0 0 0 0 0 0 1 0 0 0 0 0 0 0 0 0 0 0 0 0 0 0 0 0 0 0 0 0 0 0 0 0 0 0 0 0 0 0 0 0 0 0 1
0 0 0 0 0 0 0 0 0 0 0 0 0 0 0 0 0 0 0 0 0 0 0 0 0 0 0 0 0 0 0 0 0 0 0 0 0 0 0 0 0 0 0 1 0 0 0 0 0 0 1
0 0 0 0 0 0 0 0 0 0 0 0 1 0 0 0 0 0 0 0 0 0 0 0 0 0 0 0 0 0 0 0 0 0 0 0 0 0 0 0 0 0 0 0 0 0 0 0 0 0 1
0 0 0 0 0 0 0 0 0 0 0 0 1 0 0 0 0 0 0 0 0 0 0 0 0 0 0 0 0 0 0 0 0 0 0 0 0 0 0 0 0 0 0 0 0 0 0 0 0 0 1
0 0 0 0 0 0 0 0 0 0 0 0 0 0 0 0 0 0 0 0 0 0 0 0 0 0 0 0 0 0 0 0 0 0 0 0 0 0 0 0 0 0 0 0 0 0 1 0 0 0 1
0 0 0 0 0 0 0 0 0 0 0 0 0 0 0 0 0 0 0 0 0 0 0 0 0 0 0 0 0 0 0 0 0 0 0 0 0 0 0 0 0 0 0 0 0 0 0 0 1 0 1
0 0 0 0 0 0 0 0 1 0 0 0 0 0 0 0 0 0 0 0 0 0 0 0 0 0 0 0 0 0 0 0 0 0 0 0 0 0 0 0 0 0 0 0 0 0 0 0 0 0 1
0 0 0 0 0 0 0 0 0 0 0 0 0 0 0 0 0 0 1 0 0 0 0 0 0 0 0 0 0 0 0 0 0 0 0 0 0 0 0 0 0 0 0 0 0 0 0 0 0 0 1
0 0 0 0 0 0 0 0 0 0 0 0 0 0 0 0 0 0 0 0 0 0 0 0 0 0 0 0 0 0 0 0 1 0 0 0 0 0 0 0 0 0 0 0 0 0 0 0 0 0 1
0 0 0 0 0 0 0 0 0 0 0 0 0 0 0 0 0 0 0 0 0 0 0 0 0 0 0 0 0 0 0 0 0 0 0 0 0 0 0 0 0 1 0 0 0 0 0 0 0 0 1
0 1 0 0 0 0 0 0 0 0 0 0 0 0 0 0 0 0 0 0 0 0 0 0 0 0 0 0 0 0 0 0 0 0 0 0 0 0 0 0 0 0 0 0 0 0 0 0 0 0 1
0 0 0 0 0 0 0 0 0 0 0 0 0 0 0 0 0 0 0 0 0 0 0 0 0 0 0 0 0 0 0 0 0 0 0 1 0 0 0 0 0 0 0 0 0 0 0 0 0 0 1
0 0 0 0 0 0 0 0 0 0 0 0 0 0 0 0 0 0 0 0 0 0 0 0 0 0 0 0 0 0 0 0 0 0 0 0 0 0 1 0 0 0 0 0 0 0 0 0 0 0 1
0 0 0 0 0 0 0 0 0 0 0 0 0 0 0 0 0 0 0 1 0 0 0 0 0 0 0 0 0 0 0 0 0 0 0 0 0 0 0 0 0 0 0 0 0 0 0 0 0 0 1
0 0 0 0 0 0 0 0 0 0 0 0 0 0 0 0 0 0 0 0 1 0 0 0 0 0 0 0 0 0 0 0 0 0 0 0 0 0 0 0 0 0 0 0 0 0 0 0 0 0 1
0 0 0 0 0 0 0 0 0 0 0 0 0 0 0 0 0 0 0 0 0 0 0 0 0 0 0 0 0 0 0 0 0 0 0 0 0 0 0 0 0 0 1 0 0 0 0 0 0 0 1
0 0 0 0 0 0 0 0 0 0 0 0 0 0 0 1 0 0 0 0 0 0 0 0 0 0 0 0 0 0 0 0 0 0 0 0 0 0 0 0 0 0 0 0 0 0 0 0 0 0 1
0 0 0 0 0 0 0 0 0 0 0 0 0 0 0 0 0 0 0 0 0 0 0 0 0 0 0 0 0 0 0 0 0 0 0 0 0 0 0 0 0 0 0 0 0 0 1 0 0 0 1
0 0 0 0 0 0 0 0 0 0 0 0 0 0 0 0 0 0 0 0 0 0 0 0 0 0 0 0 0 0 0 0 0 0 0 0 0 0 0 0 0 0 0 0 0 0 1 0 0 0 1
0 0 0 0 0 0 0 0 0 0 0 0 0 0 0 0 0 0 0 0 0 0 0 0 0 0 0 0 0 0 0 0 0 0 0 0 0 0 0 0 0 0 0 0 0 0 0 0 1 0 1
0 0 0 0 0 0 0 0 0 0 0 0 0 0 0 0 0 0 0 0 0 0 0 0 0 0 0 0 0 0 0 0 0 0 0 0 0 0 0 0 0 0 0 0 1 0 0 0 0 0 1
0 0 0 0 0 0 0 0 0 0 0 0 0 0 0 0 0 0 0 0 0 0 0 0 0 0 0 0 0 0 0 0 0 0 0 0 0 0 0 0 0 0 0 0 0 0 0 1 0 0 1
1 0 0 0 0 0 0 0 0 0 0 0 0 0 0 0 0 0 0 0 0 0 0 0 0 0 0 0 0 0 0 0 0 0 0 0 0 0 0 0 0 0 0 0 0 0 0 0 0 0 1
0 0 0 0 0 0 0 0 0 0 0 0 0 0 0 0 0 0 0 0 0 0 0 0 0 1 0 0 0 0 0 0 0 0 0 0 0 0 0 0 0 0 0 0 0 0 0 0 0 0 1
0 0 0 0 0 0 0 0 0 0 0 0 0 0 0 0 0 1 0 0 0 0 0 0 0 0 0 0 0 0 0 0 0 0 0 0 0 0 0 0 0 0 0 0 0 0 0 0 0 0 1
0 0 0 0 0 0 0 0 0 0 0 0 0 0 0 0 0 0 0 0 0 0 0 0 0 0 0 0 0 0 0 0 0 0 0 0 0 0 0 1 0 0 0 0 0 0 0 0 0 0 1
0 0 0 0 0 0 0 0 0 0 0 0 1 0 0 0 0 0 0 0 0 0 0 0 0 0 0 0 0 0 0 0 0 0 0 0 0 0 0 0 0 0 0 0 0 0 0 0 0 0 1
0 0 0 0 0 0 0 0 0 0 0 0 0 0 0 0 0 0 0 0 0 0 0 0 0 0 0 0 0 0 0 0 0 1 0 0 0 0 0 0 0 0 0 0 0 0 0 0 0 0 1
0 0 0 0 0 0 0 0 0 0 0 0 0 0 0 0 0 0 0 0 0 0 0 0 0 0 0 0 0 0 0 0 0 0 0 0 0 0 0 0 1 0 0 0 0 0 0 0 0 0 1
0 0 0 0 0 0 0 0 0 0 0 0 0 0 0 0 0 0 1 0 0 0 0 0 0 0 0 0 0 0 0 0 0 0 0 0 0 0 0 0 0 0 0 0 0 0 0 0 0 0 1
0 0 0 0 1 0 0 0 0 0 0 0 0 0 0 0 0 0 0 0 0 0 0 0 0 0 0 0 0 0 0 0 0 0 0 0 0 0 0 0 0 0 0 0 0 0 0 0 0 0 1
0 0 0 0 0 0 0 0 0 0 0 0 1 0 0 0 0 0 0 0 0 0 0 0 0 0 0 0 0 0 0 0 0 0 0 0 0 0 0 0 0 0 0 0 0 0 0 0 0 0 1
0 0 0 0 0 0 0 0 0 0 0 0 0 0 0 0 0 0 0 0 0 0 0 1 0 0 0 0 0 0 0 0 0 0 0 0 0 0 0 0 0 0 0 0 0 0 0 0 0 0 1
1 0 0 0 0 0 0 0 0 0 0 0 0 0 0 0 0 0 0 0 0 0 0 0 0 0 0 0 0 0 0 0 0 0 0 0 0 0 0 0 0 0 0 0 0 0 0 0 0 0 1
0 0 0 0 0 0 0 0 0 0 0 0 0 0 0 0 0 0 0 0 0 0 0 0 0 0 1 0 0 0 0 0 0 0 0 0 0 0 0 0 0 0 0 0 0 0 0 0 0 0 1
0 0 0 0 1 0 0 0 0 0 0 0 0 0 0 0 0 0 0 0 0 0 0 0 0 0 0 0 0 0 0 0 0 0 0 0 0 0 0 0 0 0 0 0 0 0 0 0 0 0 1
0 0 0 0 0 0 0 0 0 0 0 1 0 0 0 0 0 0 0 0 0 0 0 0 0 0 0 0 0 0 0 0 0 0 0 0 0 0 0 0 0 0 0 0 0 0 0 0 0 0 1
0 0 0 0 0 0 0 0 0 0 0 0 0 0 0 0 0 0 0 0 0 0 0 0 0 0 0 0 0 0 0 0 0 0 0 0 0 0 0 0 0 0 0 1 0 0 0 0 0 0 1
0 0 0 0 0 0 0 0 0 0 0 0 0 0 0 0 0 0 0 0 0 0 0 0 0 0 0 0 0 0 1 0 0 0 0 0 0 0 0 0 0 0 0 0 0 0 0 0 0 0 1
0 0 0 0 0 0 0 0 0 0 1 0 0 0 0 0 0 0 0 0 0 0 0 0 0 0 0 0 0 0 0 0 0 0 0 0 0 0 0 0 0 0 0 0 0 0 0 0 0 0 1
0 0 0 0 0 0 0 0 0 0 0 0 0 0 0 0 0 0 0 0 0 0 0 0 0 1 0 0 0 0 0 0 0 0 0 0 0 0 0 0 0 0 0 0 0 0 0 0 0 0 1
1 0 0 0 0 0 0 0 0 0 0 0 0 0 0 0 0 0 0 0 0 0 0 0 0 0 0 0 0 0 0 0 0 0 0 0 0 0 0 0 0 0 0 0 0 0 0 0 0 0 1
0 0 0 0 0 0 0 0 0 0 0 0 0 0 1 0 0 0 0 0 0 0 0 0 0 0 0 0 0 0 0 0 0 0 0 0 0 0 0 0 0 0 0 0 0 0 0 0 0 0 1
0 0 0 0 0 0 0 1 0 0 0 0 0 0 0 0 0 0 0 0 0 0 0 0 0 0 0 0 0 0 0 0 0 0 0 0 0 0 0 0 0 0 0 0 0 0 0 0 0 0 1
0 0 0 0 0 0 0 0 0 0 0 0 0 0 0 0 0 0 0 0 0 0 0 0 1 0 0 0 0 0 0 0 0 0 0 0 0 0 0 0 0 0 0 0 0 0 0 0 0 0 1
0 0 0 0 0 0 0 0 0 0 0 0 0 0 0 0 0 0 0 0 0 0 0 0 0 0 0 0 0 0 0 1 0 0 0 0 0 0 0 0 0 0 0 0 0 0 0 0 0 0 1
0 0 0 0 0 0 0 1 0 0 0 0 0 0 0 0 0 0 0 0 0 0 0 0 0 0 0 0 0 0 0 0 0 0 0 0 0 0 0 0 0 0 0 0 0 0 0 0 0 0 1
0 0 0 0 0 1 0 0 0 0 0 0 0 0 0 0 0 0 0 0 0 0 0 0 0 0 0 0 0 0 0 0 0 0 0 0 0 0 0 0 0 0 0 0 0 0 0 0 0 0 1
0 0 0 0 0 0 0 0 0 0 0 0 0 0 0 0 0 0 1 0 0 0 0 0 0 0 0 0 0 0 0 0 0 0 0 0 0 0 0 0 0 0 0 0 0 0 0 0 0 0 1
0 0 0 0 0 0 0 0 0 0 0 0 0 0 0 0 0 0 0 0 0 0 0 0 0 0 0 0 1 0 0 0 0 0 0 0 0 0 0 0 0 0 0 0 0 0 0 0 0 0 1
0 0 0 0 0 0 0 0 0 0 0 0 0 0 0 0 0 0 0 0 0 0 0 0 0 0 0 0 0 0 0 0 0 0 1 0 0 0 0 0 0 0 0 0 0 0 0 0 0 0 1
0 0 0 0 0 0 0 0 0 0 0 0 0 0 0 0 0 0 0 0 0 0 0 0 0 0 0 0 0 1 0 0 0 0 0 0 0 0 0 0 0 0 0 0 0 0 0 0 0 0 1
0 0 0 0 0 0 0 0 0 0 0 0 0 0 0 0 0 0 0 0 0 0 0 0 0 0 0 0 0 0 0 0 0 0 0 0 0 0 1 0 0 0 0 0 0 0 0 0 0 0 1
0 0 0 0 0 0 0 0 0 0 0 0 0 0 0 0 0 0 0 0 0 0 0 0 0 0 0 0 0 0 0 0 0 0 0 0 0 0 0 0 0 0 0 0 0 0 1 0 0 0 1
0 0 1 0 0 0 0 0 0 0 0 0 0 0 0 0 0 0 0 0 0 0 0 0 0 0 0 0 0 0 0 0 0 0 0 0 0 0 0 0 0 0 0 0 0 0 0 0 0 0 1
0 0 0 0 1 0 0 0 0 0 0 0 0 0 0 0 0 0 0 0 0 0 0 0 0 0 0 0 0 0 0 0 0 0 0 0 0 0 0 0 0 0 0 0 0 0 0 0 0 0 1
0 0 0 0 0 0 1 0 0 0 0 0 0 0 0 0 0 0 0 0 0 0 0 0 0 0 0 0 0 0 0 0 0 0 0 0 0 0 0 0 0 0 0 0 0 0 0 0 0 0 1
0 0 0 0 0 0 0 0 0 0 0 0 0 0 0 0 0 0 0 0 1 0 0 0 0 0 0 0 0 0 0 0 0 0 0 0 0 0 0 0 0 0 0 0 0 0 0 0 0 0 1
0 0 0 0 0 0 0 0 0 0 0 0 0 0 0 0 0 0 0 0 0 0 0 0 0 0 0 0 0 0 0 0 0 0 0 0 0 0 0 0 1 0 0 0 0 0 0 0 0 0 1
0 0 0 0 0 0 0 0 0 0 0 0 0 0 0 0 0 0 0 0 0 0 0 0 0 0 0 0 0 0 0 0 0 0 0 0 0 0 0 0 0 0 0 0 0 0 0 0 0 1 1
0 0 0 0 0 0 0 0 0 0 0 0 0 0 0 0 0 0 0 0 0 0 0 0 0 1 0 0 0 0 0 0 0 0 0 0 0 0 0 0 0 0 0 0 0 0 0 0 0 0 1
1 0 0 0 0 0 0 0 0 0 0 0 0 0 0 0 0 0 0 0 0 0 0 0 0 0 0 0 0 0 0 0 0 0 0 0 0 0 0 0 0 0 0 0 0 0 0 0 0 0 1
0 0 0 0 0 0 0 0 0 0 0 0 0 0 0 0 0 0 0 0 0 1 0 0 0 0 0 0 0 0 0 0 0 0 0 0 0 0 0 0 0 0 0 0 0 0 0 0 0 0 1
0 0 0 0 0 0 0 0 0 0 0 0 0 0 0 0 0 0 0 0 0 0 0 0 0 0 0 0 0 0 0 0 0 0 1 0 0 0 0 0 0 0 0 0 0 0 0 0 0 0 1
0 0 0 0 0 0 0 0 0 0 0 0 0 0 0 0 0 0 0 0 0 0 0 0 0 0 0 0 0 0 1 0 0 0 0 0 0 0 0 0 0 0 0 0 0 0 0 0 0 0 1
0 0 0 0 0 0 0 0 0 0 0 0 0 0 0 0 0 0 0 0 1 0 0 0 0 0 0 0 0 0 0 0 0 0 0 0 0 0 0 0 0 0 0 0 0 0 0 0 0 0 1
0 0 0 0 0 0 0 0 0 0 0 0 0 0 0 0 0 0 0 0 0 1 0 0 0 0 0 0 0 0 0 0 0 0 0 0 0 0 0 0 0 0 0 0 0 0 0 0 0 0 1
0 0 0 0 0 0 0 0 1 0 0 0 0 0 0 0 0 0 0 0 0 0 0 0 0 0 0 0 0 0 0 0 0 0 0 0 0 0 0 0 0 0 0 0 0 0 0 0 0 0 1
0 0 0 0 0 0 0 0 0 0 0 0 0 0 0 0 0 0 1 0 0 0 0 0 0 0 0 0 0 0 0 0 0 0 0 0 0 0 0 0 0 0 0 0 0 0 0 0 0 0 1
0 0 0 0 0 0 0 0 0 0 0 0 0 0 0 0 0 0 0 0 0 0 0 0 0 0 0 0 0 0 0 0 0 0 0 0 0 0 0 0 0 0 0 0 0 0 1 0 0 0 1
0 0 0 0 0 0 0 0 0 0 0 0 0 0 0 0 0 0 0 0 0 0 0 0 0 0 0 0 0 0 0 0 0 0 0 0 0 0 1 0 0 0 0 0 0 0 0 0 0 0 1
0 0 0 0 0 0 0 0 0 0 0 0 0 0 0 0 0 0 0 0 0 0 0 1 0 0 0 0 0 0 0 0 0 0 0 0 0 0 0 0 0 0 0 0 0 0 0 0 0 0 1
0 0 0 0 0 0 0 0 0 0 0 0 0 0 0 0 0 0 0 0 0 0 0 0 0 0 0 0 0 0 0 0 0 0 0 0 0 0 0 0 0 0 0 0 0 0 1 0 0 0 1
0 0 0 0 0 0 0 0 0 0 0 0 0 0 0 0 0 0 0 0 0 0 0 0 1 0 0 0 0 0 0 0 0 0 0 0 0 0 0 0 0 0 0 0 0 0 0 0 0 0 1
0 0 0 0 0 0 0 0 0 0 0 0 0 0 0 0 0 0 0 0 0 0 0 0 0 1 0 0 0 0 0 0 0 0 0 0 0 0 0 0 0 0 0 0 0 0 0 0 0 0 1
0 0 0 0 0 0 0 0 0 0 0 0 1 0 0 0 0 0 0 0 0 0 0 0 0 0 0 0 0 0 0 0 0 0 0 0 0 0 0 0 0 0 0 0 0 0 0 0 0 0 1
0 0 0 0 0 0 0 0 0 0 0 0 0 0 0 0 0 0 0 0 0 0 0 0 0 0 0 0 0 0 0 0 1 0 0 0 0 0 0 0 0 0 0 0 0 0 0 0 0 0 1
0 0 0 0 0 0 0 0 0 0 0 0 0 0 0 0 0 0 0 0 0 0 0 0 0 0 0 0 0 0 0 1 0 0 0 0 0 0 0 0 0 0 0 0 0 0 0 0 0 0 1
0 0 0 0 1 0 0 0 0 0 0 0 0 0 0 0 0 0 0 0 0 0 0 0 0 0 0 0 0 0 0 0 0 0 0 0 0 0 0 0 0 0 0 0 0 0 0 0 0 0 1
0 0 0 0 1 0 0 0 0 0 0 0 0 0 0 0 0 0 0 0 0 0 0 0 0 0 0 0 0 0 0 0 0 0 0 0 0 0 0 0 0 0 0 0 0 0 0 0 0 0 1
0 0 0 0 0 0 0 0 0 0 0 0 0 0 0 0 0 0 0 0 0 0 0 0 0 0 0 0 0 0 0 0 0 1 0 0 0 0 0 0 0 0 0 0 0 0 0 0 0 0 1
0 0 0 0 0 0 0 0 0 0 0 0 0 0 0 0 0 0 0 0 0 0 0 0 0 0 0 0 0 0 0 0 0 0 0 0 0 0 0 0 0 0 0 0 0 0 0 0 0 1 1
0 0 0 0 0 0 1 0 0 0 0 0 0 0 0 0 0 0 0 0 0 0 0 0 0 0 0 0 0 0 0 0 0 0 0 0 0 0 0 0 0 0 0 0 0 0 0 0 0 0 1
0 0 0 0 0 0 0 0 0 0 0 0 0 0 0 0 0 0 0 0 0 0 0 0 0 0 0 0 0 0 0 0 0 0 0 0 0 0 0 0 0 0 0 0 0 0 0 0 1 0 1
0 0 0 0 0 1 0 0 0 0 0 0 0 0 0 0 0 0 0 0 0 0 0 0 0 0 0 0 0 0 0 0 0 0 0 0 0 0 0 0 0 0 0 0 0 0 0 0 0 0 1
0 0 0 0 0 0 0 0 0 0 0 0 0 0 0 0 0 0 0 0 1 0 0 0 0 0 0 0 0 0 0 0 0 0 0 0 0 0 0 0 0 0 0 0 0 0 0 0 0 0 1
0 0 0 0 0 0 0 0 0 0 0 0 0 0 0 0 0 0 0 0 0 0 0 0 0 0 0 0 0 0 0 0 1 0 0 0 0 0 0 0 0 0 0 0 0 0 0 0 0 0 1
0 0 0 0 0 0 0 0 0 0 0 0 0 0 0 0 0 0 0 0 0 0 0 0 0 0 0 0 0 0 0 0 0 0 0 0 0 0 0 0 0 0 0 0 0 0 0 0 0 1 1
0 0 0 0 0 0 0 0 0 0 0 0 0 0 0 0 0 0 0 0 0 0 1 0 0 0 0 0 0 0 0 0 0 0 0 0 0 0 0 0 0 0 0 0 0 0 0 0 0 0 1
0 0 0 0 0 0 0 0 0 0 0 0 0 0 0 1 0 0 0 0 0 0 0 0 0 0 0 0 0 0 0 0 0 0 0 0 0 0 0 0 0 0 0 0 0 0 0 0 0 0 1
0 0 0 0 0 0 0 0 0 0 0 0 0 0 0 0 0 0 0 0 0 0 0 0 0 0 0 0 0 0 0 0 0 0 0 0 0 0 0 0 0 0 0 1 0 0 0 0 0 0 1
0 0 0 0 0 0 0 0 0 0 0 0 0 0 0 0 0 0 0 0 0 0 0 0 0 0 0 0 0 0 0 0 0 0 0 1 0 0 0 0 0 0 0 0 0 0 0 0 0 0 1
0 0 0 0 0 0 0 0 0 0 0 0 0 0 0 0 0 0 0 0 0 0 0 0 0 0 0 0 0 0 0 0 0 0 0 0 0 0 1 0 0 0 0 0 0 0 0 0 0 0 1
0 0 0 0 0 0 0 0 0 0 0 0 0 0 0 0 0 0 0 0 0 0 0 0 0 0 0 0 0 0 0 0 0 0 0 0 0 0 0 0 0 0 0 0 0 0 0 1 0 0 1
0 0 0 0 0 0 0 0 0 0 0 0 0 0 0 0 0 0 0 0 0 0 0 0 0 0 0 0 0 0 0 1 0 0 0 0 0 0 0 0 0 0 0 0 0 0 0 0 0 0 1
0 0 0 0 0 0 0 0 0 0 0 0 0 0 0 0 0 0 0 0 0 0 0 0 0 0 0 0 0 0 0 0 0 0 1 0 0 0 0 0 0 0 0 0 0 0 0 0 0 0 1
0 0 0 0 0 0 0 0 0 0 0 0 0 0 0 1 0 0 0 0 0 0 0 0 0 0 0 0 0 0 0 0 0 0 0 0 0 0 0 0 0 0 0 0 0 0 0 0 0 0 1
0 0 0 0 0 0 0 0 0 0 0 0 0 0 0 0 1 0 0 0 0 0 0 0 0 0 0 0 0 0 0 0 0 0 0 0 0 0 0 0 0 0 0 0 0 0 0 0 0 0 1
0 0 0 0 0 0 0 0 0 0 0 0 0 0 0 0 0 0 0 0 0 0 0 0 0 0 0 0 0 0 0 0 0 0 0 1 0 0 0 0 0 0 0 0 0 0 0 0 0 0 1
0 0 0 0 0 0 0 0 0 0 0 0 0 0 0 0 0 0 0 0 0 0 0 0 0 0 0 0 0 0 0 0 0 0 0 0 0 0 1 0 0 0 0 0 0 0 0 0 0 0 1
0 0 0 0 0 0 0 0 0 0 0 0 0 0 0 0 0 0 0 0 0 0 0 0 0 0 0 0 0 0 0 0 0 0 0 0 0 0 0 0 1 0 0 0 0 0 0 0 0 0 1
0 0 0 0 0 0 0 0 0 0 0 0 1 0 0 0 0 0 0 0 0 0 0 0 0 0 0 0 0 0 0 0 0 0 0 0 0 0 0 0 0 0 0 0 0 0 0 0 0 0 1
0 0 0 0 0 0 0 0 0 0 0 0 0 0 0 0 0 0 0 0 0 0 0 0 0 0 0 0 0 1 0 0 0 0 0 0 0 0 0 0 0 0 0 0 0 0 0 0 0 0 1
0 0 0 0 0 0 0 0 0 0 0 0 0 0 0 0 0 0 0 0 0 0 0 0 0 0 0 0 0 0 0 0 0 0 0 0 0 0 0 0 0 1 0 0 0 0 0 0 0 0 1
0 0 0 0 0 0 0 0 0 0 1 0 0 0 0 0 0 0 0 0 0 0 0 0 0 0 0 0 0 0 0 0 0 0 0 0 0 0 0 0 0 0 0 0 0 0 0 0 0 0 1
0 0 0 0 0 0 0 0 0 0 0 0 0 0 0 0 0 0 0 0 0 0 0 0 0 0 0 0 0 0 0 0 0 0 0 0 0 1 0 0 0 0 0 0 0 0 0 0 0 0 1
0 0 0 0 0 0 0 0 0 0 0 0 0 0 0 0 0 0 0 0 0 0 0 0 0 0 0 0 0 0 0 0 0 0 0 0 1 0 0 0 0 0 0 0 0 0 0 0 0 0 1
0 0 0 0 0 0 0 0 0 0 0 0 0 0 0 0 0 0 0 0 0 0 0 0 0 0 0 0 0 0 0 0 0 0 1 0 0 0 0 0 0 0 0 0 0 0 0 0 0 0 1
0 0 0 0 0 0 0 0 0 0 0 0 0 0 0 0 0 0 0 0 0 0 0 0 0 0 0 0 0 0 0 0 0 0 0 0 0 0 0 0 0 0 0 0 0 1 0 0 0 0 1
0 0 0 0 0 0 0 0 0 0 0 0 0 0 0 0 0 0 0 0 0 0 0 0 0 0 0 0 0 0 0 0 0 0 0 0 1 0 0 0 0 0 0 0 0 0 0 0 0 0 1
0 0 0 0 0 0 0 0 0 0 0 0 0 0 0 0 0 0 0 0 0 0 0 0 0 0 0 0 0 0 0 0 0 0 0 0 0 0 1 0 0 0 0 0 0 0 0 0 0 0 1
0 0 0 0 0 0 0 0 0 0 0 0 0 0 0 0 0 0 0 0 0 0 0 0 0 0 0 1 0 0 0 0 0 0 0 0 0 0 0 0 0 0 0 0 0 0 0 0 0 0 1
0 0 0 0 0 0 0 0 0 0 0 0 1 0 0 0 0 0 0 0 0 0 0 0 0 0 0 0 0 0 0 0 0 0 0 0 0 0 0 0 0 0 0 0 0 0 0 0 0 0 1
0 0 1 0 0 0 0 0 0 0 0 0 0 0 0 0 0 0 0 0 0 0 0 0 0 0 0 0 0 0 0 0 0 0 0 0 0 0 0 0 0 0 0 0 0 0 0 0 0 0 1
0 0 0 0 0 0 0 0 0 0 0 0 0 0 0 0 0 0 0 0 0 1 0 0 0 0 0 0 0 0 0 0 0 0 0 0 0 0 0 0 0 0 0 0 0 0 0 0 0 0 1
0 0 0 0 0 0 0 0 0 0 0 0 0 0 0 0 0 0 0 0 0 0 0 0 0 1 0 0 0 0 0 0 0 0 0 0 0 0 0 0 0 0 0 0 0 0 0 0 0 0 1
0 0 0 0 0 0 0 0 0 0 0 0 0 0 0 0 0 0 0 0 0 0 0 0 0 0 0 0 0 0 0 0 0 0 0 0 0 1 0 0 0 0 0 0 0 0 0 0 0 0 1
0 0 0 0 0 0 0 0 0 0 0 0 0 0 0 0 0 0 0 0 0 0 0 0 0 0 0 0 1 0 0 0 0 0 0 0 0 0 0 0 0 0 0 0 0 0 0 0 0 0 1
0 0 0 0 0 0 0 0 0 0 0 0 0 0 0 0 1 0 0 0 0 0 0 0 0 0 0 0 0 0 0 0 0 0 0 0 0 0 0 0 0 0 0 0 0 0 0 0 0 0 1
0 0 0 0 0 0 0 0 0 0 0 0 0 0 0 0 0 0 0 1 0 0 0 0 0 0 0 0 0 0 0 0 0 0 0 0 0 0 0 0 0 0 0 0 0 0 0 0 0 0 1
0 0 0 0 0 0 0 0 0 0 0 0 0 0 0 0 0 0 1 0 0 0 0 0 0 0 0 0 0 0 0 0 0 0 0 0 0 0 0 0 0 0 0 0 0 0 0 0 0 0 1
0 0 0 0 0 0 0 0 0 0 0 0 1 0 0 0 0 0 0 0 0 0 0 0 0 0 0 0 0 0 0 0 0 0 0 0 0 0 0 0 0 0 0 0 0 0 0 0 0 0 1
0 0 0 0 0 0 0 0 0 0 0 0 0 0 0 0 0 0 0 0 0 0 0 0 0 0 0 0 0 0 0 0 0 1 0 0 0 0 0 0 0 0 0 0 0 0 0 0 0 0 1
0 0 0 0 0 0 0 1 0 0 0 0 0 0 0 0 0 0 0 0 0 0 0 0 0 0 0 0 0 0 0 0 0 0 0 0 0 0 0 0 0 0 0 0 0 0 0 0 0 0 1
0 0 0 0 0 0 0 0 1 0 0 0 0 0 0 0 0 0 0 0 0 0 0 0 0 0 0 0 0 0 0 0 0 0 0 0 0 0 0 0 0 0 0 0 0 0 0 0 0 0 1
0 0 0 0 0 0 0 0 0 0 0 0 0 0 0 0 0 0 0 0 1 0 0 0 0 0 0 0 0 0 0 0 0 0 0 0 0 0 0 0 0 0 0 0 0 0 0 0 0 0 1
0 0 0 0 0 0 0 0 0 0 1 0 0 0 0 0 0 0 0 0 0 0 0 0 0 0 0 0 0 0 0 0 0 0 0 0 0 0 0 0 0 0 0 0 0 0 0 0 0 0 1
0 0 0 0 0 0 0 0 0 0 0 0 0 0 0 0 0 1 0 0 0 0 0 0 0 0 0 0 0 0 0 0 0 0 0 0 0 0 0 0 0 0 0 0 0 0 0 0 0 0 1
0 0 0 0 0 0 0 0 0 0 0 0 0 0 0 0 0 0 0 0 0 0 0 0 0 0 0 0 0 0 0 0 0 0 0 0 0 1 0 0 0 0 0 0 0 0 0 0 0 0 1
0 0 0 0 0 0 0 1 0 0 0 0 0 0 0 0 0 0 0 0 0 0 0 0 0 0 0 0 0 0 0 0 0 0 0 0 0 0 0 0 0 0 0 0 0 0 0 0 0 0 1
0 0 0 0 0 0 0 0 0 0 0 0 0 0 0 1 0 0 0 0 0 0 0 0 0 0 0 0 0 0 0 0 0 0 0 0 0 0 0 0 0 0 0 0 0 0 0 0 0 0 1
0 0 0 0 0 0 0 0 0 0 0 0 0 0 0 0 0 0 0 0 0 0 0 0 0 0 0 0 0 0 0 0 0 0 0 0 0 0 0 0 0 1 0 0 0 0 0 0 0 0 1
0 0 0 0 0 0 0 0 0 0 0 0 0 0 0 0 0 0 0 0 0 0 0 0 0 0 0 0 0 0 0 1 0 0 0 0 0 0 0 0 0 0 0 0 0 0 0 0 0 0 1
0 0 0 0 0 1 0 0 0 0 0 0 0 0 0 0 0 0 0 0 0 0 0 0 0 0 0 0 0 0 0 0 0 0 0 0 0 0 0 0 0 0 0 0 0 0 0 0 0 0 1
0 0 0 0 0 0 0 0 0 0 0 0 1 0 0 0 0 0 0 0 0 0 0 0 0 0 0 0 0 0 0 0 0 0 0 0 0 0 0 0 0 0 0 0 0 0 0 0 0 0 1
0 0 0 0 0 0 0 0 0 0 0 0 0 0 0 0 0 0 0 0 0 0 0 0 0 0 0 0 0 0 0 0 0 0 0 0 0 0 0 0 0 0 0 0 0 0 0 0 0 1 1
0 0 0 0 0 0 0 0 0 0 0 1 0 0 0 0 0 0 0 0 0 0 0 0 0 0 0 0 0 0 0 0 0 0 0 0 0 0 0 0 0 0 0 0 0 0 0 0 0 0 1
0 0 0 0 0 0 0 0 0 0 0 0 0 0 0 0 0 0 0 0 0 1 0 0 0 0 0 0 0 0 0 0 0 0 0 0 0 0 0 0 0 0 0 0 0 0 0 0 0 0 1
0 0 0 0 0 0 0 0 0 0 0 0 0 0 0 0 0 0 0 1 0 0 0 0 0 0 0 0 0 0 0 0 0 0 0 0 0 0 0 0 0 0 0 0 0 0 0 0 0 0 1
0 0 0 0 0 0 0 0 0 0 0 0 1 0 0 0 0 0 0 0 0 0 0 0 0 0 0 0 0 0 0 0 0 0 0 0 0 0 0 0 0 0 0 0 0 0 0 0 0 0 1
0 0 0 0 0 0 0 0 0 0 0 0 0 0 0 0 0 0 0 0 0 0 0 0 0 0 0 0 0 0 0 0 0 0 0 0 0 0 0 0 0 1 0 0 0 0 0 0 0 0 1
0 0 0 0 0 0 0 0 1 0 0 0 0 0 0 0 0 0 0 0 0 0 0 0 0 0 0 0 0 0 0 0 0 0 0 0 0 0 0 0 0 0 0 0 0 0 0 0 0 0 1
0 0 0 0 0 0 0 0 0 0 0 0 0 0 0 0 0 0 0 0 0 0 0 0 0 0 0 0 0 0 0 0 0 0 0 0 0 0 0 0 0 0 0 0 0 0 0 0 0 1 1
0 0 0 0 0 0 0 0 0 0 0 0 0 0 0 0 0 0 0 0 0 0 0 0 0 0 0 0 0 0 0 0 0 0 0 0 0 0 0 0 0 0 0 0 0 0 0 0 1 0 1
168 159 185 163 162 169 137 175 177 175 167 167 164 171 170 159 180 160 171 159 160 150 164 179 162 173 151 164 165 167 177 168 157 161 158 162 179 169 153 159 178 170 157 180 160 178 173 160 182 179 8333
