0 0 0 0 0 0 0 1 0 0 1
0 0 0 0 0 0 0 0 1 0 1
0 0 0 0 0 0 0 1 0 1 2
0 0 0 0 0 0 1 0 0 0 1
0 1 0 0 0 0 1 1 0 0 3
0 0 0 1 0 0 1 1 0 0 3
0 0 1 0 1 0 0 0 0 1 3
0 1 1 0 1 0 1 0 0 1 5
0 0 1 1 0 0 0 0 0 0 2
0 0 0 0 0 0 1 0 0 0 1
1 0 0 0 0 0 1 1 0 0 3
0 1 1 1 0 0 1 0 0 0 4
0 1 0 1 0 0 0 1 1 0 4
0 1 0 1 1 0 1 0 1 1 6
0 0 0 1 0 0 0 0 0 1 2
1 0 0 1 0 0 0 1 0 0 3
1 0 1 0 0 0 0 0 0 0 2
1 0 1 1 0 0 0 1 0 1 5
0 1 0 0 0 0 0 1 1 0 3
0 0 0 1 0 1 1 0 1 1 5
1 1 1 0 0 1 0 0 1 1 6
0 0 0 1 1 0 0 0 1 1 4
0 1 1 1 0 0 1 0 0 1 5
0 0 1 0 1 1 1 0 1 0 5
1 1 1 0 0 0 0 1 1 0 5
0 0 1 0 0 0 1 1 0 1 4
1 0 1 1 1 0 1 1 1 0 7
0 1 0 0 1 1 0 0 0 0 3
1 1 0 1 1 0 0 0 1 0 5
0 1 1 0 0 1 0 1 0 0 4
1 0 1 0 0 0 1 0 1 1 5
1 0 0 0 0 1 1 1 1 0 5
0 1 0 1 0 0 1 0 1 1 5
1 0 0 1 0 1 0 0 1 1 5
1 1 0 0 1 0 0 0 0 0 3
0 0 1 0 1 1 0 0 0 0 3
0 1 0 0 0 1 0 1 0 1 4
0 0 0 0 0 0 0 0 1 0 1
0 0 0 0 0 0 0 0 0 1 1
0 0 0 0 0 1 0 0 0 0 1
0 0 0 0 1 0 0 0 0 0 1
0 0 0 0 1 0 0 0 0 0 1
0 1 0 0 0 0 0 0 0 0 1
0 1 0 0 0 0 0 0 0 0 1
0 0 0 1 0 0 0 0 0 0 1
0 0 0 0 0 1 0 0 0 0 1
1 0 0 0 0 0 0 0 0 0 1
0 1 0 0 0 0 0 0 0 0 1
0 1 0 0 0 0 0 0 0 0 1
1 0 0 0 0 0 0 0 0 0 1
0 0 0 1 0 0 0 0 0 0 1
0 0 0 0 0 1 0 0 0 0 1
0 0 0 0 0 0 0 1 0 0 1
1 0 0 0 0 0 0 0 0 0 1
0 0 0 0 0 1 0 0 0 0 1
1 0 0 0 0 0 0 0 0 0 1
0 1 0 0 0 0 0 0 0 0 1
1 0 0 0 0 0 0 0 0 0 1
0 0 0 0 0 1 0 0 0 0 1
0 1 0 0 0 0 0 0 0 0 1
0 0 0 0 0 0 0 0 0 1 1
0 0 1 0 0 0 0 0 0 0 1
0 0 0 0 0 0 0 1 0 0 1
1 0 0 0 0 0 0 0 0 0 1
0 0 0 0 1 0 0 0 0 0 1
1 0 0 0 0 0 0 0 0 0 1
1 0 0 0 0 0 0 0 0 0 1
1 0 0 0 0 0 0 0 0 0 1
0 0 0 1 0 0 0 0 0 0 1
0 1 0 0 0 0 0 0 0 0 1
0 0 0 0 0 1 0 0 0 0 1
0 0 0 1 0 0 0 0 0 0 1
0 0 0 0 0 0 1 0 0 0 1
0 0 0 0 0 0 1 0 0 0 1
0 0 0 0 0 1 0 0 0 0 1
1 0 0 0 0 0 0 0 0 0 1
0 0 0 0 0 0 0 0 0 1 1
0 0 0 0 1 0 0 0 0 0 1
0 0 0 0 0 0 0 0 1 0 1
0 1 0 0 0 0 0 0 0 0 1
0 0 0 0 0 0 0 0 1 0 1
0 1 0 0 0 0 0 0 0 0 1
0 0 0 1 0 0 0 0 0 0 1
0 0 0 0 0 0 0 0 1 0 1
1 0 0 0 0 0 0 0 0 0 1
0 0 1 0 0 0 0 0 0 0 1
0 0 0 0 0 1 0 0 0 0 1
0 0 1 0 0 0 0 0 0 0 1
0 0 1 0 0 0 0 0 0 0 1
0 0 0 0 0 1 0 0 0 0 1
0 0 0 0 0 0 0 0 1 0 1
0 0 1 0 0 0 0 0 0 0 1
0 0 0 0 0 0 1 0 0 0 1
0 0 0 0 0 1 0 0 0 0 1
0 0 0 0 0 0 0 0 1 0 1
0 0 0 0 0 0 1 0 0 0 1
0 0 0 0 0 0 0 0 0 1 1
0 0 0 0 0 0 0 0 0 1 1
0 0 1 0 0 0 0 0 0 0 1
0 0 0 0 0 0 0 0 1 0 1
23 24 21 20 14 19 20 17 22 20 200
