1 0 1 0 1 0 0 0 0 0 3
0 0 1 1 1 0 0 0 0 0 3
0 0 1 1 0 1 0 0 0 0 3
0 0 0 1 1 0 0 1 0 0 3
0 0 1 1 1 1 1 0 0 0 5
0 0 1 0 0 1 0 1 0 0 3
0 0 1 0 0 0 1 0 0 0 2
1 0 0 1 1 0 0 0 0 0 3
0 0 1 1 1 0 0 0 1 0 4
1 0 0 0 0 0 1 0 0 0 2
1 0 1 1 0 0 0 0 1 0 4
0 0 0 1 1 1 0 0 0 0 3
0 0 1 0 1 1 0 0 0 0 3
1 0 1 1 0 1 0 0 0 0 4
0 0 1 0 1 1 1 1 0 0 5
1 0 1 1 0 0 0 0 0 0 3
0 0 1 1 1 0 0 0 0 0 3
0 0 1 1 1 0 0 0 0 0 3
1 0 1 1 0 1 0 0 0 0 4
1 0 1 1 1 1 0 1 0 1 7
0 0 1 1 1 0 0 0 0 1 4
1 0 0 1 1 1 0 0 0 0 4
0 0 1 0 0 1 0 1 0 0 3
1 0 1 1 1 0 0 0 0 0 4
0 0 0 0 1 0 1 1 0 0 3
0 0 1 0 1 0 0 0 0 0 2
0 0 1 1 0 0 0 0 0 1 3
1 0 1 1 1 0 0 0 0 0 4
1 0 1 0 1 0 0 1 0 1 5
0 0 1 1 1 1 0 1 0 1 6
1 0 0 1 0 0 0 0 0 0 2
0 0 1 0 1 1 0 1 0 0 4
1 0 1 0 1 1 0 1 0 0 5
0 0 0 1 1 0 0 0 0 0 2
0 0 0 1 0 1 0 0 0 0 2
0 0 1 1 1 0 0 0 0 0 3
1 0 0 0 0 1 0 0 0 0 2
1 0 0 1 0 0 0 0 1 0 3
0 0 1 1 1 1 0 1 0 0 5
0 0 1 0 1 1 1 0 1 0 5
0 0 1 0 1 1 0 0 1 0 4
1 0 1 0 0 1 1 0 1 0 5
0 0 1 0 1 0 0 0 0 1 3
1 0 1 1 1 0 0 0 0 0 4
0 0 1 0 1 1 0 0 0 0 3
0 0 1 0 0 0 0 0 0 0 1
0 0 0 1 0 1 0 1 0 1 4
0 0 1 0 1 1 0 0 0 0 3
0 0 0 1 0 0 0 1 1 1 4
1 0 1 0 0 0 0 0 0 0 2
0 0 1 1 1 0 0 0 0 0 3
1 0 1 0 0 1 1 0 0 0 4
0 0 1 1 1 0 0 0 0 0 3
1 0 1 0 1 1 1 0 0 0 5
0 0 1 1 1 0 1 0 0 0 4
1 0 0 0 1 0 0 0 0 0 2
0 0 0 0 1 0 1 1 0 0 3
0 0 0 1 1 0 0 1 0 0 3
1 0 1 1 1 1 0 0 1 1 7
1 0 0 0 0 0 0 1 0 0 2
0 0 1 1 1 0 0 0 0 0 3
0 0 1 0 1 0 1 0 0 0 3
0 0 1 0 0 0 0 0 0 0 1
1 0 1 0 0 1 0 0 0 0 3
0 0 0 1 0 1 0 0 0 0 2
0 0 1 0 1 0 0 1 0 0 3
0 0 1 1 0 0 0 0 0 0 2
1 0 1 1 0 0 0 0 0 0 3
1 0 1 0 1 1 0 0 0 1 5
0 0 1 0 1 1 0 0 0 0 3
1 0 1 1 1 1 0 0 0 0 5
0 1 1 0 0 1 0 0 0 0 3
0 0 0 1 0 0 0 0 0 1 2
1 0 0 0 0 0 1 0 0 0 2
1 0 1 0 0 0 1 1 0 0 4
0 0 0 1 0 0 0 0 0 0 1
0 0 0 1 0 1 0 0 0 1 3
1 0 1 1 0 1 0 0 0 0 4
1 0 1 1 0 1 0 0 0 0 4
0 0 0 0 1 0 0 0 0 0 1
0 0 0 0 1 0 0 0 0 0 1
0 0 1 1 1 0 0 1 0 0 4
1 0 0 1 1 0 0 0 0 0 3
1 0 0 0 0 1 0 0 0 0 2
0 0 0 1 0 1 0 1 0 0 3
1 0 1 1 1 0 0 0 0 1 5
0 0 1 1 0 0 0 0 0 0 2
1 0 1 1 0 0 0 0 0 0 3
1 0 1 0 0 0 0 0 0 0 2
1 0 1 0 1 0 0 0 0 0 3
1 0 0 1 1 0 0 1 0 0 4
0 0 1 0 0 1 1 1 1 0 5
0 0 1 1 0 1 1 0 0 0 4
0 0 1 1 1 0 0 1 0 0 4
1 0 1 0 1 0 0 0 1 0 4
1 0 1 1 1 1 0 0 0 0 5
0 0 1 1 0 1 1 0 0 0 4
0 0 1 1 0 0 0 0 0 1 3
0 0 0 1 0 0 0 0 0 0 1
1 0 1 1 1 0 0 0 0 0 4
42 1 71 58 56 41 17 23 10 14 333
