1 0 0 0 0 1 0 0 0 1 3
1 0 1 0 0 0 0 0 1 1 4
1 0 1 0 1 1 0 0 1 1 6
1 0 1 0 0 0 0 1 1 1 5
1 1 1 0 0 0 0 0 0 1 4
1 0 1 0 1 0 0 0 0 1 4
0 0 0 0 0 0 0 0 0 1 1
1 0 1 1 1 0 0 0 1 1 6
1 0 1 1 1 1 0 1 0 1 7
1 0 1 0 0 1 0 0 1 1 5
1 0 1 1 1 1 0 0 1 1 7
1 1 0 0 0 1 0 0 0 1 4
1 1 1 0 1 1 0 0 0 1 6
1 0 1 0 1 1 0 0 1 1 6
1 0 1 0 0 0 0 0 1 1 4
1 1 0 0 0 0 0 0 0 1 3
1 0 1 0 0 0 0 0 0 1 3
1 0 1 1 1 1 0 1 1 1 8
1 0 1 0 1 0 1 0 0 1 5
1 0 1 0 0 1 0 0 1 1 5
1 0 1 1 1 1 0 1 0 1 7
1 1 1 0 1 1 0 0 0 1 6
1 0 1 1 0 1 0 0 0 1 5
1 0 1 0 0 1 0 0 0 1 4
1 0 1 0 0 1 0 1 0 1 5
1 0 1 0 0 1 0 0 0 1 4
1 0 1 0 1 1 0 1 1 1 7
1 0 1 0 1 1 0 1 0 1 6
1 0 1 0 0 0 0 0 0 1 3
1 0 1 0 0 0 0 0 0 1 3
1 0 1 0 1 1 0 1 0 1 6
1 0 1 1 0 0 0 1 0 1 5
1 1 1 1 1 1 0 0 0 1 7
1 0 1 0 1 1 0 0 0 1 5
1 1 1 0 0 1 0 0 0 1 5
1 0 1 0 1 0 0 1 1 1 6
1 0 1 0 0 1 0 0 0 1 4
1 0 1 0 1 0 0 0 0 1 4
1 0 1 0 1 1 1 0 1 1 7
1 0 1 0 0 1 0 0 1 1 5
1 0 1 1 0 1 0 0 1 1 6
1 0 1 1 0 1 0 0 1 1 6
1 1 0 0 0 0 0 0 0 0 2
1 0 1 0 1 1 0 1 0 1 6
1 0 1 0 0 1 0 1 0 1 5
1 0 1 0 1 1 0 0 0 1 5
1 0 1 1 1 0 0 1 0 1 6
1 0 0 0 1 1 0 0 0 1 4
1 0 1 1 0 1 0 1 0 1 6
1 0 1 1 0 0 0 0 0 1 4
49 8 44 13 23 32 2 14 16 49 250
