0 0 0 0 0 0 0 0 0 0 0 0 0 0 0 0 0 0 0 0 0 0 0 0 0 0 0 0 0 1 0 0 0 0 0 0 0 0 0 0 0 0 0 0 0 0 0 0 0 0 1
0 0 0 0 0 0 0 0 0 0 0 0 0 0 0 0 0 0 0 0 0 0 0 0 0 0 0 1 0 0 0 0 0 0 0 0 0 0 0 0 0 0 0 0 0 0 0 0 0 0 1
0 0 0 0 0 0 0 0 0 0 0 0 0 0 0 0 0 0 0 0 0 0 0 0 0 0 0 0 0 0 0 0 0 0 0 0 0 0 0 1 0 0 0 0 0 0 0 0 0 0 1
0 0 0 1 0 0 0 0 0 0 0 0 0 0 0 0 0 0 0 0 0 0 0 0 0 0 0 0 0 0 0 0 0 0 0 0 0 0 0 0 0 0 0 0 0 0 0 0 1 0 2
0 0 0 0 0 0 0 1 0 0 0 0 0 0 0 0 0 0 0 0 0 0 0 0 0 0 0 0 0 0 0 0 0 0 0 0 0 0 0 0 0 0 0 0 0 0 0 0 0 0 1
0 0 0 0 0 0 0 0 0 0 0 0 0 0 0 0 0 0 0 0 0 0 0 0 0 0 0 0 0 0 0 0 0 0 0 0 0 0 0 0 0 0 0 0 0 0 0 1 0 0 1
0 0 0 0 0 0 0 0 0 0 0 1 0 0 0 0 0 0 0 0 0 0 0 0 0 0 0 0 0 0 0 0 0 0 0 0 0 0 0 0 0 0 0 0 0 0 0 0 0 0 1
0 0 0 0 0 0 0 1 0 0 0 0 0 0 0 0 0 0 0 0 0 0 0 0 0 0 0 0 0 0 0 0 0 0 0 0 0 0 0 0 0 0 0 0 0 0 0 0 0 0 1
0 0 0 0 0 0 0 0 0 0 0 0 0 0 0 0 0 0 0 0 0 0 0 0 0 0 0 0 0 0 0 0 0 0 0 0 0 1 0 0 0 0 0 0 0 0 0 0 0 0 1
0 1 0 0 0 0 0 0 0 0 0 0 0 0 0 0 0 0 0 0 0 0 0 0 0 0 0 0 0 0 0 0 0 0 0 0 0 0 0 0 0 0 0 0 0 0 0 0 0 0 1
0 0 0 1 0 0 0 0 0 0 0 0 0 0 0 0 0 0 0 0 0 0 0 0 0 0 0 0 0 0 0 0 0 0 0 0 0 0 0 0 0 0 0 0 0 0 0 0 0 0 1
0 0 0 0 0 0 0 0 0 0 0 0 0 0 0 0 0 0 0 0 0 0 0 0 0 0 0 0 0 0 0 0 0 0 0 0 0 0 0 0 0 1 0 0 0 0 0 0 0 0 1
0 0 0 0 0 0 0 0 0 0 0 0 0 0 1 0 0 0 0 0 0 0 0 0 0 0 0 0 0 0 0 0 0 0 0 0 0 0 0 0 0 0 0 0 0 0 0 0 0 0 1
0 0 0 0 0 0 0 0 0 0 0 0 0 0 0 0 0 0 0 0 0 0 0 0 0 0 0 0 0 0 1 0 0 0 0 0 0 0 0 0 0 0 0 0 0 0 0 0 0 0 1
0 0 0 0 0 0 0 0 0 0 0 0 0 0 0 0 0 0 0 0 0 0 0 0 0 0 0 0 0 1 0 0 0 0 0 0 0 0 0 0 0 0 0 0 0 0 0 0 0 0 1
0 0 0 0 0 0 0 0 0 0 0 0 0 0 0 0 0 0 0 0 0 0 0 0 0 0 0 0 0 0 0 0 0 0 0 0 0 0 0 0 0 0 0 0 0 0 0 0 0 1 1
0 0 0 0 0 0 0 0 0 0 0 0 0 0 0 0 0 0 0 0 0 0 0 0 0 1 0 0 0 0 0 0 0 0 0 0 0 0 0 0 0 0 0 0 0 0 0 0 0 0 1
0 0 0 0 0 0 0 0 1 0 0 0 0 0 0 0 0 0 0 0 0 0 0 0 0 0 0 0 0 0 0 0 0 0 0 0 0 0 0 0 0 0 0 0 0 0 0 0 0 0 1
0 0 0 0 0 0 0 0 1 0 0 0 0 0 0 0 0 0 0 0 0 0 0 0 0 0 0 0 0 0 0 0 0 0 0 0 0 0 0 0 0 0 0 0 0 0 0 0 0 0 1
0 0 0 0 0 0 0 0 0 0 0 0 0 0 0 0 0 0 0 0 0 0 0 0 1 0 0 0 0 0 0 0 0 0 0 0 0 0 0 0 0 0 0 0 0 0 0 0 0 0 1
0 0 0 0 0 0 0 0 0 0 0 0 0 0 0 0 0 0 0 0 0 0 0 0 0 0 0 0 0 0 0 0 0 1 0 0 0 0 0 0 0 0 0 0 0 0 0 0 0 0 1
0 0 0 0 0 1 0 0 0 0 0 0 0 0 0 0 0 0 0 0 0 0 0 0 0 0 0 0 0 0 0 0 0 0 0 0 0 0 0 0 0 0 0 0 0 0 0 0 0 0 1
0 0 0 0 0 0 0 0 0 0 0 0 0 0 0 0 0 0 0 0 0 0 0 0 0 0 0 0 0 0 0 1 0 0 0 0 0 0 0 0 0 0 0 0 0 0 0 0 0 0 1
0 0 0 0 0 0 0 0 0 0 0 0 1 0 0 0 0 0 0 0 0 0 0 0 0 0 0 0 0 0 0 0 0 0 0 0 0 0 0 0 0 0 0 0 0 0 0 0 0 0 1
0 0 0 0 0 0 0 0 0 0 0 0 0 0 0 0 0 0 0 1 0 0 0 0 0 0 0 0 0 0 0 0 0 0 0 0 0 0 0 0 0 0 0 0 0 0 0 0 0 0 1
0 0 0 0 0 0 0 0 0 0 0 0 0 0 0 0 0 0 0 0 0 0 0 0 0 0 0 1 0 0 0 0 0 0 0 0 0 0 0 0 0 0 0 0 0 0 0 0 0 0 1
1 0 0 1 1 0 0 0 0 0 0 0 1 0 0 0 1 1 0 0 1 0 0 0 1 0 0 0 0 0 0 0 0 1 0 0 0 0 0 0 1 0 0 1 0 0 0 1 1 0 13
1 1 1 1 1 0 0 1 1 0 1 0 0 1 1 1 1 1 0 1 0 1 0 0 1 0 0 0 0 0 1 0 1 0 0 0 0 0 0 1 0 0 1 1 0 1 0 1 0 0 23
0 0 1 1 0 0 0 0 0 1 0 0 1 1 0 0 0 1 0 1 1 0 0 0 1 0 1 0 0 0 1 1 0 0 0 1 1 1 0 1 0 1 1 0 0 0 1 0 0 0 19
1 0 1 1 0 0 0 1 1 0 1 1 0 1 1 1 1 0 1 1 0 0 1 1 0 1 1 0 0 0 1 0 0 0 0 0 0 1 1 1 1 1 1 1 0 1 0 0 0 0 26
0 1 1 1 1 1 0 0 1 1 1 0 1 1 0 1 0 0 0 1 1 0 0 0 0 0 0 1 0 0 0 1 0 0 1 1 1 0 1 0 1 1 1 0 0 0 1 0 1 1 25
0 1 1 1 0 0 0 0 1 1 1 0 1 1 0 1 0 1 1 1 1 1 1 0 1 1 0 1 0 0 1 0 0 1 1 0 1 0 0 1 1 0 0 1 0 1 0 0 1 0 27
1 0 1 1 1 0 1 0 1 0 1 0 1 1 0 1 0 1 1 1 1 0 1 0 0 1 0 0 0 0 1 1 1 0 1 1 0 1 1 0 0 0 0 0 0 1 1 0 0 1 26
1 0 0 0 1 0 1 1 1 0 0 1 0 0 1 0 1 0 1 0 0 1 1 0 1 0 1 0 0 0 0 0 1 1 0 1 0 1 1 1 0 1 1 1 1 1 1 1 0 1 27
0 1 0 1 1 1 1 0 1 1 1 0 1 0 0 1 1 1 1 0 0 0 1 1 1 0 0 0 1 0 0 1 1 0 0 0 0 0 1 0 0 1 0 1 0 1 0 0 1 0 24
1 1 0 1 0 0 0 1 1 1 1 0 1 0 0 1 1 0 0 0 0 1 1 1 0 0 1 1 1 1 0 0 1 0 0 0 0 1 0 1 0 1 0 0 1 0 1 0 0 0 23
1 0 0 0 1 1 1 0 0 1 1 1 0 0 1 1 0 1 0 1 1 1 1 1 0 0 0 0 0 0 1 0 1 1 1 0 1 0 1 0 1 1 0 0 0 1 0 0 0 0 24
1 1 0 0 0 0 1 0 1 0 1 1 0 0 0 1 0 0 0 1 1 0 1 1 1 0 0 1 1 1 0 1 0 0 0 1 0 0 1 1 0 0 0 0 0 0 1 0 1 1 22
0 0 1 0 0 0 1 0 0 1 0 0 0 0 1 1 1 1 1 0 1 0 0 1 0 0 0 1 0 0 0 0 0 1 0 0 0 0 0 0 1 0 1 1 1 1 0 0 1 1 19
1 0 1 1 1 1 1 1 0 1 0 1 1 1 1 0 1 0 1 0 1 0 0 0 0 0 0 1 1 1 1 1 0 0 1 1 0 1 0 1 1 0 0 0 0 0 1 1 1 1 29
1 1 1 1 1 1 0 1 1 1 1 0 0 1 0 0 0 1 1 0 1 1 0 1 1 0 1 1 1 1 1 1 0 0 0 1 0 0 1 0 1 1 1 1 1 1 0 1 0 0 32
1 0 1 0 0 0 0 1 1 1 0 0 0 0 1 1 0 0 1 0 0 0 1 0 1 1 0 0 0 0 1 0 1 0 0 0 0 1 1 0 0 0 1 0 0 0 0 1 1 1 19
1 1 1 0 0 0 1 0 0 1 0 0 0 0 1 1 1 0 1 1 1 0 0 1 1 0 1 1 0 0 0 0 0 0 0 1 0 0 0 0 1 1 0 1 1 1 1 0 1 0 23
1 1 0 0 1 0 0 0 1 0 0 0 0 1 1 0 0 1 1 1 1 1 0 1 1 1 0 0 1 1 0 1 1 1 0 1 0 1 0 0 0 0 0 1 0 1 0 0 1 1 25
1 1 1 1 1 1 1 0 1 1 0 0 0 1 1 0 0 0 1 0 0 0 0 0 1 0 0 0 1 0 0 0 0 1 0 0 0 0 1 1 0 1 0 0 0 1 1 0 0 0 20
1 0 1 1 1 1 1 1 1 1 0 1 1 0 0 0 0 1 1 1 0 1 0 0 0 0 0 1 0 1 0 1 1 0 1 0 1 0 1 0 0 0 0 0 1 0 1 0 1 0 25
0 1 0 0 1 0 1 0 1 0 1 1 0 1 0 0 1 0 1 1 0 0 0 1 0 1 0 1 1 1 0 1 0 0 1 0 1 0 1 1 1 1 1 1 0 0 0 1 0 1 26
1 0 0 1 0 0 0 1 1 0 0 1 1 1 1 1 0 1 1 1 1 0 1 0 1 1 0 1 1 0 0 0 0 0 1 1 0 1 1 1 0 1 1 1 1 0 0 0 0 0 27
0 0 0 0 1 1 1 0 0 1 0 0 1 0 0 1 1 0 1 1 1 1 1 0 0 0 0 0 1 1 0 0 0 0 1 1 0 0 0 0 1 1 0 1 1 0 1 0 0 0 21
0 1 1 0 0 1 0 0 1 0 1 0 1 1 0 1 1 0 1 0 1 0 1 1 1 0 1 0 1 0 1 1 1 0 1 1 0 1 1 0 0 0 0 0 0 0 1 1 0 1 26
1 1 1 1 0 1 0 0 0 1 0 0 1 1 0 0 0 0 0 1 0 0 0 0 0 0 1 0 1 1 0 0 0 0 0 0 0 0 0 1 1 0 1 1 1 0 1 0 1 0 19
1 1 1 1 0 1 1 0 0 1 0 1 1 1 0 0 1 1 0 1 1 0 0 1 1 1 1 1 1 0 1 1 0 1 1 1 1 0 1 0 1 0 1 1 1 0 0 0 1 1 33
0 1 0 0 0 1 0 0 1 0 1 1 0 1 0 1 0 0 0 1 0 0 0 1 1 0 1 0 1 0 1 0 0 1 1 0 1 1 0 0 0 1 0 0 0 1 0 0 0 1 20
0 1 1 0 1 0 0 0 0 1 1 1 0 0 1 0 1 0 0 1 0 1 1 1 0 1 0 1 1 0 0 0 1 1 0 1 0 1 0 0 0 0 1 1 1 0 1 0 1 1 25
0 0 0 0 1 1 0 0 0 1 1 1 0 1 1 1 0 0 0 0 1 0 0 0 1 1 1 0 1 0 1 0 1 1 0 1 0 1 0 1 0 1 0 0 0 0 1 0 1 1 23
1 1 1 0 1 1 1 0 1 1 1 1 0 1 1 1 1 0 0 0 0 1 0 0 1 1 0 0 0 0 0 0 1 0 0 0 0 1 1 1 0 1 0 1 1 0 1 1 1 1 28
0 1 0 1 0 1 0 1 1 0 0 0 0 0 0 0 0 1 1 0 0 1 1 0 1 0 1 0 0 0 0 1 0 0 0 1 1 0 0 1 0 0 1 0 1 1 1 0 0 0 19
1 1 0 0 1 1 1 1 0 0 1 1 0 0 1 0 1 0 0 0 0 0 0 1 1 0 1 1 1 0 0 0 1 0 0 1 1 0 1 0 1 0 1 1 0 0 1 0 0 0 23
0 0 0 0 0 0 1 0 1 1 0 1 1 0 0 1 1 1 1 1 1 0 0 1 0 0 1 0 0 1 1 1 1 1 1 1 1 0 0 0 0 0 0 1 0 0 0 0 1 0 23
1 1 0 1 1 0 1 1 1 1 1 0 1 0 0 1 1 1 0 1 0 0 0 0 1 1 1 1 0 0 1 1 1 1 0 1 1 0 0 1 1 0 0 1 1 1 1 0 1 0 31
1 0 0 0 0 0 0 1 0 0 1 0 1 0 0 1 0 1 0 1 1 0 1 0 1 1 1 1 0 1 0 1 0 1 0 0 0 1 0 0 1 1 1 0 1 0 0 0 1 0 22
1 0 1 1 0 0 0 0 1 0 0 0 0 0 1 1 1 1 1 1 1 1 0 0 1 1 0 0 0 0 0 0 0 0 0 1 1 1 1 1 0 1 1 0 0 0 0 1 0 0 22
1 1 1 1 0 1 1 0 1 0 0 1 0 0 1 1 1 0 1 0 0 1 0 0 1 0 0 0 1 1 1 0 0 1 0 1 0 1 1 0 1 1 0 0 1 0 0 0 0 1 25
1 0 1 1 1 0 0 0 1 0 1 1 1 1 1 1 0 1 0 1 1 0 0 0 1 1 1 1 0 1 0 1 1 1 1 1 0 0 0 1 0 1 1 1 0 0 1 0 1 0 30
1 0 1 0 0 1 0 0 0 0 1 1 0 1 1 1 1 0 1 1 1 1 0 1 0 0 1 0 0 1 1 1 0 1 1 0 1 0 1 0 1 0 0 1 1 0 1 1 0 1 28
0 1 0 0 0 1 1 1 1 1 1 0 1 0 0 0 1 1 0 1 1 1 1 1 0 1 1 1 1 1 1 1 1 0 0 1 0 1 1 1 1 1 1 1 0 1 0 1 1 0 34
1 1 0 1 1 1 1 0 1 1 1 0 0 1 0 0 1 1 0 0 1 1 0 0 0 0 1 0 1 1 0 1 0 1 0 0 0 0 0 1 0 1 0 1 0 0 0 0 1 0 23
0 0 0 0 0 0 1 0 0 1 1 0 0 1 1 0 1 0 0 1 0 1 1 0 1 0 0 0 1 1 0 1 0 0 0 0 0 0 0 1 0 0 0 1 0 1 0 0 1 0 17
1 1 1 1 1 1 1 1 1 0 1 1 0 1 1 0 1 0 0 0 0 0 1 0 0 1 0 1 0 0 0 0 0 0 0 0 1 0 1 0 1 0 0 1 0 1 1 0 1 0 24
1 1 0 0 1 1 1 0 1 1 0 1 1 0 0 0 1 1 1 0 1 1 0 0 0 0 0 0 0 1 1 1 1 0 0 1 0 1 0 1 1 1 1 1 1 0 1 1 0 1 29
0 1 1 0 1 0 0 0 0 1 1 1 0 1 0 1 0 0 0 0 1 0 1 0 1 0 1 0 0 1 0 1 0 1 0 0 0 0 0 1 0 1 0 1 1 0 0 1 1 1 22
1 1 1 0 0 1 0 1 0 1 1 1 0 1 1 0 1 1 0 0 0 1 1 1 0 0 0 1 0 1 1 1 1 1 0 0 0 0 1 1 1 0 1 0 1 0 1 0 1 0 28
1 0 0 1 0 1 0 1 1 1 1 1 0 0 0 0 1 1 0 0 0 0 1 0 1 1 1 0 0 0 1 0 0 0 1 0 0 0 1 0 0 1 0 0 0 1 1 1 0 1 22
0 0 0 1 1 1 0 1 1 1 0 1 1 1 1 1 0 0 0 1 1 0 0 0 1 0 1 0 1 0 1 0 1 1 1 1 1 1 0 0 1 1 0 1 0 1 1 0 0 0 28
1 0 0 0 1 0 1 0 1 0 0 0 1 1 0 1 0 1 0 0 1 0 0 1 1 0 1 1 1 0 0 0 0 0 0 0 1 1 0 0 0 1 1 0 1 1 1 0 0 1 22
1 1 1 0 1 0 1 0 1 0 1 1 0 0 1 1 1 0 0 0 0 0 0 1 0 1 0 0 1 1 0 0 1 1 0 0 1 0 0 1 1 0 0 0 1 1 0 1 0 0 23
0 1 1 1 1 1 0 0 1 0 0 0 1 1 1 0 0 0 0 1 0 1 0 0 0 1 0 0 1 0 0 1 0 0 0 0 1 1 1 0 1 1 1 1 0 1 0 0 1 1 24
1 0 1 0 0 0 0 0 1 1 0 1 0 1 0 0 1 0 0 0 1 0 1 0 0 0 0 1 0 1 1 1 1 1 1 1 0 0 0 1 1 0 1 0 1 0 1 0 0 1 23
0 0 0 1 1 0 0 1 1 1 0 1 0 0 1 1 0 1 0 1 0 0 0 1 1 1 0 1 1 1 1 1 0 0 0 0 1 0 0 1 1 1 1 0 1 1 1 1 1 1 29
1 0 0 1 1 0 1 1 0 1 1 1 0 1 1 1 1 0 0 0 1 0 0 0 0 1 1 0 0 1 1 0 0 1 0 1 1 1 1 1 1 1 0 0 1 1 1 1 1 0 30
0 0 0 1 0 0 0 1 0 0 0 0 1 0 0 0 1 0 1 1 0 1 0 1 1 1 1 1 0 0 1 0 0 1 0 1 1 0 1 1 1 0 1 1 1 1 0 0 1 0 24
0 0 0 0 1 0 0 0 0 0 0 0 1 0 1 1 1 0 1 0 0 0 0 1 0 1 0 1 0 0 0 0 1 1 1 0 0 1 0 1 1 1 0 0 1 0 1 1 0 0 19
1 0 0 0 0 0 0 1 1 1 0 0 1 0 0 0 1 0 1 1 1 1 1 1 0 0 1 0 0 1 1 0 0 0 1 0 1 1 0 1 0 0 1 0 0 1 0 0 1 0 22
0 0 0 0 0 1 0 1 1 0 1 1 1 1 1 0 1 0 1 0 1 0 1 0 0 0 0 0 1 0 0 0 0 0 1 0 1 0 0 0 0 0 0 0 1 1 1 1 1 0 20
1 1 1 1 0 0 0 1 0 1 0 1 0 1 0 0 0 1 0 1 1 1 1 1 1 0 1 1 1 0 0 0 0 0 1 1 0 0 0 0 1 1 1 0 0 1 1 1 0 1 27
0 0 1 0 0 0 0 1 1 1 0 0 0 1 0 1 0 0 1 0 1 0 0 0 1 1 0 0 1 1 1 1 1 0 0 0 0 1 1 1 1 1 1 0 1 1 1 1 0 0 25
0 1 1 1 0 0 0 0 1 0 1 0 1 1 1 0 1 0 1 0 0 0 0 0 0 1 1 0 1 0 0 0 0 0 0 0 0 0 1 1 0 0 0 1 1 0 1 1 0 1 20
0 0 0 1 0 1 0 0 1 1 0 1 1 1 0 0 1 0 1 1 0 1 1 1 1 0 0 1 1 0 0 1 1 1 1 1 0 1 1 1 0 1 1 0 1 0 0 0 0 0 27
1 0 0 0 1 1 0 0 0 0 0 1 1 0 1 0 1 0 0 0 0 0 1 1 1 0 1 1 0 1 0 0 1 1 0 0 0 0 1 0 1 1 0 0 1 1 0 1 1 1 23
0 0 0 0 0 1 0 0 1 0 0 0 1 0 0 0 0 0 0 1 0 1 1 0 1 1 1 0 1 1 1 1 1 1 0 0 1 1 0 0 0 0 0 0 1 0 1 1 1 0 21
0 1 1 1 0 0 0 1 1 1 1 0 0 1 0 0 1 1 0 1 0 0 1 1 1 0 1 0 1 0 0 0 0 1 1 1 0 1 0 1 1 0 1 1 1 0 1 0 0 1 27
0 0 1 0 1 0 1 1 0 1 0 1 0 1 0 0 1 0 1 1 0 0 1 1 0 0 0 1 1 0 1 1 0 1 0 0 1 0 1 0 1 1 1 1 0 1 0 0 0 0 24
0 0 0 1 0 1 1 0 1 1 0 1 0 0 1 0 1 0 1 1 1 1 1 1 0 0 1 1 0 1 1 0 0 1 0 1 1 1 1 0 0 1 1 1 1 0 0 0 0 1 28
0 0 0 0 1 0 1 1 0 1 1 1 1 1 1 1 1 0 0 0 0 1 0 0 0 1 0 1 0 0 1 1 1 0 0 1 1 0 1 0 0 1 1 1 1 0 1 1 0 0 26
1 1 1 0 1 1 1 0 1 1 0 0 0 0 1 1 0 0 0 0 1 0 1 1 1 1 1 1 1 1 0 1 0 0 0 0 1 1 0 0 0 0 1 0 0 0 1 1 0 1 26
1 0 1 0 1 1 1 0 1 1 1 1 0 0 1 1 0 0 1 0 0 1 1 0 0 1 0 1 1 0 0 0 1 1 0 0 1 0 0 0 1 1 0 1 1 1 0 0 0 0 25
0 0 0 1 1 1 1 0 1 1 0 0 1 1 1 0 1 1 0 0 1 1 1 0 1 1 1 0 0 0 1 0 0 0 0 0 1 1 0 1 0 0 1 0 1 1 1 0 0 0 25
0 0 0 0 0 1 1 1 1 0 1 1 0 1 1 0 1 0 0 1 0 0 0 0 0 1 0 1 1 1 1 0 1 0 1 1 1 0 0 0 1 1 1 0 1 1 0 1 1 1 27
1 0 1 0 0 1 1 1 1 0 0 1 1 0 1 0 0 0 1 0 1 0 1 0 1 1 0 0 1 0 1 0 0 0 0 0 1 1 1 0 1 0 1 0 0 1 0 0 0 0 22
0 1 1 0 0 0 1 0 0 1 1 0 0 0 0 1 1 1 1 0 1 1 0 0 0 0 0 0 0 1 0 1 0 0 0 1 1 0 1 0 0 1 1 0 0 0 1 0 1 0 20
0 0 1 0 1 0 1 1 0 0 1 0 0 1 1 1 0 0 0 0 1 1 0 1 0 0 1 1 1 0 0 0 1 0 1 1 0 0 0 1 1 0 0 0 1 1 1 1 0 0 23
1 1 0 0 1 1 1 1 0 0 0 0 0 0 1 1 0 0 1 0 1 1 1 0 1 1 0 1 1 0 1 0 1 0 0 1 1 0 0 0 0 1 1 0 1 1 0 1 0 1 26
0 1 0 0 0 0 1 1 1 0 1 1 0 0 1 0 1 0 0 1 1 0 1 1 1 1 1 0 1 0 1 0 1 1 1 1 0 0 1 0 1 0 0 1 1 1 1 0 0 1 28
1 1 0 1 0 0 1 1 1 0 1 0 0 0 1 0 1 1 0 0 0 0 0 0 1 0 0 0 0 1 1 0 0 0 1 0 1 0 0 0 1 0 0 1 1 0 1 1 0 1 21
1 0 1 0 0 0 1 1 0 1 1 1 1 0 0 1 0 0 1 0 0 0 1 0 0 0 0 1 0 1 1 1 0 1 1 1 0 0 0 1 1 0 1 0 0 1 1 1 0 1 25
0 1 0 1 1 1 0 1 1 1 1 0 1 1 1 0 0 0 0 0 0 0 1 1 0 0 1 1 0 0 1 0 1 1 1 0 0 1 0 1 1 0 0 0 1 0 1 0 0 0 24
1 1 1 1 0 0 0 1 0 1 1 1 0 1 0 1 0 0 1 1 1 1 1 0 0 1 0 0 1 1 0 1 0 1 0 0 1 0 0 1 1 0 0 1 1 1 0 1 0 0 27
1 1 1 1 0 1 1 1 1 1 1 0 0 1 1 1 1 1 1 0 0 0 1 1 1 1 1 1 0 0 1 1 0 0 0 0 1 1 0 1 1 0 0 0 1 0 1 0 1 0 31
1 0 1 0 1 1 0 1 1 0 1 0 1 1 0 0 0 1 0 1 1 1 1 0 1 0 1 1 0 0 1 1 1 0 1 1 0 1 0 1 1 0 0 0 0 0 1 0 1 1 28
0 0 0 1 0 1 0 1 1 1 0 0 0 0 1 0 1 1 1 0 0 1 0 0 0 1 1 1 1 0 0 0 1 0 0 1 0 1 0 0 1 0 1 1 0 1 0 1 1 0 23
0 0 0 0 0 0 1 1 0 0 1 1 1 0 0 0 0 0 1 0 1 1 0 1 1 0 1 0 0 0 0 1 0 1 0 0 0 0 1 1 0 0 0 0 1 0 1 0 0 0 17
1 0 0 1 0 0 0 1 0 1 1 1 1 1 0 1 1 0 1 1 0 0 1 1 0 1 0 0 0 0 1 0 0 0 0 1 1 0 1 0 1 1 1 0 1 1 0 0 1 0 25
0 0 0 0 1 1 0 1 0 1 0 1 0 1 0 0 0 1 1 1 1 1 0 1 0 1 0 0 1 1 1 1 0 1 0 1 1 0 0 0 0 1 1 1 1 0 0 0 1 0 25
0 0 1 0 1 0 0 0 0 1 0 1 0 0 0 0 1 1 0 0 0 0 1 0 0 0 0 1 0 0 1 1 1 0 1 0 0 0 1 1 0 0 0 1 0 1 0 1 1 0 18
1 0 1 1 0 0 0 1 0 1 1 1 1 1 1 0 1 1 1 0 1 1 0 1 0 1 1 0 0 1 1 1 1 1 0 0 0 0 0 1 0 1 0 1 1 0 0 1 1 1 30
1 0 0 1 0 1 0 0 1 1 1 0 1 0 1 1 0 1 0 1 1 1 1 0 1 0 1 0 0 0 1 0 1 1 0 0 0 1 0 1 1 0 0 0 0 0 1 0 1 1 25
0 1 0 1 0 0 1 0 1 1 1 0 1 0 1 0 0 1 0 0 0 0 0 1 0 0 0 1 1 0 1 1 1 0 1 0 1 0 1 1 1 0 1 0 0 0 0 0 1 1 23
0 1 0 0 1 1 1 1 0 1 0 0 0 0 0 1 0 1 1 1 1 1 0 0 0 1 1 1 0 0 1 0 1 1 0 1 0 1 0 0 0 0 1 1 1 1 1 1 1 0 27
0 0 0 1 0 1 1 0 1 0 1 0 1 0 1 0 0 0 1 1 0 1 0 1 0 0 1 0 0 1 0 1 0 0 1 0 0 0 0 0 0 0 0 0 0 1 0 0 0 1 17
0 0 0 0 0 0 0 1 1 1 0 0 1 0 0 0 0 0 0 1 1 0 1 0 1 1 1 1 1 0 1 0 1 0 1 0 1 1 1 0 1 0 1 1 0 0 1 0 1 1 24
1 1 1 0 0 1 0 1 0 1 1 1 0 0 1 0 1 0 0 1 1 1 0 1 1 0 0 0 0 1 0 0 0 1 1 1 0 0 1 1 0 0 0 0 1 1 0 1 1 0 25
0 1 0 0 0 1 1 0 0 0 0 1 0 1 1 1 0 0 1 0 1 1 1 0 0 1 1 0 0 1 0 1 1 1 0 0 0 0 0 1 0 1 0 1 0 0 0 1 1 1 23
1 0 0 1 1 1 1 1 1 1 1 1 0 1 1 1 1 0 0 0 0 1 1 1 0 0 0 1 0 0 0 0 0 0 0 0 1 1 0 1 1 1 1 1 0 1 1 0 0 0 27
0 1 1 1 0 0 0 0 0 0 1 0 1 1 0 0 1 1 1 0 0 1 0 1 0 0 0 0 1 0 0 0 0 1 0 1 1 0 0 0 0 1 1 1 1 1 0 0 0 0 20
0 0 0 1 1 1 1 0 1 1 1 1 1 1 1 0 1 0 1 1 1 0 1 1 0 1 0 0 0 0 1 0 1 0 0 1 0 1 1 1 0 0 1 1 0 0 1 0 1 0 28
1 0 1 1 1 1 0 0 1 0 0 1 1 0 1 0 1 0 1 1 1 0 1 0 1 0 0 0 0 1 1 1 1 1 1 1 1 1 0 1 1 1 0 0 1 0 1 1 0 0 30
0 0 1 1 1 1 0 0 0 0 0 1 1 1 0 1 0 1 1 1 1 1 1 1 1 0 1 1 0 0 0 0 0 1 1 1 1 0 1 1 0 1 1 1 1 0 1 1 0 0 30
0 1 0 0 1 0 1 1 1 0 0 1 0 0 0 0 1 1 0 1 0 1 0 0 1 1 1 1 0 0 1 0 1 1 1 1 1 0 1 1 1 0 0 0 1 0 1 1 0 1 27
0 0 0 0 1 0 0 1 1 1 0 1 1 0 1 0 0 0 1 1 0 1 1 0 0 1 0 1 0 1 1 1 1 0 1 1 1 1 1 1 1 0 0 1 0 0 0 0 1 1 27
0 1 1 1 1 0 1 0 1 0 1 1 1 1 0 0 0 1 0 0 0 1 0 0 1 1 1 1 1 1 0 0 1 0 1 1 0 1 0 0 1 0 1 1 1 1 1 1 1 0 30
0 1 0 1 0 1 0 1 1 0 0 1 1 1 0 0 0 0 1 1 1 0 0 1 1 0 1 1 1 1 0 1 0 1 0 1 0 0 1 0 1 0 1 1 1 1 0 0 0 0 26
1 0 1 0 0 0 1 1 0 1 0 0 1 0 0 1 1 0 1 1 0 0 1 0 1 0 1 0 0 0 1 0 0 1 0 1 1 1 0 0 0 0 0 1 0 1 0 0 1 0 21
0 0 1 1 0 1 1 0 1 1 0 0 1 1 0 1 0 0 1 0 0 0 0 1 1 0 1 1 1 1 1 0 0 1 1 1 0 0 1 0 1 1 1 0 1 0 0 1 1 0 27
1 0 0 1 0 1 1 0 0 0 0 0 1 1 0 0 0 1 0 0 1 1 1 1 0 1 0 0 0 1 1 0 0 1 1 1 0 0 1 0 1 0 1 1 0 0 0 0 1 1 23
1 1 1 0 0 1 0 1 1 1 1 0 0 0 0 0 1 0 0 0 1 0 1 0 0 1 1 1 0 1 1 1 1 1 0 0 1 0 0 0 1 0 1 1 1 1 0 1 0 1 27
0 0 0 1 0 1 0 1 0 1 0 1 0 0 0 1 1 1 0 0 1 0 0 1 0 0 0 1 0 1 1 1 0 1 1 1 0 0 0 1 0 1 0 1 1 0 0 0 0 1 22
0 0 1 0 1 1 1 0 1 1 0 0 0 0 0 1 1 1 1 0 1 1 0 1 0 0 0 1 0 1 0 0 0 1 0 1 0 1 1 1 1 1 1 1 0 1 0 1 0 1 27
0 1 1 0 0 0 0 1 0 1 1 0 0 1 0 0 0 0 0 0 0 1 0 0 0 0 0 1 0 1 0 1 0 0 1 0 1 0 1 0 0 1 0 1 1 0 1 0 1 1 19
1 0 1 1 0 0 1 1 1 0 1 1 0 1 0 1 0 1 0 0 0 0 0 1 1 1 1 1 0 0 0 0 0 1 1 0 0 1 1 1 0 1 0 1 0 1 1 0 0 1 26
1 1 1 1 0 0 0 1 0 0 1 0 1 0 1 0 0 1 1 0 0 0 0 1 1 1 1 0 0 1 1 1 0 0 1 1 0 1 0 0 1 1 0 0 1 0 0 0 0 0 23
1 1 0 1 1 1 0 1 1 0 0 0 0 1 0 0 1 1 0 0 0 0 0 1 0 0 1 0 1 1 0 1 0 0 0 0 0 0 0 0 1 0 1 0 0 0 1 0 1 1 20
0 1 0 1 1 1 0 0 0 0 1 0 0 1 1 0 1 0 1 0 0 0 1 1 1 0 1 1 1 0 0 0 1 1 1 0 0 0 1 1 0 1 0 1 1 0 0 1 0 1 25
1 0 0 1 1 0 0 0 1 0 1 0 0 1 0 0 1 0 0 0 1 1 0 1 1 0 1 0 0 0 1 1 0 0 1 0 1 0 0 0 0 0 1 1 0 1 0 1 0 0 20
0 1 0 1 1 0 1 0 1 1 1 0 0 0 0 1 0 1 1 0 1 0 0 1 1 1 1 0 1 1 0 1 0 0 0 1 1 1 0 0 1 0 1 1 1 1 0 1 1 1 29
1 0 0 0 1 1 1 0 1 1 1 0 0 0 1 1 1 1 0 0 0 1 1 0 1 1 1 1 0 1 0 0 0 1 1 0 1 0 1 1 0 1 1 1 0 1 1 1 1 1 31
0 1 1 1 0 0 0 1 1 1 0 1 0 0 0 1 1 1 1 0 1 1 1 0 1 1 1 1 0 1 0 0 0 1 1 0 1 0 1 1 0 0 1 0 1 1 1 0 1 1 30
0 0 0 1 1 1 1 1 0 1 0 0 1 1 1 0 0 1 1 1 1 1 1 1 1 0 0 0 0 0 0 0 0 0 0 0 0 1 0 1 0 1 0 1 0 1 1 1 0 0 24
1 1 1 1 1 0 1 1 1 1 0 0 0 1 0 0 0 1 0 1 0 0 1 1 1 0 1 0 1 0 1 0 1 1 0 0 1 0 0 1 1 0 0 1 0 1 1 0 1 1 28
1 0 1 0 1 0 0 0 0 0 1 0 0 1 1 1 1 0 1 1 1 1 1 0 0 0 1 1 1 1 1 0 1 0 0 1 0 0 0 0 0 0 1 1 1 0 0 0 0 1 24
0 0 0 0 1 0 0 0 1 1 0 1 0 0 1 1 0 1 0 0 0 0 1 1 0 0 1 0 0 1 1 0 1 1 0 0 1 0 1 0 0 0 0 0 0 1 0 1 1 1 20
0 1 1 0 0 1 1 1 0 0 0 0 1 1 0 1 1 1 1 0 0 1 1 1 0 0 1 0 0 0 0 1 1 0 0 1 1 0 1 0 0 1 0 1 1 0 1 0 0 0 24
0 1 1 0 0 1 1 0 0 1 0 1 1 0 0 0 0 0 1 1 1 0 0 0 0 0 1 0 0 1 1 0 1 1 0 0 0 0 1 0 1 1 0 1 1 1 0 1 1 1 24
1 0 1 0 0 1 0 0 0 1 0 0 1 0 0 0 0 1 1 0 1 0 0 1 1 0 1 0 0 0 1 0 1 0 0 1 1 1 0 1 0 1 0 0 0 1 1 0 0 1 21
1 0 1 0 0 1 1 0 0 1 0 0 1 0 1 0 0 0 1 0 0 1 0 0 0 1 1 1 1 1 1 1 1 1 0 0 0 0 0 0 1 0 0 1 0 0 1 1 1 1 24
0 1 1 0 0 0 1 0 1 1 0 0 0 1 1 1 0 1 1 0 1 0 0 1 1 1 1 1 1 0 0 0 0 0 0 0 0 1 1 1 0 0 0 1 0 1 1 1 0 1 25
0 0 1 0 0 0 0 0 0 0 1 1 1 0 0 0 1 1 0 0 1 0 1 1 0 1 1 0 1 0 1 0 0 0 1 1 1 0 1 0 0 0 1 1 0 0 0 0 0 1 20
1 1 0 0 1 1 1 0 0 1 0 0 1 1 1 1 1 1 0 1 1 1 1 0 0 0 1 1 1 1 0 0 0 0 0 1 1 0 0 1 0 0 1 0 0 0 0 1 1 0 26
0 0 0 1 0 1 0 0 1 0 0 1 1 0 1 1 1 0 0 1 0 0 1 1 1 1 0 1 0 0 0 0 1 0 0 1 1 0 0 1 1 0 0 1 1 0 1 1 1 1 25
1 0 0 0 0 1 0 0 0 1 0 0 1 1 0 1 1 0 0 1 1 1 0 1 0 0 0 0 1 0 0 0 1 0 1 0 0 1 1 1 0 1 1 1 1 0 1 1 1 0 24
0 1 0 0 1 0 1 1 1 1 1 0 1 0 0 1 0 1 0 0 0 0 0 1 0 0 1 1 1 0 0 1 1 0 0 1 1 1 0 1 0 1 0 1 0 0 0 0 1 1 24
0 1 0 1 1 0 0 0 1 0 0 0 1 0 0 1 1 1 1 0 1 0 0 1 1 0 0 0 1 1 0 1 0 0 1 1 0 1 1 1 0 1 0 1 0 0 1 1 0 1 25
1 1 1 1 0 0 0 1 0 0 0 0 1 0 0 0 1 1 1 1 1 0 0 0 1 1 0 1 0 1 1 0 1 0 1 1 1 1 1 0 1 0 1 1 0 1 1 1 1 0 29
1 0 0 1 0 1 0 1 0 0 0 0 0 1 0 1 1 0 1 0 0 0 0 0 1 1 1 1 1 0 1 1 1 1 1 1 1 1 1 1 1 0 0 1 1 0 1 0 1 0 28
1 0 1 0 0 0 0 0 0 1 1 1 1 1 1 0 0 1 1 1 0 0 1 0 1 0 0 1 0 0 1 0 1 0 0 0 1 1 1 1 1 0 0 0 0 1 0 0 0 0 22
0 0 0 1 0 1 0 1 0 1 1 1 0 1 0 1 0 1 0 0 1 0 0 1 1 1 1 0 1 0 0 0 1 0 0 1 1 0 1 1 1 1 1 0 1 0 1 1 1 0 27
1 1 1 0 0 0 1 0 0 0 0 0 0 1 1 0 0 0 1 1 0 1 0 0 0 1 0 1 1 1 1 1 1 0 1 0 0 0 0 0 1 1 0 0 0 1 1 0 0 1 22
0 1 0 1 0 0 1 1 1 0 0 1 1 1 0 0 0 0 1 1 1 0 0 0 0 0 0 0 0 1 0 0 0 0 0 0 0 0 0 1 1 0 0 1 0 1 0 0 1 0 17
0 1 0 1 0 1 0 1 1 1 0 1 0 0 1 0 1 1 1 1 1 1 1 0 0 0 1 1 1 0 0 1 0 1 0 0 1 1 0 0 1 0 0 1 1 1 0 1 0 0 27
1 0 1 0 0 1 0 1 0 1 1 1 0 1 1 0 0 1 0 1 1 0 1 0 1 0 1 0 0 1 1 0 1 0 1 1 0 1 1 1 0 0 0 1 1 1 0 0 1 0 27
1 1 0 0 1 1 0 0 1 0 1 1 1 1 1 0 1 1 1 0 0 0 1 1 0 0 1 1 0 1 0 0 1 0 0 1 0 1 0 1 0 1 0 1 1 0 1 0 0 1 27
0 0 1 1 1 1 0 0 1 1 0 1 1 1 0 1 0 0 0 0 1 0 0 1 0 1 1 1 1 0 0 1 1 1 0 0 1 1 1 1 0 0 0 0 1 1 1 1 0 0 27
1 1 1 1 0 0 0 0 1 1 0 1 0 0 0 0 1 0 1 1 1 1 1 0 0 1 0 0 0 0 1 0 1 0 0 0 1 0 0 1 1 1 0 1 1 0 1 1 0 1 25
1 1 1 1 0 0 0 0 1 1 1 0 1 0 0 1 0 1 1 0 0 1 1 1 0 1 0 0 1 0 0 0 1 0 0 1 0 0 1 0 0 1 0 1 1 1 1 0 1 0 25
0 0 0 0 0 1 1 1 0 1 1 1 0 0 1 0 0 0 0 1 1 1 0 1 0 0 0 1 1 0 0 1 0 0 0 0 1 1 0 0 1 1 0 1 0 0 0 1 0 0 20
0 1 1 0 1 1 1 0 1 0 0 0 0 0 1 0 1 0 1 0 0 1 1 0 0 1 0 1 1 1 0 0 0 1 0 0 0 0 0 1 0 0 0 1 0 0 0 1 1 0 20
1 1 0 0 0 0 0 1 0 1 0 1 1 0 1 0 1 0 1 1 0 1 0 0 0 0 0 1 1 0 0 1 0 0 1 1 1 1 0 0 0 0 0 0 0 1 1 0 0 1 21
1 1 1 0 0 0 1 0 1 1 1 1 1 1 1 0 0 0 0 1 1 1 1 0 1 1 0 0 0 1 1 0 0 1 1 1 1 1 0 0 1 1 0 1 0 0 1 1 0 0 29
1 0 1 0 1 1 0 0 1 1 1 1 1 1 0 1 1 0 0 1 1 1 1 0 1 0 1 0 0 1 0 1 1 0 1 0 1 1 0 1 0 1 1 1 0 1 1 1 1 1 33
0 1 1 0 0 1 1 0 0 1 0 0 0 0 1 0 0 1 0 0 1 0 0 1 1 1 1 1 0 1 1 0 0 1 0 1 1 0 1 0 0 0 0 0 1 1 0 0 0 1 22
1 1 1 1 1 0 1 1 1 1 0 0 0 1 1 1 0 1 1 1 1 0 0 1 1 0 1 0 0 0 1 1 0 1 1 0 1 0 0 0 1 1 0 1 1 1 0 0 1 0 30
1 1 0 0 0 1 1 0 0 1 1 0 0 0 0 0 0 1 0 0 1 1 0 1 0 0 0 0 1 0 0 0 1 1 1 1 1 0 0 0 1 0 1 1 0 1 1 0 1 1 23
1 0 1 1 1 0 1 1 0 1 0 0 0 0 1 0 1 0 0 1 1 0 0 0 1 0 1 1 0 0 0 1 0 1 0 0 1 1 1 0 0 0 1 1 1 1 1 0 0 1 25
1 0 1 0 1 1 1 1 1 1 0 1 0 1 1 1 1 0 1 0 0 0 1 0 0 1 1 0 0 1 0 0 0 0 0 0 1 0 1 0 0 1 0 1 0 0 1 0 1 1 25
1 0 0 0 0 1 0 1 1 1 0 0 1 0 0 0 0 1 0 0 1 1 0 0 0 1 1 1 1 1 0 0 0 0 1 0 0 0 0 1 0 0 1 0 0 1 0 1 1 1 21
1 1 0 0 0 0 0 0 1 0 1 0 0 1 1 1 0 0 0 1 1 1 0 0 1 0 1 1 1 1 0 0 0 0 1 1 1 0 1 1 0 0 0 1 1 1 0 1 1 1 26
1 1 1 0 1 0 1 1 1 0 0 1 1 1 1 1 1 0 0 0 1 0 1 1 0 1 0 1 0 1 0 1 0 0 1 0 1 1 0 1 1 0 1 0 1 0 1 0 0 0 28
1 1 1 1 1 1 0 1 0 0 1 1 0 1 1 1 1 1 1 1 0 0 0 1 0 0 1 0 0 0 0 0 1 0 0 0 0 1 0 1 0 1 0 0 1 0 0 0 0 1 24
0 1 0 0 1 1 0 0 1 1 1 1 0 1 0 1 1 1 0 1 1 0 0 0 1 1 0 1 0 0 0 0 1 0 1 1 0 1 1 1 1 0 0 1 1 0 1 0 0 1 27
0 1 1 0 0 0 0 0 0 1 0 0 0 0 0 1 0 1 1 1 1 0 1 0 1 0 0 1 1 0 0 1 1 0 0 1 0 0 1 0 0 1 0 1 0 0 0 0 0 1 19
1 1 1 1 0 0 1 0 1 1 1 0 1 1 0 0 0 1 1 0 1 0 0 0 0 0 0 0 0 1 1 1 1 0 0 1 0 0 0 1 1 1 0 0 0 0 0 0 0 1 22
0 0 0 1 0 1 0 1 0 0 0 1 1 0 0 1 0 0 1 1 1 1 0 1 0 1 1 0 1 1 0 1 0 1 1 1 0 1 0 1 0 0 0 1 0 1 0 0 1 0 24
1 0 1 0 1 1 1 0 0 1 1 1 0 0 0 0 0 0 0 1 1 0 0 0 0 0 0 0 1 0 0 1 1 1 0 1 1 1 1 0 1 0 1 1 1 1 0 0 0 0 23
1 0 0 1 0 0 0 1 0 1 0 0 0 0 0 0 0 0 0 0 0 0 0 0 0 0 0 0 0 0 0 0 0 0 0 0 0 0 0 0 0 0 1 1 0 1 0 1 1 1 10
0 0 0 0 0 0 0 0 0 0 0 0 0 0 0 0 0 0 0 0 0 0 0 1 0 0 0 0 0 0 0 0 0 0 0 0 0 0 0 0 0 0 0 0 0 0 0 0 0 0 1
0 0 0 0 0 0 0 0 0 0 0 0 0 0 0 0 0 0 0 0 0 0 0 0 0 0 0 0 0 0 0 0 0 0 0 0 0 0 0 0 0 0 0 0 0 0 0 1 0 0 1
0 0 0 0 0 0 0 0 0 0 0 0 0 0 0 0 0 0 0 0 0 0 1 0 0 0 0 0 0 0 0 0 0 0 0 0 0 0 0 0 0 0 0 0 0 0 0 0 0 0 1
0 0 0 0 0 0 0 0 0 0 0 0 0 0 0 0 0 0 0 0 0 0 0 0 0 0 0 0 0 0 0 0 0 0 0 0 0 0 0 0 0 1 0 0 0 0 0 0 0 0 1
0 0 0 0 0 0 0 0 0 0 0 0 0 0 0 0 0 0 0 0 0 0 0 0 0 0 0 0 0 1 0 0 0 0 0 0 0 0 0 0 0 0 0 0 0 0 0 0 0 0 1
0 0 0 0 0 0 0 0 0 0 0 0 0 0 0 0 0 0 1 0 0 0 0 0 0 0 0 0 0 0 0 0 0 0 0 0 0 0 0 0 0 0 0 0 0 0 0 0 0 0 1
0 0 0 0 0 0 0 0 0 0 0 0 0 0 0 0 0 0 0 0 0 0 0 0 0 0 0 0 0 0 0 0 0 0 0 0 0 0 0 0 0 0 0 0 0 0 0 0 0 1 1
0 1 0 0 0 0 0 0 0 0 0 0 0 0 0 0 0 0 0 0 0 0 0 0 0 0 0 0 0 0 0 0 0 0 0 0 0 0 0 0 0 0 0 0 0 0 0 0 0 0 1
0 0 0 0 1 0 0 0 0 0 0 0 0 0 0 0 0 0 0 0 0 0 0 0 0 0 0 0 0 0 0 0 0 0 0 0 0 0 0 0 0 0 0 0 0 0 0 0 0 0 1
0 0 0 0 0 0 0 0 0 0 0 0 0 0 0 0 0 0 0 0 0 0 0 0 0 0 1 0 0 0 0 1 0 0 0 0 0 0 0 0 0 0 0 0 0 0 0 0 0 0 2
0 0 0 0 0 0 0 0 0 0 0 0 0 0 0 0 0 0 0 0 0 0 0 0 0 0 0 0 0 0 0 0 0 0 0 0 0 0 0 0 1 0 0 0 0 0 0 0 0 0 1
0 0 0 0 0 0 0 0 0 0 0 0 0 0 0 0 0 0 0 0 0 0 0 0 0 0 0 0 0 1 0 0 0 0 0 0 0 0 0 0 0 0 0 0 0 0 0 0 0 0 1
0 0 0 0 0 0 0 0 0 0 0 0 0 0 0 0 0 0 0 0 0 0 0 0 0 0 0 0 0 0 0 0 0 0 0 0 0 0 0 0 0 0 0 0 0 0 0 1 0 0 1
0 0 0 0 0 0 0 0 0 0 0 0 0 0 0 0 0 0 0 0 0 0 0 0 0 0 0 0 0 0 0 0 0 0 0 0 0 0 0 0 0 0 0 0 0 0 0 0 1 0 1
0 0 0 0 0 0 0 0 0 0 0 0 0 0 0 0 0 0 0 0 0 0 0 0 0 0 0 0 0 0 0 0 0 0 1 0 0 0 0 0 0 0 0 0 0 0 0 0 0 0 1
0 0 0 0 0 0 0 0 0 0 0 0 0 0 0 0 0 0 0 0 0 0 0 0 0 0 0 0 0 0 0 0 1 0 0 0 0 0 0 0 0 0 0 0 0 0 0 0 0 0 1
0 0 0 0 0 0 0 0 0 0 0 0 0 0 0 0 0 0 0 0 1 0 0 0 0 0 0 0 0 0 0 0 0 0 0 0 0 0 0 0 0 0 0 0 0 0 0 0 0 0 1
0 0 0 0 0 0 0 0 0 0 0 0 0 0 0 0 0 0 0 0 0 0 0 0 0 0 0 0 0 0 0 0 1 0 0 0 0 0 0 0 0 0 0 0 0 0 0 0 0 0 1
0 0 0 0 0 0 0 0 0 0 0 0 0 0 0 0 0 0 0 0 0 0 0 1 0 0 0 0 0 0 0 0 0 0 0 0 0 0 0 0 0 0 0 0 0 0 0 0 0 0 1
0 0 0 0 0 0 0 0 0 0 0 1 0 0 0 0 0 0 0 0 0 0 0 0 0 0 0 0 0 0 0 0 0 0 0 0 0 0 0 0 0 0 0 0 0 0 0 0 0 0 1
0 0 0 0 0 0 0 1 0 0 0 0 0 0 0 0 0 0 0 0 0 0 0 0 0 0 0 0 0 0 0 0 0 0 0 0 0 0 0 0 0 0 0 0 0 0 0 0 0 0 1
0 0 0 0 0 0 0 0 0 0 0 0 0 0 0 0 0 0 0 0 0 0 0 0 0 0 0 0 0 0 0 0 0 0 0 0 0 0 0 0 0 0 0 0 0 1 0 0 0 0 1
0 0 0 0 0 0 0 0 0 0 0 0 0 0 0 0 0 0 0 0 0 0 0 0 0 0 0 0 0 0 0 0 0 0 0 0 0 0 0 0 0 0 0 0 0 1 0 0 0 0 1
0 0 0 0 0 0 0 0 0 0 0 0 0 0 0 0 0 0 0 0 0 0 0 0 0 0 0 0 0 0 0 0 0 0 0 0 0 0 0 0 0 1 0 0 0 0 0 0 0 0 1
0 0 0 0 0 0 0 0 0 0 0 1 0 0 0 0 0 0 0 0 0 0 0 0 0 0 0 0 0 0 0 0 0 0 0 0 0 0 0 0 0 0 0 0 0 0 0 0 0 0 1
0 0 0 0 0 0 0 0 0 0 0 0 0 0 0 0 0 0 0 0 0 0 0 0 0 0 0 0 0 0 0 0 0 0 0 0 0 0 0 0 0 0 0 0 0 0 0 1 0 0 1
0 0 0 0 0 1 0 0 0 0 0 0 0 0 0 0 0 0 0 0 0 0 0 0 0 0 0 0 0 0 0 0 0 0 0 0 0 0 0 0 0 0 0 0 0 0 0 0 0 0 1
0 0 0 0 0 0 0 0 0 0 0 0 0 0 0 0 0 0 0 0 0 0 0 0 0 1 0 0 0 0 0 0 0 0 0 0 0 0 0 0 0 0 0 0 0 0 0 0 0 0 1
0 0 0 0 0 0 0 0 0 0 0 0 0 0 0 0 0 0 0 0 0 0 0 0 0 0 0 0 0 0 0 1 0 0 0 0 0 0 0 0 0 0 0 0 0 0 0 0 0 0 1
0 0 0 0 0 0 0 0 0 0 0 0 0 0 0 0 0 0 0 0 0 0 0 0 0 0 0 0 0 0 0 0 0 0 0 0 0 0 0 0 0 0 0 0 0 0 0 0 0 1 1
0 0 0 0 0 0 0 0 0 0 0 0 0 0 0 0 0 0 1 0 0 0 0 0 0 0 0 0 0 0 0 0 0 0 0 0 0 0 0 0 0 0 0 0 0 0 0 0 0 0 1
0 0 0 0 0 0 0 0 0 0 0 0 0 0 0 0 0 0 0 0 0 0 0 0 0 0 0 0 0 0 0 0 0 1 0 0 0 0 0 0 0 0 0 0 0 0 0 0 0 0 1
0 0 0 0 0 0 0 0 0 0 0 0 0 0 0 0 0 0 0 0 0 0 0 0 0 0 0 0 0 0 0 0 0 0 0 0 0 0 0 0 0 0 0 0 0 0 0 0 1 0 1
0 0 0 0 0 0 0 0 0 0 0 0 0 0 0 0 0 0 0 0 0 0 0 0 0 0 0 0 0 0 1 0 0 0 0 0 0 0 0 0 0 0 0 0 0 0 0 0 0 0 1
0 0 0 0 0 0 0 0 0 0 0 0 0 0 0 0 0 0 0 0 0 0 0 0 0 0 0 0 0 0 0 0 0 0 0 0 0 0 0 0 0 0 0 0 0 0 1 0 0 0 1
0 0 0 0 0 0 0 0 0 0 0 0 0 0 0 1 0 0 0 0 0 0 0 0 0 0 0 0 0 0 0 0 0 0 0 0 0 0 0 0 0 0 0 0 0 0 0 0 0 0 1
0 0 0 0 0 0 0 0 0 0 0 0 0 0 0 0 0 0 0 0 0 0 0 0 0 0 0 0 0 0 0 0 0 0 0 0 0 0 0 0 0 1 0 0 0 0 0 0 0 0 1
0 0 0 0 0 0 0 0 0 0 0 0 0 0 0 0 0 1 0 0 0 0 0 0 0 0 0 0 0 0 0 0 0 0 0 0 0 0 0 0 0 0 0 0 0 0 0 0 0 0 1
0 0 0 0 0 1 0 0 0 0 0 0 0 0 0 0 0 0 0 0 0 0 0 0 0 0 0 0 0 0 0 0 0 0 0 0 0 0 0 0 0 0 0 0 0 0 0 0 0 0 1
0 0 0 0 0 0 0 0 0 0 0 0 0 0 0 0 0 0 0 0 0 0 0 0 0 0 0 0 0 0 0 0 0 0 0 0 0 0 0 0 1 0 0 0 0 0 0 0 0 0 1
0 0 0 0 0 0 0 0 0 0 0 0 0 0 0 0 0 0 0 0 0 0 0 0 0 0 0 0 0 0 0 0 0 0 0 0 0 1 0 0 0 0 0 0 0 0 0 0 0 0 1
0 0 0 0 0 0 1 0 0 0 0 0 0 0 0 0 0 0 0 0 0 0 0 0 0 0 0 0 0 0 0 0 0 0 0 0 0 0 0 0 0 0 0 0 0 0 0 0 0 0 1
0 0 0 0 0 0 0 0 0 0 0 0 0 0 0 0 0 0 0 0 0 0 0 0 0 1 0 0 0 0 0 0 0 0 0 0 0 0 0 0 0 0 0 0 0 0 0 0 0 0 1
0 0 0 0 0 0 0 0 0 0 0 0 0 0 0 0 0 0 0 0 0 0 0 0 0 0 0 0 0 0 0 0 0 0 0 0 0 0 0 0 0 1 0 0 0 0 0 0 0 0 1
0 0 0 0 0 0 0 0 0 0 0 0 0 0 0 0 0 0 0 0 1 0 0 0 0 0 0 0 0 0 0 0 0 0 0 0 0 0 0 0 0 0 0 0 0 0 0 0 0 0 1
0 0 0 0 0 0 0 1 0 0 0 0 0 0 0 0 0 0 0 0 0 0 0 0 0 0 0 0 0 0 0 0 0 0 0 0 0 0 0 0 0 0 0 0 0 0 0 0 0 0 1
0 0 0 0 0 0 0 0 0 0 0 0 0 0 0 0 0 0 0 0 0 0 0 0 0 0 0 0 0 0 0 0 0 0 0 0 0 0 0 0 1 0 0 0 0 0 0 0 0 0 1
0 0 0 0 0 0 0 0 0 0 0 0 0 0 0 0 0 0 0 0 0 0 0 0 0 0 0 0 0 0 0 0 0 0 0 1 0 0 0 0 0 0 0 0 0 0 0 0 0 0 1
0 0 0 0 0 0 0 0 0 0 0 0 0 0 0 0 0 0 0 0 0 0 0 0 0 1 0 0 0 0 0 0 0 0 0 0 0 0 0 0 0 0 0 0 0 0 0 0 0 0 1
0 0 0 0 0 0 0 0 0 0 0 0 0 0 0 0 0 0 0 0 0 0 0 0 0 0 0 0 0 0 0 0 0 0 0 0 0 0 0 0 0 0 0 0 1 0 0 0 0 0 1
0 0 0 0 0 0 0 0 0 0 0 0 0 0 0 0 0 0 0 0 0 0 0 0 0 0 1 0 0 0 0 0 0 0 0 0 0 0 0 0 0 0 0 0 0 0 0 0 0 0 1
0 0 0 0 0 0 0 0 0 0 0 0 0 0 0 0 0 0 0 0 0 0 0 0 0 0 0 0 0 0 0 0 0 0 0 0 0 0 0 0 0 0 0 0 1 0 0 0 0 0 1
0 0 0 0 0 0 0 0 0 0 0 0 0 0 0 0 0 0 0 0 0 0 0 0 0 0 0 0 1 0 0 0 0 0 0 0 0 0 0 0 0 0 0 0 0 0 0 0 0 0 1
0 0 0 0 0 1 0 0 0 0 0 0 0 0 0 0 0 0 0 0 0 0 0 0 0 0 0 0 0 0 0 0 0 0 0 0 0 0 0 0 0 0 0 0 0 0 0 0 0 0 1
0 0 0 0 0 0 0 0 0 0 1 0 0 0 0 0 0 0 0 0 0 0 0 0 0 0 0 0 0 0 0 0 0 0 0 0 0 0 0 0 0 0 0 0 0 0 0 0 0 0 1
0 0 0 0 0 0 0 0 0 0 0 0 0 0 0 0 0 0 0 0 0 0 0 1 0 0 0 0 0 0 0 0 0 0 0 0 0 0 0 0 0 0 0 0 0 0 0 0 0 0 1
0 0 0 0 0 0 0 0 0 0 0 0 0 0 0 0 0 0 0 0 0 0 0 0 0 0 0 0 0 0 0 0 0 0 0 0 0 0 1 0 0 0 0 0 0 0 0 0 0 0 1
89 83 84 82 76 89 79 83 99 102 82 84 80 86 82 79 87 79 87 82 96 75 79 83 84 78 91 85 78 80 80 76 80 76 69 85 82 75 78 88 87 83 75 99 89 86 89 75 86 85 4166
