NameTTD		Time
1		4
2		10
3		8
4		8
5		2
6		9
7		6
8		5
9		2
10		6
11		3
12		5
13		8
14		9
15		6
16		1
17		3
18		9
19		4
20		2
21		2
22		10
23		1
24		6
25		10
26		3
27		9
28		4
29		6
30		9
31		4
32		5
33		2
34		3
35		4
36		8
37		3
38		10
39		8
40		5
41		9
42		4
43		4
44		5
45		2
46		9
47		4
48		8
49		1
50		6
51		5
52		3
53		4
54		9
55		6
56		3
57		7
58		3
59		1
60		10
61		5
62		3
63		3
64		6
65		3
66		7
67		4
68		4
69		5
70		8
71		6
72		6
73		4
74		7
75		9
76		2
77		8
78		8
79		3
80		2
81		5
82		7
83		3
84		6
85		4
86		5
87		5
88		10
89		5
90		1
91		6
92		1
93		3
94		8
95		10
96		5
97		7
98		9
99		4
100		2
