NameTTD		Time
1		4
2		7
3		9
4		5
5		3
6		3
7		3
8		7
9		10
10		6
11		5
12		3
13		3
14		4
15		2
16		3
17		3
18		9
19		9
20		2
21		2
22		5
23		2
24		3
25		6
26		2
27		3
28		2
29		5
30		8
31		3
32		5
33		5
34		8
35		3
36		10
37		6
38		9
39		5
40		7
41		9
42		4
43		4
44		6
45		9
46		7
47		6
48		8
49		4
50		1
51		9
52		6
53		8
54		10
55		2
56		7
57		8
58		7
59		5
60		2
61		6
62		2
63		5
64		4
65		4
66		7
67		3
68		6
69		9
70		9
71		4
72		3
73		3
74		4
75		3
76		8
77		3
78		6
79		10
80		8
81		3
82		7
83		3
84		4
85		5
86		2
87		5
88		2
89		7
90		8
91		9
92		1
93		6
94		8
95		10
96		5
97		2
98		10
99		7
100		3
