NameTTD		Time
1		5
2		6
3		4
4		10
5		6
6		1
7		10
8		9
9		9
10		3
11		9
12		9
13		10
14		6
15		3
16		3
17		9
18		6
19		5
20		4
21		5
22		5
23		7
24		3
25		9
26		4
27		4
28		8
29		4
30		3
31		2
32		5
33		1
34		9
35		5
36		5
37		8
38		4
39		9
40		2
41		8
42		3
43		5
44		7
45		5
46		5
47		9
48		3
49		3
50		4
51		6
52		2
53		8
54		1
55		8
56		8
57		7
58		2
59		4
60		2
61		5
62		9
63		4
64		10
65		1
66		9
67		8
68		4
69		5
70		7
71		8
72		9
73		5
74		2
75		7
76		3
77		3
78		2
79		9
80		2
81		3
82		5
83		9
84		5
85		8
86		9
87		5
88		7
89		2
90		4
91		9
92		2
93		9
94		5
95		4
96		6
97		3
98		4
99		4
100		9
