NameTTD		Time
1		5
2		4
3		10
4		7
5		4
6		8
7		9
8		5
9		6
10		1
11		9
12		8
13		9
14		6
15		9
16		6
17		6
18		7
19		5
20		4
21		10
22		5
23		2
24		3
25		2
26		8
27		8
28		9
29		8
30		6
31		8
32		5
33		8
34		5
35		4
36		6
37		3
38		4
39		7
40		4
41		2
42		2
43		10
44		9
45		7
46		2
47		10
48		9
49		5
50		8
51		6
52		9
53		4
54		2
55		3
56		8
57		1
58		2
59		6
60		2
61		10
62		7
63		3
64		1
65		7
66		1
67		7
68		7
69		2
70		4
71		6
72		5
73		3
74		5
75		2
76		10
77		6
78		3
79		4
80		4
81		9
82		8
83		1
84		5
85		2
86		10
87		6
88		10
89		6
90		8
91		9
92		1
93		7
94		10
95		10
96		4
97		5
98		4
99		9
100		1
