NameTTD		Time
1		5
2		8
3		8
4		3
5		4
6		5
7		4
8		3
9		5
10		8
11		10
12		5
13		3
14		2
15		1
16		2
17		7
18		3
19		2
20		8
21		9
22		10
23		3
24		7
25		8
26		7
27		4
28		7
29		3
30		2
31		4
32		8
33		8
34		6
35		4
36		6
37		5
38		9
39		5
40		6
41		7
42		4
43		5
44		5
45		1
46		4
47		8
48		8
49		4
50		1
51		10
52		4
53		7
54		6
55		9
56		5
57		8
58		2
59		9
60		8
61		7
62		8
63		2
64		1
65		3
66		2
67		2
68		6
69		8
70		9
71		4
72		2
73		9
74		5
75		5
76		3
77		8
78		9
79		5
80		6
81		3
82		7
83		5
84		2
85		6
86		3
87		10
88		9
89		3
90		2
91		7
92		9
93		2
94		6
95		7
96		4
97		5
98		2
99		6
100		5
