NameTTD		Time
1		2
2		8
3		7
4		7
5		10
6		7
7		9
8		1
9		3
10		8
11		9
12		6
13		4
14		3
15		10
16		10
17		8
18		6
19		2
20		5
21		5
22		6
23		7
24		2
25		6
26		5
27		5
28		1
29		9
30		4
31		4
32		9
33		6
34		2
35		7
36		6
37		9
38		4
39		5
40		6
41		9
42		3
43		2
44		9
45		6
46		8
47		6
48		8
49		1
50		6
51		5
52		4
53		6
54		7
55		2
56		7
57		5
58		5
59		8
60		1
61		10
62		1
63		8
64		4
65		6
66		4
67		1
68		5
69		4
70		3
71		9
72		10
73		4
74		8
75		9
76		1
77		2
78		10
79		6
80		3
81		7
82		9
83		3
84		5
85		4
86		8
87		1
88		2
89		8
90		5
91		3
92		2
93		2
94		8
95		7
96		8
97		10
98		5
99		3
100		1
