NameTTD		Time
1		3
2		2
3		9
4		10
5		6
6		5
7		7
8		7
9		2
10		10
11		5
12		10
13		5
14		8
15		4
16		5
17		6
18		3
19		4
20		6
21		1
22		8
23		5
24		2
25		2
26		2
27		3
28		2
29		4
30		6
31		2
32		5
33		6
34		8
35		9
36		3
37		6
38		8
39		2
40		7
41		8
42		2
43		8
44		5
45		7
46		7
47		9
48		9
49		4
50		9
51		2
52		5
53		2
54		9
55		8
56		6
57		6
58		4
59		5
60		6
61		7
62		1
63		6
64		5
65		9
66		4
67		8
68		7
69		1
70		10
71		2
72		4
73		7
74		6
75		6
76		5
77		10
78		7
79		7
80		2
81		5
82		5
83		6
84		1
85		2
86		9
87		4
88		4
89		8
90		2
91		5
92		10
93		4
94		7
95		4
96		10
97		5
98		10
99		6
100		5
