NameTTD		Time
1		2
2		9
3		5
4		5
5		1
6		3
7		4
8		4
9		5
10		5
11		9
12		8
13		2
14		2
15		10
16		3
17		6
18		3
19		9
20		5
21		7
22		3
23		8
24		5
25		5
26		5
27		5
28		4
29		2
30		2
31		3
32		1
33		7
34		10
35		6
36		4
37		4
38		4
39		1
40		7
41		4
42		7
43		5
44		8
45		10
46		7
47		5
48		5
49		4
50		5
51		1
52		6
53		6
54		3
55		5
56		7
57		10
58		9
59		2
60		6
61		10
62		5
63		8
64		7
65		2
66		1
67		8
68		1
69		8
70		1
71		4
72		6
73		5
74		6
75		10
76		5
77		4
78		2
79		9
80		5
81		5
82		3
83		2
84		10
85		3
86		6
87		10
88		7
89		6
90		1
91		5
92		2
93		4
94		6
95		6
96		2
97		5
98		8
99		5
100		6
