NameTTD		Time
1		6
2		4
3		8
4		2
5		7
6		3
7		3
8		9
9		9
10		5
11		8
12		9
13		8
14		8
15		3
16		2
17		2
18		1
19		4
20		10
21		10
22		9
23		9
24		5
25		9
26		10
27		8
28		6
29		4
30		8
31		4
32		8
33		8
34		1
35		7
36		2
37		2
38		8
39		4
40		9
41		9
42		8
43		3
44		2
45		7
46		6
47		8
48		6
49		5
50		7
51		7
52		8
53		3
54		8
55		2
56		6
57		2
58		8
59		9
60		6
61		7
62		3
63		8
64		3
65		4
66		4
67		5
68		6
69		5
70		6
71		7
72		8
73		5
74		4
75		9
76		9
77		3
78		4
79		8
80		3
81		7
82		1
83		9
84		2
85		5
86		1
87		9
88		2
89		9
90		3
91		7
92		5
93		4
94		5
95		4
96		3
97		9
98		4
99		5
100		6
