NameTTD		Time
1		4
2		5
3		5
4		8
5		8
6		2
7		9
8		8
9		7
10		6
11		9
12		4
13		9
14		9
15		7
16		6
17		10
18		10
19		8
20		2
21		9
22		7
23		9
24		9
25		8
26		8
27		7
28		8
29		6
30		1
31		8
32		10
33		9
34		3
35		8
36		4
37		1
38		8
39		2
40		3
41		4
42		8
43		6
44		9
45		6
46		10
47		2
48		7
49		4
50		4
51		10
52		7
53		2
54		7
55		3
56		2
57		3
58		8
59		9
60		8
61		7
62		1
63		2
64		8
65		8
66		3
67		10
68		8
69		3
70		1
71		3
72		2
73		7
74		4
75		9
76		3
77		2
78		3
79		7
80		1
81		5
82		4
83		3
84		4
85		3
86		3
87		7
88		8
89		5
90		2
91		10
92		4
93		7
94		3
95		8
96		8
97		7
98		8
99		2
100		4
