NameTTD		Time
1		3
2		7
3		4
4		5
5		2
6		3
7		3
8		7
9		9
10		8
11		1
12		5
13		10
14		4
15		1
16		10
17		9
18		1
19		7
20		3
21		5
22		5
23		6
24		5
25		9
26		4
27		2
28		6
29		9
30		8
31		3
32		5
33		6
34		5
35		7
36		1
37		9
38		6
39		5
40		7
41		4
42		2
43		4
44		5
45		5
46		2
47		4
48		6
49		8
50		7
51		9
52		6
53		8
54		3
55		10
56		6
57		10
58		5
59		6
60		9
61		5
62		9
63		3
64		2
65		8
66		9
67		6
68		8
69		3
70		8
71		7
72		10
73		8
74		8
75		8
76		9
77		3
78		6
79		1
80		2
81		4
82		7
83		2
84		7
85		8
86		3
87		5
88		4
89		8
90		7
91		5
92		9
93		1
94		8
95		1
96		5
97		9
98		6
99		4
100		7
