NameTTD		Time
1		7
2		9
3		2
4		5
5		9
6		5
7		8
8		9
9		7
10		9
11		3
12		6
13		3
14		7
15		2
16		3
17		6
18		8
19		8
20		10
21		9
22		7
23		9
24		1
25		2
26		1
27		8
28		5
29		6
30		10
31		10
32		2
33		8
34		6
35		2
36		3
37		7
38		4
39		6
40		10
41		2
42		6
43		2
44		5
45		10
46		3
47		4
48		6
49		3
50		6
51		4
52		7
53		9
54		3
55		5
56		7
57		8
58		3
59		5
60		3
61		4
62		7
63		2
64		9
65		1
66		4
67		2
68		6
69		9
70		2
71		10
72		7
73		8
74		5
75		8
76		3
77		7
78		10
79		2
80		3
81		6
82		10
83		4
84		8
85		6
86		8
87		7
88		5
89		9
90		3
91		10
92		3
93		9
94		5
95		5
96		5
97		3
98		4
99		5
100		9
