NameTTD		Time
1		2
2		5
3		5
4		1
5		2
6		7
7		6
8		9
9		1
10		2
11		7
12		3
13		4
14		2
15		5
16		8
17		10
18		6
19		5
20		4
21		6
22		4
23		4
24		4
25		8
26		6
27		4
28		6
29		10
30		3
31		5
32		6
33		7
34		7
35		7
36		9
37		9
38		9
39		8
40		2
41		3
42		7
43		8
44		5
45		10
46		6
47		9
48		6
49		4
50		4
51		7
52		7
53		4
54		3
55		9
56		4
57		2
58		6
59		2
60		3
61		6
62		8
63		2
64		6
65		1
66		10
67		6
68		1
69		3
70		5
71		3
72		3
73		10
74		6
75		8
76		8
77		5
78		10
79		8
80		3
81		8
82		5
83		8
84		7
85		6
86		7
87		3
88		3
89		8
90		5
91		7
92		6
93		4
94		8
95		6
96		6
97		3
98		8
99		2
100		6
