NameTTD		Time
1		3
2		5
3		8
4		7
5		5
6		9
7		7
8		8
9		7
10		6
11		3
12		2
13		6
14		5
15		6
16		6
17		3
18		3
19		4
20		9
21		5
22		2
23		3
24		4
25		4
26		9
27		3
28		6
29		8
30		9
31		1
32		1
33		8
34		6
35		8
36		2
37		2
38		7
39		9
40		3
41		5
42		4
43		2
44		7
45		3
46		6
47		9
48		8
49		8
50		2
51		5
52		2
53		10
54		8
55		3
56		8
57		5
58		7
59		3
60		3
61		6
62		2
63		2
64		3
65		10
66		8
67		3
68		9
69		5
70		7
71		5
72		7
73		2
74		10
75		5
76		9
77		3
78		5
79		4
80		6
81		9
82		10
83		9
84		3
85		5
86		8
87		5
88		3
89		8
90		3
91		2
92		6
93		5
94		10
95		7
96		7
97		10
98		6
99		1
100		7
