NameTTD		Time
1		5
2		2
3		10
4		9
5		7
6		3
7		9
8		4
9		3
10		10
11		9
12		5
13		7
14		3
15		1
16		8
17		5
18		2
19		10
20		5
21		4
22		5
23		2
24		5
25		7
26		4
27		6
28		2
29		3
30		6
31		8
32		2
33		4
34		9
35		9
36		3
37		8
38		7
39		6
40		6
41		4
42		6
43		7
44		3
45		3
46		3
47		5
48		5
49		4
50		9
51		5
52		1
53		8
54		1
55		10
56		8
57		8
58		10
59		5
60		2
61		3
62		6
63		1
64		9
65		2
66		1
67		1
68		10
69		5
70		6
71		5
72		3
73		9
74		4
75		6
76		2
77		5
78		2
79		8
80		3
81		7
82		8
83		4
84		6
85		6
86		6
87		8
88		2
89		2
90		2
91		1
92		10
93		1
94		4
95		4
96		3
97		1
98		4
99		9
100		3
