NameTTD		Time
1		4
2		10
3		3
4		1
5		5
6		9
7		8
8		4
9		4
10		7
11		7
12		3
13		10
14		3
15		9
16		8
17		6
18		5
19		2
20		7
21		6
22		7
23		6
24		5
25		1
26		1
27		10
28		3
29		2
30		5
31		6
32		4
33		9
34		6
35		6
36		7
37		2
38		4
39		4
40		2
41		9
42		2
43		8
44		5
45		3
46		6
47		4
48		3
49		9
50		5
51		4
52		2
53		10
54		1
55		4
56		8
57		3
58		1
59		5
60		10
61		4
62		8
63		9
64		2
65		1
66		7
67		5
68		10
69		8
70		3
71		7
72		8
73		5
74		6
75		8
76		10
77		7
78		8
79		8
80		8
81		9
82		2
83		7
84		5
85		9
86		1
87		6
88		8
89		6
90		4
91		2
92		6
93		3
94		10
95		8
96		4
97		8
98		7
99		3
100		5
