NameTTD		Time
1		3
2		9
3		2
4		4
5		2
6		4
7		10
8		8
9		5
10		10
11		6
12		2
13		7
14		9
15		7
16		3
17		4
18		4
19		2
20		3
21		5
22		1
23		6
24		4
25		8
26		3
27		5
28		2
29		4
30		3
31		6
32		10
33		6
34		5
35		3
36		8
37		7
38		2
39		8
40		2
41		8
42		3
43		8
44		4
45		4
46		5
47		4
48		6
49		9
50		6
51		4
52		3
53		7
54		3
55		6
56		5
57		9
58		1
59		4
60		8
61		8
62		2
63		9
64		9
65		4
66		9
67		8
68		5
69		1
70		3
71		7
72		4
73		6
74		6
75		7
76		9
77		3
78		3
79		5
80		7
81		7
82		4
83		9
84		3
85		9
86		2
87		4
88		7
89		5
90		3
91		1
92		5
93		10
94		9
95		8
96		8
97		4
98		3
99		6
100		5
