NameTTD		Time
1		2
2		6
3		7
4		7
5		2
6		6
7		9
8		9
9		10
10		3
11		4
12		2
13		5
14		10
15		9
16		7
17		1
18		2
19		4
20		3
21		9
22		6
23		8
24		7
25		9
26		6
27		2
28		2
29		7
30		4
31		9
32		9
33		4
34		5
35		4
36		4
37		6
38		9
39		3
40		8
41		7
42		7
43		6
44		5
45		8
46		8
47		7
48		9
49		4
50		4
51		2
52		5
53		8
54		5
55		7
56		4
57		6
58		9
59		1
60		5
61		7
62		2
63		4
64		5
65		8
66		3
67		3
68		8
69		4
70		4
71		4
72		2
73		8
74		4
75		8
76		8
77		8
78		3
79		9
80		7
81		4
82		10
83		5
84		4
85		3
86		10
87		8
88		6
89		8
90		5
91		10
92		8
93		5
94		6
95		7
96		3
97		2
98		7
99		6
100		7
