NameTTD		Time
1		1
2		6
3		2
4		2
5		8
6		6
7		4
8		7
9		9
10		2
11		6
12		4
13		7
14		7
15		8
16		7
17		9
18		7
19		6
20		5
21		7
22		5
23		5
24		9
25		6
26		3
27		7
28		9
29		2
30		8
31		8
32		9
33		7
34		10
35		7
36		5
37		5
38		8
39		3
40		5
41		6
42		4
43		6
44		9
45		7
46		2
47		9
48		4
49		2
50		1
51		9
52		6
53		10
54		5
55		6
56		3
57		2
58		7
59		5
60		7
61		1
62		1
63		5
64		7
65		7
66		1
67		8
68		6
69		1
70		7
71		7
72		7
73		2
74		8
75		5
76		7
77		5
78		5
79		8
80		3
81		9
82		7
83		3
84		1
85		7
86		6
87		2
88		2
89		6
90		8
91		9
92		2
93		8
94		8
95		4
96		4
97		4
98		8
99		10
100		1
