NameTTD		Time
1		7
2		7
3		6
4		3
5		8
6		2
7		4
8		7
9		4
10		10
11		6
12		7
13		7
14		4
15		5
16		3
17		3
18		6
19		6
20		9
21		3
22		3
23		4
24		7
25		7
26		9
27		8
28		9
29		2
30		5
31		3
32		5
33		6
34		9
35		5
36		10
37		6
38		8
39		1
40		4
41		7
42		4
43		6
44		5
45		2
46		7
47		9
48		8
49		5
50		4
51		2
52		7
53		10
54		5
55		6
56		2
57		6
58		3
59		9
60		4
61		5
62		8
63		6
64		10
65		8
66		5
67		1
68		2
69		1
70		6
71		5
72		5
73		6
74		10
75		1
76		9
77		8
78		9
79		5
80		8
81		4
82		9
83		2
84		4
85		2
86		8
87		1
88		2
89		1
90		3
91		3
92		7
93		4
94		7
95		6
96		3
97		7
98		3
99		9
100		7
