NameTTD		Time
1		5
2		7
3		8
4		2
5		3
6		1
7		8
8		1
9		5
10		9
11		10
12		5
13		10
14		6
15		2
16		9
17		4
18		4
19		10
20		3
21		5
22		1
23		2
24		9
25		4
26		2
27		2
28		6
29		3
30		5
31		4
32		7
33		2
34		8
35		7
36		5
37		7
38		4
39		2
40		9
41		9
42		8
43		2
44		6
45		5
46		5
47		6
48		9
49		5
50		5
51		10
52		1
53		7
54		7
55		4
56		2
57		8
58		7
59		6
60		8
61		2
62		5
63		9
64		7
65		1
66		2
67		10
68		6
69		8
70		5
71		2
72		9
73		3
74		9
75		2
76		1
77		7
78		3
79		8
80		4
81		9
82		8
83		3
84		8
85		9
86		8
87		5
88		10
89		7
90		3
91		2
92		6
93		2
94		2
95		7
96		4
97		9
98		4
99		7
100		6
