NameTTD		Time
1		2
2		6
3		7
4		7
5		3
6		3
7		6
8		7
9		3
10		6
11		8
12		10
13		10
14		7
15		4
16		1
17		5
18		6
19		1
20		1
21		8
22		8
23		7
24		7
25		5
26		6
27		2
28		5
29		3
30		8
31		8
32		5
33		4
34		7
35		3
36		5
37		8
38		10
39		6
40		5
41		4
42		5
43		9
44		4
45		3
46		8
47		5
48		1
49		5
50		8
51		3
52		10
53		2
54		7
55		1
56		9
57		2
58		4
59		5
60		6
61		2
62		1
63		8
64		10
65		7
66		8
67		9
68		9
69		8
70		2
71		4
72		10
73		9
74		7
75		7
76		6
77		8
78		7
79		10
80		9
81		4
82		6
83		4
84		6
85		5
86		6
87		6
88		10
89		7
90		3
91		9
92		9
93		7
94		2
95		4
96		9
97		8
98		5
99		3
100		8
