NameTTD		Time
1		4
2		2
3		2
4		6
5		3
6		9
7		1
8		3
9		2
10		9
11		2
12		6
13		3
14		8
15		6
16		8
17		10
18		3
19		9
20		7
21		9
22		4
23		3
24		8
25		9
26		7
27		4
28		9
29		4
30		8
31		3
32		5
33		5
34		6
35		6
36		4
37		8
38		5
39		2
40		1
41		4
42		9
43		10
44		7
45		4
46		4
47		9
48		4
49		7
50		9
51		10
52		2
53		4
54		6
55		9
56		8
57		9
58		4
59		9
60		9
61		2
62		4
63		7
64		9
65		7
66		2
67		8
68		1
69		2
70		7
71		4
72		10
73		9
74		4
75		4
76		3
77		8
78		4
79		2
80		3
81		9
82		2
83		2
84		1
85		3
86		5
87		10
88		4
89		5
90		2
91		2
92		6
93		2
94		8
95		7
96		7
97		9
98		8
99		4
100		5
