NameTTD		Time
1		7
2		8
3		1
4		8
5		2
6		4
7		3
8		4
9		3
10		3
11		10
12		3
13		2
14		5
15		6
16		2
17		10
18		2
19		7
20		3
21		7
22		6
23		9
24		7
25		6
26		7
27		10
28		6
29		6
30		9
31		8
32		7
33		3
34		1
35		7
36		7
37		7
38		4
39		8
40		4
41		3
42		4
43		2
44		9
45		3
46		9
47		10
48		8
49		3
50		2
51		2
52		7
53		5
54		2
55		7
56		7
57		9
58		2
59		3
60		5
61		1
62		6
63		9
64		4
65		7
66		8
67		4
68		4
69		8
70		9
71		3
72		5
73		9
74		8
75		7
76		2
77		10
78		5
79		7
80		4
81		6
82		5
83		2
84		2
85		8
86		7
87		2
88		5
89		4
90		9
91		2
92		5
93		1
94		4
95		6
96		10
97		10
98		8
99		2
100		9
