NameTTD		Time
1		9
2		6
3		8
4		2
5		8
6		6
7		7
8		8
9		9
10		7
11		3
12		4
13		3
14		2
15		8
16		2
17		6
18		10
19		7
20		7
21		3
22		8
23		3
24		2
25		3
26		9
27		10
28		4
29		1
30		6
31		3
32		9
33		4
34		8
35		9
36		5
37		7
38		2
39		2
40		10
41		4
42		3
43		4
44		9
45		5
46		8
47		8
48		3
49		9
50		9
51		10
52		6
53		7
54		1
55		2
56		8
57		7
58		10
59		2
60		4
61		5
62		6
63		4
64		9
65		3
66		5
67		2
68		3
69		3
70		3
71		4
72		4
73		6
74		1
75		8
76		9
77		9
78		8
79		3
80		5
81		2
82		3
83		6
84		7
85		4
86		5
87		10
88		9
89		7
90		3
91		5
92		9
93		9
94		5
95		1
96		3
97		2
98		6
99		5
100		7
