NameTTD		Time
1		10
2		8
3		10
4		2
5		8
6		8
7		7
8		8
9		4
10		5
11		2
12		7
13		10
14		5
15		7
16		1
17		5
18		10
19		10
20		3
21		3
22		9
23		5
24		3
25		1
26		4
27		5
28		10
29		6
30		1
31		9
32		7
33		3
34		3
35		2
36		1
37		8
38		2
39		5
40		2
41		1
42		6
43		10
44		5
45		2
46		10
47		3
48		7
49		3
50		8
51		4
52		5
53		7
54		5
55		3
56		4
57		8
58		3
59		6
60		6
61		9
62		8
63		1
64		6
65		1
66		2
67		8
68		4
69		6
70		8
71		10
72		2
73		3
74		9
75		7
76		1
77		7
78		6
79		6
80		1
81		4
82		4
83		9
84		6
85		9
86		6
87		9
88		6
89		9
90		2
91		8
92		2
93		9
94		1
95		3
96		9
97		5
98		9
99		4
100		10
