NameTTD		Time
1		8
2		3
3		2
4		2
5		6
6		1
7		2
8		2
9		4
10		3
11		4
12		7
13		6
14		5
15		7
16		8
17		7
18		8
19		9
20		4
21		10
22		10
23		9
24		2
25		8
26		9
27		3
28		5
29		10
30		7
31		5
32		10
33		4
34		3
35		2
36		1
37		4
38		4
39		4
40		2
41		9
42		1
43		8
44		2
45		6
46		9
47		6
48		4
49		1
50		4
51		7
52		6
53		3
54		7
55		8
56		10
57		4
58		8
59		9
60		4
61		3
62		3
63		9
64		7
65		4
66		5
67		2
68		9
69		2
70		4
71		4
72		9
73		8
74		4
75		4
76		8
77		10
78		8
79		4
80		1
81		9
82		5
83		1
84		3
85		7
86		3
87		7
88		1
89		9
90		7
91		4
92		4
93		3
94		1
95		3
96		9
97		1
98		10
99		10
100		4
