NameTTD		Time
1		6
2		4
3		8
4		6
5		3
6		2
7		9
8		3
9		10
10		5
11		7
12		10
13		6
14		10
15		3
16		7
17		5
18		7
19		2
20		3
21		6
22		3
23		5
24		4
25		7
26		2
27		2
28		2
29		5
30		9
31		8
32		5
33		6
34		10
35		2
36		2
37		7
38		9
39		2
40		6
41		2
42		6
43		7
44		7
45		4
46		7
47		2
48		3
49		8
50		4
51		8
52		8
53		7
54		5
55		1
56		3
57		4
58		2
59		3
60		9
61		5
62		7
63		8
64		2
65		3
66		4
67		3
68		6
69		7
70		9
71		5
72		6
73		8
74		6
75		3
76		7
77		9
78		10
79		3
80		2
81		5
82		9
83		8
84		5
85		4
86		2
87		10
88		6
89		5
90		4
91		3
92		7
93		9
94		5
95		6
96		4
97		2
98		7
99		9
100		5
