NameTTD		Time
1		5
2		4
3		3
4		4
5		4
6		5
7		2
8		5
9		5
10		6
11		4
12		8
13		6
14		5
15		8
16		4
17		3
18		9
19		5
20		5
21		6
22		9
23		8
24		6
25		9
26		1
27		4
28		7
29		10
30		4
31		6
32		8
33		8
34		9
35		7
36		6
37		4
38		8
39		10
40		9
41		10
42		7
43		3
44		9
45		3
46		3
47		5
48		7
49		4
50		5
51		5
52		2
53		8
54		7
55		2
56		7
57		4
58		5
59		6
60		4
61		8
62		7
63		8
64		9
65		6
66		2
67		9
68		5
69		9
70		5
71		8
72		4
73		5
74		9
75		6
76		2
77		1
78		3
79		1
80		4
81		7
82		7
83		5
84		9
85		9
86		4
87		10
88		2
89		5
90		8
91		5
92		10
93		5
94		2
95		7
96		4
97		9
98		7
99		2
100		4
