NameTTD		Time
1		2
2		10
3		2
4		8
5		3
6		6
7		3
8		6
9		9
10		8
11		5
12		8
13		7
14		9
15		3
16		1
17		5
18		2
19		6
20		2
21		6
22		3
23		9
24		4
25		5
26		10
27		6
28		3
29		8
30		9
31		1
32		5
33		4
34		8
35		7
36		2
37		1
38		8
39		3
40		6
41		6
42		6
43		2
44		8
45		2
46		4
47		5
48		2
49		4
50		3
51		7
52		7
53		8
54		6
55		9
56		3
57		7
58		5
59		8
60		9
61		8
62		8
63		9
64		9
65		4
66		7
67		3
68		2
69		3
70		4
71		9
72		8
73		3
74		1
75		3
76		7
77		7
78		5
79		3
80		2
81		6
82		3
83		8
84		4
85		2
86		7
87		6
88		7
89		5
90		6
91		5
92		3
93		5
94		6
95		5
96		10
97		8
98		10
99		8
100		9
