NameTTD		Time
1		8
2		3
3		9
4		3
5		6
6		9
7		2
8		3
9		3
10		3
11		8
12		6
13		5
14		7
15		9
16		2
17		2
18		6
19		5
20		7
21		9
22		10
23		4
24		7
25		2
26		6
27		8
28		2
29		2
30		6
31		6
32		8
33		2
34		10
35		4
36		10
37		5
38		4
39		10
40		3
41		1
42		6
43		7
44		7
45		8
46		3
47		7
48		6
49		9
50		4
51		2
52		4
53		7
54		6
55		6
56		2
57		5
58		8
59		8
60		10
61		4
62		7
63		7
64		2
65		1
66		2
67		1
68		5
69		2
70		2
71		5
72		3
73		3
74		5
75		4
76		6
77		4
78		6
79		2
80		6
81		8
82		4
83		10
84		8
85		5
86		8
87		10
88		4
89		5
90		3
91		8
92		2
93		1
94		4
95		8
96		4
97		7
98		5
99		2
100		6
