NameTTD		Time
1		3
2		2
3		4
4		9
5		4
6		8
7		9
8		7
9		8
10		2
11		4
12		10
13		7
14		5
15		1
16		7
17		3
18		1
19		2
20		10
21		3
22		6
23		9
24		5
25		2
26		9
27		7
28		3
29		2
30		9
31		2
32		4
33		5
34		3
35		6
36		8
37		9
38		3
39		1
40		6
41		9
42		3
43		7
44		4
45		1
46		1
47		1
48		9
49		6
50		4
51		3
52		5
53		3
54		6
55		1
56		4
57		2
58		3
59		8
60		2
61		10
62		8
63		8
64		2
65		8
66		3
67		8
68		7
69		6
70		2
71		5
72		4
73		10
74		9
75		3
76		3
77		3
78		3
79		4
80		4
81		5
82		3
83		9
84		3
85		4
86		3
87		5
88		2
89		5
90		5
91		3
92		6
93		9
94		8
95		9
96		4
97		7
98		6
99		4
100		5
