NameTTD		Time
1		6
2		7
3		6
4		4
5		3
6		9
7		4
8		10
9		2
10		3
11		8
12		8
13		6
14		2
15		6
16		2
17		8
18		1
19		6
20		2
21		5
22		8
23		2
24		6
25		3
26		9
27		3
28		3
29		9
30		1
31		9
32		1
33		4
34		2
35		8
36		8
37		7
38		6
39		5
40		7
41		8
42		9
43		5
44		8
45		1
46		7
47		9
48		6
49		1
50		3
51		2
52		2
53		8
54		2
55		7
56		9
57		9
58		10
59		8
60		1
61		2
62		2
63		4
64		7
65		7
66		5
67		7
68		2
69		4
70		7
71		4
72		9
73		10
74		9
75		6
76		4
77		2
78		10
79		4
80		4
81		8
82		5
83		7
84		2
85		6
86		8
87		4
88		3
89		9
90		8
91		7
92		8
93		9
94		5
95		3
96		4
97		7
98		8
99		7
100		6
