NameTTD		Time
1		4
2		2
3		5
4		4
5		9
6		8
7		4
8		7
9		5
10		8
11		5
12		6
13		5
14		5
15		8
16		6
17		5
18		1
19		9
20		8
21		7
22		5
23		10
24		7
25		5
26		5
27		3
28		2
29		10
30		9
31		2
32		2
33		6
34		4
35		10
36		10
37		8
38		8
39		5
40		7
41		8
42		3
43		5
44		1
45		1
46		3
47		5
48		10
49		2
50		4
51		2
52		3
53		2
54		9
55		6
56		5
57		9
58		7
59		5
60		1
61		8
62		8
63		8
64		10
65		4
66		7
67		7
68		7
69		5
70		4
71		7
72		6
73		7
74		9
75		10
76		7
77		2
78		1
79		9
80		2
81		5
82		9
83		7
84		2
85		6
86		1
87		4
88		10
89		5
90		6
91		8
92		6
93		2
94		8
95		7
96		1
97		5
98		7
99		2
100		1
