NameTTD		Time
1		1
2		8
3		2
4		1
5		3
6		7
7		9
8		3
9		7
10		9
11		5
12		9
13		2
14		4
15		6
16		4
17		8
18		9
19		10
20		6
21		4
22		9
23		2
24		4
25		8
26		9
27		9
28		2
29		7
30		3
31		10
32		3
33		4
34		2
35		2
36		4
37		9
38		6
39		7
40		2
41		9
42		2
43		9
44		3
45		6
46		10
47		4
48		2
49		7
50		2
51		5
52		6
53		6
54		6
55		7
56		3
57		1
58		4
59		6
60		3
61		10
62		6
63		1
64		2
65		9
66		4
67		7
68		9
69		7
70		6
71		8
72		4
73		6
74		9
75		3
76		4
77		9
78		5
79		9
80		6
81		8
82		5
83		3
84		6
85		2
86		8
87		6
88		10
89		9
90		5
91		3
92		6
93		2
94		6
95		2
96		8
97		6
98		8
99		5
100		3
