NameTTD		Time
1		1
2		9
3		7
4		10
5		9
6		6
7		9
8		7
9		4
10		5
11		2
12		7
13		1
14		9
15		9
16		9
17		2
18		6
19		2
20		10
21		5
22		4
23		5
24		4
25		7
26		9
27		9
28		7
29		7
30		7
31		5
32		3
33		1
34		8
35		7
36		5
37		6
38		9
39		1
40		9
41		2
42		2
43		5
44		3
45		5
46		9
47		2
48		9
49		4
50		2
51		5
52		9
53		9
54		8
55		8
56		10
57		4
58		9
59		7
60		4
61		7
62		2
63		3
64		9
65		2
66		8
67		5
68		2
69		10
70		8
71		10
72		1
73		8
74		2
75		6
76		7
77		5
78		7
79		7
80		1
81		3
82		2
83		1
84		2
85		8
86		2
87		7
88		3
89		7
90		7
91		6
92		5
93		1
94		6
95		10
96		3
97		4
98		8
99		1
100		7
