NameTTD		Time
1		9
2		2
3		6
4		5
5		3
6		3
7		9
8		7
9		7
10		9
11		5
12		4
13		9
14		8
15		7
16		5
17		7
18		8
19		3
20		2
21		7
22		5
23		3
24		8
25		1
26		5
27		1
28		5
29		5
30		6
31		2
32		7
33		8
34		5
35		8
36		8
37		10
38		4
39		6
40		5
41		4
42		5
43		4
44		2
45		6
46		1
47		7
48		1
49		8
50		3
51		7
52		10
53		6
54		9
55		4
56		8
57		5
58		5
59		1
60		5
61		5
62		3
63		9
64		7
65		6
66		3
67		9
68		10
69		2
70		5
71		7
72		5
73		5
74		10
75		1
76		2
77		8
78		2
79		8
80		3
81		5
82		10
83		6
84		4
85		2
86		5
87		10
88		9
89		4
90		6
91		6
92		8
93		9
94		8
95		8
96		3
97		3
98		2
99		8
100		2
