NameTTD		Time
1		6
2		6
3		2
4		6
5		3
6		8
7		8
8		2
9		3
10		9
11		7
12		7
13		7
14		9
15		3
16		1
17		6
18		6
19		2
20		7
21		5
22		9
23		2
24		6
25		8
26		10
27		5
28		1
29		4
30		9
31		5
32		1
33		3
34		7
35		1
36		8
37		3
38		10
39		4
40		8
41		3
42		7
43		9
44		8
45		5
46		8
47		4
48		10
49		8
50		3
51		7
52		4
53		7
54		4
55		4
56		5
57		10
58		6
59		9
60		2
61		4
62		6
63		3
64		2
65		4
66		5
67		5
68		2
69		9
70		6
71		2
72		1
73		2
74		6
75		3
76		3
77		5
78		5
79		9
80		8
81		7
82		5
83		9
84		4
85		5
86		9
87		6
88		9
89		4
90		2
91		10
92		7
93		2
94		4
95		1
96		2
97		6
98		4
99		5
100		2
