NameTTD		Time
1		5
2		2
3		5
4		8
5		3
6		7
7		9
8		3
9		9
10		9
11		8
12		6
13		5
14		4
15		5
16		3
17		3
18		9
19		7
20		9
21		7
22		1
23		10
24		5
25		7
26		8
27		9
28		5
29		7
30		7
31		7
32		3
33		4
34		9
35		2
36		4
37		7
38		4
39		3
40		1
41		3
42		4
43		4
44		5
45		6
46		3
47		5
48		5
49		3
50		8
51		5
52		2
53		1
54		5
55		7
56		2
57		2
58		9
59		7
60		9
61		1
62		6
63		7
64		8
65		10
66		3
67		6
68		3
69		5
70		8
71		7
72		9
73		5
74		5
75		2
76		6
77		4
78		6
79		7
80		7
81		3
82		5
83		9
84		3
85		9
86		5
87		4
88		10
89		7
90		4
91		5
92		5
93		8
94		5
95		4
96		4
97		5
98		6
99		2
100		2
