NameTTD		Time
1		1
2		9
3		1
4		8
5		10
6		8
7		4
8		5
9		3
10		6
11		4
12		3
13		7
14		7
15		7
16		4
17		8
18		8
19		9
20		6
21		6
22		4
23		6
24		2
25		7
26		6
27		2
28		6
29		2
30		2
31		3
32		10
33		8
34		9
35		1
36		5
37		5
38		3
39		6
40		7
41		6
42		9
43		8
44		3
45		7
46		3
47		7
48		9
49		4
50		3
51		6
52		4
53		1
54		1
55		4
56		4
57		4
58		7
59		8
60		8
61		2
62		9
63		3
64		9
65		4
66		6
67		2
68		10
69		5
70		8
71		3
72		7
73		9
74		1
75		9
76		7
77		10
78		3
79		3
80		3
81		10
82		4
83		2
84		7
85		8
86		8
87		3
88		9
89		3
90		8
91		9
92		6
93		5
94		10
95		6
96		1
97		5
98		9
99		10
100		7
