NameTTD		Time
1		2
2		10
3		7
4		6
5		6
6		5
7		4
8		1
9		8
10		5
11		5
12		3
13		2
14		8
15		4
16		7
17		2
18		2
19		9
20		5
21		6
22		3
23		1
24		5
25		5
26		7
27		9
28		9
29		9
30		4
31		5
32		6
33		9
34		2
35		5
36		6
37		9
38		3
39		10
40		8
41		3
42		7
43		7
44		7
45		4
46		5
47		3
48		9
49		6
50		6
51		1
52		4
53		5
54		5
55		2
56		8
57		6
58		3
59		9
60		9
61		10
62		2
63		6
64		2
65		6
66		10
67		1
68		6
69		4
70		2
71		2
72		10
73		10
74		9
75		6
76		9
77		1
78		5
79		9
80		9
81		9
82		7
83		6
84		6
85		8
86		6
87		3
88		7
89		2
90		10
91		3
92		4
93		9
94		4
95		1
96		2
97		5
98		2
99		3
100		6
