NameTTD		Time
1		9
2		4
3		4
4		5
5		5
6		5
7		8
8		7
9		3
10		3
11		6
12		2
13		7
14		7
15		5
16		9
17		9
18		2
19		4
20		3
21		4
22		6
23		4
24		4
25		7
26		3
27		1
28		3
29		10
30		2
31		7
32		2
33		8
34		7
35		8
36		5
37		4
38		5
39		7
40		3
41		7
42		9
43		3
44		2
45		3
46		7
47		3
48		6
49		3
50		7
51		4
52		4
53		8
54		7
55		6
56		5
57		9
58		2
59		4
60		5
61		1
62		5
63		8
64		4
65		3
66		10
67		9
68		9
69		6
70		2
71		7
72		9
73		2
74		9
75		9
76		6
77		8
78		4
79		2
80		8
81		7
82		8
83		5
84		2
85		2
86		7
87		9
88		3
89		8
90		10
91		9
92		6
93		9
94		7
95		3
96		2
97		7
98		2
99		2
100		8
