NameTTD		Time
1		2
2		6
3		4
4		2
5		8
6		6
7		1
8		7
9		8
10		4
11		6
12		4
13		4
14		7
15		2
16		6
17		4
18		10
19		6
20		8
21		7
22		4
23		3
24		6
25		6
26		9
27		9
28		4
29		5
30		6
31		6
32		5
33		6
34		2
35		7
36		5
37		4
38		9
39		3
40		9
41		1
42		7
43		8
44		2
45		5
46		3
47		6
48		6
49		8
50		8
51		9
52		2
53		2
54		6
55		3
56		1
57		5
58		9
59		6
60		3
61		3
62		7
63		3
64		6
65		6
66		8
67		4
68		6
69		1
70		7
71		3
72		5
73		7
74		10
75		10
76		7
77		9
78		3
79		1
80		7
81		8
82		8
83		6
84		3
85		4
86		4
87		5
88		2
89		5
90		4
91		2
92		7
93		6
94		8
95		4
96		7
97		8
98		8
99		7
100		6
