NameTTD		Time
1		9
2		7
3		7
4		6
5		5
6		9
7		5
8		9
9		4
10		7
11		2
12		8
13		5
14		3
15		8
16		4
17		8
18		10
19		6
20		4
21		6
22		9
23		8
24		5
25		8
26		4
27		5
28		3
29		9
30		9
31		5
32		2
33		1
34		9
35		8
36		1
37		8
38		4
39		3
40		7
41		10
42		3
43		6
44		9
45		6
46		2
47		9
48		2
49		7
50		3
51		7
52		6
53		6
54		7
55		4
56		7
57		9
58		6
59		4
60		3
61		10
62		4
63		3
64		1
65		1
66		1
67		1
68		6
69		2
70		9
71		9
72		2
73		4
74		3
75		4
76		10
77		4
78		1
79		4
80		2
81		2
82		7
83		2
84		9
85		9
86		7
87		9
88		2
89		1
90		4
91		6
92		5
93		10
94		2
95		2
96		2
97		1
98		9
99		7
100		2
