NameTTD		Time
1		5
2		5
3		6
4		4
5		8
6		8
7		8
8		4
9		3
10		7
11		4
12		5
13		8
14		3
15		5
16		4
17		6
18		8
19		9
20		9
21		1
22		4
23		3
24		2
25		8
26		4
27		3
28		8
29		6
30		7
31		7
32		2
33		9
34		4
35		8
36		9
37		8
38		5
39		1
40		5
41		9
42		8
43		1
44		6
45		9
46		3
47		2
48		5
49		9
50		4
51		9
52		2
53		6
54		5
55		8
56		5
57		1
58		5
59		3
60		7
61		2
62		7
63		10
64		8
65		4
66		10
67		8
68		4
69		8
70		4
71		5
72		6
73		2
74		6
75		4
76		10
77		2
78		3
79		8
80		3
81		6
82		2
83		3
84		8
85		4
86		6
87		7
88		8
89		6
90		6
91		7
92		1
93		5
94		2
95		7
96		1
97		8
98		7
99		5
100		3
