NameTTD		Time
1		2
2		4
3		1
4		7
5		5
6		4
7		7
8		6
9		8
10		8
11		2
12		8
13		3
14		3
15		3
16		4
17		9
18		9
19		4
20		5
21		7
22		6
23		6
24		3
25		5
26		6
27		4
28		9
29		3
30		6
31		6
32		9
33		5
34		2
35		1
36		3
37		2
38		7
39		4
40		5
41		9
42		6
43		1
44		3
45		7
46		9
47		3
48		3
49		2
50		7
51		9
52		5
53		7
54		8
55		2
56		7
57		7
58		5
59		9
60		2
61		6
62		6
63		2
64		5
65		2
66		6
67		8
68		7
69		8
70		9
71		4
72		7
73		8
74		6
75		9
76		4
77		9
78		4
79		3
80		3
81		2
82		4
83		3
84		4
85		2
86		2
87		6
88		3
89		7
90		10
91		4
92		8
93		3
94		8
95		5
96		3
97		10
98		4
99		9
100		7
