NameTTD		Time
1		1
2		6
3		2
4		1
5		6
6		10
7		3
8		4
9		8
10		5
11		5
12		2
13		8
14		2
15		8
16		4
17		6
18		2
19		4
20		7
21		9
22		1
23		9
24		5
25		9
26		8
27		4
28		8
29		2
30		3
31		4
32		5
33		9
34		4
35		4
36		5
37		6
38		2
39		8
40		3
41		9
42		10
43		4
44		10
45		1
46		5
47		3
48		10
49		6
50		10
51		2
52		9
53		2
54		8
55		7
56		6
57		10
58		9
59		7
60		2
61		9
62		2
63		3
64		3
65		4
66		7
67		4
68		9
69		7
70		7
71		6
72		1
73		3
74		1
75		7
76		4
77		7
78		6
79		3
80		4
81		9
82		7
83		5
84		1
85		5
86		2
87		8
88		4
89		3
90		6
91		8
92		3
93		2
94		9
95		4
96		3
97		9
98		4
99		9
100		6
