NameTTD		Time
1		7
2		7
3		4
4		6
5		4
6		2
7		9
8		8
9		2
10		8
11		3
12		1
13		3
14		9
15		2
16		2
17		7
18		3
19		2
20		4
21		8
22		7
23		6
24		9
25		3
26		5
27		3
28		2
29		5
30		3
31		9
32		5
33		6
34		2
35		6
36		4
37		7
38		8
39		6
40		8
41		8
42		1
43		6
44		9
45		2
46		3
47		5
48		9
49		3
50		5
51		8
52		3
53		7
54		9
55		1
56		2
57		9
58		5
59		3
60		4
61		7
62		8
63		3
64		9
65		10
66		10
67		5
68		4
69		4
70		6
71		6
72		2
73		2
74		5
75		5
76		2
77		7
78		6
79		8
80		9
81		6
82		8
83		5
84		10
85		8
86		2
87		2
88		3
89		3
90		2
91		1
92		7
93		2
94		7
95		6
96		3
97		5
98		10
99		10
100		8
