NameTTD		Time
1		4
2		7
3		4
4		5
5		5
6		4
7		5
8		10
9		4
10		5
11		2
12		6
13		10
14		3
15		1
16		2
17		2
18		5
19		10
20		8
21		5
22		1
23		9
24		4
25		2
26		4
27		9
28		8
29		8
30		7
31		7
32		8
33		3
34		6
35		7
36		6
37		8
38		7
39		2
40		2
41		4
42		7
43		8
44		4
45		9
46		2
47		5
48		7
49		6
50		8
51		9
52		9
53		2
54		8
55		9
56		2
57		8
58		5
59		3
60		2
61		2
62		2
63		9
64		10
65		2
66		1
67		1
68		2
69		2
70		2
71		9
72		7
73		2
74		3
75		7
76		8
77		10
78		9
79		7
80		3
81		5
82		4
83		10
84		3
85		4
86		10
87		4
88		10
89		5
90		5
91		5
92		4
93		2
94		3
95		7
96		6
97		5
98		9
99		6
100		6
