NameTTD		Time
1		7
2		5
3		2
4		3
5		9
6		7
7		3
8		1
9		2
10		4
11		5
12		7
13		9
14		3
15		8
16		6
17		4
18		4
19		5
20		3
21		8
22		2
23		3
24		7
25		2
26		7
27		5
28		6
29		5
30		10
31		6
32		4
33		7
34		4
35		2
36		2
37		4
38		6
39		6
40		4
41		4
42		5
43		9
44		4
45		8
46		3
47		2
48		5
49		3
50		3
51		7
52		7
53		6
54		7
55		8
56		1
57		5
58		3
59		3
60		10
61		7
62		10
63		1
64		8
65		4
66		7
67		9
68		2
69		8
70		2
71		2
72		5
73		6
74		2
75		2
76		7
77		6
78		8
79		10
80		6
81		7
82		2
83		4
84		9
85		4
86		5
87		9
88		2
89		6
90		5
91		4
92		8
93		3
94		2
95		7
96		2
97		10
98		5
99		5
100		8
