NameTTD		Time
1		1
2		7
3		5
4		3
5		1
6		6
7		4
8		5
9		9
10		5
11		2
12		7
13		9
14		6
15		4
16		3
17		4
18		7
19		4
20		9
21		10
22		7
23		3
24		5
25		5
26		3
27		10
28		2
29		1
30		7
31		6
32		9
33		8
34		5
35		4
36		6
37		5
38		6
39		6
40		2
41		9
42		4
43		5
44		8
45		4
46		4
47		2
48		10
49		3
50		9
51		4
52		6
53		5
54		6
55		1
56		2
57		5
58		5
59		2
60		5
61		3
62		10
63		4
64		9
65		8
66		6
67		4
68		2
69		10
70		5
71		5
72		8
73		1
74		4
75		8
76		9
77		8
78		7
79		4
80		7
81		9
82		3
83		9
84		4
85		7
86		8
87		9
88		4
89		7
90		9
91		4
92		5
93		1
94		8
95		3
96		10
97		7
98		9
99		9
100		4
