NameTTD		Time
1		9
2		9
3		9
4		3
5		6
6		8
7		5
8		7
9		8
10		9
11		1
12		9
13		2
14		10
15		5
16		9
17		4
18		9
19		8
20		9
21		9
22		7
23		8
24		4
25		2
26		7
27		9
28		6
29		6
30		10
31		1
32		7
33		10
34		4
35		9
36		7
37		2
38		7
39		3
40		9
41		2
42		10
43		5
44		5
45		3
46		4
47		8
48		7
49		9
50		9
51		4
52		1
53		3
54		4
55		3
56		9
57		5
58		1
59		4
60		9
61		9
62		6
63		3
64		8
65		7
66		9
67		9
68		9
69		9
70		5
71		2
72		5
73		4
74		7
75		7
76		7
77		2
78		5
79		4
80		3
81		1
82		6
83		2
84		10
85		8
86		6
87		3
88		7
89		6
90		8
91		4
92		6
93		8
94		9
95		2
96		10
97		6
98		4
99		4
100		3
