NameTTD		Time
1		2
2		5
3		3
4		2
5		10
6		9
7		4
8		7
9		9
10		4
11		3
12		8
13		8
14		6
15		4
16		6
17		5
18		6
19		2
20		5
21		4
22		1
23		3
24		2
25		3
26		2
27		6
28		10
29		7
30		8
31		7
32		4
33		5
34		1
35		1
36		6
37		3
38		9
39		10
40		3
41		4
42		5
43		2
44		7
45		5
46		9
47		8
48		7
49		4
50		2
51		9
52		10
53		7
54		8
55		4
56		5
57		2
58		3
59		2
60		9
61		8
62		8
63		8
64		9
65		8
66		3
67		7
68		6
69		3
70		5
71		4
72		3
73		4
74		2
75		4
76		5
77		4
78		3
79		2
80		5
81		10
82		4
83		5
84		10
85		2
86		3
87		6
88		1
89		4
90		7
91		4
92		5
93		5
94		2
95		7
96		2
97		9
98		4
99		10
100		5
