NameTTD		Time
1		3
2		1
3		7
4		4
5		5
6		2
7		7
8		1
9		7
10		8
11		4
12		7
13		9
14		3
15		7
16		7
17		6
18		6
19		4
20		9
21		5
22		6
23		7
24		3
25		6
26		7
27		1
28		7
29		4
30		7
31		7
32		3
33		8
34		9
35		4
36		4
37		10
38		6
39		2
40		9
41		4
42		7
43		9
44		6
45		8
46		10
47		10
48		5
49		4
50		6
51		6
52		4
53		7
54		4
55		6
56		2
57		4
58		5
59		5
60		1
61		4
62		5
63		9
64		2
65		9
66		5
67		4
68		3
69		8
70		7
71		4
72		9
73		5
74		7
75		8
76		2
77		4
78		6
79		4
80		8
81		1
82		8
83		6
84		8
85		3
86		4
87		3
88		10
89		5
90		7
91		2
92		2
93		4
94		4
95		8
96		2
97		5
98		8
99		3
100		9
