NameTTD		Time
1		7
2		6
3		6
4		3
5		1
6		8
7		5
8		7
9		2
10		2
11		3
12		2
13		8
14		4
15		8
16		8
17		9
18		4
19		5
20		2
21		5
22		5
23		5
24		6
25		8
26		6
27		6
28		4
29		6
30		7
31		9
32		5
33		8
34		5
35		9
36		7
37		6
38		8
39		4
40		4
41		8
42		3
43		4
44		1
45		9
46		5
47		3
48		2
49		9
50		5
51		9
52		3
53		7
54		7
55		2
56		4
57		2
58		2
59		7
60		8
61		5
62		6
63		2
64		9
65		1
66		5
67		9
68		7
69		3
70		6
71		3
72		7
73		3
74		4
75		5
76		3
77		2
78		8
79		5
80		4
81		7
82		10
83		2
84		3
85		3
86		2
87		5
88		5
89		6
90		8
91		8
92		7
93		3
94		4
95		9
96		3
97		6
98		8
99		9
100		6
