NameTTD		Time
1		2
2		8
3		2
4		10
5		4
6		9
7		4
8		3
9		5
10		6
11		4
12		5
13		6
14		7
15		7
16		3
17		5
18		7
19		6
20		2
21		9
22		1
23		9
24		6
25		9
26		2
27		4
28		5
29		6
30		2
31		1
32		9
33		8
34		8
35		5
36		1
37		6
38		6
39		7
40		9
41		1
42		2
43		6
44		5
45		9
46		1
47		2
48		2
49		5
50		10
51		7
52		8
53		4
54		1
55		7
56		4
57		3
58		3
59		6
60		3
61		2
62		7
63		6
64		4
65		5
66		8
67		7
68		9
69		8
70		3
71		5
72		3
73		5
74		4
75		2
76		5
77		8
78		2
79		4
80		10
81		5
82		9
83		3
84		9
85		7
86		3
87		2
88		4
89		7
90		3
91		6
92		7
93		3
94		10
95		2
96		8
97		6
98		2
99		8
100		2
