NameCD	Requirements
1	43
1	49
1	52
1	132
1	136
1	159
1	183
1	203
1	205
1	206
1	208
1	209
1	210
1	212
1	213
1	214
1	215
1	245
1	250
1	357
1	360
1	361
1	362
1	363
1	364
1	365
1	366
1	368
1	369
1	370
1	371
1	372
1	373
1	374
1	375
1	377
1	382
1	385
1	387
2	43
2	49
2	53
2	132
2	136
2	159
2	184
2	203
2	205
2	206
2	208
2	209
2	210
2	212
2	213
2	214
2	215
2	228
2	250
2	318
2	357
2	360
2	361
2	362
2	363
2	364
2	365
2	366
2	368
2	369
2	370
2	371
2	372
2	373
2	374
2	375
2	377
2	382
2	385
2	387
3	15
3	40
3	43
3	49
3	132
3	136
3	159
3	184
3	203
3	205
3	206
3	208
3	209
3	210
3	212
3	213
3	214
3	215
3	250
3	357
3	360
3	361
3	362
3	363
3	364
3	365
3	366
3	368
3	369
3	370
3	371
3	372
3	373
3	374
3	375
3	377
3	382
3	385
3	387
4	43
4	49
4	132
4	136
4	159
4	184
4	203
4	204
4	205
4	206
4	208
4	209
4	210
4	212
4	213
4	214
4	215
4	250
4	357
4	358
4	360
4	361
4	362
4	363
4	364
4	365
4	366
4	368
4	369
4	370
4	371
4	372
4	373
4	374
4	375
4	377
4	382
4	385
4	387
4	407
5	43
5	49
5	132
5	136
5	159
5	175
5	184
5	203
5	205
5	206
5	208
5	209
5	210
5	212
5	213
5	214
5	215
5	250
5	284
5	357
5	360
5	361
5	362
5	363
5	364
5	365
5	366
5	368
5	369
5	370
5	371
5	372
5	373
5	374
5	375
5	377
5	382
5	385
5	387
6	43
6	49
6	103
6	115
6	132
6	136
6	159
6	184
6	188
6	189
6	190
6	191
6	193
6	194
6	196
6	197
6	198
6	199
6	203
6	205
6	206
6	208
6	209
6	210
6	212
6	213
6	214
6	215
6	218
6	219
6	220
6	234
6	241
6	242
6	243
6	250
6	355
6	356
6	357
6	360
6	361
6	362
6	363
6	364
6	365
6	366
6	367
6	368
6	369
6	370
6	371
6	372
6	373
6	374
6	375
6	377
6	382
6	385
6	387
6	389
6	390
6	391
6	392
6	393
6	394
6	395
6	397
6	400
6	403
7	43
7	49
7	103
7	115
7	132
7	136
7	142
7	159
7	168
7	184
7	188
7	189
7	190
7	191
7	193
7	194
7	196
7	197
7	198
7	199
7	203
7	205
7	206
7	208
7	209
7	210
7	212
7	213
7	214
7	215
7	218
7	219
7	220
7	234
7	241
7	242
7	243
7	250
7	355
7	356
7	357
7	360
7	361
7	362
7	363
7	364
7	365
7	366
7	367
7	368
7	369
7	370
7	371
7	372
7	373
7	374
7	375
7	377
7	382
7	385
7	387
7	389
7	390
7	391
7	392
7	393
7	394
7	395
7	397
7	400
7	403
7	420
8	43
8	49
8	103
8	115
8	132
8	136
8	159
8	184
8	188
8	189
8	190
8	191
8	193
8	194
8	196
8	197
8	198
8	199
8	203
8	205
8	206
8	208
8	209
8	210
8	212
8	213
8	214
8	215
8	218
8	219
8	220
8	223
8	234
8	241
8	242
8	243
8	250
8	254
8	355
8	356
8	357
8	360
8	361
8	362
8	363
8	364
8	365
8	366
8	367
8	368
8	369
8	370
8	371
8	372
8	373
8	374
8	375
8	377
8	382
8	385
8	387
8	389
8	390
8	391
8	392
8	393
8	394
8	395
8	397
8	400
8	403
9	43
9	49
9	103
9	115
9	132
9	136
9	137
9	159
9	184
9	188
9	189
9	190
9	191
9	193
9	194
9	196
9	197
9	198
9	199
9	203
9	205
9	206
9	208
9	209
9	210
9	212
9	213
9	214
9	215
9	218
9	219
9	220
9	234
9	241
9	242
9	243
9	250
9	270
9	299
9	355
9	356
9	357
9	360
9	361
9	362
9	363
9	364
9	365
9	366
9	367
9	368
9	369
9	370
9	371
9	372
9	373
9	374
9	375
9	377
9	382
9	385
9	387
9	389
9	390
9	391
9	392
9	393
9	394
9	395
9	397
9	400
9	403
10	16
10	43
10	49
10	103
10	115
10	132
10	136
10	159
10	184
10	188
10	189
10	190
10	191
10	193
10	194
10	196
10	197
10	198
10	199
10	203
10	205
10	206
10	208
10	209
10	210
10	212
10	213
10	214
10	215
10	218
10	219
10	220
10	234
10	236
10	241
10	242
10	243
10	250
10	355
10	356
10	357
10	360
10	361
10	362
10	363
10	364
10	365
10	366
10	367
10	368
10	369
10	370
10	371
10	372
10	373
10	374
10	375
10	377
10	382
10	385
10	387
10	389
10	390
10	391
10	392
10	393
10	394
10	395
10	397
10	400
10	403
11	4
11	26
11	29
11	43
11	47
11	49
11	103
11	109
11	115
11	132
11	136
11	159
11	161
11	184
11	188
11	189
11	190
11	191
11	193
11	194
11	196
11	197
11	198
11	199
11	203
11	205
11	206
11	208
11	209
11	210
11	212
11	213
11	214
11	215
11	218
11	219
11	220
11	222
11	234
11	241
11	242
11	243
11	250
11	287
11	334
11	337
11	355
11	356
11	357
11	360
11	361
11	362
11	363
11	364
11	365
11	366
11	367
11	368
11	369
11	370
11	371
11	372
11	373
11	374
11	375
11	377
11	382
11	385
11	387
11	389
11	390
11	391
11	392
11	393
11	394
11	395
11	397
11	400
11	403
11	422
12	4
12	26
12	29
12	43
12	47
12	49
12	103
12	109
12	115
12	132
12	136
12	159
12	161
12	184
12	188
12	189
12	190
12	191
12	193
12	194
12	196
12	197
12	198
12	199
12	203
12	205
12	206
12	208
12	209
12	210
12	212
12	213
12	214
12	215
12	218
12	219
12	220
12	222
12	234
12	241
12	242
12	243
12	250
12	287
12	334
12	337
12	353
12	355
12	356
12	357
12	360
12	361
12	362
12	363
12	364
12	365
12	366
12	367
12	368
12	369
12	370
12	371
12	372
12	373
12	374
12	375
12	377
12	382
12	385
12	387
12	389
12	390
12	391
12	392
12	393
12	394
12	395
12	397
12	400
12	403
12	422
13	4
13	26
13	29
13	41
13	43
13	47
13	49
13	103
13	109
13	115
13	132
13	136
13	159
13	161
13	184
13	188
13	189
13	190
13	191
13	193
13	194
13	196
13	197
13	198
13	199
13	203
13	205
13	206
13	208
13	209
13	210
13	212
13	213
13	214
13	215
13	218
13	219
13	220
13	222
13	234
13	241
13	242
13	243
13	250
13	287
13	334
13	337
13	355
13	356
13	357
13	360
13	361
13	362
13	363
13	364
13	365
13	366
13	367
13	368
13	369
13	370
13	371
13	372
13	373
13	374
13	375
13	377
13	382
13	385
13	387
13	389
13	390
13	391
13	392
13	393
13	394
13	395
13	397
13	400
13	403
13	422
14	2
14	18
14	43
14	49
14	73
14	92
14	93
14	94
14	100
14	103
14	115
14	127
14	132
14	136
14	148
14	159
14	177
14	184
14	188
14	189
14	190
14	191
14	193
14	194
14	196
14	197
14	198
14	199
14	203
14	205
14	206
14	208
14	209
14	210
14	212
14	213
14	214
14	215
14	218
14	219
14	220
14	234
14	241
14	242
14	243
14	250
14	252
14	256
14	257
14	267
14	269
14	272
14	274
14	355
14	356
14	357
14	360
14	361
14	362
14	363
14	364
14	365
14	366
14	367
14	368
14	369
14	370
14	371
14	372
14	373
14	374
14	375
14	377
14	382
14	385
14	387
14	389
14	390
14	391
14	392
14	393
14	394
14	395
14	397
14	400
14	403
14	421
15	2
15	18
15	43
15	49
15	73
15	92
15	93
15	94
15	100
15	103
15	115
15	127
15	132
15	136
15	148
15	159
15	177
15	184
15	188
15	189
15	190
15	191
15	193
15	194
15	196
15	197
15	198
15	199
15	203
15	205
15	206
15	208
15	209
15	210
15	212
15	213
15	214
15	215
15	218
15	219
15	220
15	234
15	241
15	242
15	243
15	250
15	252
15	256
15	257
15	267
15	269
15	272
15	274
15	355
15	356
15	357
15	360
15	361
15	362
15	363
15	364
15	365
15	366
15	367
15	368
15	369
15	370
15	371
15	372
15	373
15	374
15	375
15	376
15	377
15	382
15	385
15	387
15	389
15	390
15	391
15	392
15	393
15	394
15	395
15	397
15	400
15	403
15	421
16	17
16	20
16	22
16	23
16	24
16	27
16	28
16	30
16	31
16	32
16	49
16	76
16	123
16	160
16	211
16	233
16	250
16	294
16	329
16	330
16	331
16	332
16	333
16	336
16	338
16	340
16	341
16	343
16	344
16	345
16	346
16	347
16	348
16	349
16	350
16	379
17	17
17	20
17	22
17	23
17	24
17	27
17	28
17	30
17	31
17	32
17	49
17	76
17	123
17	138
17	184
17	211
17	233
17	250
17	305
17	329
17	330
17	331
17	332
17	333
17	335
17	336
17	338
17	340
17	341
17	343
17	344
17	345
17	346
17	347
17	348
17	349
17	350
17	379
18	6
18	17
18	20
18	22
18	23
18	24
18	27
18	28
18	30
18	31
18	32
18	49
18	76
18	123
18	184
18	211
18	233
18	250
18	329
18	330
18	331
18	332
18	333
18	336
18	338
18	340
18	341
18	343
18	344
18	345
18	346
18	347
18	348
18	349
18	350
18	354
18	379
19	17
19	20
19	22
19	23
19	24
19	27
19	28
19	30
19	31
19	32
19	49
19	76
19	84
19	123
19	184
19	211
19	216
19	233
19	250
19	261
19	329
19	330
19	331
19	332
19	333
19	336
19	338
19	340
19	341
19	343
19	344
19	345
19	346
19	347
19	348
19	349
19	350
19	379
20	17
20	20
20	22
20	23
20	24
20	27
20	28
20	30
20	31
20	32
20	49
20	76
20	89
20	123
20	171
20	184
20	211
20	233
20	250
20	329
20	330
20	331
20	332
20	333
20	336
20	338
20	340
20	341
20	343
20	344
20	345
20	346
20	347
20	348
20	349
20	350
20	379
21	17
21	20
21	22
21	23
21	24
21	27
21	28
21	30
21	31
21	32
21	49
21	76
21	105
21	106
21	107
21	108
21	111
21	113
21	116
21	118
21	123
21	162
21	163
21	164
21	184
21	211
21	233
21	234
21	250
21	329
21	330
21	331
21	332
21	333
21	336
21	338
21	340
21	341
21	343
21	344
21	345
21	346
21	347
21	348
21	349
21	350
21	367
21	379
21	406
21	409
21	410
21	411
21	412
21	413
21	415
21	416
21	418
22	17
22	20
22	22
22	23
22	24
22	27
22	28
22	30
22	31
22	32
22	49
22	76
22	87
22	105
22	106
22	107
22	108
22	111
22	113
22	116
22	118
22	123
22	162
22	163
22	164
22	184
22	211
22	225
22	233
22	234
22	238
22	250
22	329
22	330
22	331
22	332
22	333
22	336
22	338
22	340
22	341
22	343
22	344
22	345
22	346
22	347
22	348
22	349
22	350
22	367
22	379
22	406
22	409
22	410
22	411
22	412
22	413
22	415
22	416
22	418
23	17
23	20
23	22
23	23
23	24
23	27
23	28
23	30
23	31
23	32
23	49
23	76
23	105
23	106
23	107
23	108
23	111
23	113
23	116
23	118
23	123
23	162
23	163
23	164
23	184
23	187
23	211
23	233
23	234
23	250
23	329
23	330
23	331
23	332
23	333
23	336
23	338
23	340
23	341
23	343
23	344
23	345
23	346
23	347
23	348
23	349
23	350
23	367
23	379
23	380
23	406
23	409
23	410
23	411
23	412
23	413
23	415
23	416
23	418
24	17
24	20
24	22
24	23
24	24
24	27
24	28
24	30
24	31
24	32
24	49
24	76
24	105
24	106
24	107
24	108
24	111
24	113
24	116
24	118
24	123
24	162
24	163
24	164
24	184
24	211
24	224
24	233
24	234
24	250
24	329
24	330
24	331
24	332
24	333
24	336
24	338
24	340
24	341
24	343
24	344
24	345
24	346
24	347
24	348
24	349
24	350
24	367
24	379
24	399
24	406
24	409
24	410
24	411
24	412
24	413
24	415
24	416
24	417
24	418
25	17
25	20
25	22
25	23
25	24
25	27
25	28
25	30
25	31
25	32
25	49
25	76
25	99
25	105
25	106
25	107
25	108
25	111
25	113
25	116
25	118
25	123
25	162
25	163
25	164
25	184
25	211
25	233
25	234
25	250
25	329
25	330
25	331
25	332
25	333
25	336
25	338
25	340
25	341
25	343
25	344
25	345
25	346
25	347
25	348
25	349
25	350
25	351
25	367
25	379
25	406
25	409
25	410
25	411
25	412
25	413
25	415
25	416
25	418
26	4
26	10
26	12
26	17
26	20
26	22
26	23
26	24
26	27
26	28
26	30
26	31
26	32
26	47
26	49
26	76
26	86
26	88
26	90
26	91
26	105
26	106
26	107
26	108
26	111
26	113
26	116
26	118
26	123
26	162
26	163
26	164
26	173
26	174
26	176
26	184
26	211
26	222
26	227
26	231
26	233
26	234
26	250
26	287
26	329
26	330
26	331
26	332
26	333
26	336
26	338
26	340
26	341
26	343
26	344
26	345
26	346
26	347
26	348
26	349
26	350
26	367
26	379
26	406
26	409
26	410
26	411
26	412
26	413
26	415
26	416
26	418
27	4
27	10
27	12
27	17
27	20
27	22
27	23
27	24
27	27
27	28
27	30
27	31
27	32
27	47
27	49
27	76
27	86
27	88
27	90
27	91
27	105
27	106
27	107
27	108
27	111
27	113
27	116
27	118
27	123
27	162
27	163
27	164
27	173
27	174
27	176
27	184
27	211
27	222
27	227
27	231
27	233
27	234
27	250
27	260
27	287
27	329
27	330
27	331
27	332
27	333
27	336
27	338
27	340
27	341
27	343
27	344
27	345
27	346
27	347
27	348
27	349
27	350
27	367
27	379
27	406
27	409
27	410
27	411
27	412
27	413
27	415
27	416
27	418
28	4
28	10
28	12
28	17
28	20
28	22
28	23
28	24
28	27
28	28
28	30
28	31
28	32
28	41
28	47
28	49
28	76
28	86
28	88
28	90
28	91
28	105
28	106
28	107
28	108
28	111
28	113
28	116
28	118
28	123
28	162
28	163
28	164
28	173
28	174
28	176
28	184
28	211
28	222
28	227
28	231
28	233
28	234
28	250
28	287
28	329
28	330
28	331
28	332
28	333
28	336
28	338
28	340
28	341
28	343
28	344
28	345
28	346
28	347
28	348
28	349
28	350
28	367
28	379
28	406
28	409
28	410
28	411
28	412
28	413
28	415
28	416
28	418
29	7
29	9
29	17
29	20
29	22
29	23
29	24
29	27
29	28
29	30
29	31
29	32
29	33
29	49
29	73
29	76
29	101
29	105
29	106
29	107
29	108
29	111
29	113
29	116
29	118
29	123
29	126
29	162
29	163
29	164
29	184
29	207
29	211
29	233
29	234
29	235
29	237
29	239
29	244
29	250
29	258
29	329
29	330
29	331
29	332
29	333
29	336
29	338
29	340
29	341
29	343
29	344
29	345
29	346
29	347
29	348
29	349
29	350
29	367
29	378
29	379
29	396
29	398
29	401
29	404
29	406
29	409
29	410
29	411
29	412
29	413
29	415
29	416
29	418
29	421
30	7
30	9
30	17
30	20
30	22
30	23
30	24
30	27
30	28
30	30
30	31
30	32
30	33
30	49
30	73
30	76
30	101
30	105
30	106
30	107
30	108
30	111
30	113
30	116
30	118
30	123
30	126
30	162
30	163
30	164
30	184
30	200
30	207
30	211
30	233
30	234
30	235
30	237
30	239
30	244
30	250
30	258
30	329
30	330
30	331
30	332
30	333
30	336
30	338
30	340
30	341
30	343
30	344
30	345
30	346
30	347
30	348
30	349
30	350
30	367
30	378
30	379
30	396
30	398
30	401
30	404
30	406
30	409
30	410
30	411
30	412
30	413
30	415
30	416
30	418
30	421
31	5
31	25
31	49
31	50
31	51
31	110
31	112
31	114
31	117
31	119
31	120
31	121
31	122
31	124
31	125
31	130
31	160
31	217
31	250
31	266
31	291
31	292
31	293
31	296
31	297
31	298
31	300
31	301
31	303
31	304
31	307
31	308
31	309
31	310
31	311
31	312
31	313
31	359
32	5
32	25
32	48
32	49
32	51
32	110
32	112
32	114
32	117
32	119
32	120
32	121
32	122
32	124
32	125
32	130
32	182
32	184
32	217
32	250
32	266
32	291
32	292
32	293
32	296
32	297
32	298
32	300
32	301
32	303
32	304
32	307
32	308
32	309
32	310
32	311
32	312
32	313
32	314
32	359
33	5
33	25
33	49
33	51
33	110
33	112
33	114
33	117
33	119
33	120
33	121
33	122
33	124
33	125
33	130
33	184
33	217
33	229
33	250
33	259
33	266
33	291
33	292
33	293
33	296
33	297
33	298
33	300
33	301
33	303
33	304
33	307
33	308
33	309
33	310
33	311
33	312
33	313
33	359
34	5
34	25
34	49
34	51
34	75
34	110
34	112
34	114
34	117
34	119
34	120
34	121
34	122
34	124
34	125
34	130
34	184
34	192
34	202
34	217
34	250
34	266
34	291
34	292
34	293
34	296
34	297
34	298
34	300
34	301
34	303
34	304
34	307
34	308
34	309
34	310
34	311
34	312
34	313
34	359
35	5
35	25
35	49
35	51
35	110
35	112
35	114
35	117
35	119
35	120
35	121
35	122
35	124
35	125
35	130
35	166
35	184
35	217
35	250
35	266
35	291
35	292
35	293
35	296
35	297
35	298
35	300
35	301
35	303
35	304
35	307
35	308
35	309
35	310
35	311
35	312
35	313
35	359
35	408
36	1
36	5
36	8
36	11
36	13
36	25
36	34
36	36
36	38
36	39
36	49
36	51
36	70
36	71
36	72
36	110
36	112
36	114
36	117
36	119
36	120
36	121
36	122
36	124
36	125
36	130
36	184
36	217
36	234
36	250
36	266
36	291
36	292
36	293
36	296
36	297
36	298
36	300
36	301
36	303
36	304
36	307
36	308
36	309
36	310
36	311
36	312
36	313
36	359
36	367
36	388
37	1
37	5
37	8
37	11
37	13
37	25
37	34
37	36
37	38
37	39
37	49
37	51
37	70
37	71
37	72
37	110
37	112
37	114
37	117
37	119
37	120
37	121
37	122
37	124
37	125
37	130
37	169
37	184
37	217
37	234
37	250
37	266
37	291
37	292
37	293
37	296
37	297
37	298
37	300
37	301
37	303
37	304
37	306
37	307
37	308
37	309
37	310
37	311
37	312
37	313
37	352
37	359
37	367
37	388
38	1
38	5
38	8
38	11
38	13
38	25
38	34
38	36
38	38
38	39
38	46
38	49
38	51
38	70
38	71
38	72
38	110
38	112
38	114
38	117
38	119
38	120
38	121
38	122
38	124
38	125
38	130
38	184
38	217
38	234
38	250
38	255
38	266
38	291
38	292
38	293
38	296
38	297
38	298
38	300
38	301
38	303
38	304
38	307
38	308
38	309
38	310
38	311
38	312
38	313
38	359
38	367
38	388
39	1
39	5
39	8
39	11
39	13
39	25
39	34
39	36
39	38
39	39
39	49
39	51
39	61
39	70
39	71
39	72
39	85
39	110
39	112
39	114
39	117
39	119
39	120
39	121
39	122
39	124
39	125
39	130
39	184
39	217
39	234
39	250
39	266
39	291
39	292
39	293
39	296
39	297
39	298
39	300
39	301
39	302
39	303
39	304
39	307
39	308
39	309
39	310
39	311
39	312
39	313
39	359
39	367
39	388
40	1
40	5
40	8
40	11
40	13
40	19
40	25
40	34
40	36
40	38
40	39
40	49
40	51
40	70
40	71
40	72
40	110
40	112
40	114
40	117
40	119
40	120
40	121
40	122
40	124
40	125
40	130
40	184
40	185
40	217
40	234
40	250
40	266
40	291
40	292
40	293
40	296
40	297
40	298
40	300
40	301
40	303
40	304
40	307
40	308
40	309
40	310
40	311
40	312
40	313
40	359
40	367
40	388
41	1
41	4
41	5
41	8
41	11
41	13
41	25
41	34
41	36
41	38
41	39
41	47
41	49
41	51
41	70
41	71
41	72
41	83
41	97
41	98
41	110
41	112
41	114
41	117
41	119
41	120
41	121
41	122
41	124
41	125
41	128
41	129
41	130
41	184
41	217
41	222
41	234
41	246
41	247
41	248
41	250
41	266
41	287
41	291
41	292
41	293
41	296
41	297
41	298
41	300
41	301
41	303
41	304
41	307
41	308
41	309
41	310
41	311
41	312
41	313
41	342
41	359
41	367
41	388
42	1
42	4
42	5
42	8
42	11
42	13
42	25
42	34
42	36
42	38
42	39
42	47
42	49
42	51
42	70
42	71
42	72
42	83
42	97
42	98
42	110
42	112
42	114
42	117
42	119
42	120
42	121
42	122
42	124
42	125
42	128
42	129
42	130
42	184
42	217
42	222
42	226
42	234
42	246
42	247
42	248
42	250
42	266
42	287
42	291
42	292
42	293
42	296
42	297
42	298
42	300
42	301
42	303
42	304
42	307
42	308
42	309
42	310
42	311
42	312
42	313
42	342
42	359
42	367
42	388
43	1
43	4
43	5
43	8
43	11
43	13
43	25
43	34
43	36
43	38
43	39
43	41
43	47
43	49
43	51
43	70
43	71
43	72
43	83
43	97
43	98
43	110
43	112
43	114
43	117
43	119
43	120
43	121
43	122
43	124
43	125
43	128
43	129
43	130
43	184
43	217
43	222
43	234
43	246
43	247
43	248
43	250
43	266
43	287
43	291
43	292
43	293
43	296
43	297
43	298
43	300
43	301
43	303
43	304
43	307
43	308
43	309
43	310
43	311
43	312
43	313
43	342
43	359
43	367
43	388
44	1
44	5
44	8
44	11
44	13
44	25
44	34
44	35
44	36
44	37
44	38
44	39
44	49
44	51
44	58
44	60
44	63
44	65
44	70
44	71
44	72
44	73
44	82
44	110
44	112
44	114
44	117
44	119
44	120
44	121
44	122
44	124
44	125
44	130
44	133
44	134
44	135
44	152
44	158
44	178
44	184
44	217
44	232
44	234
44	250
44	266
44	278
44	291
44	292
44	293
44	296
44	297
44	298
44	300
44	301
44	303
44	304
44	307
44	308
44	309
44	310
44	311
44	312
44	313
44	359
44	367
44	388
44	402
44	421
45	1
45	5
45	8
45	11
45	13
45	25
45	34
45	35
45	36
45	37
45	38
45	39
45	49
45	51
45	58
45	60
45	63
45	65
45	70
45	71
45	72
45	73
45	82
45	110
45	112
45	114
45	117
45	119
45	120
45	121
45	122
45	124
45	125
45	130
45	133
45	134
45	135
45	152
45	158
45	178
45	184
45	217
45	232
45	234
45	250
45	266
45	278
45	291
45	292
45	293
45	296
45	297
45	298
45	300
45	301
45	303
45	304
45	307
45	308
45	309
45	310
45	311
45	312
45	313
45	315
45	359
45	367
45	388
45	402
45	421
46	3
46	49
46	74
46	95
46	150
46	160
46	195
46	250
46	263
46	265
46	268
46	271
46	273
46	275
46	276
46	277
46	280
46	282
46	283
46	285
46	286
46	288
46	289
46	290
46	316
46	317
46	319
46	320
46	322
46	324
46	326
46	328
46	339
46	414
47	3
47	49
47	77
47	95
47	150
47	172
47	184
47	186
47	195
47	250
47	263
47	265
47	268
47	271
47	273
47	275
47	276
47	277
47	280
47	282
47	283
47	285
47	286
47	288
47	289
47	290
47	316
47	317
47	319
47	320
47	322
47	324
47	326
47	328
47	339
47	414
48	3
48	49
48	95
48	150
48	184
48	195
48	249
48	250
48	251
48	263
48	265
48	268
48	271
48	273
48	275
48	276
48	277
48	280
48	282
48	283
48	285
48	286
48	288
48	289
48	290
48	316
48	317
48	319
48	320
48	322
48	324
48	326
48	328
48	339
48	414
49	3
49	49
49	56
49	79
49	95
49	96
49	150
49	184
49	195
49	250
49	263
49	265
49	268
49	271
49	273
49	275
49	276
49	277
49	280
49	282
49	283
49	285
49	286
49	288
49	289
49	290
49	316
49	317
49	319
49	320
49	322
49	324
49	326
49	328
49	339
49	414
50	3
50	42
50	49
50	95
50	150
50	184
50	195
50	250
50	263
50	264
50	265
50	268
50	271
50	273
50	275
50	276
50	277
50	280
50	282
50	283
50	285
50	286
50	288
50	289
50	290
50	316
50	317
50	319
50	320
50	322
50	324
50	326
50	328
50	339
50	414
51	3
51	44
51	45
51	49
51	54
51	55
51	57
51	59
51	62
51	64
51	66
51	67
51	68
51	69
51	95
51	104
51	145
51	146
51	147
51	149
51	150
51	151
51	153
51	154
51	155
51	156
51	157
51	184
51	195
51	230
51	234
51	250
51	262
51	263
51	265
51	268
51	271
51	273
51	275
51	276
51	277
51	280
51	282
51	283
51	285
51	286
51	288
51	289
51	290
51	316
51	317
51	319
51	320
51	322
51	324
51	326
51	328
51	339
51	367
51	383
51	384
51	386
51	414
52	3
52	21
52	44
52	45
52	49
52	54
52	55
52	57
52	59
52	62
52	64
52	66
52	67
52	68
52	69
52	95
52	104
52	145
52	146
52	147
52	149
52	150
52	151
52	153
52	154
52	155
52	156
52	157
52	184
52	195
52	230
52	234
52	240
52	250
52	262
52	263
52	265
52	268
52	271
52	273
52	275
52	276
52	277
52	280
52	282
52	283
52	285
52	286
52	288
52	289
52	290
52	316
52	317
52	319
52	320
52	322
52	324
52	326
52	328
52	339
52	367
52	383
52	384
52	386
52	414
52	423
53	3
53	44
53	45
53	49
53	54
53	55
53	57
53	59
53	62
53	64
53	66
53	67
53	68
53	69
53	95
53	104
53	131
53	145
53	146
53	147
53	149
53	150
53	151
53	153
53	154
53	155
53	156
53	157
53	184
53	195
53	230
53	234
53	250
53	262
53	263
53	265
53	268
53	271
53	273
53	275
53	276
53	277
53	280
53	282
53	283
53	285
53	286
53	288
53	289
53	290
53	316
53	317
53	319
53	320
53	322
53	324
53	326
53	328
53	339
53	367
53	381
53	383
53	384
53	386
53	414
54	3
54	44
54	45
54	49
54	54
54	55
54	57
54	59
54	62
54	64
54	66
54	67
54	68
54	69
54	95
54	104
54	141
54	145
54	146
54	147
54	149
54	150
54	151
54	153
54	154
54	155
54	156
54	157
54	167
54	184
54	195
54	230
54	234
54	250
54	262
54	263
54	265
54	268
54	271
54	273
54	275
54	276
54	277
54	280
54	282
54	283
54	285
54	286
54	288
54	289
54	290
54	316
54	317
54	319
54	320
54	322
54	324
54	326
54	328
54	339
54	367
54	383
54	384
54	386
54	414
54	419
55	3
55	44
55	45
55	49
55	54
55	55
55	57
55	59
55	62
55	64
55	66
55	67
55	68
55	69
55	95
55	102
55	104
55	145
55	146
55	147
55	149
55	150
55	151
55	153
55	154
55	155
55	156
55	157
55	184
55	195
55	230
55	234
55	250
55	253
55	262
55	263
55	265
55	268
55	271
55	273
55	275
55	276
55	277
55	280
55	282
55	283
55	285
55	286
55	288
55	289
55	290
55	316
55	317
55	319
55	320
55	322
55	324
55	326
55	328
55	339
55	367
55	383
55	384
55	386
55	414
56	3
56	4
56	14
56	44
56	45
56	47
56	49
56	54
56	55
56	57
56	59
56	62
56	64
56	66
56	67
56	68
56	69
56	78
56	80
56	95
56	104
56	145
56	146
56	147
56	149
56	150
56	151
56	153
56	154
56	155
56	156
56	157
56	180
56	181
56	184
56	195
56	201
56	222
56	230
56	234
56	250
56	262
56	263
56	265
56	268
56	271
56	273
56	275
56	276
56	277
56	280
56	282
56	283
56	285
56	286
56	287
56	288
56	289
56	290
56	316
56	317
56	319
56	320
56	322
56	323
56	324
56	325
56	326
56	327
56	328
56	339
56	367
56	383
56	384
56	386
56	414
57	3
57	4
57	14
57	44
57	45
57	47
57	49
57	54
57	55
57	57
57	59
57	62
57	64
57	66
57	67
57	68
57	69
57	78
57	80
57	95
57	104
57	145
57	146
57	147
57	149
57	150
57	151
57	153
57	154
57	155
57	156
57	157
57	179
57	180
57	181
57	184
57	195
57	201
57	222
57	230
57	234
57	250
57	262
57	263
57	265
57	268
57	271
57	273
57	275
57	276
57	277
57	280
57	282
57	283
57	285
57	286
57	287
57	288
57	289
57	290
57	316
57	317
57	319
57	320
57	322
57	323
57	324
57	325
57	326
57	327
57	328
57	339
57	367
57	383
57	384
57	386
57	414
58	3
58	4
58	14
58	41
58	44
58	45
58	47
58	49
58	54
58	55
58	57
58	59
58	62
58	64
58	66
58	67
58	68
58	69
58	78
58	80
58	95
58	104
58	145
58	146
58	147
58	149
58	150
58	151
58	153
58	154
58	155
58	156
58	157
58	180
58	181
58	184
58	195
58	201
58	222
58	230
58	234
58	250
58	262
58	263
58	265
58	268
58	271
58	273
58	275
58	276
58	277
58	280
58	282
58	283
58	285
58	286
58	287
58	288
58	289
58	290
58	316
58	317
58	319
58	320
58	322
58	323
58	324
58	325
58	326
58	327
58	328
58	339
58	367
58	383
58	384
58	386
58	414
59	3
59	44
59	45
59	49
59	54
59	55
59	57
59	59
59	62
59	64
59	66
59	67
59	68
59	69
59	73
59	81
59	95
59	104
59	139
59	140
59	143
59	144
59	145
59	146
59	147
59	149
59	150
59	151
59	153
59	154
59	155
59	156
59	157
59	165
59	184
59	195
59	221
59	230
59	234
59	250
59	262
59	263
59	265
59	268
59	271
59	273
59	275
59	276
59	277
59	279
59	280
59	281
59	282
59	283
59	285
59	286
59	288
59	289
59	290
59	295
59	316
59	317
59	319
59	320
59	321
59	322
59	324
59	326
59	328
59	339
59	367
59	383
59	384
59	386
59	405
59	414
59	421
60	3
60	44
60	45
60	49
60	54
60	55
60	57
60	59
60	62
60	64
60	66
60	67
60	68
60	69
60	73
60	81
60	95
60	104
60	139
60	140
60	143
60	144
60	145
60	146
60	147
60	149
60	150
60	151
60	153
60	154
60	155
60	156
60	157
60	165
60	170
60	184
60	195
60	221
60	230
60	234
60	250
60	262
60	263
60	265
60	268
60	271
60	273
60	275
60	276
60	277
60	279
60	280
60	281
60	282
60	283
60	285
60	286
60	288
60	289
60	290
60	295
60	316
60	317
60	319
60	320
60	321
60	322
60	324
60	326
60	328
60	339
60	367
60	383
60	384
60	386
60	405
60	414
60	421
